   0.0000000000000000       0.99999999999991862     
   2.0000000000000000E-002  0.95333334734519026     
   4.0000000000000001E-002  0.87411549663014720     
   5.9999999999999998E-002  0.85829434762014301     
   8.0000000000000002E-002  0.95059001494848416     
  0.10000000000000002       0.88639016957689132     
  0.12000000000000000       0.88282458210948700     
  0.14000000000000001       0.87241691451836900     
  0.16000000000000000       0.87004419916524611     
  0.18000000000000002       0.88285140794726191     
  0.20000000000000004       0.89619060820559449     
  0.22000000000000000       0.89058740916054568     
  0.23999999999999999       0.88050828613356313     
  0.26000000000000001       0.86437889957997183     
  0.28000000000000003       0.84985931007715365     
  0.30000000000000004       0.83625999917770433     
  0.32000000000000001       0.82233053198969441     
  0.34000000000000002       0.81081686996619451     
  0.36000000000000004       0.79664795118203047     
  0.38000000000000000       0.78582824612254165     
  0.40000000000000008       0.77065684726107175     
  0.42000000000000004       0.75882633140086675     
  0.44000000000000000       0.74709355452354220     
  0.46000000000000002       0.73327438395069267     
  0.47999999999999998       0.72247648231879336     
  0.50000000000000011       0.70956333510795655     
  0.52000000000000002       0.69636106576045642     
  0.54000000000000004       0.68206761341269706     
  0.56000000000000005       0.67521277871716356     
  0.57999999999999996       0.66549082349523347     
  0.60000000000000009       0.65509474363949693     
  0.62000000000000011       0.64585269664593903     
  0.64000000000000001       0.63398500898100829     
  0.66000000000000003       0.62625981154105692     
  0.68000000000000005       0.61523432473075179     
  0.70000000000000007       0.60756328494373790     
  0.72000000000000008       0.59697306228456903     
  0.74000000000000010       0.59104964908794522     
  0.76000000000000001       0.57929411350773719     
  0.78000000000000003       0.56995564001549515     
  0.80000000000000016       0.55808139228046150     
  0.82000000000000006       0.54659181590253747     
  0.84000000000000008       0.54039134208350836     
  0.86000000000000010       0.53358752823862299     
  0.88000000000000000       0.52640088713471456     
  0.90000000000000002       0.51828782385952532     
  0.92000000000000004       0.50926482179528909     
  0.94000000000000006       0.50343769854345666     
  0.95999999999999996       0.49591744359632195     
  0.98000000000000020       0.49016877467047171     
   1.0000000000000002       0.48551848348100257     
   1.0200000000000000       0.47675359312955418     
   1.0400000000000000       0.46965763309473291     
   1.0600000000000001       0.46362773523045703     
   1.0800000000000001       0.45377281555478238     
   1.1000000000000001       0.44661915367396815     
   1.1200000000000001       0.44001290794075260     
   1.1400000000000001       0.43161377130568779     
   1.1599999999999999       0.42353166692533195     
   1.1800000000000002       0.41717140148507204     
   1.2000000000000002       0.41232415867750344     
   1.2200000000000002       0.40867841271716843     
   1.2400000000000002       0.40341839396104695     
   1.2600000000000002       0.39857906888719613     
   1.2800000000000000       0.39495542950285450     
   1.3000000000000000       0.39073674599961283     
   1.3200000000000001       0.38593533273455199     
   1.3400000000000001       0.37777618489879183     
   1.3600000000000001       0.37135842358174603     
   1.3800000000000001       0.36698528848252843     
   1.4000000000000001       0.36297372144184986     
   1.4200000000000002       0.35700385152837577     
   1.4400000000000002       0.35483905900640100     
   1.4600000000000002       0.34820641023741145     
   1.4800000000000002       0.34275170935944271     
   1.5000000000000002       0.33645706424378630     
   1.5200000000000000       0.32935678328207474     
   1.5400000000000000       0.32276494445664705     
   1.5600000000000001       0.31974193727504530     
   1.5800000000000001       0.31428777054919260     
   1.6000000000000003       0.31042230427433970     
   1.6200000000000001       0.30846711570303020     
   1.6400000000000001       0.30362702792546964     
   1.6600000000000001       0.29999636207450658     
   1.6800000000000002       0.29464515649638129     
   1.7000000000000002       0.29485313800220825     
   1.7200000000000002       0.29159469011541950     
   1.7400000000000002       0.28698865590568651     
   1.7600000000000000       0.28423671196699390     
   1.7800000000000000       0.28150422463848401     
   1.8000000000000000       0.28036959202683093     
   1.8200000000000001       0.27704731379342468     
   1.8400000000000001       0.27333316432734067     
   1.8600000000000001       0.26858370182158886     
   1.8800000000000001       0.26190415843136555     
   1.8999999999999999       0.25681738942398624     
   1.9199999999999999       0.25011325707207754     
   1.9400000000000004       0.24861326918321688     
   1.9600000000000004       0.24647929110670577     
   1.9800000000000002       0.24648634514644244     
   2.0000000000000004       0.24427035669263497     
   2.0200000000000005       0.23999267696693313     
   2.0400000000000000       0.23609808464288068     
   2.0600000000000001       0.23411922063562191     
   2.0800000000000001       0.23124177504656757     
   2.1000000000000001       0.22652927895648811     
   2.1200000000000001       0.22643065888244804     
   2.1400000000000001       0.22103950084425900     
   2.1600000000000001       0.22277840381530653     
   2.1800000000000002       0.22277984926337030     
   2.2000000000000002       0.22148911502870106     
   2.2200000000000002       0.21651963484257403     
   2.2400000000000002       0.21284232885274082     
   2.2600000000000002       0.21208566435161452     
   2.2800000000000002       0.21004430745333452     
   2.3000000000000003       0.20817670695347254     
   2.3199999999999998       0.20755677284335391     
   2.3399999999999999       0.20496523015857379     
   2.3600000000000003       0.20054539683460446     
   2.3800000000000003       0.19634444497869732     
   2.4000000000000004       0.19402222510782166     
   2.4200000000000004       0.19117224427131185     
   2.4400000000000004       0.18866363271017816     
   2.4600000000000004       0.18904938348488906     
   2.4800000000000004       0.18526339476587150     
   2.5000000000000004       0.18417334638713587     
   2.5200000000000005       0.18244913180620431     
   2.5400000000000000       0.18208424707244916     
   2.5600000000000001       0.18294134522543082     
   2.5800000000000001       0.18375615037192780     
   2.6000000000000001       0.18040459270926432     
   2.6200000000000001       0.17952399107622155     
   2.6400000000000001       0.18196356202799496     
   2.6600000000000001       0.18209268494055919     
   2.6800000000000002       0.18076510265594328     
   2.7000000000000002       0.18028665503342117     
   2.7200000000000002       0.17726727356559463     
   2.7400000000000002       0.17385965298015754     
   2.7600000000000002       0.17148833616796502     
   2.7800000000000002       0.17120336068772751     
   2.8000000000000003       0.17481947853562213     
   2.8200000000000003       0.17192958317966989     
   2.8400000000000003       0.16923672820648522     
   2.8600000000000003       0.16607317665893143     
   2.8800000000000003       0.16382170659563741     
   2.9000000000000004       0.16360576166380580     
   2.9200000000000004       0.16285019715093058     
   2.9400000000000004       0.16147681092798161     
   2.9600000000000004       0.15611912271397160     
   2.9800000000000004       0.15554156289536095     
   3.0000000000000004       0.15393549513298108     
   3.0200000000000000       0.15145384812775400     
   3.0400000000000000       0.15093743018684327     
   3.0600000000000001       0.14926821628664175     
   3.0800000000000001       0.15041803197580561     
   3.1000000000000001       0.14866809035714013     
   3.1200000000000001       0.14586155271442341     
   3.1400000000000001       0.14149974701696461     
   3.1600000000000001       0.13758176982342918     
   3.1800000000000002       0.14022528754728131     
   3.2000000000000006       0.13930386344048520     
   3.2200000000000006       0.13925355570652698     
   3.2400000000000002       0.13777069988756546     
   3.2600000000000002       0.13830837923196559     
   3.2800000000000002       0.13763427668503980     
   3.3000000000000003       0.13677451991160722     
   3.3200000000000003       0.13838769739949894     
   3.3400000000000003       0.13784590432409649     
   3.3600000000000003       0.13628234984318480     
   3.3800000000000003       0.13731147553826542     
   3.4000000000000004       0.13733839264690612     
   3.4200000000000004       0.13543432841206618     
   3.4400000000000004       0.13100204787807135     
   3.4600000000000004       0.13026067776811420     
   3.4800000000000004       0.13284763424759086     
   3.5000000000000004       0.13213178494859218     
   3.5200000000000000       0.13282437279552189     
   3.5400000000000000       0.13444483699392648     
   3.5600000000000001       0.13523001025538409     
   3.5800000000000001       0.13566866457338123     
   3.6000000000000001       0.13302808491986745     
   3.6200000000000001       0.13290416240895780     
   3.6400000000000001       0.13453568526392126     
   3.6600000000000001       0.13447477544087150     
   3.6800000000000002       0.13486909787051610     
   3.7000000000000002       0.13428716327896212     
   3.7200000000000002       0.13611298218941681     
   3.7400000000000002       0.13599568458480743     
   3.7600000000000002       0.13615241940600023     
   3.7799999999999998       0.13277479765583530     
   3.7999999999999998       0.13006617661933423     
   3.8199999999999998       0.13046636707341641     
   3.8399999999999999       0.12939380956720148     
   3.8600000000000008       0.12909153013093966     
   3.8800000000000008       0.12875433746119844     
   3.9000000000000008       0.12848087057007926     
   3.9200000000000008       0.12856965865300218     
   3.9400000000000004       0.12999354387989920     
   3.9600000000000004       0.13248468043413567     
   3.9800000000000004       0.13501394572533251     
   4.0000000000000009       0.13661130224057530     
   4.0200000000000005       0.13660590182750812     
   4.0400000000000009       0.13731313819615359     
   4.0600000000000005       0.13770322524193943     
   4.0800000000000001       0.13584812044860325     
   4.1000000000000005       0.13315058896549917     
   4.1200000000000001       0.13415223748908697     
   4.1400000000000006       0.13386918051401780     
   4.1600000000000001       0.13170018936238503     
   4.1800000000000006       0.12949017500214471     
   4.2000000000000002       0.12993323625348671     
   4.2200000000000006       0.12942981671509893     
   4.2400000000000002       0.13134216663395382     
   4.2600000000000007       0.13042226648752644     
   4.2800000000000002       0.13090791003881816     
   4.3000000000000007       0.13453254303698189     
   4.3200000000000003       0.13483014229206797     
   4.3400000000000007       0.13454759320030643     
   4.3600000000000003       0.13501304338644410     
   4.3799999999999999       0.13476841097546341     
   4.4000000000000004       0.13726767005975415     
   4.4199999999999999       0.13724040686754990     
   4.4400000000000004       0.13922816466230628     
   4.4600000000000000       0.13827147154471919     
   4.4800000000000004       0.13562569127828489     
   4.5000000000000000       0.13440910005183765     
   4.5200000000000005       0.13548776289680931     
   4.5400000000000000       0.13753571772760198     
   4.5600000000000005       0.14101549442771744     
   4.5800000000000001       0.14279838836726125     
   4.6000000000000005       0.14229290208882192     
   4.6200000000000001       0.14230685164750673     
   4.6399999999999997       0.14312854167505601     
   4.6600000000000001       0.14076944939251185     
   4.6799999999999997       0.13700571465267131     
   4.7000000000000011       0.13726857254592523     
   4.7200000000000006       0.13671977666161886     
   4.7400000000000011       0.13817409626875835     
   4.7600000000000007       0.13380822307909868     
   4.7800000000000002       0.13245953639569918     
   4.8000000000000007       0.12994428758048576     
   4.8200000000000003       0.13094050318124367     
   4.8400000000000007       0.13022005133664943     
   4.8600000000000003       0.12961697704763714     
   4.8800000000000008       0.12692978109122577     
   4.9000000000000004       0.12969156919583952     
   4.9200000000000008       0.12964232426389011     
   4.9400000000000004       0.12990122684354680     
   4.9600000000000009       0.13149962194195489     
   4.9800000000000004       0.13395972168666104     
   5.0000000000000009       0.13406491532128720     
   5.0200000000000005       0.13189318657071164     
   5.0400000000000009       0.13177941015237632     
   5.0600000000000005       0.12803242739495194     
   5.0800000000000001       0.12703623304635922     
   5.1000000000000005       0.12605365634982885     
   5.1200000000000001       0.12529803180519866     
   5.1400000000000006       0.12462960179377942     
   5.1600000000000001       0.12485123373656548     
   5.1800000000000006       0.12637293908365582     
   5.2000000000000002       0.13193061514655097     
   5.2200000000000006       0.13282323178361979     
   5.2400000000000002       0.13121278433306524     
   5.2600000000000007       0.13448667465554115     
   5.2800000000000002       0.13602104611318550     
   5.3000000000000007       0.13635022505197089     
   5.3200000000000003       0.13553521350016692     
   5.3399999999999999       0.13422257663328258     
   5.3600000000000003       0.13622686527540681     
   5.3799999999999999       0.13658074521256819     
   5.4000000000000004       0.13456003264832603     
   5.4199999999999999       0.13339994505827538     
   5.4400000000000004       0.13334590336601257     
   5.4600000000000000       0.13095193998609853     
   5.4800000000000004       0.13249766954863348     
   5.5000000000000000       0.13171973711456575     
   5.5200000000000005       0.13125447737747556     
   5.5400000000000000       0.13474967672591379     
   5.5600000000000005       0.13262154097658260     
   5.5800000000000010       0.13419593698275578     
   5.6000000000000005       0.13329932111648479     
   5.6200000000000010       0.13347112770760805     
   5.6400000000000006       0.13433235524673312     
   5.6600000000000010       0.13087089752949568     
   5.6800000000000006       0.12925298042011810     
   5.7000000000000011       0.12818069210778088     
   5.7200000000000006       0.12671552329439928     
   5.7400000000000011       0.12794291382438869     
   5.7600000000000007       0.12767335023265217     
   5.7800000000000002       0.12510868049027629     
   5.8000000000000007       0.12486166484071744     
   5.8200000000000003       0.12174417910979875     
   5.8400000000000007       0.12007376744198496     
   5.8600000000000003       0.11936398835798158     
   5.8800000000000008       0.12044400861939845     
   5.9000000000000004       0.12035620194215908     
   5.9200000000000008       0.11823854967018792     
   5.9400000000000004       0.11812968118825426     
   5.9600000000000009       0.11982131832083122     
   5.9800000000000004       0.11958608972734461     
   6.0000000000000009       0.11701788446813452     
   6.0200000000000005       0.11954862405070386     
   6.0400000000000000       0.11907205018276765     
   6.0600000000000005       0.11912838185431408     
   6.0800000000000001       0.12071286129114808     
   6.1000000000000005       0.12451596348403396     
   6.1200000000000001       0.12472622308642937     
   6.1400000000000006       0.12355985136430797     
   6.1600000000000001       0.12517194659911501     
   6.1800000000000006       0.12682577499476988     
   6.2000000000000002       0.12580713154950446     
   6.2200000000000006       0.12771189427280566     
   6.2400000000000002       0.13000839414606263     
   6.2600000000000007       0.12887471351973612     
   6.2800000000000002       0.12620412449750115     
   6.2999999999999998       0.12362438627543236     
   6.3200000000000003       0.12440471968512898     
   6.3399999999999999       0.12369777389874713     
   6.3600000000000003       0.12003291052060074     
   6.3799999999999999       0.12044486360857494     
   6.4000000000000012       0.11882477195388524     
   6.4200000000000008       0.11958140380713514     
   6.4400000000000013       0.12021841326044293     
   6.4600000000000000       0.12116743421980962     
   6.4800000000000004       0.12588953832474503     
   6.5000000000000000       0.12753464340099721     
   6.5200000000000005       0.12841262114216265     
   6.5400000000000000       0.13127200615714113     
   6.5600000000000005       0.13033579784850030     
   6.5800000000000001       0.12863745581568675     
   6.6000000000000005       0.12835640759232830     
   6.6200000000000001       0.12696266910795828     
   6.6400000000000006       0.12794313795247894     
   6.6600000000000001       0.12804581652475527     
   6.6800000000000006       0.12894699824609115     
   6.7000000000000002       0.12932334644467511     
   6.7200000000000006       0.12776458462549603     
   6.7400000000000002       0.12853331582771393     
   6.7600000000000007       0.13063046885088220     
   6.7800000000000002       0.13199056483912017     
   6.8000000000000007       0.13265878718405172     
   6.8200000000000003       0.13074408080700589     
   6.8400000000000007       0.13253586472784071     
   6.8600000000000012       0.13341354053925727     
   6.8800000000000008       0.13371629517539715     
   6.9000000000000012       0.13278577853583259     
   6.9200000000000008       0.13394559667403075     
   6.9400000000000013       0.13341560497094263     
   6.9600000000000009       0.13277264500623370     
   6.9800000000000013       0.13269316341127971     
   7.0000000000000009       0.13673802963367560     
   7.0200000000000014       0.13733984362924032     
   7.0400000000000000       0.13724346422794953     
   7.0600000000000014       0.13892390593925455     
   7.0800000000000001       0.13796627400343847     
   7.1000000000000014       0.13775571500249811     
   7.1200000000000001       0.13799224152893322     
   7.1400000000000015       0.13773725093519198     
   7.1600000000000001       0.13709649906781740     
   7.1800000000000006       0.13643998527409246     
   7.2000000000000002       0.13669983290168766     
   7.2200000000000006       0.13608646712869887     
   7.2400000000000002       0.13674967468923457     
   7.2600000000000007       0.13885497293219584     
   7.2800000000000002       0.13892531559243163     
   7.3000000000000007       0.14042472671701256     
   7.3200000000000003       0.14156882421558528     
   7.3400000000000007       0.14099033504005745     
   7.3600000000000003       0.14116350437633066     
   7.3800000000000008       0.14279516016497684     
   7.4000000000000004       0.14208171054309496     
   7.4200000000000008       0.14153074231954924     
   7.4400000000000004       0.14249929134972938     
   7.4600000000000009       0.13954113175036006     
   7.4800000000000004       0.14186365340265869     
   7.5000000000000009       0.14264030893956292     
   7.5200000000000005       0.14705442334703128     
   7.5400000000000009       0.14650057337673794     
   7.5599999999999996       0.14672318314421187     
   7.5800000000000010       0.14750467868809425     
   7.5999999999999996       0.14825046019031834     
   7.6200000000000010       0.14843452188367345     
   7.6399999999999997       0.14588967463647171     
   7.6600000000000010       0.14351913341295325     
   7.6799999999999997       0.14524019712739905     
   7.7000000000000011       0.14361146111101603     
   7.7200000000000015       0.14351964709032722     
   7.7400000000000002       0.14137593489235742     
   7.7600000000000016       0.14043101995695190     
   7.7800000000000002       0.13996728120485979     
   7.8000000000000016       0.13955710069560592     
   7.8200000000000003       0.14111855871658535     
   7.8400000000000016       0.13998341407463033     
   7.8600000000000003       0.13923851735590906     
   7.8800000000000008       0.13860189527729294     
   7.9000000000000004       0.13834495772759894     
   7.9200000000000008       0.13795536083792928     
   7.9400000000000004       0.13907322933076247     
   7.9600000000000009       0.13865799683139096     
   7.9800000000000004       0.13732989600864898     
   8.0000000000000018       0.13621994717535507     
   8.0199999999999996       0.13634289092459942     
   8.0400000000000009       0.13474914501480140     
   8.0600000000000005       0.13549324490774056     
   8.0800000000000018       0.13712394882617512     
   8.0999999999999996       0.13987474817577933     
   8.1200000000000010       0.14088460398927538     
   8.1400000000000006       0.14149449521807791     
   8.1600000000000001       0.14087804273079407     
   8.1799999999999997       0.14183423224270136     
   8.2000000000000011       0.14271993958263171     
   8.2200000000000006       0.14066146140445751     
   8.2400000000000002       0.13932746579722408     
   8.2599999999999998       0.13910041239553642     
   8.2800000000000011       0.13724578098902113     
   8.3000000000000007       0.13358479429679923     
   8.3200000000000003       0.13566216951094234     
   8.3399999999999999       0.13626837793851368     
   8.3600000000000012       0.13663555362008137     
   8.3800000000000008       0.13522819451653117     
   8.4000000000000004       0.13767312079894800     
   8.4199999999999999       0.14108862999478486     
   8.4400000000000013       0.13859300954046089     
   8.4600000000000009       0.13516701616572185     
   8.4800000000000004       0.13620758615227130     
   8.5000000000000000       0.13322478160423329     
   8.5200000000000014       0.13513664443089618     
   8.5400000000000009       0.13541041514182087     
   8.5600000000000005       0.13831925496534495     
   8.5800000000000018       0.13721121803294259     
   8.6000000000000014       0.13627302658338294     
   8.6200000000000010       0.13685591437502964     
   8.6400000000000006       0.13661635715558920     
   8.6600000000000019       0.13963733723544086     
   8.6800000000000015       0.13957208439028196     
   8.7000000000000011       0.14067093906522180     
   8.7200000000000006       0.14053202147743263     
   8.7400000000000020       0.14045873965200453     
   8.7599999999999998       0.14032624148700826     
   8.7800000000000011       0.14014124272006531     
   8.8000000000000007       0.13637433145455960     
   8.8200000000000021       0.13651502892958908     
   8.8399999999999999       0.13688621026309483     
   8.8600000000000012       0.13884865451129053     
   8.8800000000000008       0.14075797774764270     
   8.9000000000000004       0.14254034632141099     
   8.9199999999999999       0.14385442308858126     
   8.9400000000000013       0.14166406809938156     
   8.9600000000000009       0.14025898723361419     
   8.9800000000000004       0.14154388347440722     
   9.0000000000000000       0.14021705883615654     
   9.0200000000000014       0.13944206253882735     
   9.0400000000000009       0.14143534339161920     
   9.0600000000000005       0.14539724245379723     
   9.0800000000000001       0.14964189302640640     
   9.1000000000000014       0.15013422963227721     
   9.1200000000000010       0.15122197100825585     
   9.1400000000000006       0.15273423283984910     
   9.1600000000000001       0.15177434403695875     
   9.1800000000000015       0.14931085963340360     
   9.2000000000000011       0.14683430566306999     
   9.2200000000000006       0.14780447973455149     
   9.2400000000000002       0.14759000827437146     
   9.2600000000000016       0.14592413977356719     
   9.2799999999999994       0.14538080660952990     
   9.3000000000000007       0.14689322650512188     
   9.3200000000000003       0.14754444025175001     
   9.3400000000000016       0.14761277915485443     
   9.3599999999999994       0.14937640747344783     
   9.3800000000000008       0.14800271577472193     
   9.4000000000000021       0.14843055614867912     
   9.4199999999999999       0.14794274572700464     
   9.4400000000000013       0.14721395497709347     
   9.4600000000000009       0.14987860117253968     
   9.4800000000000022       0.15182948274566238     
   9.5000000000000000       0.15153704206072180     
   9.5200000000000014       0.14858651085292696     
   9.5400000000000009       0.14684488503025261     
   9.5600000000000005       0.14656504305657170     
   9.5800000000000001       0.14719773769117406     
   9.6000000000000014       0.14410391841107048     
   9.6200000000000010       0.14410510472454954     
   9.6400000000000006       0.14458125807691594     
   9.6600000000000001       0.14354430848256561     
   9.6800000000000015       0.14460902929579783     
   9.7000000000000011       0.14509062141786186     
   9.7200000000000006       0.14881614875434410     
   9.7400000000000002       0.14986293754565122     
   9.7600000000000016       0.15018577957212478     
   9.7800000000000011       0.14870208250757033     
   9.8000000000000007       0.14891862128595657     
   9.8200000000000003       0.14873844885133369     
   9.8400000000000016       0.14884930583307543     
   9.8600000000000012       0.14773627360792305     
   9.8800000000000008       0.14854894647910802     
   9.9000000000000004       0.14689049201086693     
   9.9200000000000017       0.14508503605268522     
   9.9399999999999995       0.14639953026629818     
   9.9600000000000009       0.15036128032513130     
