   0.0000000000000000       0.99999999999968103     
   2.0000000000000000E-002  0.95333513107625689     
   4.0000000000000001E-002  0.87391551033872250     
   5.9999999999999998E-002  0.85814426116334153     
   8.0000000000000002E-002  0.95158150510912709     
  0.10000000000000002       0.89278935082980282     
  0.12000000000000000       0.87848825458422741     
  0.14000000000000001       0.87047040455281699     
  0.16000000000000000       0.87350222670062794     
  0.18000000000000002       0.88737309975700307     
  0.20000000000000004       0.89310585667452558     
  0.22000000000000000       0.88793855631388374     
  0.23999999999999999       0.87549922922754564     
  0.26000000000000001       0.86068209174184263     
  0.28000000000000003       0.84706449264151096     
  0.30000000000000004       0.83396623123556057     
  0.32000000000000001       0.81849689102217349     
  0.34000000000000002       0.80352448663725784     
  0.36000000000000004       0.78942639362964950     
  0.38000000000000000       0.77836834005589550     
  0.40000000000000008       0.76575153923720174     
  0.42000000000000004       0.75183452846458776     
  0.44000000000000000       0.74020253349613041     
  0.46000000000000002       0.72600682640225611     
  0.47999999999999998       0.71314226460668395     
  0.50000000000000011       0.70081576655735622     
  0.52000000000000002       0.68864147618259763     
  0.54000000000000004       0.67706910918225027     
  0.56000000000000005       0.66552473730812267     
  0.57999999999999996       0.65246101559383174     
  0.60000000000000009       0.64174976323104971     
  0.62000000000000011       0.63222922191135300     
  0.64000000000000001       0.62066022200445714     
  0.66000000000000003       0.61134016631888399     
  0.68000000000000005       0.59919637266603898     
  0.70000000000000007       0.59025564226549165     
  0.72000000000000008       0.58013996727963080     
  0.74000000000000010       0.56957290942300232     
  0.76000000000000001       0.55996466281042900     
  0.78000000000000003       0.55244672172173259     
  0.80000000000000016       0.54531625967395336     
  0.82000000000000006       0.53682399034157335     
  0.84000000000000008       0.53002811600925248     
  0.86000000000000010       0.52116679985961889     
  0.88000000000000000       0.51206133860590308     
  0.90000000000000002       0.50376270745676399     
  0.92000000000000004       0.49248729033959465     
  0.94000000000000006       0.48605263221544431     
  0.95999999999999996       0.48107918832140240     
  0.98000000000000020       0.47455217330423466     
   1.0000000000000002       0.46805690226683155     
   1.0200000000000000       0.45987275191649613     
   1.0400000000000000       0.45340585367283764     
   1.0600000000000001       0.44652854550739812     
   1.0800000000000001       0.43920116344681526     
   1.1000000000000001       0.43086852816003907     
   1.1200000000000001       0.42272381369410339     
   1.1400000000000001       0.41663931902184792     
   1.1599999999999999       0.41081385307701679     
   1.1800000000000002       0.40184177699052320     
   1.2000000000000002       0.39440516368347867     
   1.2200000000000002       0.39008097863618690     
   1.2400000000000002       0.38505828242167783     
   1.2600000000000002       0.37783087215816591     
   1.2800000000000000       0.37043070452774235     
   1.3000000000000000       0.36534222075584544     
   1.3200000000000001       0.36201173483622062     
   1.3400000000000001       0.35482639246118497     
   1.3600000000000001       0.35180747920497552     
   1.3800000000000001       0.34815757554744514     
   1.4000000000000001       0.34282552700626001     
   1.4200000000000002       0.33936262061927425     
   1.4400000000000002       0.33603512950007652     
   1.4600000000000002       0.32985353212979279     
   1.4800000000000002       0.32529423054757500     
   1.5000000000000002       0.32038858880875726     
   1.5200000000000000       0.31542702295642572     
   1.5400000000000000       0.31148246571420840     
   1.5600000000000001       0.30936936011860755     
   1.5800000000000001       0.30696727253873085     
   1.6000000000000003       0.30371189865827286     
   1.6200000000000001       0.29694258965864684     
   1.6400000000000001       0.29248784633394470     
   1.6600000000000001       0.29060489462266065     
   1.6800000000000002       0.28863477878842114     
   1.7000000000000002       0.28548317807797136     
   1.7200000000000002       0.28083694357340971     
   1.7400000000000002       0.27793863217012166     
   1.7600000000000000       0.27401661980755665     
   1.7800000000000000       0.27035233928709473     
   1.8000000000000000       0.26841434834842681     
   1.8200000000000001       0.26566309317724768     
   1.8400000000000001       0.26435446676710800     
   1.8600000000000001       0.25970357028197877     
   1.8800000000000001       0.25334756457598429     
   1.8999999999999999       0.25148887878854609     
   1.9199999999999999       0.24977095827883317     
   1.9400000000000004       0.24630864094586979     
   1.9600000000000004       0.24363516784481726     
   1.9800000000000002       0.23928395862509844     
   2.0000000000000004       0.23605226952983865     
   2.0200000000000005       0.23442296353402900     
   2.0400000000000000       0.23036514595686280     
   2.0600000000000001       0.22574953158932742     
   2.0800000000000001       0.22353141159750028     
   2.1000000000000001       0.22190913108661836     
   2.1200000000000001       0.21840802158449157     
   2.1400000000000001       0.21505351110468346     
   2.1600000000000001       0.21493276697919481     
   2.1800000000000002       0.21421836507824088     
   2.2000000000000002       0.21322503328270070     
   2.2200000000000002       0.21285583808598654     
   2.2400000000000002       0.21147045782624094     
   2.2600000000000002       0.21035874762027704     
   2.2800000000000002       0.20937989201689566     
   2.3000000000000003       0.20866117998320763     
   2.3199999999999998       0.20456341995028812     
   2.3399999999999999       0.20334812262357635     
   2.3600000000000003       0.20203350807791651     
   2.3800000000000003       0.20010837427885042     
   2.4000000000000004       0.19619499102924420     
   2.4200000000000004       0.19372154270722275     
   2.4400000000000004       0.19009322926914582     
   2.4600000000000004       0.18858897774372510     
   2.4800000000000004       0.18616147579398926     
   2.5000000000000004       0.18495577106384786     
   2.5200000000000005       0.18554519951511156     
   2.5400000000000000       0.18357182156420906     
   2.5600000000000001       0.18367423308537004     
   2.5800000000000001       0.18230368274444700     
   2.6000000000000001       0.18047617874743946     
   2.6200000000000001       0.18088269595952436     
   2.6400000000000001       0.18094124921125235     
   2.6600000000000001       0.18023295786078908     
   2.6800000000000002       0.17835243925363220     
   2.7000000000000002       0.17735811739077489     
   2.7200000000000002       0.17499379443030572     
   2.7400000000000002       0.17356479805473821     
   2.7600000000000002       0.17216401394966249     
   2.7800000000000002       0.16879503119214814     
   2.8000000000000003       0.16904069884845813     
   2.8200000000000003       0.16969307384677801     
   2.8400000000000003       0.16863222998715685     
   2.8600000000000003       0.16722804396461050     
   2.8800000000000003       0.16582499007305426     
   2.9000000000000004       0.16413843504916203     
   2.9200000000000004       0.16175679853392871     
   2.9400000000000004       0.16133971973181355     
   2.9600000000000004       0.16129588211186796     
   2.9800000000000004       0.16008692119400167     
   3.0000000000000004       0.15828336802919657     
   3.0200000000000000       0.15901071131682795     
   3.0400000000000000       0.15865606761651430     
   3.0600000000000001       0.15851404537912822     
   3.0800000000000001       0.15957737932285140     
   3.1000000000000001       0.15745045211320555     
   3.1200000000000001       0.15666337109649497     
   3.1400000000000001       0.15670322256383504     
   3.1600000000000001       0.15604070163116227     
   3.1800000000000002       0.15596441439269562     
   3.2000000000000006       0.15647657644954616     
   3.2200000000000006       0.15500747872313830     
   3.2400000000000002       0.15369580860933896     
   3.2600000000000002       0.15391356516889762     
   3.2800000000000002       0.15481915409844202     
   3.3000000000000003       0.15325273833289532     
   3.3200000000000003       0.15228871594136825     
   3.3400000000000003       0.15134357453086694     
   3.3600000000000003       0.15066468684583423     
   3.3800000000000003       0.14996598119514232     
   3.4000000000000004       0.14914755915032213     
   3.4200000000000004       0.14815872817928963     
   3.4400000000000004       0.15020352557028288     
   3.4600000000000004       0.14972762499199682     
   3.4800000000000004       0.14914938330306990     
   3.5000000000000004       0.14962845768682445     
   3.5200000000000000       0.14876420507810267     
   3.5400000000000000       0.14743731842859661     
   3.5600000000000001       0.14551516999079150     
   3.5800000000000001       0.14483807172140251     
   3.6000000000000001       0.14742619099235921     
   3.6200000000000001       0.14610455795006219     
   3.6400000000000001       0.14393151769637505     
   3.6600000000000001       0.14486150389476909     
   3.6800000000000002       0.14422386776841717     
   3.7000000000000002       0.14490337454380905     
   3.7200000000000002       0.14472085798992673     
   3.7400000000000002       0.14332861403164321     
   3.7600000000000002       0.14280085051668673     
   3.7799999999999998       0.14207226317239519     
   3.7999999999999998       0.14200870008797339     
   3.8199999999999998       0.14053833899903373     
   3.8399999999999999       0.14169328437106737     
   3.8600000000000008       0.14386961491592570     
   3.8800000000000008       0.14234711975548253     
   3.9000000000000008       0.14454347596302233     
   3.9200000000000008       0.14467976358901205     
   3.9400000000000004       0.14276246048391855     
   3.9600000000000004       0.14211483401328648     
   3.9800000000000004       0.14244160055769572     
   4.0000000000000009       0.14194212496820208     
   4.0200000000000005       0.14105258566681628     
   4.0400000000000009       0.13939535347537602     
   4.0600000000000005       0.14140684940165721     
   4.0800000000000001       0.14070882893576483     
   4.1000000000000005       0.14065323549203015     
   4.1200000000000001       0.14071013776211672     
   4.1400000000000006       0.14091262331682264     
   4.1600000000000001       0.14295349473594204     
   4.1800000000000006       0.14177202172230044     
   4.2000000000000002       0.14324502314910348     
   4.2200000000000006       0.14320935990028200     
   4.2400000000000002       0.14305288777229691     
   4.2600000000000007       0.14371319056196688     
   4.2800000000000002       0.14305290895805689     
   4.3000000000000007       0.14378603731819745     
   4.3200000000000003       0.14534382680564478     
   4.3400000000000007       0.14605901307904243     
   4.3600000000000003       0.14551942079188532     
   4.3799999999999999       0.14701404475839169     
   4.4000000000000004       0.14690737024675476     
   4.4199999999999999       0.14749174976995744     
   4.4400000000000004       0.14632983305031877     
   4.4600000000000000       0.14579904854411435     
   4.4800000000000004       0.14238422616105498     
   4.5000000000000000       0.14144284096402804     
   4.5200000000000005       0.14186547938551916     
   4.5400000000000000       0.14278056603049519     
   4.5600000000000005       0.14161309270951797     
   4.5800000000000001       0.14071896302676071     
   4.6000000000000005       0.13975285086852721     
   4.6200000000000001       0.13958811949860728     
   4.6399999999999997       0.13762537294070443     
   4.6600000000000001       0.13756816099881128     
   4.6799999999999997       0.13732691485320431     
   4.7000000000000011       0.13767181223838151     
   4.7200000000000006       0.13679703560701487     
   4.7400000000000011       0.13666829667387792     
   4.7600000000000007       0.13650283506697775     
   4.7800000000000002       0.13536644509939583     
   4.8000000000000007       0.13558805853620423     
   4.8200000000000003       0.13596712631492450     
   4.8400000000000007       0.13566969139517096     
   4.8600000000000003       0.13444610780509697     
   4.8800000000000008       0.13523687750528318     
   4.9000000000000004       0.13500298492251070     
   4.9200000000000008       0.13516203005950600     
   4.9400000000000004       0.13299220524527947     
   4.9600000000000009       0.13389403558367280     
   4.9800000000000004       0.13465436450730198     
   5.0000000000000009       0.13398167044756734     
   5.0200000000000005       0.13372226406362647     
   5.0400000000000009       0.13071841604242676     
   5.0600000000000005       0.13156016205370991     
   5.0800000000000001       0.12932969415201576     
   5.1000000000000005       0.12889947809744892     
   5.1200000000000001       0.12862335591712121     
   5.1400000000000006       0.13069150462572929     
   5.1600000000000001       0.12961175226026306     
   5.1800000000000006       0.12943526539647160     
   5.2000000000000002       0.13014540110256434     
   5.2200000000000006       0.13135096318925599     
   5.2400000000000002       0.13100108623734658     
   5.2600000000000007       0.13169736307217159     
   5.2800000000000002       0.13151237283326581     
   5.3000000000000007       0.13142878958400350     
   5.3200000000000003       0.13189083851948094     
   5.3399999999999999       0.13144446517496428     
   5.3600000000000003       0.13004572725287047     
   5.3799999999999999       0.12951455825703287     
   5.4000000000000004       0.12890450258976596     
   5.4199999999999999       0.12756854578111446     
   5.4400000000000004       0.12703215082767336     
   5.4600000000000000       0.12799877552390942     
   5.4800000000000004       0.12923078100352012     
   5.5000000000000000       0.12928264606506740     
   5.5200000000000005       0.13118177524610417     
   5.5400000000000000       0.13178123126186309     
   5.5600000000000005       0.13256473398613733     
   5.5800000000000010       0.13070548892078124     
   5.6000000000000005       0.13059989024361476     
   5.6200000000000010       0.12962847042897976     
   5.6400000000000006       0.12914440366840121     
   5.6600000000000010       0.12922493274963417     
   5.6800000000000006       0.12821470340467789     
   5.7000000000000011       0.12883679717250757     
   5.7200000000000006       0.13055771082364265     
   5.7400000000000011       0.12924625577040799     
   5.7600000000000007       0.13068077603700326     
   5.7800000000000002       0.13065291398425241     
   5.8000000000000007       0.13106519018711674     
   5.8200000000000003       0.13079147085391432     
   5.8400000000000007       0.13049684398777509     
   5.8600000000000003       0.12891983397804160     
   5.8800000000000008       0.13116885822245183     
   5.9000000000000004       0.13040823887360226     
   5.9200000000000008       0.12835488189868005     
   5.9400000000000004       0.12939568895150783     
   5.9600000000000009       0.13043733362204357     
   5.9800000000000004       0.13020369263462123     
   6.0000000000000009       0.13058870084421723     
   6.0200000000000005       0.13264720745519287     
   6.0400000000000000       0.13224726181190122     
   6.0600000000000005       0.13190702012692040     
   6.0800000000000001       0.13073941290934743     
   6.1000000000000005       0.13135872757470812     
   6.1200000000000001       0.12962243467614129     
   6.1400000000000006       0.13114324770184108     
   6.1600000000000001       0.13164320662185697     
   6.1800000000000006       0.13231515121348242     
   6.2000000000000002       0.13312652861333271     
   6.2200000000000006       0.13293062952433127     
   6.2400000000000002       0.13448728690721642     
   6.2600000000000007       0.13372304153015421     
   6.2800000000000002       0.13263630754086905     
   6.2999999999999998       0.13353619692041502     
   6.3200000000000003       0.13403385114837957     
   6.3399999999999999       0.13246774005607112     
   6.3600000000000003       0.13351316353423551     
   6.3799999999999999       0.13328563764665702     
   6.4000000000000012       0.13346538023506385     
   6.4200000000000008       0.13192986403212215     
   6.4400000000000013       0.13281665844620055     
   6.4600000000000000       0.13282856475653790     
   6.4800000000000004       0.13274516372844092     
   6.5000000000000000       0.13381839435153625     
   6.5200000000000005       0.13566008146699787     
   6.5400000000000000       0.13569769345193902     
   6.5600000000000005       0.13722309627252735     
   6.5800000000000001       0.13820265979312849     
   6.6000000000000005       0.13877794790572079     
   6.6200000000000001       0.13852383725762968     
   6.6400000000000006       0.13764376435459055     
   6.6600000000000001       0.13688142277478671     
   6.6800000000000006       0.13918352245112392     
   6.7000000000000002       0.13906569352688863     
   6.7200000000000006       0.13831348153389650     
   6.7400000000000002       0.13856439953012342     
   6.7600000000000007       0.13853954795414528     
   6.7800000000000002       0.13794428059970823     
   6.8000000000000007       0.13865996741719980     
   6.8200000000000003       0.13953422888683334     
   6.8400000000000007       0.13944108129497626     
   6.8600000000000012       0.14029176365544066     
   6.8800000000000008       0.13941758488978567     
   6.9000000000000012       0.13913681423171476     
   6.9200000000000008       0.13996948902432782     
   6.9400000000000013       0.14229831869728396     
   6.9600000000000009       0.14170475204673474     
   6.9800000000000013       0.14251823598286331     
   7.0000000000000009       0.14470540116126770     
   7.0200000000000014       0.14680733849585931     
   7.0400000000000000       0.14665487068898239     
   7.0600000000000014       0.14638289381231279     
   7.0800000000000001       0.14706683947159324     
   7.1000000000000014       0.14723274319129415     
   7.1200000000000001       0.14671494480733219     
   7.1400000000000015       0.14574026797278072     
   7.1600000000000001       0.14588166815842016     
   7.1800000000000006       0.14603318042406987     
   7.2000000000000002       0.14610280453706559     
   7.2200000000000006       0.14571001232529082     
   7.2400000000000002       0.14529543861099642     
   7.2600000000000007       0.14485081123213500     
   7.2800000000000002       0.14511776094008719     
   7.3000000000000007       0.14472845427350295     
   7.3200000000000003       0.14510887106461570     
   7.3400000000000007       0.14567992533769483     
   7.3600000000000003       0.14447472194916514     
   7.3800000000000008       0.14568257222219533     
   7.4000000000000004       0.14393225739081852     
   7.4200000000000008       0.14542683550035362     
   7.4400000000000004       0.14580747003551214     
   7.4600000000000009       0.14744792615166596     
   7.4800000000000004       0.14868795407788407     
   7.5000000000000009       0.14961376430282020     
   7.5200000000000005       0.14914285650594661     
   7.5400000000000009       0.14941085998220621     
   7.5599999999999996       0.14968587839134728     
   7.5800000000000010       0.15085975113804556     
   7.5999999999999996       0.14810208682253362     
   7.6200000000000010       0.14807268495886916     
   7.6399999999999997       0.14775849297112068     
   7.6600000000000010       0.15024079305440541     
   7.6799999999999997       0.14856046503654519     
   7.7000000000000011       0.14866543678979310     
   7.7200000000000015       0.14566401355992697     
   7.7400000000000002       0.14595084549949125     
   7.7600000000000016       0.14439903677069288     
   7.7800000000000002       0.14398769142115844     
   7.8000000000000016       0.14494497382916741     
   7.8200000000000003       0.14647242200793989     
   7.8400000000000016       0.14680844385406869     
   7.8600000000000003       0.14596213606869216     
   7.8800000000000008       0.14591082128430646     
   7.9000000000000004       0.14495424172022853     
   7.9200000000000008       0.14445219878366311     
   7.9400000000000004       0.14483062513271491     
   7.9600000000000009       0.14426312766334370     
   7.9800000000000004       0.14428207636349860     
   8.0000000000000018       0.14572093350619766     
   8.0199999999999996       0.14689861662948869     
   8.0400000000000009       0.14819261912841403     
   8.0600000000000005       0.14818710546400982     
   8.0800000000000018       0.14964827254396018     
   8.0999999999999996       0.14989294547359713     
   8.1200000000000010       0.15018500139347282     
   8.1400000000000006       0.15014232492845273     
   8.1600000000000001       0.14920034166425858     
   8.1799999999999997       0.14860539718242835     
   8.2000000000000011       0.14767156982059548     
   8.2200000000000006       0.14575784273477413     
   8.2400000000000002       0.14622833718039990     
   8.2599999999999998       0.14583682082220498     
   8.2800000000000011       0.14396252770928683     
   8.3000000000000007       0.14764253634626237     
   8.3200000000000003       0.14884526120218181     
   8.3399999999999999       0.14940866024909899     
   8.3600000000000012       0.14957802371884210     
   8.3800000000000008       0.14913565634241543     
   8.4000000000000004       0.14786430705678857     
   8.4199999999999999       0.14628658525514612     
   8.4400000000000013       0.14600709019248026     
   8.4600000000000009       0.14513503719670631     
   8.4800000000000004       0.14489969353560661     
   8.5000000000000000       0.14519088181783441     
   8.5200000000000014       0.14658157741183506     
   8.5400000000000009       0.14801229766187968     
   8.5600000000000005       0.14770169128747831     
   8.5800000000000018       0.14707725833658344     
   8.6000000000000014       0.14609422812975681     
   8.6200000000000010       0.14497780968126170     
   8.6400000000000006       0.14521436822626568     
   8.6600000000000019       0.14493347812264323     
   8.6800000000000015       0.14341900220427808     
   8.7000000000000011       0.14310582562680640     
   8.7200000000000006       0.14359531390177216     
   8.7400000000000020       0.14485047673733822     
   8.7599999999999998       0.14510954542815505     
   8.7800000000000011       0.14569431155792179     
   8.8000000000000007       0.14786694244613735     
   8.8200000000000021       0.14955365352195277     
   8.8399999999999999       0.14705643083985478     
   8.8600000000000012       0.14758023731110900     
   8.8800000000000008       0.14825783694785327     
   8.9000000000000004       0.14786410795066368     
   8.9199999999999999       0.14654007602684194     
   8.9400000000000013       0.14645672440458499     
   8.9600000000000009       0.14674636841556327     
   8.9800000000000004       0.14627567232926231     
   9.0000000000000000       0.14557911208261298     
   9.0200000000000014       0.14584696980269371     
   9.0400000000000009       0.14672137876058333     
   9.0600000000000005       0.14678947251219523     
   9.0800000000000001       0.14602651803439301     
   9.1000000000000014       0.14591998629297034     
   9.1200000000000010       0.14652259352614122     
   9.1400000000000006       0.14485646477118819     
   9.1600000000000001       0.14406703156726186     
   9.1800000000000015       0.14604350255079673     
   9.2000000000000011       0.14577604910524600     
   9.2200000000000006       0.14737055583617326     
   9.2400000000000002       0.14652311603460733     
   9.2600000000000016       0.14632123566807215     
   9.2799999999999994       0.14772041679011857     
   9.3000000000000007       0.14697683875441875     
   9.3200000000000003       0.14624904182584531     
   9.3400000000000016       0.14535271398478636     
   9.3599999999999994       0.14375425563846794     
   9.3800000000000008       0.14473903120157933     
   9.4000000000000021       0.14530467869816061     
   9.4199999999999999       0.14467297509848701     
   9.4400000000000013       0.14497623299474163     
   9.4600000000000009       0.14734333393953569     
   9.4800000000000022       0.15011374027196039     
   9.5000000000000000       0.14969793278976531     
   9.5200000000000014       0.14976675774885698     
   9.5400000000000009       0.14644985603399585     
   9.5600000000000005       0.14530595855291392     
   9.5800000000000001       0.14639877879162361     
   9.6000000000000014       0.14546057639029092     
   9.6200000000000010       0.14564001177814459     
   9.6400000000000006       0.14832753971049198     
   9.6600000000000001       0.14869069906675036     
   9.6800000000000015       0.14914722516467646     
   9.7000000000000011       0.14966626937880559     
   9.7200000000000006       0.14994374693737719     
   9.7400000000000002       0.15053409629321657     
   9.7600000000000016       0.14944667833310107     
   9.7800000000000011       0.14855496797551254     
   9.8000000000000007       0.14761678246881066     
   9.8200000000000003       0.14913783617870707     
   9.8400000000000016       0.14890384311022511     
   9.8600000000000012       0.14850169834735483     
   9.8800000000000008       0.14744546660837504     
   9.9000000000000004       0.14764051950448040     
   9.9200000000000017       0.14653041918467682     
   9.9399999999999995       0.14536072974954656     
   9.9600000000000009       0.14408215640395572     
