   0.0000000000000000       0.99999999999991962     
   8.0000000000000002E-002  0.99961506435351777     
  0.16000000000000000       0.82148823571671092     
  0.23999999999999999       0.99859668169468951     
  0.32000000000000001       0.99840960126414868     
  0.40000000000000008       0.99806821632302478     
  0.47999999999999998       0.99783742211935877     
  0.56000000000000005       0.99757506336930335     
  0.64000000000000001       0.99717728937689243     
  0.72000000000000008       0.99674526224552185     
  0.80000000000000016       0.99643502481305735     
  0.88000000000000000       0.99625510660994610     
  0.95999999999999996       0.99590169470843048     
   1.0400000000000000       0.99544939872936444     
   1.1200000000000001       0.99512024289266354     
   1.2000000000000002       0.99481562085528830     
   1.2800000000000000       0.99457249891982891     
   1.3600000000000001       0.99407772359792579     
   1.4400000000000002       0.99391894146762239     
   1.5200000000000000       0.99355642081505857     
   1.6000000000000003       0.99319313821899646     
   1.6800000000000002       0.99286380318270695     
   1.7600000000000000       0.99257651611138542     
   1.8400000000000001       0.99226735710358527     
   1.9199999999999999       0.99200902870225482     
   2.0000000000000004       0.99181146636032291     
   2.0800000000000001       0.99164237626391483     
   2.1600000000000001       0.99152210306866007     
   2.2400000000000002       0.99158763289849250     
   2.3199999999999998       0.99121792844485213     
   2.4000000000000004       0.99089655831618340     
   2.4800000000000004       0.99062744617928833     
   2.5600000000000001       0.99028694468027012     
   2.6400000000000001       0.98998515805780951     
   2.7200000000000002       0.98961298082412685     
   2.8000000000000003       0.98915735146744965     
   2.8800000000000003       0.98909192924424594     
   2.9600000000000004       0.98868766916047590     
   3.0400000000000000       0.98864780601200208     
   3.1200000000000001       0.98832848583666433     
   3.2000000000000006       0.98796985595973064     
   3.2800000000000002       0.98790344890035775     
   3.3600000000000003       0.98775792317728106     
   3.4400000000000004       0.98737413272864627     
   3.5200000000000000       0.98694834967241507     
   3.6000000000000001       0.98700557982612047     
   3.6800000000000002       0.98689907253611264     
   3.7600000000000002       0.98679487945486355     
   3.8399999999999999       0.98633099178849948     
   3.9200000000000008       0.98631585802090316     
   4.0000000000000009       0.98588500422498659     
   4.0800000000000001       0.98561761265404813     
   4.1600000000000001       0.98544053445846747     
   4.2400000000000002       0.98521637619060309     
   4.3200000000000003       0.98506546033143283     
   4.4000000000000004       0.98478437523426687     
   4.4800000000000004       0.98476618428746543     
   4.5600000000000005       0.98441051937678503     
   4.6399999999999997       0.98442058212016503     
   4.7200000000000006       0.98428292894409508     
   4.8000000000000007       0.98409560452947564     
   4.8800000000000008       0.98365904412972882     
   4.9600000000000009       0.98351690221178900     
   5.0400000000000009       0.98348816707824649     
   5.1200000000000001       0.98319181680333889     
   5.2000000000000002       0.98338076360852600     
   5.2800000000000002       0.98302853007634816     
   5.3600000000000003       0.98282924177898767     
   5.4400000000000004       0.98239994515490403     
   5.5200000000000005       0.98240936806133428     
   5.6000000000000005       0.98220106726308365     
   5.6800000000000006       0.98196858066535964     
   5.7600000000000007       0.98150581191226349     
   5.8400000000000007       0.98127465487351029     
   5.9200000000000008       0.98099215428504594     
   6.0000000000000009       0.98046301604440433     
   6.0800000000000001       0.98065899775230847     
   6.1600000000000001       0.98085423593194299     
   6.2400000000000002       0.98073632629159224     
   6.3200000000000003       0.98069525849265904     
   6.4000000000000012       0.98025729710558507     
   6.4800000000000004       0.98065678961946701     
   6.5600000000000005       0.98060692047405928     
   6.6400000000000006       0.98068815700448775     
   6.7200000000000006       0.98081224152496371     
   6.8000000000000007       0.98046074819718254     
   6.8800000000000008       0.98049361389676504     
   6.9600000000000009       0.98022427828029046     
   7.0400000000000000       0.97983962096805044     
   7.1200000000000001       0.97981003751140860     
   7.2000000000000002       0.97982621414294147     
   7.2800000000000002       0.97947625693915030     
   7.3600000000000003       0.97991047214777482     
   7.4400000000000004       0.97979739547431799     
   7.5200000000000005       0.97960834554276532     
   7.5999999999999996       0.97966244210128095     
   7.6799999999999997       0.97942311356460943     
   7.7600000000000016       0.97928033992045926     
   7.8400000000000016       0.97938073595290620     
   7.9200000000000008       0.97920575715410874     
   8.0000000000000018       0.97878501102313831     
   8.0800000000000018       0.97854957034470713     
   8.1600000000000001       0.97862581016434358     
   8.2400000000000002       0.97823269397442059     
   8.3200000000000003       0.97838231982125667     
   8.4000000000000004       0.97841319934156823     
   8.4800000000000004       0.97837374004228628     
   8.5600000000000005       0.97812638455405820     
   8.6400000000000006       0.97778772049530471     
   8.7200000000000006       0.97791336243397209     
   8.8000000000000007       0.97793665390164397     
   8.8800000000000008       0.97771392617136033     
   8.9600000000000009       0.97745249741691131     
   9.0400000000000009       0.97744339120167245     
   9.1200000000000010       0.97684108917319723     
   9.2000000000000011       0.97673592343804672     
   9.2799999999999994       0.97696591918756870     
   9.3599999999999994       0.97702458769135558     
   9.4400000000000013       0.97712007764514885     
   9.5200000000000014       0.97693678078674628     
   9.6000000000000014       0.97681231097113452     
   9.6800000000000015       0.97664619536938380     
   9.7600000000000016       0.97669965532009517     
   9.8400000000000016       0.97669421208063922     
   9.9200000000000017       0.97667224986871592     
   10.000000000000002       0.97678093610919892     
   10.080000000000002       0.97665831258590730     
   10.160000000000000       0.97606651426837343     
   10.240000000000000       0.97596407679325470     
   10.320000000000000       0.97616654804284542     
   10.400000000000000       0.97620208146915388     
   10.480000000000000       0.97605747914773733     
   10.560000000000000       0.97609589235632765     
   10.640000000000001       0.97590907565537144     
   10.720000000000001       0.97609764709210667     
   10.800000000000001       0.97613087836256429     
   10.880000000000001       0.97614263613460328     
   10.960000000000001       0.97607819450300015     
   11.040000000000001       0.97612019466339672     
   11.120000000000001       0.97591142017028965     
   11.200000000000001       0.97596008220628738     
   11.280000000000001       0.97556597605655815     
   11.360000000000001       0.97562902690004294     
   11.440000000000001       0.97537181245483229     
   11.520000000000001       0.97548472513767914     
   11.600000000000001       0.97568885218889156     
   11.680000000000001       0.97543682200793236     
   11.760000000000002       0.97529058364856291     
   11.840000000000002       0.97522931257757761     
   11.920000000000002       0.97538286891964698     
   12.000000000000002       0.97540978388649013     
   12.080000000000000       0.97519060107374733     
   12.160000000000000       0.97494971543199038     
   12.240000000000000       0.97508404108256597     
   12.320000000000000       0.97465323593816855     
   12.400000000000000       0.97465396692489725     
   12.480000000000000       0.97444307583355538     
   12.560000000000000       0.97454712007108824     
   12.640000000000001       0.97433041116228369     
   12.720000000000001       0.97443189100210348     
   12.800000000000002       0.97423983391907820     
   12.880000000000003       0.97379153075207303     
   12.960000000000001       0.97374083502727882     
   13.040000000000001       0.97350260531012855     
   13.120000000000001       0.97378274042096458     
   13.200000000000001       0.97384501754779762     
   13.280000000000001       0.97378412973777018     
   13.360000000000001       0.97385322783817396     
   13.440000000000001       0.97399113282904637     
   13.520000000000001       0.97392414138540528     
   13.600000000000001       0.97395299752244235     
   13.680000000000001       0.97398891270849142     
   13.760000000000002       0.97433484931102810     
   13.840000000000002       0.97440164968504572     
   13.920000000000002       0.97442977927228958     
   14.000000000000002       0.97447268075245130     
   14.080000000000000       0.97412077765398808     
   14.160000000000000       0.97377617958945106     
   14.240000000000000       0.97395494259704884     
   14.320000000000000       0.97396345133032458     
   14.400000000000000       0.97418421699919100     
   14.480000000000000       0.97432677956477298     
   14.560000000000000       0.97393969750913822     
   14.640000000000001       0.97397712971010941     
   14.720000000000001       0.97388606794183930     
   14.800000000000001       0.97420852838598682     
   14.880000000000001       0.97416416005463802     
   14.960000000000001       0.97409213754138735     
   15.040000000000001       0.97406972949362214     
   15.119999999999999       0.97416917493266286     
   15.199999999999999       0.97380951783594760     
   15.279999999999999       0.97412593610374243     
   15.359999999999999       0.97425908608324152     
   15.440000000000003       0.97422605401726559     
   15.520000000000003       0.97409937530667090     
   15.600000000000003       0.97441154667935959     
   15.680000000000003       0.97414185773141759     
   15.760000000000002       0.97417820944296396     
   15.840000000000002       0.97421088820875490     
   15.920000000000002       0.97424899993477565     
   16.000000000000004       0.97398962314687476     
   16.080000000000002       0.97414177529372215     
   16.160000000000004       0.97380306780141512     
   16.240000000000002       0.97391138775123176     
   16.320000000000000       0.97404535033448514     
   16.400000000000002       0.97382545297189516     
   16.480000000000000       0.97388157459457780     
   16.560000000000002       0.97373966369226428     
   16.640000000000001       0.97394511598308808     
   16.720000000000002       0.97390681742320218     
   16.800000000000001       0.97395809184781146     
   16.880000000000003       0.97410689419642327     
   16.960000000000001       0.97384238100886344     
   17.040000000000003       0.97396991677277345     
   17.120000000000001       0.97358744269402842     
   17.200000000000003       0.97332273367120903     
   17.280000000000001       0.97291768004741608     
   17.360000000000003       0.97306229676085965     
   17.440000000000001       0.97310906894571114     
   17.520000000000000       0.97310235697211467     
   17.600000000000001       0.97306246663574303     
   17.680000000000000       0.97296431935369398     
   17.760000000000002       0.97251640357327018     
   17.840000000000000       0.97248765211787302     
   17.920000000000002       0.97248517830140302     
   18.000000000000000       0.97255652188828157     
   18.080000000000002       0.97242815513059144     
   18.160000000000000       0.97233917463631647     
   18.240000000000002       0.97243081193984671     
   18.320000000000000       0.97257075750423594     
   18.400000000000002       0.97190364773529614     
   18.480000000000000       0.97218492821241675     
   18.559999999999999       0.97238314342880028     
   18.640000000000001       0.97266716328280245     
   18.719999999999999       0.97294848447780435     
   18.800000000000004       0.97287307423302916     
   18.880000000000003       0.97275125414770158     
   18.960000000000004       0.97274596201692332     
   19.040000000000003       0.97295967747923107     
   19.120000000000001       0.97262241357039136     
   19.200000000000003       0.97266648410512779     
   19.280000000000001       0.97259767040304146     
   19.360000000000003       0.97294017612067163     
   19.440000000000001       0.97330905683808178     
   19.520000000000003       0.97304626706939790     
   19.600000000000001       0.97332846365351378     
   19.680000000000003       0.97314185206633252     
   19.760000000000002       0.97358175858248375     
   19.840000000000003       0.97371613010141267     
   19.920000000000002       0.97377641805847814     
   20.000000000000004       0.97396647131095815     
   20.080000000000002       0.97352837608062381     
   20.160000000000004       0.97337443014405534     
   20.240000000000002       0.97328812032389078     
   20.320000000000000       0.97330106150297779     
   20.400000000000002       0.97343643412693115     
   20.480000000000000       0.97331034463965027     
   20.560000000000002       0.97335457478675513     
   20.640000000000001       0.97345359272068410     
   20.720000000000002       0.97330568188124944     
   20.800000000000001       0.97314259976866302     
   20.880000000000003       0.97337237704949031     
   20.960000000000001       0.97325387102268013     
   21.040000000000003       0.97345032047862823     
   21.120000000000001       0.97316524447635577     
   21.200000000000003       0.97310697785005762     
   21.280000000000001       0.97302193950025717     
   21.359999999999999       0.97268871088451703     
   21.440000000000001       0.97292262846491750     
   21.520000000000000       0.97288851865896198     
   21.600000000000001       0.97263392628204814     
   21.680000000000000       0.97253779159321030     
   21.760000000000002       0.97215697844859983     
   21.840000000000000       0.97195407955718571     
   21.920000000000002       0.97225331457490849     
   22.000000000000000       0.97224088702512235     
   22.080000000000002       0.97210833714605982     
   22.160000000000000       0.97247229774197241     
   22.240000000000002       0.97231437519094421     
   22.320000000000004       0.97202914772428839     
   22.400000000000002       0.97179330010313236     
   22.480000000000004       0.97178725980696679     
   22.560000000000002       0.97222413426819088     
   22.640000000000004       0.97218294948252704     
   22.720000000000002       0.97204344084471717     
   22.800000000000004       0.97230533626666615     
   22.880000000000003       0.97198635377647535     
   22.960000000000004       0.97190454477072330     
   23.040000000000003       0.97212068655936312     
   23.120000000000001       0.97213945207139507     
   23.200000000000003       0.97211883420065304     
   23.280000000000001       0.97206618120813360     
   23.360000000000003       0.97176763506664077     
   23.440000000000001       0.97196591650332298     
   23.520000000000003       0.97198824340619072     
   23.600000000000001       0.97217999176984815     
   23.680000000000003       0.97179118216639004     
   23.760000000000002       0.97200608536379585     
   23.840000000000003       0.97182030752359805     
   23.920000000000002       0.97205985098972114     
   24.000000000000004       0.97222428051358811     
   24.080000000000002       0.97229565392420803     
   24.160000000000000       0.97176914948956172     
   24.240000000000002       0.97186571369059571     
   24.320000000000000       0.97136448083509774     
   24.400000000000002       0.97142040807345065     
   24.480000000000000       0.97145173811725627     
   24.560000000000002       0.97155902733841126     
   24.640000000000001       0.97146974135191444     
   24.720000000000002       0.97128963723897177     
   24.800000000000001       0.97118444168101170     
   24.880000000000003       0.97143930892591568     
   24.960000000000001       0.97137714110905571     
   25.040000000000003       0.97134112730744526     
   25.120000000000001       0.97141955432306715     
   25.199999999999999       0.97134712268748524     
   25.280000000000001       0.97117625256284390     
   25.359999999999999       0.97120216573258455     
   25.440000000000001       0.97122396193408844     
   25.520000000000000       0.97101938850634062     
   25.600000000000005       0.97104878630404501     
   25.680000000000003       0.97110833156415666     
   25.760000000000005       0.97115134363409483     
   25.840000000000000       0.97121698835010362     
   25.920000000000002       0.97102003376389856     
   26.000000000000000       0.97081238926429625     
   26.080000000000002       0.97072598980214064     
   26.160000000000000       0.97069853050204535     
   26.240000000000002       0.97100316238068929     
   26.320000000000000       0.97137139785821836     
   26.400000000000002       0.97119065981090624     
   26.480000000000000       0.97112055318567114     
   26.560000000000002       0.97141749621422380     
   26.640000000000001       0.97144871377641540     
   26.720000000000002       0.97146611901935731     
   26.800000000000001       0.97158564056027152     
   26.880000000000003       0.97162734563636566     
   26.960000000000001       0.97164174849163076     
   27.040000000000003       0.97113547707334236     
   27.120000000000001       0.97124199135204892     
   27.200000000000003       0.97136230738474494     
   27.280000000000001       0.97160293912910423     
   27.360000000000003       0.97177571961685660     
   27.440000000000005       0.97177758238709921     
   27.520000000000003       0.97196006460556184     
   27.600000000000005       0.97182723153231865     
   27.680000000000003       0.97163275978267749     
   27.760000000000005       0.97130505550338031     
   27.840000000000003       0.97127389181446599     
   27.920000000000005       0.97155877252685485     
   28.000000000000004       0.97148723385265401     
   28.080000000000005       0.97158092321681466     
   28.160000000000000       0.97174486911174496     
   28.240000000000006       0.97148150894808005     
   28.320000000000000       0.97150025334495249     
   28.400000000000006       0.97116905810755061     
   28.480000000000000       0.97094681309887965     
   28.560000000000006       0.97111210154631733     
   28.640000000000001       0.97124279712129957     
   28.720000000000002       0.97119079067854619     
   28.800000000000001       0.97147269555033633     
   28.880000000000003       0.97130508849336916     
   28.960000000000001       0.97147736925172823     
   29.040000000000003       0.97159337493628006     
   29.120000000000001       0.97142722665384917     
   29.200000000000003       0.97112173265383228     
   29.280000000000001       0.97134107678836512     
   29.360000000000003       0.97138807995884102     
   29.440000000000001       0.97115258750203926     
   29.520000000000003       0.97100040956580003     
   29.600000000000001       0.97099946771895984     
   29.680000000000003       0.97098230022530307     
   29.760000000000002       0.97087753907069319     
   29.840000000000003       0.97092651418622411     
   29.920000000000002       0.97091654823339091     
   30.000000000000004       0.97131706330526957     
   30.080000000000002       0.97141510636202588     
   30.160000000000004       0.97167384694967363     
   30.239999999999998       0.97160645481944341     
   30.320000000000004       0.97134535005983402     
   30.399999999999999       0.97112380052292557     
   30.480000000000004       0.97115679613659134     
   30.559999999999999       0.97153750903845648     
   30.640000000000004       0.97149720932315065     
   30.719999999999999       0.97115837994011478     
   30.800000000000004       0.97142574436111928     
   30.880000000000006       0.97179179916589065     
   30.960000000000001       0.97196941032897044     
   31.040000000000006       0.97199733975027247     
   31.120000000000001       0.97152244374719010     
   31.200000000000006       0.97145214689584736     
   31.280000000000001       0.97159620125205370     
   31.360000000000007       0.97164624664326538     
   31.440000000000001       0.97173793517415785     
   31.520000000000003       0.97174090155943948     
   31.600000000000001       0.97208939545274287     
   31.680000000000003       0.97243691412580691     
   31.760000000000002       0.97229770870578391     
   31.840000000000003       0.97204609164114864     
   31.920000000000002       0.97197001963080898     
   32.000000000000007       0.97164033647644432     
   32.079999999999998       0.97145426772256760     
   32.160000000000004       0.97079373530652224     
   32.240000000000002       0.97062294485304268     
   32.320000000000007       0.97053202116089665     
   32.399999999999999       0.97077084774965594     
   32.480000000000004       0.97036219897844100     
   32.560000000000002       0.97046527351361900     
   32.640000000000001       0.97046033427338518     
   32.719999999999999       0.97090937660608589     
   32.800000000000004       0.97109425703330732     
   32.880000000000003       0.97157226519791673     
   32.960000000000001       0.97147810143712587     
   33.039999999999999       0.97140271781224641     
   33.120000000000005       0.97125963645904800     
   33.200000000000003       0.97110685544917474     
   33.280000000000001       0.97072236933655631     
   33.359999999999999       0.97095711743529045     
   33.440000000000005       0.97066902819387613     
   33.520000000000003       0.97079572009840109     
   33.600000000000001       0.97093950079546809     
   33.680000000000000       0.97101627466715845     
   33.760000000000005       0.97085801123930981     
   33.840000000000003       0.97101535910363401     
   33.920000000000002       0.97115716331968782     
   34.000000000000000       0.97086627083327204     
   34.080000000000005       0.97084685908936286     
   34.160000000000004       0.97116741110695914     
   34.240000000000002       0.97140061091079621     
   34.320000000000007       0.97158072881172031     
   34.400000000000006       0.97162309273719583     
   34.480000000000004       0.97147528776542635     
   34.560000000000002       0.97130019341503704     
   34.640000000000008       0.97117555214737428     
   34.720000000000006       0.97122295043220652     
   34.800000000000004       0.97121366505097595     
   34.880000000000003       0.97103027149883647     
   34.960000000000008       0.97093748370477317     
   35.039999999999999       0.97064469069972137     
   35.120000000000005       0.97029190573134894     
   35.200000000000003       0.96992979293109538     
   35.280000000000008       0.96972114645383500     
   35.359999999999999       0.96978182989155148     
   35.440000000000005       0.97026903512169282     
   35.520000000000003       0.97041923558413312     
   35.600000000000001       0.97088435232190817     
   35.680000000000000       0.97114328471786282     
   35.760000000000005       0.97132451201877179     
   35.840000000000003       0.97122999330425053     
   35.920000000000002       0.97124822567204161     
   36.000000000000000       0.97072115377578361     
   36.080000000000005       0.97093965828137807     
   36.160000000000004       0.97132667285496432     
   36.240000000000002       0.97149797706094931     
   36.320000000000000       0.97181464578432553     
   36.400000000000006       0.97195196238111525     
   36.480000000000004       0.97195400269437726     
   36.560000000000002       0.97223830646439924     
   36.640000000000001       0.97218210757804602     
   36.720000000000006       0.97201408357790486     
   36.800000000000004       0.97240213089711380     
   36.880000000000003       0.97211908943102043     
   36.960000000000001       0.97194283347039223     
   37.040000000000006       0.97219150404224930     
   37.119999999999997       0.97201990469159327     
   37.200000000000003       0.97176487352861474     
   37.280000000000001       0.97177727720177876     
   37.360000000000007       0.97156076834774863     
   37.439999999999998       0.97175342448513091     
   37.520000000000003       0.97169672301230947     
   37.600000000000009       0.97174650523579298     
   37.680000000000000       0.97166124623174166     
   37.760000000000005       0.97178427933939504     
   37.840000000000003       0.97158548353723861     
   37.920000000000009       0.97176263390840401     
   38.000000000000000       0.97149027027033674     
   38.080000000000005       0.97135237629594418     
   38.160000000000004       0.97133065881809166     
   38.240000000000002       0.97153608691228088     
   38.320000000000000       0.97152285109964043     
   38.400000000000006       0.97131522255247571     
   38.480000000000004       0.97123870426013625     
   38.560000000000002       0.97126948365001065     
   38.640000000000001       0.97133121039476578     
   38.720000000000006       0.97139033625950166     
   38.800000000000004       0.97178634024555965     
   38.880000000000003       0.97184473476473965     
   38.960000000000001       0.97224601157082768     
   39.040000000000006       0.97213285759080148     
   39.120000000000005       0.97241410825760133     
   39.200000000000003       0.97261767878886396     
   39.280000000000001       0.97255045948323460     
   39.360000000000007       0.97252334498712667     
   39.440000000000005       0.97257849255814488     
   39.520000000000003       0.97210597375068231     
   39.600000000000001       0.97213177899812420     
   39.680000000000007       0.97234186350807172     
   39.759999999999998       0.97218857126315150     
   39.840000000000003       0.97241377850520050     
