   0.0000000000000000        1.0000000000000095     
   2.0000000000000000E-002  0.96084128163268179     
   4.0000000000000001E-002  0.89026082167264520     
   5.9999999999999998E-002  0.93987728084838584     
   8.0000000000000002E-002  0.94939950912822657     
  0.10000000000000002       0.94100504323405909     
  0.12000000000000000       0.93352762930658140     
  0.14000000000000001       0.92163716065094536     
  0.16000000000000000       0.91291300189758751     
  0.18000000000000002       0.90318393905459537     
  0.20000000000000004       0.89306152931100591     
  0.22000000000000000       0.88333585679598181     
  0.23999999999999999       0.87317031174071058     
  0.26000000000000001       0.86127353921493288     
  0.28000000000000003       0.85077991093471994     
  0.30000000000000004       0.83812227018402030     
  0.32000000000000001       0.82810344351728549     
  0.34000000000000002       0.81706766853794788     
  0.36000000000000004       0.81163438005409227     
  0.38000000000000000       0.80320690193574629     
  0.40000000000000008       0.79426761043249972     
  0.42000000000000004       0.78362931074089981     
  0.44000000000000000       0.77569276370881413     
  0.46000000000000002       0.76304561175566687     
  0.47999999999999998       0.75203383382007460     
  0.50000000000000011       0.74698760732165326     
  0.52000000000000002       0.73467533080466274     
  0.54000000000000004       0.72763309347999761     
  0.56000000000000005       0.71456780577745227     
  0.57999999999999996       0.70562931541573282     
  0.60000000000000009       0.69177255116589187     
  0.62000000000000011       0.68312249289920013     
  0.64000000000000001       0.67102069565510425     
  0.66000000000000003       0.66076730174573406     
  0.68000000000000005       0.64675395747749553     
  0.70000000000000007       0.64002215813143160     
  0.72000000000000008       0.63406105665225676     
  0.74000000000000010       0.62299234465557063     
  0.76000000000000001       0.61189044062231457     
  0.78000000000000003       0.60519201389420441     
  0.80000000000000016       0.59636587070998870     
  0.82000000000000006       0.58692542904548428     
  0.84000000000000008       0.58034223852737354     
  0.86000000000000010       0.57167850863429981     
  0.88000000000000000       0.56634040332409752     
  0.90000000000000002       0.56019085828036619     
  0.92000000000000004       0.55660083771741342     
  0.94000000000000006       0.55161445698684486     
  0.95999999999999996       0.54648810913499624     
  0.98000000000000020       0.53891478267154147     
   1.0000000000000002       0.53584092359476110     
   1.0200000000000000       0.53595542200737523     
   1.0400000000000000       0.53272153554666479     
   1.0600000000000001       0.52993820078810139     
   1.0800000000000001       0.53011802350921555     
   1.1000000000000001       0.52791722581799605     
   1.1200000000000001       0.52703707498060171     
   1.1400000000000001       0.52550226405152589     
   1.1599999999999999       0.52196309542767694     
   1.1800000000000002       0.52098471901224563     
   1.2000000000000002       0.51821125785371103     
   1.2200000000000002       0.51541989612027661     
   1.2400000000000002       0.51467175545879684     
   1.2600000000000002       0.51187207724107431     
   1.2800000000000000       0.50769675710728657     
   1.3000000000000000       0.50552592742559865     
   1.3200000000000001       0.50570829060930422     
   1.3400000000000001       0.50578992420887758     
   1.3600000000000001       0.50462448555738382     
   1.3800000000000001       0.50355293503437404     
   1.4000000000000001       0.50104393104617995     
   1.4200000000000002       0.50032217295752657     
   1.4400000000000002       0.49876099789318268     
   1.4600000000000002       0.49967168598356820     
   1.4800000000000002       0.49778230611321578     
   1.5000000000000002       0.49382102835614494     
   1.5200000000000000       0.49356172284948052     
   1.5400000000000000       0.49315192019419357     
   1.5600000000000001       0.49117163989412393     
   1.5800000000000001       0.49151553336532999     
   1.6000000000000003       0.48803451400576431     
   1.6200000000000001       0.48742201688937448     
   1.6400000000000001       0.48842456124566141     
   1.6600000000000001       0.48537050602838799     
   1.6800000000000002       0.48864614684940516     
   1.7000000000000002       0.49093079075193335     
   1.7200000000000002       0.48906659809068859     
   1.7400000000000002       0.48718142643114781     
   1.7600000000000000       0.48861873387752613     
   1.7800000000000000       0.48851873048036143     
   1.8000000000000000       0.48625595226707463     
   1.8200000000000001       0.48430700341349109     
   1.8400000000000001       0.48491388986486189     
   1.8600000000000001       0.48314277777149045     
   1.8800000000000001       0.48659790775578893     
   1.8999999999999999       0.48587366616679367     
   1.9199999999999999       0.48326242269228831     
   1.9400000000000004       0.48512093536804896     
   1.9600000000000004       0.48262542134576658     
   1.9800000000000002       0.48178898134555875     
   2.0000000000000004       0.48000479327937473     
   2.0200000000000005       0.48104612660962903     
   2.0400000000000000       0.48213377491987303     
   2.0600000000000001       0.48303987799503523     
   2.0800000000000001       0.48411611462568227     
   2.1000000000000001       0.48157072376824162     
   2.1200000000000001       0.48035198340314544     
   2.1400000000000001       0.48132009319594271     
   2.1600000000000001       0.47948902780623587     
   2.1800000000000002       0.47805183456196454     
   2.2000000000000002       0.47591050794660206     
   2.2200000000000002       0.47819548811807200     
   2.2400000000000002       0.47806722027426202     
   2.2600000000000002       0.47572025341652480     
   2.2800000000000002       0.47239479885560504     
   2.3000000000000003       0.47274967210964897     
   2.3199999999999998       0.47063216874962710     
   2.3399999999999999       0.47254034961643199     
   2.3600000000000003       0.47004681189068326     
   2.3800000000000003       0.47016115395843261     
   2.4000000000000004       0.47438440533742271     
   2.4200000000000004       0.47618813447261643     
   2.4400000000000004       0.47503571563356256     
   2.4600000000000004       0.47298664015855330     
   2.4800000000000004       0.47265571564949194     
   2.5000000000000004       0.46906180671179298     
   2.5200000000000005       0.46922580515882656     
   2.5400000000000000       0.46875527446825710     
   2.5600000000000001       0.46567317693046578     
   2.5800000000000001       0.46520411975070508     
   2.6000000000000001       0.46655493655375785     
   2.6200000000000001       0.46505345862232977     
   2.6400000000000001       0.46665745263114766     
   2.6600000000000001       0.46586474865630223     
   2.6800000000000002       0.46711374422738844     
   2.7000000000000002       0.46744420623843896     
   2.7200000000000002       0.46811300694481534     
   2.7400000000000002       0.46844820836817747     
   2.7600000000000002       0.46752800479937412     
   2.7800000000000002       0.47071297023758490     
   2.8000000000000003       0.47173189621418349     
   2.8200000000000003       0.46991138939996535     
   2.8400000000000003       0.47017934560773844     
   2.8600000000000003       0.46847865868810978     
   2.8800000000000003       0.46845176463603383     
   2.9000000000000004       0.46826855619411406     
   2.9200000000000004       0.46710475155733794     
   2.9400000000000004       0.46901930151155213     
   2.9600000000000004       0.47162172265877761     
   2.9800000000000004       0.47096569023527335     
   3.0000000000000004       0.46895922159767794     
   3.0200000000000000       0.46868024836241856     
   3.0400000000000000       0.47274181433163276     
   3.0600000000000001       0.47237435583208198     
   3.0800000000000001       0.47133415273591872     
   3.1000000000000001       0.47181261801937363     
   3.1200000000000001       0.46877080448821346     
   3.1400000000000001       0.46726763870386595     
   3.1600000000000001       0.46666806677202610     
   3.1800000000000002       0.46565576484320809     
   3.2000000000000006       0.46731252437002929     
   3.2200000000000006       0.46888775587424408     
   3.2400000000000002       0.46743351123719140     
   3.2600000000000002       0.46875536727185674     
   3.2800000000000002       0.46590594381760358     
   3.3000000000000003       0.46439128692217363     
   3.3200000000000003       0.46537546612954123     
   3.3400000000000003       0.46419031983469022     
   3.3600000000000003       0.46362106970681816     
   3.3800000000000003       0.46794503692288719     
   3.4000000000000004       0.46795034508349193     
   3.4200000000000004       0.46864511189439728     
   3.4400000000000004       0.46753779624752451     
   3.4600000000000004       0.46845185791575061     
   3.4800000000000004       0.46973211564484929     
   3.5000000000000004       0.46951523641932080     
   3.5200000000000000       0.47052589166185160     
   3.5400000000000000       0.47204116630770515     
   3.5600000000000001       0.47195095686936583     
   3.5800000000000001       0.47220242382752692     
   3.6000000000000001       0.46972792347221165     
   3.6200000000000001       0.46978795224060360     
   3.6400000000000001       0.46833782487899545     
   3.6600000000000001       0.46623514900337759     
   3.6800000000000002       0.46526354523406788     
   3.7000000000000002       0.46517008735730270     
   3.7200000000000002       0.46347156167894982     
   3.7400000000000002       0.46385604617254250     
   3.7600000000000002       0.46360539110907395     
   3.7799999999999998       0.46032741074215994     
   3.7999999999999998       0.45864321871077118     
   3.8199999999999998       0.45966077982990994     
   3.8399999999999999       0.45954573487257694     
   3.8600000000000008       0.45934176584059461     
   3.8800000000000008       0.45964890626933091     
   3.9000000000000008       0.46198650961405990     
   3.9200000000000008       0.46475230262795175     
   3.9400000000000004       0.46366102111192858     
   3.9600000000000004       0.46531584762573891     
   3.9800000000000004       0.46510503368506445     
   4.0000000000000009       0.46661057232775582     
   4.0200000000000005       0.46688470931703596     
   4.0400000000000009       0.46829159551653993     
   4.0600000000000005       0.46909630594908586     
   4.0800000000000001       0.46998961649116033     
   4.1000000000000005       0.46842956543354086     
   4.1200000000000001       0.46881655665123217     
   4.1400000000000006       0.46922676605169489     
   4.1600000000000001       0.46590146239425739     
   4.1800000000000006       0.46416243337094593     
   4.2000000000000002       0.46620054322525623     
   4.2200000000000006       0.46611292255702508     
   4.2400000000000002       0.46479082228317947     
   4.2600000000000007       0.46223842319560282     
   4.2800000000000002       0.46279728455328212     
   4.3000000000000007       0.46498124290211529     
   4.3200000000000003       0.46524111019381187     
   4.3400000000000007       0.46403654043980602     
   4.3600000000000003       0.46271228961580507     
   4.3799999999999999       0.45998763500310635     
   4.4000000000000004       0.45891913870215228     
   4.4199999999999999       0.45862753353958324     
   4.4400000000000004       0.46048208727573264     
   4.4600000000000000       0.46397263867891270     
   4.4800000000000004       0.46173767138656951     
   4.5000000000000000       0.46220060015739761     
   4.5200000000000005       0.46203083138420059     
   4.5400000000000000       0.45757630850875874     
   4.5600000000000005       0.45975581042100239     
   4.5800000000000001       0.46209131401860448     
   4.6000000000000005       0.46013847071988029     
   4.6200000000000001       0.45970461863220569     
   4.6399999999999997       0.46103891946094461     
   4.6600000000000001       0.46037459891010801     
   4.6799999999999997       0.45864095802843852     
   4.7000000000000011       0.45905074729729994     
   4.7200000000000006       0.46122433384545186     
   4.7400000000000011       0.46079500129940615     
   4.7600000000000007       0.46273993755208415     
   4.7800000000000002       0.46195874688955735     
   4.8000000000000007       0.46389846626509262     
   4.8200000000000003       0.46442460674671393     
   4.8400000000000007       0.46589875276792225     
   4.8600000000000003       0.46244123576519003     
   4.8800000000000008       0.46371609074153630     
   4.9000000000000004       0.46330809120359706     
   4.9200000000000008       0.46301623779248702     
   4.9400000000000004       0.46033893503840900     
   4.9600000000000009       0.46042496578371556     
   4.9800000000000004       0.46067846443404314     
   5.0000000000000009       0.45989800338559073     
   5.0200000000000005       0.45866644379675720     
   5.0400000000000009       0.46140168909989809     
   5.0600000000000005       0.46418383764071924     
   5.0800000000000001       0.46509495618959074     
   5.1000000000000005       0.46361071334146708     
   5.1200000000000001       0.46658087858161279     
   5.1400000000000006       0.46701397182859200     
   5.1600000000000001       0.46355954282164946     
   5.1800000000000006       0.46471585659684472     
   5.2000000000000002       0.46687755569213812     
   5.2200000000000006       0.46834712666937411     
   5.2400000000000002       0.46885456839561518     
   5.2600000000000007       0.46745229085492518     
   5.2800000000000002       0.46914275464052141     
   5.3000000000000007       0.46442508465131721     
   5.3200000000000003       0.46268314447245301     
   5.3399999999999999       0.46297014192150254     
   5.3600000000000003       0.46330090726902090     
   5.3799999999999999       0.46546112511794424     
   5.4000000000000004       0.46514816531432623     
   5.4199999999999999       0.46052168345989503     
   5.4400000000000004       0.46193734370615086     
   5.4600000000000000       0.46122214660351962     
   5.4800000000000004       0.45863382961845373     
   5.5000000000000000       0.45844586938228549     
   5.5200000000000005       0.45990323463717275     
   5.5400000000000000       0.45997344873169704     
   5.5600000000000005       0.46026781842152015     
   5.5800000000000010       0.46230352225600352     
   5.6000000000000005       0.46428257940808909     
   5.6200000000000010       0.46493686024337894     
   5.6400000000000006       0.46566828799789345     
   5.6600000000000010       0.46605136686880166     
   5.6800000000000006       0.46740626494177051     
   5.7000000000000011       0.46639490052035382     
   5.7200000000000006       0.46940676663347469     
   5.7400000000000011       0.46710849479143945     
   5.7600000000000007       0.46717557439442819     
   5.7800000000000002       0.46711773719317334     
   5.8000000000000007       0.46919990233447334     
   5.8200000000000003       0.47146064841387758     
   5.8400000000000007       0.47354060653150826     
   5.8600000000000003       0.47191918833951313     
   5.8800000000000008       0.47273153282828245     
   5.9000000000000004       0.47145036129425771     
   5.9200000000000008       0.47159130340763294     
   5.9400000000000004       0.46788452690161264     
   5.9600000000000009       0.46747776783032530     
   5.9800000000000004       0.46863912172608491     
   6.0000000000000009       0.46790709341493991     
   6.0200000000000005       0.46444201901405741     
   6.0400000000000000       0.46452358719925607     
   6.0600000000000005       0.46162490512414850     
   6.0800000000000001       0.46004563865744497     
   6.1000000000000005       0.46312579984141511     
   6.1200000000000001       0.46169324816560947     
   6.1400000000000006       0.46224764069621888     
   6.1600000000000001       0.45937012240885872     
   6.1800000000000006       0.46016729231239539     
   6.2000000000000002       0.45864201681205030     
   6.2200000000000006       0.45801692673931493     
   6.2400000000000002       0.45846891420632974     
   6.2600000000000007       0.45940787820010848     
   6.2800000000000002       0.45801395112925192     
   6.2999999999999998       0.45897590184117781     
   6.3200000000000003       0.45861059874615384     
   6.3399999999999999       0.45958395740889391     
   6.3600000000000003       0.46086438378479022     
   6.3799999999999999       0.46095885687819116     
   6.4000000000000012       0.46381402967791763     
   6.4200000000000008       0.46538572110911991     
   6.4400000000000013       0.46474719894097571     
   6.4600000000000000       0.46416239792696490     
   6.4800000000000004       0.46521018144109721     
   6.5000000000000000       0.46378509468519841     
   6.5200000000000005       0.46006953093815284     
   6.5400000000000000       0.46030919083424576     
   6.5600000000000005       0.46184787560549340     
   6.5800000000000001       0.46069940248366908     
   6.6000000000000005       0.45996872303778791     
   6.6200000000000001       0.46285789352674894     
   6.6400000000000006       0.46122637756258444     
   6.6600000000000001       0.46341344833332460     
   6.6800000000000006       0.46449416497524398     
   6.7000000000000002       0.46384069971397851     
   6.7200000000000006       0.46035021046464591     
   6.7400000000000002       0.45605551595938060     
   6.7600000000000007       0.45373207351752953     
   6.7800000000000002       0.45167629277427768     
   6.8000000000000007       0.45043281769209370     
   6.8200000000000003       0.45428363173172476     
   6.8400000000000007       0.45443173627776251     
   6.8600000000000012       0.45805392925783001     
   6.8800000000000008       0.45910907077822682     
   6.9000000000000012       0.45611747579464262     
   6.9200000000000008       0.45661279978644331     
   6.9400000000000013       0.45725419043329540     
   6.9600000000000009       0.45983576385604003     
   6.9800000000000013       0.45905292015469912     
   7.0000000000000009       0.45881220077362195     
   7.0200000000000014       0.46101157984457403     
   7.0400000000000000       0.46370125437058268     
   7.0600000000000014       0.46199097718803034     
   7.0800000000000001       0.46271514137036757     
   7.1000000000000014       0.46298348722545463     
   7.1200000000000001       0.46393695622685355     
   7.1400000000000015       0.46235412070341680     
   7.1600000000000001       0.46045788108237073     
   7.1800000000000006       0.46249740045959636     
   7.2000000000000002       0.46506024557833642     
   7.2200000000000006       0.46623943306763010     
   7.2400000000000002       0.46746178524645221     
   7.2600000000000007       0.46672174044859149     
   7.2800000000000002       0.46719339942512517     
   7.3000000000000007       0.46606322169820513     
   7.3200000000000003       0.46643277515298187     
   7.3400000000000007       0.46671532461958642     
   7.3600000000000003       0.46639210472323123     
   7.3800000000000008       0.46576539269727846     
   7.4000000000000004       0.46635353673742136     
   7.4200000000000008       0.46548523318233109     
   7.4400000000000004       0.46542742820981092     
   7.4600000000000009       0.46533048201778909     
   7.4800000000000004       0.46467651463310411     
   7.5000000000000009       0.46261035538993683     
   7.5200000000000005       0.46417047879076706     
   7.5400000000000009       0.46369044466649539     
   7.5599999999999996       0.46461181044262978     
   7.5800000000000010       0.46216483563700594     
   7.5999999999999996       0.46079345491501883     
   7.6200000000000010       0.45992151037619672     
   7.6399999999999997       0.46007308216560594     
   7.6600000000000010       0.45907052486125521     
   7.6799999999999997       0.45929473226955858     
   7.7000000000000011       0.45867833511378331     
   7.7200000000000015       0.45556638054375914     
   7.7400000000000002       0.45589103387778268     
   7.7600000000000016       0.45535731742726421     
   7.7800000000000002       0.45266097579455639     
   7.8000000000000016       0.45415639016442738     
   7.8200000000000003       0.45274159213618925     
   7.8400000000000016       0.45413470832809100     
   7.8600000000000003       0.45838036943045574     
   7.8800000000000008       0.45958111651440475     
   7.9000000000000004       0.46108834198790694     
   7.9200000000000008       0.46131169657752213     
   7.9400000000000004       0.46067740299918042     
   7.9600000000000009       0.45771698170897579     
   7.9800000000000004       0.45719163980130278     
   8.0000000000000018       0.46016463744282338     
   8.0199999999999996       0.46132526304344085     
   8.0400000000000009       0.46108161645183943     
   8.0600000000000005       0.46002924396587530     
   8.0800000000000018       0.45965713247344964     
   8.0999999999999996       0.45926420121023181     
   8.1200000000000010       0.46045268226144853     
   8.1400000000000006       0.46356144945428579     
   8.1600000000000001       0.46649258329276461     
   8.1799999999999997       0.46797116056264265     
   8.2000000000000011       0.46783615496645725     
   8.2200000000000006       0.46753855241464698     
   8.2400000000000002       0.46706818010063744     
   8.2599999999999998       0.46722910438934279     
   8.2800000000000011       0.46369330779308782     
   8.3000000000000007       0.46174438815923685     
   8.3200000000000003       0.46268814292967875     
   8.3399999999999999       0.46158561944135779     
   8.3600000000000012       0.46316238696358103     
   8.3800000000000008       0.46180106675248034     
   8.4000000000000004       0.46002981021887879     
   8.4199999999999999       0.45959888997436937     
   8.4400000000000013       0.46040553211303398     
   8.4600000000000009       0.45912470028673685     
   8.4800000000000004       0.45966606183604597     
   8.5000000000000000       0.45931859181389628     
   8.5200000000000014       0.45890335170442859     
   8.5400000000000009       0.45904660458478336     
   8.5600000000000005       0.45994302503008255     
   8.5800000000000018       0.45897695631259905     
   8.6000000000000014       0.45750902581461805     
   8.6200000000000010       0.45830741360315569     
   8.6400000000000006       0.45599317917052756     
   8.6600000000000019       0.45746848448468125     
   8.6800000000000015       0.45596664536174031     
   8.7000000000000011       0.45307556118421233     
   8.7200000000000006       0.45427884185311024     
   8.7400000000000020       0.44968917876244630     
   8.7599999999999998       0.45040700154924845     
   8.7800000000000011       0.45008856008135001     
   8.8000000000000007       0.45047551888063353     
   8.8200000000000021       0.44893530943956211     
   8.8399999999999999       0.44755975034365264     
   8.8600000000000012       0.44716047656012053     
   8.8800000000000008       0.44639774465215676     
   8.9000000000000004       0.44659435181546669     
   8.9199999999999999       0.44662520843858539     
   8.9400000000000013       0.44344741925628123     
   8.9600000000000009       0.44544450060678070     
   8.9800000000000004       0.44728070341215581     
   9.0000000000000000       0.44635977827512818     
   9.0200000000000014       0.44726450193421141     
   9.0400000000000009       0.44884542981621434     
   9.0600000000000005       0.45217749234447691     
   9.0800000000000001       0.45192424461833341     
   9.1000000000000014       0.45118242759393851     
   9.1200000000000010       0.45227585867284853     
   9.1400000000000006       0.45393982021955070     
   9.1600000000000001       0.45487842869124590     
   9.1800000000000015       0.45641923292170350     
   9.2000000000000011       0.45795313402604704     
   9.2200000000000006       0.45841817286897329     
   9.2400000000000002       0.45625022482417898     
   9.2600000000000016       0.45999691921887159     
   9.2799999999999994       0.45660134524725271     
   9.3000000000000007       0.45581863722254001     
   9.3200000000000003       0.45346420994747888     
   9.3400000000000016       0.45332999524325740     
   9.3599999999999994       0.45350183380176129     
   9.3800000000000008       0.45638709619885842     
   9.4000000000000021       0.45818964455987626     
   9.4199999999999999       0.46032779161244952     
   9.4400000000000013       0.46123524615229000     
   9.4600000000000009       0.46417275661039287     
   9.4800000000000022       0.46471527262522905     
   9.5000000000000000       0.46448022114754822     
   9.5200000000000014       0.46384785761517194     
   9.5400000000000009       0.46172070452398828     
   9.5600000000000005       0.46695838306592941     
   9.5800000000000001       0.46603669251790086     
   9.6000000000000014       0.46672860053624871     
   9.6200000000000010       0.46593022549640828     
   9.6400000000000006       0.46725181101769375     
   9.6600000000000001       0.46779039292734931     
   9.6800000000000015       0.46752482317802124     
   9.7000000000000011       0.46393300468896004     
   9.7200000000000006       0.46209267871182819     
   9.7400000000000002       0.46305558928238044     
   9.7600000000000016       0.46110302884002741     
   9.7800000000000011       0.45987442187395983     
   9.8000000000000007       0.46039035312575433     
   9.8200000000000003       0.46270175949276765     
   9.8400000000000016       0.46564331703058104     
   9.8600000000000012       0.46830862142601165     
   9.8800000000000008       0.46748535381242784     
   9.9000000000000004       0.46988504608179010     
   9.9200000000000017       0.47184092198393318     
   9.9399999999999995       0.47089212349752024     
   9.9600000000000009       0.47364214359672652     
