   0.0000000000000000       0.99999999999586320     
   2.0000000000000000E-002  0.96064262250083465     
   4.0000000000000001E-002  0.90946950252913661     
   5.9999999999999998E-002  0.99302114237567152     
   8.0000000000000002E-002  0.98978273115293602     
  0.10000000000000002       0.98779118475123362     
  0.12000000000000000       0.98539015202783176     
  0.14000000000000001       0.98249112352130119     
  0.16000000000000000       0.98022799171932051     
  0.18000000000000002       0.97757357393400990     
  0.20000000000000004       0.97474637078405935     
  0.22000000000000000       0.97183658789347038     
  0.23999999999999999       0.96890424699043276     
  0.26000000000000001       0.96596689745656306     
  0.28000000000000003       0.96284202401410990     
  0.30000000000000004       0.95998008378447730     
  0.32000000000000001       0.95676700091944944     
  0.34000000000000002       0.95364037296362159     
  0.36000000000000004       0.95055818304821160     
  0.38000000000000000       0.94794861986444390     
  0.40000000000000008       0.94524111770402874     
  0.42000000000000004       0.94237608896919700     
  0.44000000000000000       0.93981040634160740     
  0.46000000000000002       0.93687863786635872     
  0.47999999999999998       0.93316562526111690     
  0.50000000000000011       0.93008027247835912     
  0.52000000000000002       0.92745528339837469     
  0.54000000000000004       0.92412975245381412     
  0.56000000000000005       0.92103683408552373     
  0.57999999999999996       0.91836239162640776     
  0.60000000000000009       0.91638332889957874     
  0.62000000000000011       0.91367728703800910     
  0.64000000000000001       0.91008961832950674     
  0.66000000000000003       0.90705426490902852     
  0.68000000000000005       0.90412244652629137     
  0.70000000000000007       0.90138717930151691     
  0.72000000000000008       0.89862872075459310     
  0.74000000000000010       0.89602478371542271     
  0.76000000000000001       0.89400474540185282     
  0.78000000000000003       0.89146580944247922     
  0.80000000000000016       0.88914176030116776     
  0.82000000000000006       0.88640838629355434     
  0.84000000000000008       0.88361144420230819     
  0.86000000000000010       0.88162071882071058     
  0.88000000000000000       0.87861259390812863     
  0.90000000000000002       0.87636516068981751     
  0.92000000000000004       0.87369822956718157     
  0.94000000000000006       0.87107260586476620     
  0.95999999999999996       0.86871809529185096     
  0.98000000000000020       0.86611629995877182     
   1.0000000000000002       0.86359242146898296     
   1.0200000000000000       0.86106804841501783     
   1.0400000000000000       0.85935273252982614     
   1.0600000000000001       0.85796173310842760     
   1.0800000000000001       0.85523006336025897     
   1.1000000000000001       0.85349135838379719     
   1.1200000000000001       0.85134844522620701     
   1.1400000000000001       0.84901640734597483     
   1.1599999999999999       0.84712048759258674     
   1.1800000000000002       0.84522189925950897     
   1.2000000000000002       0.84330176350357822     
   1.2200000000000002       0.84067232517098867     
   1.2400000000000002       0.83840974190305773     
   1.2600000000000002       0.83651164282493018     
   1.2800000000000000       0.83512100583250037     
   1.3000000000000000       0.83340648749872170     
   1.3200000000000001       0.83199540502605396     
   1.3400000000000001       0.83015765626559501     
   1.3600000000000001       0.82770084635430508     
   1.3800000000000001       0.82701037562575541     
   1.4000000000000001       0.82523922862931187     
   1.4200000000000002       0.82319905757532363     
   1.4400000000000002       0.82183442398865025     
   1.4600000000000002       0.81990026212397471     
   1.4800000000000002       0.81862723777771285     
   1.5000000000000002       0.81667700805821719     
   1.5200000000000000       0.81452864540641268     
   1.5400000000000000       0.81286639364562374     
   1.5600000000000001       0.81183095143944539     
   1.5800000000000001       0.81109710735360308     
   1.6000000000000003       0.80902472458919206     
   1.6200000000000001       0.80711461140525675     
   1.6400000000000001       0.80514279517065535     
   1.6600000000000001       0.80388715852036663     
   1.6800000000000002       0.80210923553700109     
   1.7000000000000002       0.80078635089315009     
   1.7200000000000002       0.79952563534055454     
   1.7400000000000002       0.79857716159038072     
   1.7600000000000000       0.79700479644702782     
   1.7800000000000000       0.79531358782874628     
   1.8000000000000000       0.79441914231290023     
   1.8200000000000001       0.79335789256254008     
   1.8400000000000001       0.79135003928830394     
   1.8600000000000001       0.79071966494927448     
   1.8800000000000001       0.78908609946306152     
   1.8999999999999999       0.78753124531187113     
   1.9199999999999999       0.78655616065137701     
   1.9400000000000004       0.78544078786780103     
   1.9600000000000004       0.78396061351526314     
   1.9800000000000002       0.78301155584647142     
   2.0000000000000004       0.78195594847578820     
   2.0200000000000005       0.78126331777548441     
   2.0400000000000000       0.78014326164593628     
   2.0600000000000001       0.77935483089736579     
   2.0800000000000001       0.77850376180144842     
   2.1000000000000001       0.77828222155872961     
   2.1200000000000001       0.77727819981936863     
   2.1400000000000001       0.77675258894458243     
   2.1600000000000001       0.77582899159546914     
   2.1800000000000002       0.77452349127925291     
   2.2000000000000002       0.77350497037736221     
   2.2200000000000002       0.77229635773861427     
   2.2400000000000002       0.77181190851852777     
   2.2600000000000002       0.77101861686672302     
   2.2800000000000002       0.77105684203027791     
   2.3000000000000003       0.76977942033912516     
   2.3199999999999998       0.76892219835402564     
   2.3399999999999999       0.76736162393846652     
   2.3600000000000003       0.76653083708632885     
   2.3800000000000003       0.76613794709887317     
   2.4000000000000004       0.76546423117298135     
   2.4200000000000004       0.76523404775791337     
   2.4400000000000004       0.76455027595397174     
   2.4600000000000004       0.76345632871287250     
   2.4800000000000004       0.76239056958573082     
   2.5000000000000004       0.76146902390677917     
   2.5200000000000005       0.76081439589129352     
   2.5400000000000000       0.75978233486727520     
   2.5600000000000001       0.75913198715912311     
   2.5800000000000001       0.75816827332581826     
   2.6000000000000001       0.75825537772797413     
   2.6200000000000001       0.75714981230401301     
   2.6400000000000001       0.75638673476398977     
   2.6600000000000001       0.75517465340167633     
   2.6800000000000002       0.75426114174242864     
   2.7000000000000002       0.75360755390617007     
   2.7200000000000002       0.75314874373290819     
   2.7400000000000002       0.75204742526069779     
   2.7600000000000002       0.75181555462073102     
   2.7800000000000002       0.75031666676656428     
   2.8000000000000003       0.75024570790642653     
   2.8200000000000003       0.74952013977144027     
   2.8400000000000003       0.74845574411565319     
   2.8600000000000003       0.74885160939870310     
   2.8800000000000003       0.74771833366548124     
   2.9000000000000004       0.74697703212873912     
   2.9200000000000004       0.74619652174904028     
   2.9400000000000004       0.74579470366002254     
   2.9600000000000004       0.74681405553488378     
   2.9800000000000004       0.74571717390738601     
   3.0000000000000004       0.74379677159799584     
   3.0200000000000000       0.74342952927188755     
   3.0400000000000000       0.74320893551025413     
   3.0600000000000001       0.74207252851668559     
   3.0800000000000001       0.74126695601256054     
   3.1000000000000001       0.74097154970654433     
   3.1200000000000001       0.74076926885238670     
   3.1400000000000001       0.73960220065330551     
   3.1600000000000001       0.73848038736446786     
   3.1800000000000002       0.73835429445672862     
   3.2000000000000006       0.73826734736048116     
   3.2200000000000006       0.73758112870381864     
   3.2400000000000002       0.73731505087766014     
   3.2600000000000002       0.73676987168728403     
   3.2800000000000002       0.73655748520645281     
   3.3000000000000003       0.73554727079319315     
   3.3200000000000003       0.73494509415144615     
   3.3400000000000003       0.73422218727459487     
   3.3600000000000003       0.73369821294037796     
   3.3800000000000003       0.73333418298088782     
   3.4000000000000004       0.73265026145559919     
   3.4200000000000004       0.73250291577460358     
   3.4400000000000004       0.73285509302453367     
   3.4600000000000004       0.73270978928902919     
   3.4800000000000004       0.73176957038882406     
   3.5000000000000004       0.73217260781809523     
   3.5200000000000000       0.73278541679741915     
   3.5400000000000000       0.73187184958097584     
   3.5600000000000001       0.73125753267273996     
   3.5800000000000001       0.73112004134739894     
   3.6000000000000001       0.73022096016110727     
   3.6200000000000001       0.72972713775878550     
   3.6400000000000001       0.72893384558753760     
   3.6600000000000001       0.72874990022804687     
   3.6800000000000002       0.72933485957185340     
   3.7000000000000002       0.72931140690118756     
   3.7200000000000002       0.72893322378220549     
   3.7400000000000002       0.72891260952804937     
   3.7600000000000002       0.72857901511809320     
   3.7799999999999998       0.72779283823879615     
   3.7999999999999998       0.72703579797223294     
   3.8199999999999998       0.72644193260837375     
   3.8399999999999999       0.72678628992667083     
   3.8600000000000008       0.72562777179001958     
   3.8800000000000008       0.72558565748231052     
   3.9000000000000008       0.72499884595561803     
   3.9200000000000008       0.72458733711457757     
   3.9400000000000004       0.72410448037143371     
   3.9600000000000004       0.72326587379901253     
   3.9800000000000004       0.72335903872084173     
   4.0000000000000009       0.72352944315605605     
   4.0200000000000005       0.72336575833637817     
   4.0400000000000009       0.72277982531803953     
   4.0600000000000005       0.72186343090562588     
   4.0800000000000001       0.72126335995069224     
   4.1000000000000005       0.72146733748436587     
   4.1200000000000001       0.72071444885775504     
   4.1400000000000006       0.71970378622027809     
   4.1600000000000001       0.72033317878228376     
   4.1800000000000006       0.72052018901670267     
   4.2000000000000002       0.71986166857317246     
   4.2200000000000006       0.71936450250617623     
   4.2400000000000002       0.71958969364296088     
   4.2600000000000007       0.71881372792047393     
   4.2800000000000002       0.71853458384944768     
   4.3000000000000007       0.71856656165849697     
   4.3200000000000003       0.71782208035729200     
   4.3400000000000007       0.71751392228570487     
   4.3600000000000003       0.71749149958589409     
   4.3799999999999999       0.71737486371755188     
   4.4000000000000004       0.71751870970102760     
   4.4199999999999999       0.71691676049825803     
   4.4400000000000004       0.71725096350679585     
   4.4600000000000000       0.71738923432045965     
   4.4800000000000004       0.71743159877440454     
   4.5000000000000000       0.71749745146731247     
   4.5200000000000005       0.71655996196809180     
   4.5400000000000000       0.71647301059542490     
   4.5600000000000005       0.71638105174510802     
   4.5800000000000001       0.71623028404077926     
   4.6000000000000005       0.71625915730845546     
   4.6200000000000001       0.71675919123379817     
   4.6399999999999997       0.71644820837604084     
   4.6600000000000001       0.71536241433143277     
   4.6799999999999997       0.71412643311266000     
   4.7000000000000011       0.71377119316889703     
   4.7200000000000006       0.71357010118471753     
   4.7400000000000011       0.71353654963875601     
   4.7600000000000007       0.71322131647493947     
   4.7800000000000002       0.71241909185125352     
   4.8000000000000007       0.71294104275070103     
   4.8200000000000003       0.71266964763958529     
   4.8400000000000007       0.71209629475629932     
   4.8600000000000003       0.71231983709599134     
   4.8800000000000008       0.71225001939566190     
   4.9000000000000004       0.71195625771384596     
   4.9200000000000008       0.71177526055603924     
   4.9400000000000004       0.71208149318320879     
   4.9600000000000009       0.71187996255397445     
   4.9800000000000004       0.71172437339272399     
   5.0000000000000009       0.71103492554503867     
   5.0200000000000005       0.71010041823837378     
   5.0400000000000009       0.71068640501564795     
   5.0600000000000005       0.71139913921521858     
   5.0800000000000001       0.71062816529253181     
   5.1000000000000005       0.71046418569101910     
   5.1200000000000001       0.71074065039293088     
   5.1400000000000006       0.71001927346507754     
   5.1600000000000001       0.70981332085969462     
   5.1800000000000006       0.70927254503047032     
   5.2000000000000002       0.70970724430286058     
   5.2200000000000006       0.70964473073308076     
   5.2400000000000002       0.70965699387295711     
   5.2600000000000007       0.70905157466641278     
   5.2800000000000002       0.70757507319951807     
   5.3000000000000007       0.70792149938487114     
   5.3200000000000003       0.70759625459716624     
   5.3399999999999999       0.70694891589496367     
   5.3600000000000003       0.70658447227722110     
   5.3799999999999999       0.70651753352033397     
   5.4000000000000004       0.70548440197474183     
   5.4199999999999999       0.70544496073280416     
   5.4400000000000004       0.70510703206387815     
   5.4600000000000000       0.70444621736566526     
   5.4800000000000004       0.70417708873598106     
   5.5000000000000000       0.70376102153208075     
   5.5200000000000005       0.70457361361120519     
   5.5400000000000000       0.70530130190663443     
   5.5600000000000005       0.70473026714934528     
   5.5800000000000010       0.70421307104716946     
   5.6000000000000005       0.70429804925362494     
   5.6200000000000010       0.70384112038556512     
   5.6400000000000006       0.70374441035883528     
   5.6600000000000010       0.70396028234625352     
   5.6800000000000006       0.70475486926060427     
   5.7000000000000011       0.70453246910014233     
   5.7200000000000006       0.70529357306625384     
   5.7400000000000011       0.70514994818762378     
   5.7600000000000007       0.70487980191727062     
   5.7800000000000002       0.70515086067661270     
   5.8000000000000007       0.70486168727909682     
   5.8200000000000003       0.70495022974248411     
   5.8400000000000007       0.70476418511380912     
   5.8600000000000003       0.70385802458434377     
   5.8800000000000008       0.70400955985756763     
   5.9000000000000004       0.70424572466354884     
   5.9200000000000008       0.70407171283232528     
   5.9400000000000004       0.70390945243076208     
   5.9600000000000009       0.70383079952595484     
   5.9800000000000004       0.70291928062734599     
   6.0000000000000009       0.70337114673848244     
   6.0200000000000005       0.70411762127556343     
   6.0400000000000000       0.70343725255701761     
   6.0600000000000005       0.70323043709335964     
   6.0800000000000001       0.70282132807717845     
   6.1000000000000005       0.70241342011826569     
   6.1200000000000001       0.70110476856568971     
   6.1400000000000006       0.70052815750097386     
   6.1600000000000001       0.70133631240136285     
   6.1800000000000006       0.70204158022328367     
   6.2000000000000002       0.70196707470769393     
   6.2200000000000006       0.70159018423238706     
   6.2400000000000002       0.70167805277812911     
   6.2600000000000007       0.70250730142167939     
   6.2800000000000002       0.70204042016134161     
   6.2999999999999998       0.70237087465085990     
   6.3200000000000003       0.70230649016516022     
   6.3399999999999999       0.70134647125477800     
   6.3600000000000003       0.70136240596019461     
   6.3799999999999999       0.70022192392582105     
   6.4000000000000012       0.70043354896600440     
   6.4200000000000008       0.70063942220504483     
   6.4400000000000013       0.70083752344997063     
   6.4600000000000000       0.70034689005471096     
   6.4800000000000004       0.69950983485271279     
   6.5000000000000000       0.70015031916835690     
   6.5200000000000005       0.70088957829257925     
   6.5400000000000000       0.70100807531004683     
   6.5600000000000005       0.70116226865656894     
   6.5800000000000001       0.70125501696629677     
   6.6000000000000005       0.70179711198348416     
   6.6200000000000001       0.70164535460845334     
   6.6400000000000006       0.70065279058610119     
   6.6600000000000001       0.70006836052121058     
   6.6800000000000006       0.69982369303787073     
   6.7000000000000002       0.69921835149876399     
   6.7200000000000006       0.69940685751931897     
   6.7400000000000002       0.70032268942621856     
   6.7600000000000007       0.70141627625476188     
   6.7800000000000002       0.70081934541276847     
   6.8000000000000007       0.70058840800847377     
   6.8200000000000003       0.70051160360766929     
   6.8400000000000007       0.70061424847035958     
   6.8600000000000012       0.69994835137273814     
   6.8800000000000008       0.69891321375912097     
   6.9000000000000012       0.69889180105867377     
   6.9200000000000008       0.69841846783547179     
   6.9400000000000013       0.69823691860619175     
   6.9600000000000009       0.69827488068408683     
   6.9800000000000013       0.69819617007488544     
   7.0000000000000009       0.69814510082041525     
   7.0200000000000014       0.69711853788154743     
   7.0400000000000000       0.69613557883793986     
   7.0600000000000014       0.69709272077507445     
   7.0800000000000001       0.69772290538899173     
   7.1000000000000014       0.69751745456285086     
   7.1200000000000001       0.69616993993732434     
   7.1400000000000015       0.69716222416776741     
   7.1600000000000001       0.69791725901731450     
   7.1800000000000006       0.69772615032271135     
   7.2000000000000002       0.69805630211746383     
   7.2200000000000006       0.69794013608048433     
   7.2400000000000002       0.69743085626274504     
   7.2600000000000007       0.69716943223383498     
   7.2800000000000002       0.69731281618924579     
   7.3000000000000007       0.69713340041488525     
   7.3200000000000003       0.69625990879486577     
   7.3400000000000007       0.69605686206068917     
   7.3600000000000003       0.69493999744123025     
   7.3800000000000008       0.69527875159422414     
   7.4000000000000004       0.69565566177629745     
   7.4200000000000008       0.69611228061983199     
   7.4400000000000004       0.69651405720895199     
   7.4600000000000009       0.69657393587784866     
   7.4800000000000004       0.69580435356218961     
   7.5000000000000009       0.69650485080073854     
   7.5200000000000005       0.69680116581715146     
   7.5400000000000009       0.69641129792221679     
   7.5599999999999996       0.69569462034238994     
   7.5800000000000010       0.69632346528629230     
   7.5999999999999996       0.69634197086551231     
   7.6200000000000010       0.69589181191183469     
   7.6399999999999997       0.69659263824699735     
   7.6600000000000010       0.69659665267768400     
   7.6799999999999997       0.69655153074842291     
   7.7000000000000011       0.69637790037607450     
   7.7200000000000015       0.69647255137405084     
   7.7400000000000002       0.69602067448169280     
   7.7600000000000016       0.69618967059822012     
   7.7800000000000002       0.69623640546207810     
   7.8000000000000016       0.69621769835619085     
   7.8200000000000003       0.69588170215887424     
   7.8400000000000016       0.69586729834744032     
   7.8600000000000003       0.69586543692994673     
   7.8800000000000008       0.69617250650770046     
   7.9000000000000004       0.69559414434554379     
   7.9200000000000008       0.69548661949221802     
   7.9400000000000004       0.69505507547338086     
   7.9600000000000009       0.69491096322531953     
   7.9800000000000004       0.69503062262939375     
   8.0000000000000018       0.69478064285737084     
   8.0199999999999996       0.69491352130598660     
   8.0400000000000009       0.69487258633419935     
   8.0600000000000005       0.69454737246164222     
   8.0800000000000018       0.69475808045914089     
   8.0999999999999996       0.69483582607216032     
   8.1200000000000010       0.69476949275228372     
   8.1400000000000006       0.69453798490790197     
   8.1600000000000001       0.69370806688761255     
   8.1799999999999997       0.69385173681449608     
   8.2000000000000011       0.69313437752215223     
   8.2200000000000006       0.69367129722668641     
   8.2400000000000002       0.69446263955961218     
   8.2599999999999998       0.69384661850110074     
   8.2800000000000011       0.69401958890072302     
   8.3000000000000007       0.69408550172183803     
   8.3200000000000003       0.69394770397744787     
   8.3399999999999999       0.69409809743187256     
   8.3600000000000012       0.69279402585192251     
   8.3800000000000008       0.69239948639407145     
   8.4000000000000004       0.69121600769895941     
   8.4199999999999999       0.69181272003622962     
   8.4400000000000013       0.69206601497914266     
   8.4600000000000009       0.69188418613405434     
   8.4800000000000004       0.69216510194866920     
   8.5000000000000000       0.69262845608055390     
   8.5200000000000014       0.69249025241283990     
   8.5400000000000009       0.69232139398858750     
   8.5600000000000005       0.69281632926739023     
   8.5800000000000018       0.69218829758399869     
   8.6000000000000014       0.69191601157009852     
   8.6200000000000010       0.69182538904326396     
   8.6400000000000006       0.69172712389102831     
   8.6600000000000019       0.69190778611196413     
   8.6800000000000015       0.69325582022069898     
   8.7000000000000011       0.69277125940697237     
   8.7200000000000006       0.69304830751719304     
   8.7400000000000020       0.69279734839222973     
   8.7599999999999998       0.69292768630805424     
   8.7800000000000011       0.69242560537513287     
   8.8000000000000007       0.69191420137066362     
   8.8200000000000021       0.69159811265327720     
   8.8399999999999999       0.69204231476357936     
   8.8600000000000012       0.69232788966855674     
   8.8800000000000008       0.69274454509860206     
   8.9000000000000004       0.69280891156647706     
   8.9199999999999999       0.69322503035817262     
   8.9400000000000013       0.69279423457785461     
   8.9600000000000009       0.69200508981729525     
   8.9800000000000004       0.69193725469733258     
   9.0000000000000000       0.69170843186914888     
   9.0200000000000014       0.69201447684780937     
   9.0400000000000009       0.69255176199936075     
   9.0600000000000005       0.69160745031411153     
   9.0800000000000001       0.69154216943246838     
   9.1000000000000014       0.69103055769012323     
   9.1200000000000010       0.69131616702327503     
   9.1400000000000006       0.69103760742051856     
   9.1600000000000001       0.69080029565638801     
   9.1800000000000015       0.69082753706492517     
   9.2000000000000011       0.69139632850097321     
   9.2200000000000006       0.69066210521185045     
   9.2400000000000002       0.69153211263028902     
   9.2600000000000016       0.69191233638870675     
   9.2799999999999994       0.69244051861213973     
   9.3000000000000007       0.69265902688804160     
   9.3200000000000003       0.69258897521648688     
   9.3400000000000016       0.69311823680540252     
   9.3599999999999994       0.69349797283895631     
   9.3800000000000008       0.69359907040801905     
   9.4000000000000021       0.69333975247983282     
   9.4199999999999999       0.69302362182579436     
   9.4400000000000013       0.69237748350516981     
   9.4600000000000009       0.69207514572477546     
   9.4800000000000022       0.69239575473835790     
   9.5000000000000000       0.69279582470037804     
   9.5200000000000014       0.69285578744685428     
   9.5400000000000009       0.69308763522600947     
   9.5600000000000005       0.69252217724287646     
   9.5800000000000001       0.69333064598363625     
   9.6000000000000014       0.69311373884701954     
   9.6200000000000010       0.69233302284932230     
   9.6400000000000006       0.69250652472334584     
   9.6600000000000001       0.69340043009948360     
   9.6800000000000015       0.69324733466876443     
   9.7000000000000011       0.69303228815937468     
   9.7200000000000006       0.69301939510034105     
   9.7400000000000002       0.69242150963964100     
   9.7600000000000016       0.69225294906367285     
   9.7800000000000011       0.69271517370300428     
   9.8000000000000007       0.69283433904831471     
   9.8200000000000003       0.69290548338336067     
   9.8400000000000016       0.69302728809004632     
   9.8600000000000012       0.69352706989818313     
   9.8800000000000008       0.69418513190423503     
   9.9000000000000004       0.69334705125802643     
   9.9200000000000017       0.69269563951625179     
   9.9399999999999995       0.69244941003286820     
   9.9600000000000009       0.69269028067590277     
