   0.0000000000000000       0.99999999999995770     
   2.0000000000000000E-002  0.95425757176964765     
   4.0000000000000001E-002  0.87652937000917819     
   5.9999999999999998E-002  0.86450162668432995     
   8.0000000000000002E-002  0.92245612545346889     
  0.10000000000000002       0.97520707635320547     
  0.12000000000000000       0.77520685807332312     
  0.14000000000000001       0.69634824015144459     
  0.16000000000000000       0.72494930297760296     
  0.18000000000000002       0.71642485780264720     
  0.20000000000000004       0.68918988121809288     
  0.22000000000000000       0.64119715078224804     
  0.23999999999999999       0.61751360952890233     
  0.26000000000000001       0.58673255125539314     
  0.28000000000000003       0.55577728797222770     
  0.30000000000000004       0.51863425431406562     
  0.32000000000000001       0.48464926553303017     
  0.34000000000000002       0.45292167147746254     
  0.36000000000000004       0.42794716536944782     
  0.38000000000000000       0.40260666258040884     
  0.40000000000000008       0.38697294550132122     
  0.42000000000000004       0.36273863253931971     
  0.44000000000000000       0.34271266657098076     
  0.46000000000000002       0.31231278843101007     
  0.47999999999999998       0.29015495751387166     
  0.50000000000000011       0.28096324653243121     
  0.52000000000000002       0.26304870400519831     
  0.54000000000000004       0.24237448824001059     
  0.56000000000000005       0.21237626522338812     
  0.57999999999999996       0.20301582102642390     
  0.60000000000000009       0.18604011282819907     
  0.62000000000000011       0.17297032651059796     
  0.64000000000000001       0.15793695509709188     
  0.66000000000000003       0.14700678816298293     
  0.68000000000000005       0.13227138780264702     
  0.70000000000000007       0.11773304741088106     
  0.72000000000000008       0.10054055887434618     
  0.74000000000000010        8.7566845667905097E-002
  0.76000000000000001        7.4269820376659912E-002
  0.78000000000000003        5.8751349591026125E-002
  0.80000000000000016        5.0143459686047380E-002
  0.82000000000000006        4.3079357609879111E-002
  0.84000000000000008        3.9272034767593708E-002
  0.86000000000000010        4.0267141417076102E-002
  0.88000000000000000        3.2806881861884324E-002
  0.90000000000000002        2.3591685224720417E-002
  0.92000000000000004        2.4225258856014349E-002
  0.94000000000000006        1.9731611285140248E-002
  0.95999999999999996        1.0598835517455748E-002
  0.98000000000000020        4.4528854679851656E-003
   1.0000000000000002        2.9212741968663511E-003
   1.0200000000000000        5.5353324468193415E-003
   1.0400000000000000       -4.4372121902213086E-003
   1.0600000000000001       -9.7226444281735026E-003
   1.0800000000000001       -1.2738535237634699E-002
   1.1000000000000001       -1.4456418328439753E-002
   1.1200000000000001       -1.9299062985843191E-002
   1.1400000000000001       -2.3147130443025746E-002
   1.1599999999999999       -2.6404893991111969E-002
   1.1800000000000002       -3.6952835407057509E-002
   1.2000000000000002       -3.7656707274707456E-002
   1.2200000000000002       -4.8691992287525999E-002
   1.2400000000000002       -5.3000178740768351E-002
   1.2600000000000002       -6.0428757852333134E-002
   1.2800000000000000       -6.9001329398900274E-002
   1.3000000000000000       -6.3575065145522525E-002
   1.3200000000000001       -7.1465365749737830E-002
   1.3400000000000001       -7.6291359226730859E-002
   1.3600000000000001       -8.4626685325808609E-002
   1.3800000000000001       -9.1612470896157955E-002
   1.4000000000000001       -9.8668362428027928E-002
   1.4200000000000002      -0.10590337728341701     
   1.4400000000000002      -0.10881892608629837     
   1.4600000000000002      -0.10795297504177290     
   1.4800000000000002      -0.11166645443777337     
   1.5000000000000002      -0.11308318772582851     
   1.5200000000000000      -0.11289191648024069     
   1.5400000000000000      -0.10979936935561259     
   1.5600000000000001      -0.10926275923777323     
   1.5800000000000001      -0.11150145276075998     
   1.6000000000000003      -0.11290583517331000     
   1.6200000000000001      -0.11797398786160974     
   1.6400000000000001      -0.11689192331296470     
   1.6600000000000001      -0.11738206060372330     
   1.6800000000000002      -0.11384903663517668     
   1.7000000000000002      -0.11499821614303159     
   1.7200000000000002      -0.11002983149778563     
   1.7400000000000002      -0.10858702485528428     
   1.7600000000000000      -0.11134272012953977     
   1.7800000000000000      -0.11236669687336942     
   1.8000000000000000      -0.11814273619813204     
   1.8200000000000001      -0.11900528518372414     
   1.8400000000000001      -0.12228513414794885     
   1.8600000000000001      -0.12882478240599313     
   1.8800000000000001      -0.13426550736769316     
   1.8999999999999999      -0.13255109243810526     
   1.9199999999999999      -0.13066916676022070     
   1.9400000000000004      -0.12682232123324524     
   1.9600000000000004      -0.11949594341343234     
   1.9800000000000002      -0.12106103939568255     
   2.0000000000000004      -0.12149364597151097     
   2.0200000000000005      -0.11944648243096029     
   2.0400000000000000      -0.11951759377587171     
   2.0600000000000001      -0.12508542379691520     
   2.0800000000000001      -0.12202936428081594     
   2.1000000000000001      -0.12384097598373592     
   2.1200000000000001      -0.12257076868276272     
   2.1400000000000001      -0.11882387293451378     
   2.1600000000000001      -0.11978226754875081     
   2.1800000000000002      -0.11828264541651962     
   2.2000000000000002      -0.11286603800860223     
   2.2200000000000002      -0.11126636139870286     
   2.2400000000000002      -0.10994923278505349     
   2.2600000000000002      -0.10702685331450211     
   2.2800000000000002      -0.10703216510146257     
   2.3000000000000003      -0.10883125358609609     
   2.3199999999999998      -0.10733009693112179     
   2.3399999999999999      -0.10919377934406438     
   2.3600000000000003      -0.10626539186856744     
   2.3800000000000003      -0.10243401423441387     
   2.4000000000000004       -9.8663442177608376E-002
   2.4200000000000004      -0.10008125514684819     
   2.4400000000000004       -9.5609747624573860E-002
   2.4600000000000004       -9.6094442979900663E-002
   2.4800000000000004       -9.0310713195300513E-002
   2.5000000000000004       -8.9757538064766579E-002
   2.5200000000000005       -9.1275108448982470E-002
   2.5400000000000000       -8.7253067188493474E-002
   2.5600000000000001       -9.1010766320745617E-002
   2.5800000000000001       -9.1036791122276833E-002
   2.6000000000000001       -8.9488970338766502E-002
   2.6200000000000001       -8.6927681643180946E-002
   2.6400000000000001       -8.5382817887978524E-002
   2.6600000000000001       -8.5465807187436210E-002
   2.6800000000000002       -8.2936530977386749E-002
   2.7000000000000002       -8.1229950004444496E-002
   2.7200000000000002       -7.1967402991170007E-002
   2.7400000000000002       -7.7528148948074499E-002
   2.7600000000000002       -8.0026204359943620E-002
   2.7800000000000002       -7.7257878165573515E-002
   2.8000000000000003       -7.5047912736524905E-002
   2.8200000000000003       -7.2131314039926023E-002
   2.8400000000000003       -7.3135575974263706E-002
   2.8600000000000003       -7.0946409664588511E-002
   2.8800000000000003       -7.5277678739925288E-002
   2.9000000000000004       -7.7273688179582495E-002
   2.9200000000000004       -8.0126717456234675E-002
   2.9400000000000004       -7.5950322453076299E-002
   2.9600000000000004       -7.6855078746752528E-002
   2.9800000000000004       -8.1155452724248109E-002
   3.0000000000000004       -8.2720670838380278E-002
   3.0200000000000000       -8.0931679551849836E-002
   3.0400000000000000       -8.3613290799344181E-002
   3.0600000000000001       -8.6018638041813519E-002
   3.0800000000000001       -8.3714211207629410E-002
   3.1000000000000001       -8.2164738067267817E-002
   3.1200000000000001       -8.0132618474586026E-002
   3.1400000000000001       -8.1586267565299603E-002
   3.1600000000000001       -7.9821754020610827E-002
   3.1800000000000002       -7.9793028428871843E-002
   3.2000000000000006       -8.7638643585552845E-002
   3.2200000000000006       -8.6312512488332008E-002
   3.2400000000000002       -9.1145397025983593E-002
   3.2600000000000002       -8.9236386615962268E-002
   3.2800000000000002       -8.9755787962286990E-002
   3.3000000000000003       -8.8945341232071137E-002
   3.3200000000000003       -8.5250703291610719E-002
   3.3400000000000003       -8.5611674609006108E-002
   3.3600000000000003       -8.4861344430003524E-002
   3.3800000000000003       -8.5837239084198685E-002
   3.4000000000000004       -8.2720771506230764E-002
   3.4200000000000004       -8.1555696236233752E-002
   3.4400000000000004       -7.9814273543035122E-002
   3.4600000000000004       -7.7689012373489130E-002
   3.4800000000000004       -7.6209188227899238E-002
   3.5000000000000004       -7.1657455025280689E-002
   3.5200000000000000       -6.7880040404879230E-002
   3.5400000000000000       -7.0937456188864545E-002
   3.5600000000000001       -6.7835709212925088E-002
   3.5800000000000001       -7.0189365995692685E-002
   3.6000000000000001       -7.0202797934211802E-002
   3.6200000000000001       -7.2140681973808019E-002
   3.6400000000000001       -7.2416945270599289E-002
   3.6600000000000001       -6.9910227978254635E-002
   3.6800000000000002       -7.1127211574627688E-002
   3.7000000000000002       -6.6073442296458576E-002
   3.7200000000000002       -6.2751399666886531E-002
   3.7400000000000002       -5.8010344042722109E-002
   3.7600000000000002       -5.7243445300070167E-002
   3.7799999999999998       -5.8412880246818490E-002
   3.7999999999999998       -5.5148377721401687E-002
   3.8199999999999998       -4.8226043733333716E-002
   3.8399999999999999       -4.6413679618812272E-002
   3.8600000000000008       -4.8968724146194416E-002
   3.8800000000000008       -5.0273064170604106E-002
   3.9000000000000008       -4.9537883983504130E-002
   3.9200000000000008       -4.6396614292236120E-002
   3.9400000000000004       -4.5218500136449687E-002
   3.9600000000000004       -4.3728661598242076E-002
   3.9800000000000004       -4.2922277737338088E-002
   4.0000000000000009       -4.0529814452038619E-002
   4.0200000000000005       -3.8978999386008482E-002
   4.0400000000000009       -3.6720020012052539E-002
   4.0600000000000005       -4.3464439889314248E-002
   4.0800000000000001       -4.5023499199218789E-002
   4.1000000000000005       -4.5520100648008655E-002
   4.1200000000000001       -5.1734257270168373E-002
   4.1400000000000006       -4.6171658797654939E-002
   4.1600000000000001       -4.7079799296965298E-002
   4.1800000000000006       -4.8619637202989154E-002
   4.2000000000000002       -4.6583316031878437E-002
   4.2200000000000006       -4.9267473361748512E-002
   4.2400000000000002       -4.8692328914633959E-002
   4.2600000000000007       -4.6920265983344506E-002
   4.2800000000000002       -4.6455547614081973E-002
   4.3000000000000007       -4.6237818490617921E-002
   4.3200000000000003       -4.4996613975595567E-002
   4.3400000000000007       -4.5960207314769096E-002
   4.3600000000000003       -4.5020893494003573E-002
   4.3799999999999999       -4.4799958354730829E-002
   4.4000000000000004       -4.2578145515330942E-002
   4.4199999999999999       -4.5406785525137890E-002
   4.4400000000000004       -4.3224408877158740E-002
   4.4600000000000000       -4.5584556031960898E-002
   4.4800000000000004       -4.8756576760893330E-002
   4.5000000000000000       -5.2210317648833098E-002
   4.5200000000000005       -5.6144240034379518E-002
   4.5400000000000000       -5.5254406791827339E-002
   4.5600000000000005       -5.3714784313900171E-002
   4.5800000000000001       -5.0660201716799108E-002
   4.6000000000000005       -4.8312530695007495E-002
   4.6200000000000001       -4.7123787055251089E-002
   4.6399999999999997       -4.9384383899033664E-002
   4.6600000000000001       -4.5409734827337955E-002
   4.6799999999999997       -4.8015707075611258E-002
   4.7000000000000011       -4.8785512270817087E-002
   4.7200000000000006       -4.5526632463141467E-002
   4.7400000000000011       -4.7868074533478931E-002
   4.7600000000000007       -4.7312617856173439E-002
   4.7800000000000002       -4.4530574986530125E-002
   4.8000000000000007       -4.5300956982078019E-002
   4.8200000000000003       -4.3129868546501152E-002
   4.8400000000000007       -3.8568783646307517E-002
   4.8600000000000003       -4.2667742405683370E-002
   4.8800000000000008       -4.2266546333948940E-002
   4.9000000000000004       -3.7478793141355465E-002
   4.9200000000000008       -3.9529331063537058E-002
   4.9400000000000004       -4.2572347389972849E-002
   4.9600000000000009       -3.9889312286833532E-002
   4.9800000000000004       -4.5097154534788186E-002
   5.0000000000000009       -4.6562690993799220E-002
   5.0200000000000005       -4.7038335988320058E-002
   5.0400000000000009       -4.7512844440519342E-002
   5.0600000000000005       -5.0319845248110957E-002
   5.0800000000000001       -5.1071647876301980E-002
   5.1000000000000005       -5.3036794198778901E-002
   5.1200000000000001       -5.3660901525945451E-002
   5.1400000000000006       -5.4176501443719008E-002
   5.1600000000000001       -5.5046478764053226E-002
   5.1800000000000006       -6.1084652893163151E-002
   5.2000000000000002       -6.1399993795889229E-002
   5.2200000000000006       -6.0841336944685062E-002
   5.2400000000000002       -6.4127910377869191E-002
   5.2600000000000007       -6.6188169402548153E-002
   5.2800000000000002       -7.3056659573552438E-002
   5.3000000000000007       -7.1439454081272571E-002
   5.3200000000000003       -7.5182946578840976E-002
   5.3399999999999999       -7.6657062555516201E-002
   5.3600000000000003       -7.6484827515253387E-002
   5.3799999999999999       -7.6699767398469454E-002
   5.4000000000000004       -7.6762555851331252E-002
   5.4199999999999999       -7.8752013171149979E-002
   5.4400000000000004       -8.1416600790074165E-002
   5.4600000000000000       -8.1486666817304834E-002
   5.4800000000000004       -8.1836104762579062E-002
   5.5000000000000000       -8.6164608123961803E-002
   5.5200000000000005       -9.0650966497340973E-002
   5.5400000000000000       -9.1281543497902420E-002
   5.5600000000000005       -9.6397739547484457E-002
   5.5800000000000010       -9.7114143753239179E-002
   5.6000000000000005       -9.9154561536153055E-002
   5.6200000000000010      -0.10374494422634817     
   5.6400000000000006      -0.10761201324298723     
   5.6600000000000010      -0.10678328756200664     
   5.6800000000000006      -0.11447385685592551     
   5.7000000000000011      -0.11627434543114780     
   5.7200000000000006      -0.11862094213244792     
   5.7400000000000011      -0.12146383061817077     
   5.7600000000000007      -0.11872492095504492     
   5.7800000000000002      -0.12039176839264217     
   5.8000000000000007      -0.11854285540365227     
   5.8200000000000003      -0.11694931139518185     
   5.8400000000000007      -0.11417423585334083     
   5.8600000000000003      -0.11454627114073979     
   5.8800000000000008      -0.11767587804786277     
   5.9000000000000004      -0.12192178276879852     
   5.9200000000000008      -0.12858031951952975     
   5.9400000000000004      -0.12969436027218245     
   5.9600000000000009      -0.13761395131823728     
   5.9800000000000004      -0.13710601719351784     
   6.0000000000000009      -0.13738112495854599     
   6.0200000000000005      -0.14669930933697259     
   6.0400000000000000      -0.14628571171167479     
   6.0600000000000005      -0.14742831308527660     
   6.0800000000000001      -0.14566748998124524     
   6.1000000000000005      -0.15044160979763696     
   6.1200000000000001      -0.15011196137414998     
   6.1400000000000006      -0.14792201170968658     
   6.1600000000000001      -0.14886738677023573     
   6.1800000000000006      -0.15032949129778767     
   6.2000000000000002      -0.15041508769004747     
   6.2200000000000006      -0.15431544508115327     
   6.2400000000000002      -0.15360431093691990     
   6.2600000000000007      -0.15115706716423596     
   6.2800000000000002      -0.15281806291119601     
   6.2999999999999998      -0.15362969742633162     
   6.3200000000000003      -0.15444250902317311     
   6.3399999999999999      -0.15332259734397452     
   6.3600000000000003      -0.15305707868706717     
   6.3799999999999999      -0.16012792048205932     
   6.4000000000000012      -0.16644206872695025     
   6.4200000000000008      -0.16707939779879860     
   6.4400000000000013      -0.16456510040967504     
   6.4600000000000000      -0.16497306653101565     
   6.4800000000000004      -0.16721356040626550     
   6.5000000000000000      -0.16871987715038175     
   6.5200000000000005      -0.17129418262767968     
   6.5400000000000000      -0.17564810298637357     
   6.5600000000000005      -0.17756692841341873     
   6.5800000000000001      -0.17498124364789266     
   6.6000000000000005      -0.17576776117292950     
   6.6200000000000001      -0.16910061672187049     
   6.6400000000000006      -0.17030187323459847     
   6.6600000000000001      -0.17527010797168316     
   6.6800000000000006      -0.18158549401197427     
   6.7000000000000002      -0.18131551961361220     
   6.7200000000000006      -0.17836298220692479     
   6.7400000000000002      -0.17824589932717119     
   6.7600000000000007      -0.18098049764931937     
   6.7800000000000002      -0.18088212987377403     
   6.8000000000000007      -0.18547135834165918     
   6.8200000000000003      -0.18767016122566621     
   6.8400000000000007      -0.19160228617205366     
   6.8600000000000012      -0.20138628655533700     
   6.8800000000000008      -0.20751294203692447     
   6.9000000000000012      -0.21144944254574830     
   6.9200000000000008      -0.21115270909821179     
   6.9400000000000013      -0.21387961961049534     
   6.9600000000000009      -0.21489686466136937     
   6.9800000000000013      -0.21195054881348319     
   7.0000000000000009      -0.21527795160757376     
   7.0200000000000014      -0.21783724212240083     
   7.0400000000000000      -0.22286909507832525     
   7.0600000000000014      -0.22219366779365088     
   7.0800000000000001      -0.22411264114941906     
   7.1000000000000014      -0.22754077710184734     
   7.1200000000000001      -0.22862261962636926     
   7.1400000000000015      -0.22663433982470718     
   7.1600000000000001      -0.22724380451311066     
   7.1800000000000006      -0.22724413099605317     
   7.2000000000000002      -0.22902829227547067     
   7.2200000000000006      -0.22663545639205210     
   7.2400000000000002      -0.22632428850732411     
   7.2600000000000007      -0.23155382405585692     
   7.2800000000000002      -0.23837879714515936     
   7.3000000000000007      -0.24098707348748188     
   7.3200000000000003      -0.24120427093376259     
   7.3400000000000007      -0.24663706747118386     
   7.3600000000000003      -0.24924404512260670     
   7.3800000000000008      -0.25147071674043353     
   7.4000000000000004      -0.25283562209268223     
   7.4200000000000008      -0.25510460839034149     
   7.4400000000000004      -0.26174579100840367     
   7.4600000000000009      -0.25931995983902656     
   7.4800000000000004      -0.26304241193811434     
   7.5000000000000009      -0.26269051666717769     
   7.5200000000000005      -0.26327924159578375     
   7.5400000000000009      -0.26964593918755830     
   7.5599999999999996      -0.27324565927442629     
   7.5800000000000010      -0.27021080920466922     
   7.5999999999999996      -0.27108771004434329     
   7.6200000000000010      -0.27346427021410957     
   7.6399999999999997      -0.27622205257074117     
   7.6600000000000010      -0.27460251875406677     
   7.6799999999999997      -0.27866210579919382     
   7.7000000000000011      -0.27825862803029699     
   7.7200000000000015      -0.27965864467781104     
   7.7400000000000002      -0.28041671421235992     
   7.7600000000000016      -0.28339453671880410     
   7.7800000000000002      -0.28159434832022873     
   7.8000000000000016      -0.28247753538458203     
   7.8200000000000003      -0.28468445060933278     
   7.8400000000000016      -0.28521739600626383     
   7.8600000000000003      -0.28448861939773507     
   7.8800000000000008      -0.28281537277930113     
   7.9000000000000004      -0.28592570275782087     
   7.9200000000000008      -0.28683877533642266     
   7.9400000000000004      -0.28739743669479390     
   7.9600000000000009      -0.28972273904464596     
   7.9800000000000004      -0.28934274494187467     
   8.0000000000000018      -0.28804951000120832     
   8.0199999999999996      -0.29167106912550173     
   8.0400000000000009      -0.29475966639480550     
   8.0600000000000005      -0.29390488296141465     
   8.0800000000000018      -0.29036414923158982     
   8.0999999999999996      -0.29035384265602071     
   8.1200000000000010      -0.29269895624881354     
   8.1400000000000006      -0.28619000523649862     
   8.1600000000000001      -0.28479266158639371     
   8.1799999999999997      -0.28248785388129360     
   8.2000000000000011      -0.28511257902167547     
   8.2200000000000006      -0.28443309868382316     
   8.2400000000000002      -0.28141262128070543     
   8.2599999999999998      -0.28252690040472028     
   8.2800000000000011      -0.28431930556770224     
   8.3000000000000007      -0.28246807949571379     
   8.3200000000000003      -0.29009389763839954     
   8.3399999999999999      -0.29287127458283424     
   8.3600000000000012      -0.29639922692329218     
   8.3800000000000008      -0.28934465287119149     
   8.4000000000000004      -0.29016449889942081     
   8.4199999999999999      -0.28647089098496770     
   8.4400000000000013      -0.28864954943978943     
   8.4600000000000009      -0.28562567806357730     
   8.4800000000000004      -0.28190340614573117     
   8.5000000000000000      -0.28680190853187226     
   8.5200000000000014      -0.29304049002811305     
   8.5400000000000009      -0.28859376484052218     
   8.5600000000000005      -0.28942434902987224     
   8.5800000000000018      -0.28944561440277800     
   8.6000000000000014      -0.29186104984873290     
   8.6200000000000010      -0.29234271505502801     
   8.6400000000000006      -0.29079796618018278     
   8.6600000000000019      -0.28930561109766217     
   8.6800000000000015      -0.29371326505737522     
   8.7000000000000011      -0.29482929522046375     
   8.7200000000000006      -0.29744739348464599     
   8.7400000000000020      -0.29804907251129936     
   8.7599999999999998      -0.29684003743279586     
   8.7800000000000011      -0.29566812455267405     
   8.8000000000000007      -0.29486690046964853     
   8.8200000000000021      -0.29527599920892406     
   8.8399999999999999      -0.29232350563888421     
   8.8600000000000012      -0.29517707211569227     
   8.8800000000000008      -0.29837748497309424     
   8.9000000000000004      -0.30114027022514211     
   8.9199999999999999      -0.29841235259228871     
   8.9400000000000013      -0.29951257474101328     
   8.9600000000000009      -0.30343007709707398     
   8.9800000000000004      -0.30613208510750872     
   9.0000000000000000      -0.30764964435820891     
   9.0200000000000014      -0.30969253955428577     
   9.0400000000000009      -0.31217246383413050     
   9.0600000000000005      -0.31106761962790219     
   9.0800000000000001      -0.31433541486295563     
   9.1000000000000014      -0.30922514297807940     
   9.1200000000000010      -0.30482086075773801     
   9.1400000000000006      -0.30202885860253104     
   9.1600000000000001      -0.30184156813220497     
   9.1800000000000015      -0.30162816929391362     
   9.2000000000000011      -0.29973807840379729     
   9.2200000000000006      -0.30043862424205015     
   9.2400000000000002      -0.30083053383716968     
   9.2600000000000016      -0.29982627726432021     
   9.2799999999999994      -0.30043078337314727     
   9.3000000000000007      -0.30385675431028242     
   9.3200000000000003      -0.30709340729729206     
   9.3400000000000016      -0.30410346679418299     
   9.3599999999999994      -0.30363069735104242     
   9.3800000000000008      -0.31336698257088097     
   9.4000000000000021      -0.31715324450968263     
   9.4199999999999999      -0.32089949574167853     
   9.4400000000000013      -0.32266927631589049     
   9.4600000000000009      -0.32394957523478662     
   9.4800000000000022      -0.32648301711372035     
   9.5000000000000000      -0.33080438918186128     
   9.5200000000000014      -0.32973891520447296     
   9.5400000000000009      -0.33573629578446779     
   9.5600000000000005      -0.33693827938968446     
   9.5800000000000001      -0.33387828557053073     
   9.6000000000000014      -0.33226773311385421     
   9.6200000000000010      -0.33997276859691988     
   9.6400000000000006      -0.34155010041457085     
   9.6600000000000001      -0.33770145989202022     
   9.6800000000000015      -0.33160356365498478     
   9.7000000000000011      -0.33077434590323862     
   9.7200000000000006      -0.32990772869238122     
   9.7400000000000002      -0.32974943413014945     
   9.7600000000000016      -0.33241726266060706     
   9.7800000000000011      -0.33038779369871130     
   9.8000000000000007      -0.33084289615446577     
   9.8200000000000003      -0.33332998770786643     
   9.8400000000000016      -0.33171073877744406     
   9.8600000000000012      -0.33638566346213011     
   9.8800000000000008      -0.33511067966055808     
   9.9000000000000004      -0.32926646212498389     
   9.9200000000000017      -0.33835462234391961     
   9.9399999999999995      -0.34139202960677645     
   9.9600000000000009      -0.34100042825611487     
