   0.0000000000000000       0.99999999999992684     
   2.0000000000000000E-002  0.97512651226398428     
   4.0000000000000001E-002  0.93085850014147020     
   5.9999999999999998E-002  0.99958995411463125     
   8.0000000000000002E-002  0.99955360332813159     
  0.10000000000000002       0.99939828304003331     
  0.12000000000000000       0.99929783072087297     
  0.14000000000000001       0.99916952609996046     
  0.16000000000000000       0.99906379950489643     
  0.18000000000000002       0.99881845196089014     
  0.20000000000000004       0.99869816954908130     
  0.22000000000000000       0.99862281553685883     
  0.23999999999999999       0.99845038622199844     
  0.26000000000000001       0.99822516695300978     
  0.28000000000000003       0.99798251001338434     
  0.30000000000000004       0.99767084359973945     
  0.32000000000000001       0.99765637962491294     
  0.34000000000000002       0.99742859346591106     
  0.36000000000000004       0.99736049186281128     
  0.38000000000000000       0.99733163754849918     
  0.40000000000000008       0.99725387890353723     
  0.42000000000000004       0.99690163878511651     
  0.44000000000000000       0.99688244100375611     
  0.46000000000000002       0.99647030633067701     
  0.47999999999999998       0.99627495280317913     
  0.50000000000000011       0.99618668321655390     
  0.52000000000000002       0.99591784770698799     
  0.54000000000000004       0.99571802230461892     
  0.56000000000000005       0.99547553037009351     
  0.57999999999999996       0.99544630026031322     
  0.60000000000000009       0.99494329774197210     
  0.62000000000000011       0.99487006292010516     
  0.64000000000000001       0.99485265898181985     
  0.66000000000000003       0.99454216829157072     
  0.68000000000000005       0.99429655175757758     
  0.70000000000000007       0.99423584554018563     
  0.72000000000000008       0.99403005981514747     
  0.74000000000000010       0.99360119981922690     
  0.76000000000000001       0.99341151640180891     
  0.78000000000000003       0.99335726625056198     
  0.80000000000000016       0.99309741939480578     
  0.82000000000000006       0.99279873979903221     
  0.84000000000000008       0.99248744579555137     
  0.86000000000000010       0.99229735128231078     
  0.88000000000000000       0.99195916991942812     
  0.90000000000000002       0.99169320516254811     
  0.92000000000000004       0.99145302436119798     
  0.94000000000000006       0.99137402402590957     
  0.95999999999999996       0.99114408026240086     
  0.98000000000000020       0.99115273621658340     
   1.0000000000000002       0.99051240337124213     
   1.0200000000000000       0.99047885889876053     
   1.0400000000000000       0.99011040388110938     
   1.0600000000000001       0.98981681701819213     
   1.0800000000000001       0.98981126575824852     
   1.1000000000000001       0.98954024698838916     
   1.1200000000000001       0.98932726340175836     
   1.1400000000000001       0.98897141852284909     
   1.1599999999999999       0.98912759915261705     
   1.1800000000000002       0.98863452725336287     
   1.2000000000000002       0.98845836957163391     
   1.2200000000000002       0.98807758665010348     
   1.2400000000000002       0.98760629275686773     
   1.2600000000000002       0.98715024553223707     
   1.2800000000000000       0.98703018034976320     
   1.3000000000000000       0.98594181507477774     
   1.3200000000000001       0.98618751821121708     
   1.3400000000000001       0.98589058741618263     
   1.3600000000000001       0.98559363734479744     
   1.3800000000000001       0.98534667949635935     
   1.4000000000000001       0.98466016164491499     
   1.4200000000000002       0.98448757358353289     
   1.4400000000000002       0.98382106951173443     
   1.4600000000000002       0.98409284403553243     
   1.4800000000000002       0.98385760900168895     
   1.5000000000000002       0.98356519923427854     
   1.5200000000000000       0.98351391176785052     
   1.5400000000000000       0.98352715255717538     
   1.5600000000000001       0.98324697475904144     
   1.5800000000000001       0.98268058059898888     
   1.6000000000000003       0.98219904026077998     
   1.6200000000000001       0.98188346373627677     
   1.6400000000000001       0.98160325387651792     
   1.6600000000000001       0.98121077260395106     
   1.6800000000000002       0.98110336518834684     
   1.7000000000000002       0.98063791481464813     
   1.7200000000000002       0.98014650388074476     
   1.7400000000000002       0.97991132763444766     
   1.7600000000000000       0.97923867577508883     
   1.7800000000000000       0.97870802770687426     
   1.8000000000000000       0.97853770518820204     
   1.8200000000000001       0.97804008652356478     
   1.8400000000000001       0.97788550904862948     
   1.8600000000000001       0.97723713898661024     
   1.8800000000000001       0.97675234905074271     
   1.8999999999999999       0.97675594671641086     
   1.9199999999999999       0.97646004249076301     
   1.9400000000000004       0.97677046488082464     
   1.9600000000000004       0.97635763519893337     
   1.9800000000000002       0.97580461607903213     
   2.0000000000000004       0.97596035695186112     
   2.0200000000000005       0.97591353003928305     
   2.0400000000000000       0.97573138895665434     
   2.0600000000000001       0.97529966642909094     
   2.0800000000000001       0.97508252220243963     
   2.1000000000000001       0.97466303511983188     
   2.1200000000000001       0.97422240714784369     
   2.1400000000000001       0.97437436668942423     
   2.1600000000000001       0.97420611271123503     
   2.1800000000000002       0.97419745726268225     
   2.2000000000000002       0.97327591054450058     
   2.2200000000000002       0.97297165718150935     
   2.2400000000000002       0.97260527655273943     
   2.2600000000000002       0.97198426072868604     
   2.2800000000000002       0.97169773482754185     
   2.3000000000000003       0.97185241660395327     
   2.3199999999999998       0.97137122796909503     
   2.3399999999999999       0.97116478796362427     
   2.3600000000000003       0.97060663567037186     
   2.3800000000000003       0.96990280602891721     
   2.4000000000000004       0.96930551231860296     
   2.4200000000000004       0.96912515458696857     
   2.4400000000000004       0.96871278410995820     
   2.4600000000000004       0.96846692724605143     
   2.4800000000000004       0.96812750037114204     
   2.5000000000000004       0.96770546810731617     
   2.5200000000000005       0.96759775985180818     
   2.5400000000000000       0.96698111684509858     
   2.5600000000000001       0.96702430083217839     
   2.5800000000000001       0.96703018491649295     
   2.6000000000000001       0.96665382337682237     
   2.6200000000000001       0.96644064668702956     
   2.6400000000000001       0.96615573733272686     
   2.6600000000000001       0.96648807198771847     
   2.6800000000000002       0.96632738744492963     
   2.7000000000000002       0.96599864096122179     
   2.7200000000000002       0.96600215505486398     
   2.7400000000000002       0.96549819221590205     
   2.7600000000000002       0.96453093952840496     
   2.7800000000000002       0.96423499370198784     
   2.8000000000000003       0.96372072061038561     
   2.8200000000000003       0.96334738604397641     
   2.8400000000000003       0.96373007138223399     
   2.8600000000000003       0.96335767289916130     
   2.8800000000000003       0.96324665956611721     
   2.9000000000000004       0.96380181503950646     
   2.9200000000000004       0.96387119886253692     
   2.9400000000000004       0.96373848946239782     
   2.9600000000000004       0.96355330893295610     
   2.9800000000000004       0.96312424121567741     
   3.0000000000000004       0.96283345824246358     
   3.0200000000000000       0.96229869127227574     
   3.0400000000000000       0.96188963932359295     
   3.0600000000000001       0.96119147576379160     
   3.0800000000000001       0.96016691881899929     
   3.1000000000000001       0.95995137025752408     
   3.1200000000000001       0.95988381512134879     
   3.1400000000000001       0.95953404703864276     
   3.1600000000000001       0.95950168725275120     
   3.1800000000000002       0.95973935388607601     
   3.2000000000000006       0.95919973728811914     
   3.2200000000000006       0.95913062471169430     
   3.2400000000000002       0.95891381667580822     
   3.2600000000000002       0.95804395856905722     
   3.2800000000000002       0.95774473557830875     
   3.3000000000000003       0.95793119421512074     
   3.3200000000000003       0.95761456142442569     
   3.3400000000000003       0.95730745520603722     
   3.3600000000000003       0.95743818575753792     
   3.3800000000000003       0.95731487289627148     
   3.4000000000000004       0.95678996936861682     
   3.4200000000000004       0.95673728274336411     
   3.4400000000000004       0.95677261658645696     
   3.4600000000000004       0.95654765039141820     
   3.4800000000000004       0.95672635641777093     
   3.5000000000000004       0.95630877376407974     
   3.5200000000000000       0.95562896931176433     
   3.5400000000000000       0.95516324454901680     
   3.5600000000000001       0.95481074577805380     
   3.5800000000000001       0.95466802112533589     
   3.6000000000000001       0.95521722231613926     
   3.6200000000000001       0.95559291874571495     
   3.6400000000000001       0.95529164599708982     
   3.6600000000000001       0.95499080943539361     
   3.6800000000000002       0.95484221599644148     
   3.7000000000000002       0.95462735159099554     
   3.7200000000000002       0.95451329595717072     
   3.7400000000000002       0.95425234704654682     
   3.7600000000000002       0.95427710411706412     
   3.7799999999999998       0.95446101901650326     
   3.7999999999999998       0.95448772756490419     
   3.8199999999999998       0.95438044538056421     
   3.8399999999999999       0.95395756955468258     
   3.8600000000000008       0.95395164523618037     
   3.8800000000000008       0.95411681426515338     
   3.9000000000000008       0.95462116202467873     
   3.9200000000000008       0.95470902083410580     
   3.9400000000000004       0.95447213888027893     
   3.9600000000000004       0.95383782598013001     
   3.9800000000000004       0.95357049243801162     
   4.0000000000000009       0.95363972929862917     
   4.0200000000000005       0.95348288247620272     
   4.0400000000000009       0.95330709851547668     
   4.0600000000000005       0.95267306456929512     
   4.0800000000000001       0.95276730782845065     
   4.1000000000000005       0.95285464752446625     
   4.1200000000000001       0.95248750929929971     
   4.1400000000000006       0.95188832122921196     
   4.1600000000000001       0.95141318355451421     
   4.1800000000000006       0.95115164117378515     
   4.2000000000000002       0.95049055323734033     
   4.2200000000000006       0.94974879385031563     
   4.2400000000000002       0.94920512351853981     
   4.2600000000000007       0.94960644861965426     
   4.2800000000000002       0.94888984492532380     
   4.3000000000000007       0.94877590863289241     
   4.3200000000000003       0.94899713937888952     
   4.3400000000000007       0.94894881881101500     
   4.3600000000000003       0.94836973703439742     
   4.3799999999999999       0.94821700491215266     
   4.4000000000000004       0.94828474555864373     
   4.4199999999999999       0.94794905448652866     
   4.4400000000000004       0.94779514128238485     
   4.4600000000000000       0.94687962776326462     
   4.4800000000000004       0.94636475346591831     
   4.5000000000000000       0.94644564175252743     
   4.5200000000000005       0.94655327677864276     
   4.5400000000000000       0.94616836149835215     
   4.5600000000000005       0.94557370087699510     
   4.5800000000000001       0.94538762738798154     
   4.6000000000000005       0.94551963059950617     
   4.6200000000000001       0.94485206936707178     
   4.6399999999999997       0.94485664571861672     
   4.6600000000000001       0.94485219185522651     
   4.6799999999999997       0.94439196370338818     
   4.7000000000000011       0.94402649459916577     
   4.7200000000000006       0.94421601084231932     
   4.7400000000000011       0.94449893008540420     
   4.7600000000000007       0.94473334134799025     
   4.7800000000000002       0.94400197893428250     
   4.8000000000000007       0.94367036459100195     
   4.8200000000000003       0.94258319200338070     
   4.8400000000000007       0.94231602504231637     
   4.8600000000000003       0.94268333844427288     
   4.8800000000000008       0.94251200527669732     
   4.9000000000000004       0.94167869374639490     
   4.9200000000000008       0.94140133388209069     
   4.9400000000000004       0.94062062925451828     
   4.9600000000000009       0.94113090885260298     
   4.9800000000000004       0.94123081630690120     
   5.0000000000000009       0.94069355747346217     
   5.0200000000000005       0.94090870997055431     
   5.0400000000000009       0.94090133966538558     
   5.0600000000000005       0.94038617860535745     
   5.0800000000000001       0.93969436055766564     
   5.1000000000000005       0.93915992665658554     
   5.1200000000000001       0.93915869500228577     
   5.1400000000000006       0.93899944760075249     
   5.1600000000000001       0.93874831765688704     
   5.1800000000000006       0.93809693046004483     
   5.2000000000000002       0.93831666501031830     
   5.2200000000000006       0.93812968424049981     
   5.2400000000000002       0.93822342785946145     
   5.2600000000000007       0.93792044666090624     
   5.2800000000000002       0.93748400482403160     
   5.3000000000000007       0.93718046016495515     
   5.3200000000000003       0.93666021903364705     
   5.3399999999999999       0.93716526034174130     
   5.3600000000000003       0.93710869158680876     
   5.3799999999999999       0.93679786907001794     
   5.4000000000000004       0.93658039764711543     
   5.4199999999999999       0.93645276351205886     
   5.4400000000000004       0.93648089909893495     
   5.4600000000000000       0.93568096898017938     
   5.4800000000000004       0.93567670574508899     
   5.5000000000000000       0.93578092664963775     
   5.5200000000000005       0.93580906674208653     
   5.5400000000000000       0.93544589870413675     
   5.5600000000000005       0.93487806084965486     
   5.5800000000000010       0.93447847289227792     
   5.6000000000000005       0.93391581504663668     
   5.6200000000000010       0.93387899540119867     
   5.6400000000000006       0.93391440162286454     
   5.6600000000000010       0.93393862889550816     
   5.6800000000000006       0.93353563293728770     
   5.7000000000000011       0.93317270597971214     
   5.7200000000000006       0.93342766411491906     
   5.7400000000000011       0.93345145527837925     
   5.7600000000000007       0.93326479816415553     
   5.7800000000000002       0.93278303288100384     
   5.8000000000000007       0.93239950148230422     
   5.8200000000000003       0.93242714007505889     
   5.8400000000000007       0.93194920853237018     
   5.8600000000000003       0.93203024044296456     
   5.8800000000000008       0.93186785458226351     
   5.9000000000000004       0.93154486217430510     
   5.9200000000000008       0.93138196672673967     
   5.9400000000000004       0.93177975387298007     
   5.9600000000000009       0.93180808092716239     
   5.9800000000000004       0.93195535159388143     
   6.0000000000000009       0.93218320804526578     
   6.0200000000000005       0.93144872771290144     
   6.0400000000000000       0.93228399322552391     
   6.0600000000000005       0.93188156522587995     
   6.0800000000000001       0.93175552593524991     
   6.1000000000000005       0.93131101868908595     
   6.1200000000000001       0.93165678729231116     
   6.1400000000000006       0.93172660860256440     
   6.1600000000000001       0.93221367108064845     
   6.1800000000000006       0.93215683598436538     
   6.2000000000000002       0.93143827997336226     
   6.2200000000000006       0.93122912253252377     
   6.2400000000000002       0.93099706374174040     
   6.2600000000000007       0.93053284218116328     
   6.2800000000000002       0.93030806239599828     
   6.2999999999999998       0.93032543433725567     
   6.3200000000000003       0.93008277990118460     
   6.3399999999999999       0.92966741548212506     
   6.3600000000000003       0.92990053423524821     
   6.3799999999999999       0.92947905999684410     
   6.4000000000000012       0.92927721527222662     
   6.4200000000000008       0.92886569123168117     
   6.4400000000000013       0.92880986029320434     
   6.4600000000000000       0.92879770716911880     
   6.4800000000000004       0.92819200211139685     
   6.5000000000000000       0.92836089786752762     
   6.5200000000000005       0.92878320969124228     
   6.5400000000000000       0.92859480155748353     
   6.5600000000000005       0.92791855625191488     
   6.5800000000000001       0.92824092855303275     
   6.6000000000000005       0.92867386912123207     
   6.6200000000000001       0.92797720010388096     
   6.6400000000000006       0.92743791127339537     
   6.6600000000000001       0.92711585821749209     
   6.6800000000000006       0.92655560301024742     
   6.7000000000000002       0.92660479243006844     
   6.7200000000000006       0.92584054003138594     
   6.7400000000000002       0.92556494735283190     
   6.7600000000000007       0.92569354930301784     
   6.7800000000000002       0.92567754095286237     
   6.8000000000000007       0.92538690395733114     
   6.8200000000000003       0.92502388445646788     
   6.8400000000000007       0.92525816191515553     
   6.8600000000000012       0.92509677207755192     
   6.8800000000000008       0.92488060870901190     
   6.9000000000000012       0.92476660125353305     
   6.9200000000000008       0.92547906341193464     
   6.9400000000000013       0.92545332072042963     
   6.9600000000000009       0.92563377384404799     
   6.9800000000000013       0.92563646777592368     
   7.0000000000000009       0.92555104502557928     
   7.0200000000000014       0.92491128143263412     
   7.0400000000000000       0.92428503357227021     
   7.0600000000000014       0.92326616275952145     
   7.0800000000000001       0.92242491178856867     
   7.1000000000000014       0.92282904057257364     
   7.1200000000000001       0.92278983534969661     
   7.1400000000000015       0.92332242790597119     
   7.1600000000000001       0.92351560728144100     
   7.1800000000000006       0.92376262855519820     
   7.2000000000000002       0.92330793429861313     
   7.2200000000000006       0.92350340433409406     
   7.2400000000000002       0.92329564580942569     
   7.2600000000000007       0.92366535117987114     
   7.2800000000000002       0.92308751337954342     
   7.3000000000000007       0.92268373224721290     
   7.3200000000000003       0.92281459100018237     
   7.3400000000000007       0.92247656736508921     
   7.3600000000000003       0.92227775947096780     
   7.3800000000000008       0.92217185682151226     
   7.4000000000000004       0.92209765093381901     
   7.4200000000000008       0.92249905009828803     
   7.4400000000000004       0.92248066947601293     
   7.4600000000000009       0.92265229992627351     
   7.4800000000000004       0.92318133282610526     
   7.5000000000000009       0.92292391659026085     
   7.5200000000000005       0.92310702127751465     
   7.5400000000000009       0.92272015430369048     
   7.5599999999999996       0.92279495633502262     
   7.5800000000000010       0.92274350149137241     
   7.5999999999999996       0.92241990983286759     
   7.6200000000000010       0.92233896594414566     
   7.6399999999999997       0.92227951141973541     
   7.6600000000000010       0.92241796164066148     
   7.6799999999999997       0.92264369772439714     
   7.7000000000000011       0.92183921719672435     
   7.7200000000000015       0.92160166945339916     
   7.7400000000000002       0.92112090426903892     
   7.7600000000000016       0.92075050584864371     
   7.7800000000000002       0.92125966528589143     
   7.8000000000000016       0.92175052440602190     
   7.8200000000000003       0.92240046374575668     
   7.8400000000000016       0.92270454045314398     
   7.8600000000000003       0.92245337053355381     
   7.8800000000000008       0.92230512022175992     
   7.9000000000000004       0.92132059733496985     
   7.9200000000000008       0.92091595969034001     
   7.9400000000000004       0.92092739297704851     
   7.9600000000000009       0.92103867209386647     
   7.9800000000000004       0.92140317000429772     
   8.0000000000000018       0.92119721265866716     
   8.0199999999999996       0.92132730782137695     
   8.0400000000000009       0.92166233170027367     
   8.0600000000000005       0.92148447200105621     
   8.0800000000000018       0.92132169198142255     
   8.0999999999999996       0.92160758333945925     
   8.1200000000000010       0.92122424270970127     
   8.1400000000000006       0.92125064904922294     
   8.1600000000000001       0.92135985903617401     
   8.1799999999999997       0.92090577198029600     
   8.2000000000000011       0.92080375575282580     
   8.2200000000000006       0.92047967837744871     
   8.2400000000000002       0.92025025737349864     
   8.2599999999999998       0.91988228132940930     
   8.2800000000000011       0.91997386345609811     
   8.3000000000000007       0.92011599535664934     
   8.3200000000000003       0.91985238748033737     
   8.3399999999999999       0.91971815183864125     
   8.3600000000000012       0.91953405044472603     
   8.3800000000000008       0.91951548078350009     
   8.4000000000000004       0.91957020454901217     
   8.4199999999999999       0.91948532976791797     
   8.4400000000000013       0.91878831856264620     
   8.4600000000000009       0.91872065615457399     
   8.4800000000000004       0.91857287816625555     
   8.5000000000000000       0.91876799005320609     
   8.5200000000000014       0.91860052780404511     
   8.5400000000000009       0.91799847545313895     
   8.5600000000000005       0.91761601819511529     
   8.5800000000000018       0.91803756302330808     
   8.6000000000000014       0.91817467147251142     
   8.6200000000000010       0.91866068539204548     
   8.6400000000000006       0.91927073412307891     
   8.6600000000000019       0.91938235455354955     
   8.6800000000000015       0.91909606704891667     
   8.7000000000000011       0.91896339601734767     
   8.7200000000000006       0.91870215814128042     
   8.7400000000000020       0.91903440851219331     
   8.7599999999999998       0.91859140934327010     
   8.7800000000000011       0.91819973948592082     
   8.8000000000000007       0.91819431476225677     
   8.8200000000000021       0.91765031821905307     
   8.8399999999999999       0.91737113162100781     
   8.8600000000000012       0.91761114112292086     
   8.8800000000000008       0.91733089278473268     
   8.9000000000000004       0.91769790309957389     
   8.9199999999999999       0.91770546322196023     
   8.9400000000000013       0.91799240539992188     
   8.9600000000000009       0.91815785230149016     
   8.9800000000000004       0.91803630305952844     
   9.0000000000000000       0.91834887448361091     
   9.0200000000000014       0.91726473693896693     
   9.0400000000000009       0.91640193263081304     
   9.0600000000000005       0.91601257166756478     
   9.0800000000000001       0.91593821483983684     
   9.1000000000000014       0.91543215122549193     
   9.1200000000000010       0.91520799404477582     
   9.1400000000000006       0.91483827537087636     
   9.1600000000000001       0.91488733461909355     
   9.1800000000000015       0.91500027170739062     
   9.2000000000000011       0.91415499546013457     
   9.2200000000000006       0.91385519533864390     
   9.2400000000000002       0.91340731847570422     
   9.2600000000000016       0.91370919135517048     
   9.2799999999999994       0.91403375361272121     
   9.3000000000000007       0.91367378370304742     
   9.3200000000000003       0.91382956781404467     
   9.3400000000000016       0.91388718160577154     
   9.3599999999999994       0.91361928153053595     
   9.3800000000000008       0.91381163069700377     
   9.4000000000000021       0.91393433989406891     
   9.4199999999999999       0.91446753185196361     
   9.4400000000000013       0.91515699266945016     
   9.4600000000000009       0.91496114565411879     
   9.4800000000000022       0.91520846047791748     
   9.5000000000000000       0.91502654081559509     
   9.5200000000000014       0.91551677774496798     
   9.5400000000000009       0.91548485017848635     
   9.5600000000000005       0.91524818965766008     
   9.5800000000000001       0.91542169245308547     
   9.6000000000000014       0.91479810497151925     
   9.6200000000000010       0.91506888299292399     
   9.6400000000000006       0.91527241703266338     
   9.6600000000000001       0.91515467943581130     
   9.6800000000000015       0.91438442629801198     
   9.7000000000000011       0.91387929514956745     
   9.7200000000000006       0.91326292083071314     
   9.7400000000000002       0.91292401708235116     
   9.7600000000000016       0.91214875189474875     
   9.7800000000000011       0.91215862845531992     
   9.8000000000000007       0.91273507330806791     
   9.8200000000000003       0.91245654898678474     
   9.8400000000000016       0.91296775524839013     
   9.8600000000000012       0.91199576225362489     
   9.8800000000000008       0.91293929468321278     
   9.9000000000000004       0.91252711573101752     
   9.9200000000000017       0.91272515989330516     
   9.9399999999999995       0.91254692250368807     
   9.9600000000000009       0.91281882551287019     
   9.9800000000000004       0.91243221288965126     
   10.000000000000002       0.91278460024986074     
   10.020000000000000       0.91305465714166645     
   10.040000000000001       0.91292043432637915     
   10.060000000000000       0.91323585505282612     
   10.080000000000002       0.91327461576776880     
   10.100000000000000       0.91339323883495382     
   10.120000000000001       0.91314524678752784     
   10.140000000000001       0.91249018857673403     
   10.160000000000000       0.91181431921098333     
   10.180000000000000       0.91196075165234181     
   10.200000000000001       0.91191566402845214     
   10.220000000000001       0.91191647589785929     
   10.240000000000000       0.91236119365208757     
   10.260000000000002       0.91215558058451607     
   10.280000000000001       0.91245555306828596     
   10.300000000000001       0.91211654831919309     
   10.320000000000000       0.91193028887362271     
   10.340000000000002       0.91185556302268411     
   10.360000000000001       0.91188399717199498     
   10.380000000000001       0.91189550809154862     
   10.400000000000000       0.91175912019808858     
   10.420000000000002       0.91186540694620521     
   10.440000000000001       0.91156688075161674     
   10.460000000000001       0.91181810761780357     
   10.480000000000000       0.91222823468894443     
   10.500000000000002       0.91245578419188200     
   10.520000000000001       0.91245297857011776     
   10.540000000000001       0.91187240945430315     
   10.560000000000000       0.91156640947231793     
   10.580000000000002       0.91165228890163874     
   10.600000000000001       0.91209857114398196     
   10.620000000000001       0.91188737768393657     
   10.640000000000001       0.91191876516994852     
   10.660000000000002       0.91162420902577324     
   10.680000000000000       0.91171503217347560     
   10.700000000000001       0.91213904134128243     
   10.720000000000001       0.91173856963118283     
   10.740000000000002       0.91150758919233454     
   10.760000000000000       0.91165214341416145     
   10.780000000000001       0.91179113217322627     
   10.800000000000001       0.91184528054707947     
   10.820000000000000       0.91172311126928618     
   10.840000000000000       0.91170211450039074     
   10.860000000000001       0.91146592637542123     
   10.880000000000001       0.91221767650726016     
   10.900000000000000       0.91241980160360459     
   10.920000000000000       0.91288862912139324     
   10.940000000000001       0.91306808006091611     
   10.960000000000001       0.91326822940348606     
   10.980000000000000       0.91348763341265427     
   11.000000000000000       0.91370331382227055     
   11.020000000000001       0.91356010371050178     
   11.040000000000001       0.91343019575656526     
   11.060000000000000       0.91312729688433514     
   11.080000000000000       0.91330635737188604     
   11.100000000000001       0.91262957332372951     
   11.120000000000001       0.91288743706210862     
   11.140000000000001       0.91290881090329312     
   11.160000000000002       0.91244205726123107     
   11.180000000000001       0.91245791449622426     
   11.200000000000001       0.91221958259142744     
   11.220000000000001       0.91267092877638412     
   11.240000000000002       0.91298296320829719     
   11.260000000000002       0.91311417960671537     
   11.280000000000001       0.91329251467717565     
   11.300000000000001       0.91259632962284998     
   11.320000000000002       0.91280690161814415     
   11.340000000000002       0.91318206718442785     
   11.360000000000001       0.91322811284740713     
   11.380000000000001       0.91319564045433055     
   11.400000000000002       0.91330036842474438     
   11.420000000000000       0.91326003690772084     
   11.440000000000001       0.91325245623184637     
   11.460000000000001       0.91349425359664926     
   11.480000000000002       0.91374082156195746     
   11.500000000000000       0.91387049518808305     
   11.520000000000001       0.91329536607807493     
   11.540000000000001       0.91379511922532997     
   11.560000000000000       0.91332036327466792     
   11.580000000000000       0.91284375480768154     
   11.600000000000001       0.91253164204177994     
   11.620000000000001       0.91221729823385345     
   11.640000000000001       0.91234796171681032     
   11.660000000000000       0.91208219973994742     
   11.680000000000001       0.91174597679819303     
   11.700000000000001       0.91232018232327683     
   11.720000000000001       0.91280147674226664     
   11.740000000000000       0.91308192125599252     
   11.760000000000002       0.91319043538699485     
   11.780000000000001       0.91325417611930915     
   11.800000000000001       0.91303542769104584     
   11.820000000000000       0.91297595031170298     
   11.840000000000002       0.91360410224107313     
   11.860000000000001       0.91380810156453407     
   11.880000000000001       0.91361925959182477     
   11.900000000000000       0.91420590593654816     
   11.920000000000002       0.91382771662174234     
   11.940000000000000       0.91314295130926071     
   11.960000000000001       0.91365810699704775     
   11.980000000000002       0.91382611371985145     
   12.000000000000002       0.91401001051542519     
   12.020000000000001       0.91415197661159442     
   12.040000000000001       0.91448520951584833     
   12.060000000000002       0.91446443106329767     
   12.080000000000000       0.91461485127221187     
   12.100000000000001       0.91403741568067798     
   12.120000000000001       0.91410248291551366     
   12.140000000000002       0.91393942716164200     
   12.160000000000000       0.91404105873982988     
   12.180000000000001       0.91354915921705504     
   12.200000000000001       0.91377675997950281     
   12.220000000000001       0.91384072180495490     
   12.240000000000000       0.91362175656463318     
   12.260000000000002       0.91375748222267217     
   12.280000000000001       0.91336769627917713     
   12.300000000000001       0.91325114955022801     
   12.320000000000000       0.91288789637896439     
   12.340000000000002       0.91273052511208985     
   12.360000000000001       0.91257836725596631     
   12.380000000000001       0.91267944071312890     
   12.400000000000000       0.91192591828349323     
   12.420000000000002       0.91135367230829978     
   12.440000000000001       0.91130199774439202     
   12.460000000000001       0.91138072946197934     
   12.480000000000000       0.91172318831444676     
   12.500000000000002       0.91190133800306217     
   12.520000000000001       0.91178405904457283     
   12.540000000000001       0.91191985480214066     
   12.560000000000000       0.91238411816924292     
   12.580000000000002       0.91244837493947484     
   12.600000000000000       0.91286475515470633     
   12.620000000000001       0.91285517955819828     
   12.640000000000001       0.91266932302355053     
   12.660000000000002       0.91261870625216057     
   12.680000000000000       0.91234958136234823     
   12.700000000000001       0.91299023028064208     
   12.720000000000001       0.91281446104569042     
   12.740000000000002       0.91250657804501900     
   12.760000000000000       0.91230647094230555     
   12.780000000000001       0.91171306798584972     
   12.800000000000002       0.91218145467294565     
   12.820000000000000       0.91192453257558614     
   12.840000000000002       0.91174096310963471     
   12.860000000000001       0.91157509208644183     
   12.880000000000003       0.91175971544410517     
   12.900000000000000       0.91247407147545478     
   12.920000000000000       0.91186531982182883     
   12.940000000000001       0.91176755385080577     
   12.960000000000001       0.91174635710352336     
   12.980000000000002       0.91107085322277526     
   13.000000000000000       0.91085651820604885     
   13.020000000000001       0.91103176901449712     
   13.040000000000001       0.91075093861516798     
   13.060000000000002       0.91106597069505146     
   13.080000000000000       0.91052856821746031     
   13.100000000000001       0.91087060942806053     
   13.120000000000001       0.91096695433912045     
   13.140000000000002       0.91048495965254039     
   13.160000000000000       0.90982748269953773     
   13.180000000000001       0.90919542590244895     
   13.200000000000001       0.90895705423989015     
   13.220000000000002       0.90921439809508897     
   13.240000000000000       0.90914058972797429     
   13.260000000000002       0.90864778264086377     
   13.280000000000001       0.90932256509879139     
   13.300000000000002       0.90936479660086644     
   13.320000000000000       0.90866496767759142     
   13.340000000000000       0.90845733524432215     
   13.360000000000001       0.90883092783328590     
   13.380000000000003       0.90891005933512548     
   13.400000000000000       0.90879362115919315     
   13.420000000000000       0.90835796547966152     
   13.440000000000001       0.90818091400091416     
   13.460000000000003       0.90867927828378015     
   13.480000000000000       0.90843426591927368     
   13.500000000000000       0.90872165320195164     
   13.520000000000001       0.90817840038966824     
   13.540000000000003       0.90813722453222767     
   13.560000000000000       0.90825721305521545     
   13.580000000000000       0.90819853824827623     
   13.600000000000001       0.90791004018150012     
   13.620000000000003       0.90782422471316127     
   13.640000000000001       0.90801114785439563     
   13.660000000000000       0.90792909929306409     
   13.680000000000001       0.90830464754607709     
   13.700000000000001       0.90815886456308437     
   13.720000000000002       0.90811714088743734     
   13.740000000000000       0.90771325833963323     
   13.760000000000002       0.90693641373258049     
   13.780000000000001       0.90646888790254343     
   13.800000000000002       0.90621940536215184     
   13.820000000000000       0.90656594731057794     
   13.840000000000002       0.90705997651077741     
   13.860000000000001       0.90718617138393387     
   13.880000000000003       0.90759013858606197     
   13.900000000000000       0.90745797528638217     
   13.920000000000002       0.90762295651303393     
   13.940000000000001       0.90753687877634370     
   13.960000000000003       0.90761690988906374     
   13.980000000000000       0.90774365113877942     
   14.000000000000002       0.90782314049179147     
   14.020000000000001       0.90801196800469808     
   14.040000000000003       0.90826977381712404     
   14.060000000000000       0.90812855690105643     
   14.080000000000000       0.90836454420660961     
   14.100000000000001       0.90813992401797039     
   14.120000000000003       0.90886441962575848     
   14.140000000000001       0.90883403570871646     
   14.160000000000000       0.90914714822010734     
   14.180000000000001       0.90906944610879148     
   14.200000000000003       0.90949678927297517     
   14.220000000000001       0.90968222307941582     
   14.240000000000000       0.90996907604910560     
   14.260000000000002       0.90999317726220019     
   14.280000000000003       0.90986284111471682     
   14.300000000000001       0.91010321057996590     
   14.320000000000000       0.91049449830533102     
   14.340000000000002       0.91048164277349386     
   14.360000000000001       0.91092548736077039     
   14.380000000000001       0.91087069846086011     
   14.400000000000000       0.91131530907726943     
   14.420000000000002       0.91133181954047870     
   14.440000000000001       0.91112004386520962     
   14.459999999999999       0.91139317468844760     
   14.480000000000000       0.91129648331821866     
   14.500000000000002       0.91123287615544157     
   14.520000000000001       0.91176347663376545     
   14.540000000000003       0.91132079284275569     
   14.560000000000000       0.91102476480688743     
   14.580000000000002       0.91070279105566732     
   14.600000000000001       0.91072158148715787     
   14.620000000000003       0.91078445495702431     
   14.640000000000001       0.91101913867661388     
   14.660000000000002       0.91107336866007860     
   14.680000000000001       0.91080230526262218     
   14.700000000000003       0.91078067788059902     
   14.720000000000001       0.91073899949313386     
   14.740000000000000       0.91094636192565792     
   14.760000000000002       0.91055953177349458     
   14.780000000000003       0.91071140353808755     
   14.800000000000001       0.91036161674241589     
   14.820000000000000       0.91044269552721890     
   14.840000000000002       0.91052629660106055     
   14.860000000000003       0.91006294014789146     
   14.880000000000001       0.90978624580955836     
   14.900000000000000       0.91014972279676765     
   14.920000000000002       0.91013436716055662     
   14.940000000000003       0.91014501695342498     
   14.960000000000001       0.91017915268868677     
   14.980000000000000       0.91039308213296577     
   15.000000000000002       0.91028976457135380     
   15.020000000000003       0.91002875593187105     
   15.040000000000001       0.90958661044513467     
   15.060000000000000       0.90952262141715379     
   15.080000000000002       0.90950663496578599     
   15.100000000000001       0.90948178472261365     
   15.119999999999999       0.90936978012186120     
   15.140000000000001       0.90950933562136271     
   15.160000000000002       0.90979644718336639     
   15.180000000000001       0.90936572911502012     
   15.199999999999999       0.90951853492301560     
   15.220000000000001       0.90959397756647908     
   15.240000000000002       0.90951187892782182     
   15.260000000000002       0.90948267750790746     
   15.279999999999999       0.90945363109132937     
   15.300000000000001       0.90937182411563156     
   15.320000000000002       0.90890762613559706     
   15.340000000000002       0.90906618086841540     
   15.359999999999999       0.90875019881263075     
   15.380000000000001       0.90823334228013719     
   15.400000000000002       0.90813660065397961     
   15.420000000000002       0.90805319470413304     
   15.440000000000003       0.90797668519849795     
   15.460000000000001       0.90841861248944700     
   15.480000000000000       0.90787381506153919     
   15.500000000000002       0.90773505754130945     
   15.520000000000003       0.90762191799009762     
   15.540000000000001       0.90738482289431921     
   15.560000000000000       0.90737892638850148     
   15.580000000000002       0.90736711883098109     
   15.600000000000003       0.90730034152068584     
   15.620000000000001       0.90779210728055637     
   15.640000000000001       0.90810486586313055     
   15.660000000000002       0.90845911656378853     
   15.680000000000003       0.90784423985120266     
   15.700000000000001       0.90806107979069983     
   15.720000000000001       0.90807102081788793     
   15.740000000000002       0.90798237233463219     
   15.760000000000002       0.90819516020569790     
   15.780000000000001       0.90854879139667044     
   15.800000000000001       0.90844868181889726     
   15.820000000000002       0.90873119581963147     
   15.840000000000002       0.90868053636559032     
   15.859999999999999       0.90883142114311122     
   15.880000000000001       0.90866693646016716     
   15.900000000000002       0.90849557117331492     
   15.920000000000002       0.90887781111853150     
   15.940000000000000       0.90904609281055748     
   15.960000000000001       0.90936962740000926     
   15.980000000000002       0.90930105065424416     
   16.000000000000004       0.90946928309594699     
   16.020000000000000       0.90914492585728568     
   16.039999999999999       0.90883810486831662     
   16.060000000000002       0.90842111183189667     
   16.080000000000002       0.90835014740368425     
   16.100000000000001       0.90858914714885619     
   16.120000000000001       0.90827497744892027     
   16.140000000000001       0.90819022708628327     
   16.160000000000004       0.90844097258496803     
   16.180000000000000       0.90813297815151151     
   16.199999999999999       0.90833784206908419     
   16.220000000000002       0.90802236059946662     
   16.240000000000002       0.90822969966899114     
   16.260000000000002       0.90858139385573145     
   16.280000000000001       0.90812963930243873     
   16.300000000000001       0.90799076044262905     
   16.320000000000000       0.90799959922594753     
   16.340000000000003       0.90795758392245374     
   16.359999999999999       0.90777905999528452     
   16.380000000000003       0.90813165701839460     
   16.400000000000002       0.90838434583464134     
   16.420000000000002       0.90830534970678856     
   16.440000000000001       0.90846296114707226     
   16.460000000000001       0.90876842187079110     
   16.480000000000000       0.90861709670278001     
   16.500000000000004       0.90874940965640960     
   16.520000000000000       0.90884464478023252     
   16.540000000000003       0.90890591262017095     
   16.560000000000002       0.90907392953421728     
   16.580000000000002       0.90873579084388878     
   16.600000000000001       0.90889985677961482     
   16.620000000000001       0.90871092314179225     
   16.640000000000001       0.90877422186723145     
   16.660000000000004       0.90852011454623749     
   16.680000000000000       0.90833229205700805     
   16.699999999999999       0.90790478608129765     
   16.720000000000002       0.90819879222839084     
   16.740000000000002       0.90812692569814613     
   16.760000000000002       0.90848335468082331     
   16.780000000000001       0.90815906633159016     
   16.800000000000001       0.90786960908046643     
   16.820000000000004       0.90842332581535046     
   16.840000000000000       0.90870087143157108     
   16.859999999999999       0.90846007087062886     
   16.880000000000003       0.90858440006141516     
   16.900000000000002       0.90809506476033675     
   16.920000000000002       0.90764646567807417     
   16.940000000000001       0.90780417517220668     
   16.960000000000001       0.90784700416102337     
   16.980000000000004       0.90777380891453663     
   17.000000000000000       0.90787577458658575     
   17.020000000000000       0.90728890781531024     
   17.040000000000003       0.90718228717411731     
   17.060000000000002       0.90747568676084434     
   17.080000000000002       0.90784702576097664     
   17.100000000000001       0.90834469686091379     
   17.120000000000001       0.90852470945438346     
   17.140000000000001       0.90845483309217201     
   17.160000000000004       0.90858414349426753     
   17.180000000000000       0.90878029463548649     
   17.200000000000003       0.90869556464034595     
   17.220000000000002       0.90835408862163547     
   17.240000000000002       0.90801986522219780     
   17.260000000000002       0.90781001940288697     
   17.280000000000001       0.90802060410222185     
   17.300000000000001       0.90805979499034384     
   17.320000000000004       0.90802372623269478     
   17.340000000000000       0.90791679748360599     
   17.360000000000003       0.90780806190092755     
   17.380000000000003       0.90834948740935595     
   17.400000000000002       0.90815451555421933     
   17.420000000000002       0.90797089100945649     
   17.440000000000001       0.90835434331573583     
   17.460000000000001       0.90847588796986800     
   17.480000000000004       0.90867830405027505     
   17.500000000000000       0.90902493350027669     
   17.520000000000000       0.90875455060632870     
   17.540000000000003       0.90888556691916200     
   17.560000000000002       0.90911070910755298     
   17.580000000000002       0.90922522020989893     
   17.600000000000001       0.90847713117464424     
   17.620000000000001       0.90857576553144315     
   17.640000000000004       0.90862500945617430     
   17.660000000000000       0.90893363320363474     
   17.680000000000000       0.90902807011455222     
   17.700000000000003       0.90915143830772982     
   17.720000000000002       0.90909502803782960     
   17.740000000000002       0.90883196366248686     
   17.760000000000002       0.90900125100162643     
   17.780000000000001       0.90923571999973118     
   17.800000000000001       0.90943502639282958     
   17.820000000000000       0.90974439375083171     
   17.840000000000000       0.90970189862980166     
   17.860000000000003       0.90979977069189588     
   17.880000000000003       0.90925488491755624     
   17.899999999999999       0.90909882131661057     
   17.920000000000002       0.90932567895858551     
   17.940000000000001       0.90915472753102500     
   17.960000000000001       0.90887569381191791     
   17.980000000000004       0.90858245204116173     
   18.000000000000000       0.90840424775977302     
   18.020000000000003       0.90817402227248289     
   18.040000000000003       0.90799443973040739     
   18.060000000000002       0.90805749641966682     
   18.080000000000002       0.90800513901960134     
   18.100000000000001       0.90800017475145811     
   18.120000000000001       0.90720496931069905     
   18.140000000000004       0.90723594583738121     
   18.160000000000000       0.90723724457278754     
   18.180000000000000       0.90756031573771945     
   18.200000000000003       0.90715773183384574     
   18.220000000000002       0.90710417066449123     
   18.240000000000002       0.90735834927876369     
   18.260000000000002       0.90710352437007458     
   18.280000000000001       0.90703840574891437     
   18.300000000000004       0.90672382528906403     
   18.320000000000000       0.90711222752199971     
   18.340000000000000       0.90716631583188223     
   18.360000000000003       0.90711887470983366     
   18.380000000000003       0.90712450847305803     
   18.400000000000002       0.90706626372065580     
   18.420000000000002       0.90674269750649106     
   18.440000000000001       0.90643306117044375     
   18.460000000000001       0.90612076426452692     
   18.480000000000000       0.90648362063505006     
   18.500000000000000       0.90627208216116528     
   18.520000000000003       0.90655448167290320     
   18.540000000000003       0.90669219310701410     
   18.559999999999999       0.90716353919190895     
   18.580000000000002       0.90692245891766599     
   18.600000000000001       0.90709193468800908     
   18.620000000000001       0.90713775212973946     
   18.640000000000001       0.90674432612143463     
   18.660000000000000       0.90698628005749038     
   18.680000000000003       0.90693199783227829     
   18.700000000000003       0.90673054429478939     
   18.719999999999999       0.90705536386350938     
   18.740000000000002       0.90730652002338064     
   18.760000000000002       0.90728184464732253     
   18.780000000000001       0.90667475664130781     
   18.800000000000004       0.90681887876464518     
   18.820000000000000       0.90699711039195374     
   18.840000000000000       0.90732222354035852     
   18.860000000000003       0.90715677201061373     
   18.880000000000003       0.90741389391644101     
   18.900000000000002       0.90744833905338096     
   18.920000000000002       0.90702860126958007     
   18.940000000000001       0.90725486597801919     
   18.960000000000004       0.90678281514568460     
   18.980000000000000       0.90699560601263673     
   19.000000000000000       0.90685579698217411     
   19.020000000000003       0.90674954974073896     
   19.040000000000003       0.90716986491093377     
   19.060000000000002       0.90719653292403979     
   19.080000000000002       0.90753106999511657     
   19.100000000000001       0.90716631936360625     
   19.120000000000001       0.90700323285981921     
   19.140000000000001       0.90705124638851919     
   19.160000000000000       0.90732587345022331     
   19.180000000000003       0.90715169762771308     
   19.200000000000003       0.90747987896110249     
   19.219999999999999       0.90677558619368015     
   19.240000000000002       0.90641228122467599     
   19.260000000000002       0.90635785839380401     
   19.280000000000001       0.90588891988620968     
   19.300000000000001       0.90579504281162804     
   19.320000000000000       0.90561039253348541     
   19.340000000000003       0.90570282352089670     
   19.360000000000003       0.90590376253273031     
   19.379999999999999       0.90588419534202480     
   19.400000000000002       0.90607974126395019     
   19.420000000000002       0.90626856727630423     
   19.440000000000001       0.90676252094283549     
   19.460000000000001       0.90748043509436283     
   19.480000000000000       0.90727238493349427     
   19.500000000000000       0.90745687827059252     
   19.520000000000003       0.90741432710086078     
   19.539999999999999       0.90754440320923591     
   19.560000000000002       0.90751721760882698     
   19.580000000000002       0.90738475433131238     
   19.600000000000001       0.90765005586961833     
   19.620000000000001       0.90692493698923538     
   19.640000000000001       0.90699080080032579     
   19.660000000000000       0.90722709113276501     
   19.680000000000003       0.90718820156957303     
   19.700000000000003       0.90712912021126435     
   19.720000000000002       0.90701906562376755     
   19.740000000000002       0.90674934953714470     
   19.760000000000002       0.90627264325830659     
   19.780000000000005       0.90624873507129722     
   19.800000000000001       0.90610782358905451     
   19.820000000000000       0.90570749997057576     
   19.840000000000003       0.90619080254210382     
   19.860000000000003       0.90602881944506186     
   19.879999999999999       0.90639106517747825     
   19.900000000000002       0.90619080952811493     
   19.920000000000002       0.90647086341960748     
   19.940000000000001       0.90663293234220399     
   19.960000000000001       0.90661855960246684     
