   0.0000000000000000       0.99999999999992684     
   2.0000000000000000E-002  0.97515110971692176     
   4.0000000000000001E-002  0.93115781449364310     
   5.9999999999999998E-002  0.99964813751615333     
   8.0000000000000002E-002  0.99949919405966170     
  0.10000000000000002       0.99941682595759662     
  0.12000000000000000       0.99925688432210868     
  0.14000000000000001       0.99910683715319792     
  0.16000000000000000       0.99899028133813350     
  0.18000000000000002       0.99898011508191287     
  0.20000000000000004       0.99883876810196492     
  0.22000000000000000       0.99855642728215022     
  0.23999999999999999       0.99844678166660394     
  0.26000000000000001       0.99834587414466347     
  0.28000000000000003       0.99808142630240460     
  0.30000000000000004       0.99798981549622712     
  0.32000000000000001       0.99781458858104910     
  0.34000000000000002       0.99777608885759805     
  0.36000000000000004       0.99756670103897793     
  0.38000000000000000       0.99731350957801457     
  0.40000000000000008       0.99723500057276870     
  0.42000000000000004       0.99693603809423770     
  0.44000000000000000       0.99659665450221235     
  0.46000000000000002       0.99652018037348788     
  0.47999999999999998       0.99619380593320439     
  0.50000000000000011       0.99599868906776534     
  0.52000000000000002       0.99578910351056726     
  0.54000000000000004       0.99542568888001370     
  0.56000000000000005       0.99486898455664541     
  0.57999999999999996       0.99455076798595476     
  0.60000000000000009       0.99412102700350202     
  0.62000000000000011       0.99367067266331610     
  0.64000000000000001       0.99341118712523802     
  0.66000000000000003       0.99354818537888967     
  0.68000000000000005       0.99328431676090823     
  0.70000000000000007       0.99310557226567830     
  0.72000000000000008       0.99310919206136572     
  0.74000000000000010       0.99288108473239467     
  0.76000000000000001       0.99265309015577619     
  0.78000000000000003       0.99197913726812692     
  0.80000000000000016       0.99141797246346919     
  0.82000000000000006       0.99128350841192259     
  0.84000000000000008       0.99094932968799332     
  0.86000000000000010       0.99094392009013732     
  0.88000000000000000       0.99076564491789831     
  0.90000000000000002       0.99045908442013220     
  0.92000000000000004       0.99028180772623930     
  0.94000000000000006       0.99022244386491820     
  0.95999999999999996       0.98998389680323384     
  0.98000000000000020       0.98963012029015807     
   1.0000000000000002       0.98935035196939536     
   1.0200000000000000       0.98908948693956134     
   1.0400000000000000       0.98911393564116334     
   1.0600000000000001       0.98816727281359218     
   1.0800000000000001       0.98785157018456926     
   1.1000000000000001       0.98768023856666609     
   1.1200000000000001       0.98732088296522946     
   1.1400000000000001       0.98736828635737472     
   1.1599999999999999       0.98676587672101579     
   1.1800000000000002       0.98690412325420240     
   1.2000000000000002       0.98680966710337348     
   1.2200000000000002       0.98610070959213447     
   1.2400000000000002       0.98569968824598342     
   1.2600000000000002       0.98544069797690903     
   1.2800000000000000       0.98541557576352701     
   1.3000000000000000       0.98559995009794799     
   1.3200000000000001       0.98563534757763371     
   1.3400000000000001       0.98545137425124507     
   1.3600000000000001       0.98519343472188625     
   1.3800000000000001       0.98447131969323254     
   1.4000000000000001       0.98452230522534045     
   1.4200000000000002       0.98420665000328078     
   1.4400000000000002       0.98376041605059072     
   1.4600000000000002       0.98341325999689577     
   1.4800000000000002       0.98314477467773032     
   1.5000000000000002       0.98297494345940817     
   1.5200000000000000       0.98266724481066026     
   1.5400000000000000       0.98249374030592662     
   1.5600000000000001       0.98184398571897924     
   1.5800000000000001       0.98156411876402760     
   1.6000000000000003       0.98125720658787974     
   1.6200000000000001       0.98095331977773970     
   1.6400000000000001       0.98096678509119717     
   1.6600000000000001       0.98058656566711511     
   1.6800000000000002       0.98012793810294974     
   1.7000000000000002       0.98002587051554579     
   1.7200000000000002       0.97970364625388517     
   1.7400000000000002       0.97949886771227035     
   1.7600000000000000       0.97935023277120126     
   1.7800000000000000       0.97887455275621582     
   1.8000000000000000       0.97905803331336572     
   1.8200000000000001       0.97861971397259928     
   1.8400000000000001       0.97827455353625736     
   1.8600000000000001       0.97835816257735897     
   1.8800000000000001       0.97806304525471821     
   1.8999999999999999       0.97762572099226674     
   1.9199999999999999       0.97788808061886590     
   1.9400000000000004       0.97756826254161022     
   1.9600000000000004       0.97691364703795003     
   1.9800000000000002       0.97601515139499528     
   2.0000000000000004       0.97593432668132951     
   2.0200000000000005       0.97546929673723659     
   2.0400000000000000       0.97505635017776293     
   2.0600000000000001       0.97552858289892153     
   2.0800000000000001       0.97522146059615045     
   2.1000000000000001       0.97474719865601767     
   2.1200000000000001       0.97450080197001299     
   2.1400000000000001       0.97423820214167611     
   2.1600000000000001       0.97358973827704720     
   2.1800000000000002       0.97274695906227227     
   2.2000000000000002       0.97239913706633596     
   2.2200000000000002       0.97224366720689070     
   2.2400000000000002       0.97165104007979131     
   2.2600000000000002       0.97102291137711405     
   2.2800000000000002       0.97100937121425301     
   2.3000000000000003       0.97054924624268801     
   2.3199999999999998       0.97022341928186795     
   2.3399999999999999       0.97018415079158693     
   2.3600000000000003       0.96980778575151161     
   2.3800000000000003       0.96914882807789782     
   2.4000000000000004       0.96923033117606772     
   2.4200000000000004       0.96941760867589144     
   2.4400000000000004       0.96891672588399413     
   2.4600000000000004       0.96848353378637442     
   2.4800000000000004       0.96817069643379250     
   2.5000000000000004       0.96770767029386484     
   2.5200000000000005       0.96770331024631051     
   2.5400000000000000       0.96794361018957986     
   2.5600000000000001       0.96788777099165668     
   2.5800000000000001       0.96717488655429329     
   2.6000000000000001       0.96625162342839122     
   2.6200000000000001       0.96596491017538444     
   2.6400000000000001       0.96526308611763856     
   2.6600000000000001       0.96548458236952450     
   2.6800000000000002       0.96519946777281895     
   2.7000000000000002       0.96558436953785098     
   2.7200000000000002       0.96502770580808650     
   2.7400000000000002       0.96486425507190654     
   2.7600000000000002       0.96489984117642458     
   2.7800000000000002       0.96492720389731457     
   2.8000000000000003       0.96488669389074566     
   2.8200000000000003       0.96481214050603981     
   2.8400000000000003       0.96472191502492499     
   2.8600000000000003       0.96387169190354016     
   2.8800000000000003       0.96344459933477300     
   2.9000000000000004       0.96335242951917865     
   2.9200000000000004       0.96317629871762689     
   2.9400000000000004       0.96313933008402708     
   2.9600000000000004       0.96273670023231350     
   2.9800000000000004       0.96293810921046918     
   3.0000000000000004       0.96307879295227306     
   3.0200000000000000       0.96248195498839928     
   3.0400000000000000       0.96189447288431074     
   3.0600000000000001       0.96182117509767562     
   3.0800000000000001       0.96138547791277706     
   3.1000000000000001       0.96111623497756504     
   3.1200000000000001       0.96109927663619477     
   3.1400000000000001       0.96093863687163539     
   3.1600000000000001       0.96084921253315536     
   3.1800000000000002       0.96050504978645079     
   3.2000000000000006       0.96020510525808345     
   3.2200000000000006       0.96038026033645396     
   3.2400000000000002       0.96039009046758128     
   3.2600000000000002       0.95958655602108933     
   3.2800000000000002       0.95933618028481216     
   3.3000000000000003       0.95864740376558444     
   3.3200000000000003       0.95856966434428437     
   3.3400000000000003       0.95816008275493114     
   3.3600000000000003       0.95817289915101866     
   3.3800000000000003       0.95809221947481271     
   3.4000000000000004       0.95822780694761533     
   3.4200000000000004       0.95790337118327007     
   3.4400000000000004       0.95737629273287350     
   3.4600000000000004       0.95706385324592136     
   3.4800000000000004       0.95607087850640526     
   3.5000000000000004       0.95553953405080228     
   3.5200000000000000       0.95505429943159248     
   3.5400000000000000       0.95494346457906398     
   3.5600000000000001       0.95445660967072510     
   3.5800000000000001       0.95406721861463051     
   3.6000000000000001       0.95395158828918014     
   3.6200000000000001       0.95405407301371958     
   3.6400000000000001       0.95371670945678710     
   3.6600000000000001       0.95337505895056607     
   3.6800000000000002       0.95356913734221871     
   3.7000000000000002       0.95301376894563328     
   3.7200000000000002       0.95282682239661076     
   3.7400000000000002       0.95290709875923041     
   3.7600000000000002       0.95255971970970754     
   3.7799999999999998       0.95171984060232351     
   3.7999999999999998       0.95208015074151886     
   3.8199999999999998       0.95170164388671474     
   3.8399999999999999       0.95152212759014598     
   3.8600000000000008       0.95161068845860441     
   3.8800000000000008       0.95181475876341259     
   3.9000000000000008       0.95171787162028143     
   3.9200000000000008       0.95056267156262253     
   3.9400000000000004       0.95047758406042648     
   3.9600000000000004       0.95041049627205887     
   3.9800000000000004       0.95048480362248899     
   4.0000000000000009       0.95017443422271974     
   4.0200000000000005       0.94942397052051697     
   4.0400000000000009       0.94853632602390170     
   4.0600000000000005       0.94877296497102293     
   4.0800000000000001       0.94859891479360336     
   4.1000000000000005       0.94761053873650580     
   4.1200000000000001       0.94766117914399584     
   4.1400000000000006       0.94740933094480240     
   4.1600000000000001       0.94689490607141413     
   4.1800000000000006       0.94673090948388217     
   4.2000000000000002       0.94606822412540115     
   4.2200000000000006       0.94530680570978509     
   4.2400000000000002       0.94487337456965048     
   4.2600000000000007       0.94487695674917704     
   4.2800000000000002       0.94491661065679489     
   4.3000000000000007       0.94457824640476340     
   4.3200000000000003       0.94474365373317637     
   4.3400000000000007       0.94396580033116784     
   4.3600000000000003       0.94401409980561457     
   4.3799999999999999       0.94380340969663268     
   4.4000000000000004       0.94355365594902030     
   4.4199999999999999       0.94366211655718268     
   4.4400000000000004       0.94316641607441565     
   4.4600000000000000       0.94346069643861463     
   4.4800000000000004       0.94306682853373336     
   4.5000000000000000       0.94250167286276754     
   4.5200000000000005       0.94228331613841032     
   4.5400000000000000       0.94213908057781393     
   4.5600000000000005       0.94188943717337914     
   4.5800000000000001       0.94161757156952752     
   4.6000000000000005       0.94147822994543073     
   4.6200000000000001       0.94164381327525293     
   4.6399999999999997       0.94175722491987202     
   4.6600000000000001       0.94171554768597310     
   4.6799999999999997       0.94190391601358936     
   4.7000000000000011       0.94168193150798418     
   4.7200000000000006       0.94130824372979893     
   4.7400000000000011       0.94139772511839470     
   4.7600000000000007       0.94202669733327837     
   4.7800000000000002       0.94179302209063243     
   4.8000000000000007       0.94139082563806020     
   4.8200000000000003       0.94139759369912246     
   4.8400000000000007       0.94022340174650598     
   4.8600000000000003       0.94079178252149209     
   4.8800000000000008       0.94045148552436963     
   4.9000000000000004       0.93989536296079046     
   4.9200000000000008       0.93882574293094734     
   4.9400000000000004       0.93867386193715208     
   4.9600000000000009       0.93848709109259976     
   4.9800000000000004       0.93832919546023641     
   5.0000000000000009       0.93847648902697001     
   5.0200000000000005       0.93877515047849303     
   5.0400000000000009       0.93862498013580931     
   5.0600000000000005       0.93840410902112403     
   5.0800000000000001       0.93842608287643381     
   5.1000000000000005       0.93868100822789025     
   5.1200000000000001       0.93827988674923202     
   5.1400000000000006       0.93847226931346850     
   5.1600000000000001       0.93817174408464310     
   5.1800000000000006       0.93877957320542227     
   5.2000000000000002       0.93791556954343758     
   5.2200000000000006       0.93685703718909441     
   5.2400000000000002       0.93698194717783223     
   5.2600000000000007       0.93683454819169198     
   5.2800000000000002       0.93691113591006636     
   5.3000000000000007       0.93647302062387738     
   5.3200000000000003       0.93559545865181848     
   5.3399999999999999       0.93540426739415894     
   5.3600000000000003       0.93574649726535897     
   5.3799999999999999       0.93541014780882437     
   5.4000000000000004       0.93470516302170326     
   5.4199999999999999       0.93561373113100421     
   5.4400000000000004       0.93562849018540184     
   5.4600000000000000       0.93548975113397226     
   5.4800000000000004       0.93530108210264518     
   5.5000000000000000       0.93404122885481755     
   5.5200000000000005       0.93406359859266164     
   5.5400000000000000       0.93385677140348566     
   5.5600000000000005       0.93367656657973386     
   5.5800000000000010       0.93325454301133104     
   5.6000000000000005       0.93333789367398845     
   5.6200000000000010       0.93301721378815894     
   5.6400000000000006       0.93305727169351016     
   5.6600000000000010       0.93326113565729540     
   5.6800000000000006       0.93291718253876332     
   5.7000000000000011       0.93273801693291569     
   5.7200000000000006       0.93279915675279590     
   5.7400000000000011       0.93342629549841272     
   5.7600000000000007       0.93343151692277093     
   5.7800000000000002       0.93344234351954769     
   5.8000000000000007       0.93269647610798534     
   5.8200000000000003       0.93243213877591280     
   5.8400000000000007       0.93249193517284423     
   5.8600000000000003       0.93182044275948028     
   5.8800000000000008       0.93176194875769014     
   5.9000000000000004       0.93159079410161139     
   5.9200000000000008       0.93127399027061819     
   5.9400000000000004       0.93149313452081239     
   5.9600000000000009       0.93133360401867327     
   5.9800000000000004       0.93189706648874848     
   6.0000000000000009       0.93185367659857443     
   6.0200000000000005       0.93159520815173968     
   6.0400000000000000       0.93094894007478701     
   6.0600000000000005       0.93144844700361795     
   6.0800000000000001       0.93151138714052473     
   6.1000000000000005       0.93144967070119311     
   6.1200000000000001       0.93122563404839143     
   6.1400000000000006       0.93165482538729427     
   6.1600000000000001       0.93130958796407537     
   6.1800000000000006       0.93136895235562245     
   6.2000000000000002       0.93097543217815759     
   6.2200000000000006       0.93020453199398512     
   6.2400000000000002       0.93030216205429750     
   6.2600000000000007       0.93041422557729547     
   6.2800000000000002       0.93026392125301849     
   6.2999999999999998       0.93004997122821953     
   6.3200000000000003       0.92958075855361055     
   6.3399999999999999       0.92952219193839869     
   6.3600000000000003       0.92923721314433938     
   6.3799999999999999       0.92939128129521054     
   6.4000000000000012       0.92954802681667115     
   6.4200000000000008       0.93013878064908673     
   6.4400000000000013       0.93049633118657205     
   6.4600000000000000       0.93092491236632269     
   6.4800000000000004       0.93094795073395376     
   6.5000000000000000       0.93083979213623991     
   6.5200000000000005       0.93088808672304835     
   6.5400000000000000       0.93007604417306755     
   6.5600000000000005       0.92981779189065750     
   6.5800000000000001       0.92978772042658731     
   6.6000000000000005       0.92959171080335234     
   6.6200000000000001       0.92872646027001937     
   6.6400000000000006       0.92887474259861924     
   6.6600000000000001       0.92936751471880907     
   6.6800000000000006       0.92893432582132340     
   6.7000000000000002       0.92821120416169467     
   6.7200000000000006       0.92834253221429386     
   6.7400000000000002       0.92814817159623597     
   6.7600000000000007       0.92830776104408397     
   6.7800000000000002       0.92817514308844362     
   6.8000000000000007       0.92842105327128410     
   6.8200000000000003       0.92852788249447549     
   6.8400000000000007       0.92812678115807890     
   6.8600000000000012       0.92800293204308815     
   6.8800000000000008       0.92782429944283717     
   6.9000000000000012       0.92714017433246809     
   6.9200000000000008       0.92672128662234465     
   6.9400000000000013       0.92679720563279988     
   6.9600000000000009       0.92631682378043512     
   6.9800000000000013       0.92639159012095262     
   7.0000000000000009       0.92512193276039711     
   7.0200000000000014       0.92543383932136569     
   7.0400000000000000       0.92490967194394813     
   7.0600000000000014       0.92483488956237558     
   7.0800000000000001       0.92425019203238168     
   7.1000000000000014       0.92415802068423969     
   7.1200000000000001       0.92366372091786397     
   7.1400000000000015       0.92355422687875721     
   7.1600000000000001       0.92260475784062768     
   7.1800000000000006       0.92211692324076555     
   7.2000000000000002       0.92213608302918781     
   7.2200000000000006       0.92277760822070409     
   7.2400000000000002       0.92295510064226216     
   7.2600000000000007       0.92270903082525002     
   7.2800000000000002       0.92204070477477185     
   7.3000000000000007       0.92210655053433566     
   7.3200000000000003       0.92237776871640798     
   7.3400000000000007       0.92217726217902196     
   7.3600000000000003       0.92268838070820347     
   7.3800000000000008       0.92291056792107995     
   7.4000000000000004       0.92364530654882560     
   7.4200000000000008       0.92276189959137123     
   7.4400000000000004       0.92273600097774611     
   7.4600000000000009       0.92258625618641676     
   7.4800000000000004       0.92299680223784375     
   7.5000000000000009       0.92287275432488169     
   7.5200000000000005       0.92231967894826161     
   7.5400000000000009       0.92249555453307408     
   7.5599999999999996       0.92241809656355800     
   7.5800000000000010       0.92210130051446337     
   7.5999999999999996       0.92234086786844049     
   7.6200000000000010       0.92236670918062558     
   7.6399999999999997       0.92242638900288221     
   7.6600000000000010       0.92236524130141118     
   7.6799999999999997       0.92189108092798211     
   7.7000000000000011       0.92164562944796802     
   7.7200000000000015       0.92189654298194113     
   7.7400000000000002       0.92166916221595763     
   7.7600000000000016       0.92104833320158397     
   7.7800000000000002       0.92110331742647211     
   7.8000000000000016       0.92122226744575852     
   7.8200000000000003       0.92089544583618521     
   7.8400000000000016       0.92065172850987076     
   7.8600000000000003       0.92046069835390754     
   7.8800000000000008       0.92003936976434197     
   7.9000000000000004       0.92005076761232008     
   7.9200000000000008       0.92029626939915765     
   7.9400000000000004       0.92002454934250510     
   7.9600000000000009       0.91976149445666489     
   7.9800000000000004       0.91992932545890727     
   8.0000000000000018       0.91929069863702584     
   8.0199999999999996       0.91957232866038796     
   8.0400000000000009       0.91928999101657172     
   8.0600000000000005       0.91956987979922400     
   8.0800000000000018       0.92051947559922631     
   8.0999999999999996       0.91976876987384892     
   8.1200000000000010       0.92006364573666144     
   8.1400000000000006       0.91997108739150613     
   8.1600000000000001       0.92001614687685340     
   8.1799999999999997       0.92056925605148532     
   8.2000000000000011       0.92020833399575641     
   8.2200000000000006       0.91972581969854328     
   8.2400000000000002       0.91910895873097709     
   8.2599999999999998       0.91850660744323009     
   8.2800000000000011       0.91818384346158988     
   8.3000000000000007       0.91862919827637457     
   8.3200000000000003       0.91821991462373609     
   8.3399999999999999       0.91809244275679269     
   8.3600000000000012       0.91835832720216914     
   8.3800000000000008       0.91835319859474218     
   8.4000000000000004       0.91913920341004651     
   8.4199999999999999       0.91911457418937426     
   8.4400000000000013       0.91950451103288033     
   8.4600000000000009       0.91873615580990353     
   8.4800000000000004       0.91887342537277761     
   8.5000000000000000       0.91834729347756838     
   8.5200000000000014       0.91800619556698004     
   8.5400000000000009       0.91719497788146542     
   8.5600000000000005       0.91703537197598983     
   8.5800000000000018       0.91793653638188044     
   8.6000000000000014       0.91863958870368878     
   8.6200000000000010       0.91932748044911350     
   8.6400000000000006       0.91872191081747701     
   8.6600000000000019       0.91822161510862899     
   8.6800000000000015       0.91873989156491076     
   8.7000000000000011       0.91855672870520233     
   8.7200000000000006       0.91825476179862575     
   8.7400000000000020       0.91835580834486352     
   8.7599999999999998       0.91771070988556913     
   8.7800000000000011       0.91747680949102217     
   8.8000000000000007       0.91758821778195310     
   8.8200000000000021       0.91776462156230931     
   8.8399999999999999       0.91735387547642333     
   8.8600000000000012       0.91708066354245055     
   8.8800000000000008       0.91626508280382735     
   8.9000000000000004       0.91655406506120385     
   8.9199999999999999       0.91707517907810909     
   8.9400000000000013       0.91724689391719272     
   8.9600000000000009       0.91714376297168887     
   8.9800000000000004       0.91693727721387552     
   9.0000000000000000       0.91696746174064370     
   9.0200000000000014       0.91572867447690620     
   9.0400000000000009       0.91543764954826856     
   9.0600000000000005       0.91534698407442572     
   9.0800000000000001       0.91474879306609269     
   9.1000000000000014       0.91482709081689595     
   9.1200000000000010       0.91463052207137074     
   9.1400000000000006       0.91431448554758421     
   9.1600000000000001       0.91381668868253141     
   9.1800000000000015       0.91339585112271326     
   9.2000000000000011       0.91341598408748126     
   9.2200000000000006       0.91307130846966689     
   9.2400000000000002       0.91257643937870669     
   9.2600000000000016       0.91239425765760096     
   9.2799999999999994       0.91189328696812377     
   9.3000000000000007       0.91183638834946446     
   9.3200000000000003       0.91210301336250665     
   9.3400000000000016       0.91201793430559119     
   9.3599999999999994       0.91201715800930938     
   9.3800000000000008       0.91159539753292151     
   9.4000000000000021       0.91197655575124004     
   9.4199999999999999       0.91208155519747725     
   9.4400000000000013       0.91168524618548930     
   9.4600000000000009       0.91220016926973035     
   9.4800000000000022       0.91244000930924285     
   9.5000000000000000       0.91213245079335326     
   9.5200000000000014       0.91187021016779723     
   9.5400000000000009       0.91245187828986296     
   9.5600000000000005       0.91264987749914073     
   9.5800000000000001       0.91247015317391800     
   9.6000000000000014       0.91289056557905746     
   9.6200000000000010       0.91310734089431367     
   9.6400000000000006       0.91252551051580155     
   9.6600000000000001       0.91222089561551678     
   9.6800000000000015       0.91259267415793077     
   9.7000000000000011       0.91286517195193650     
   9.7200000000000006       0.91307346153172964     
   9.7400000000000002       0.91354261378746016     
   9.7600000000000016       0.91337299785472092     
   9.7800000000000011       0.91350850642230341     
   9.8000000000000007       0.91384635173635875     
   9.8200000000000003       0.91372983766951799     
   9.8400000000000016       0.91335895134335954     
   9.8600000000000012       0.91301173467872909     
   9.8800000000000008       0.91284892796845474     
   9.9000000000000004       0.91256923298381010     
   9.9200000000000017       0.91246896683623457     
   9.9399999999999995       0.91215996189606152     
   9.9600000000000009       0.91170308487771967     
   9.9800000000000004       0.91129526726433030     
   10.000000000000002       0.91051870582183436     
   10.020000000000000       0.91020371476249873     
   10.040000000000001       0.91084061755582313     
   10.060000000000000       0.91102792391184617     
   10.080000000000002       0.91080843056803695     
   10.100000000000000       0.91066828140769063     
   10.120000000000001       0.91082819685298821     
   10.140000000000001       0.91084001576154894     
   10.160000000000000       0.91055353762031632     
   10.180000000000000       0.91036291665112457     
   10.200000000000001       0.91012053297116546     
   10.220000000000001       0.91032823830182752     
   10.240000000000000       0.90971267165810454     
   10.260000000000002       0.91080154499523380     
   10.280000000000001       0.90972801918519941     
   10.300000000000001       0.90916152928561200     
   10.320000000000000       0.90935275843281871     
   10.340000000000002       0.90933808191645926     
   10.360000000000001       0.90984440911678643     
   10.380000000000001       0.90954000453352468     
   10.400000000000000       0.90919143581058526     
   10.420000000000002       0.90853112818366721     
   10.440000000000001       0.90904994991674681     
   10.460000000000001       0.90886389661657851     
   10.480000000000000       0.90848910608268707     
   10.500000000000002       0.90873842042353736     
   10.520000000000001       0.90909297972747594     
   10.540000000000001       0.90860855676154750     
   10.560000000000000       0.90848268602064886     
   10.580000000000002       0.90902949252493859     
   10.600000000000001       0.90957215865004382     
   10.620000000000001       0.91038880729238814     
   10.640000000000001       0.91025441355569015     
   10.660000000000002       0.91015354694223538     
   10.680000000000000       0.91030656776766627     
   10.700000000000001       0.90985109301303546     
   10.720000000000001       0.90958034468647075     
   10.740000000000002       0.90821014723718074     
   10.760000000000000       0.90824283576127496     
   10.780000000000001       0.90886403247156011     
   10.800000000000001       0.90849565696838031     
   10.820000000000000       0.90761128445775863     
   10.840000000000000       0.90747288741965926     
   10.860000000000001       0.90708856841788077     
   10.880000000000001       0.90741322268242808     
   10.900000000000000       0.90802350671678489     
   10.920000000000000       0.90806537406012544     
   10.940000000000001       0.90817881919220400     
   10.960000000000001       0.90788068601736016     
   10.980000000000000       0.90823886950978772     
   11.000000000000000       0.90777776075376349     
   11.020000000000001       0.90746688113687013     
   11.040000000000001       0.90714497933339622     
   11.060000000000000       0.90795644545934351     
   11.080000000000000       0.90746596019586157     
   11.100000000000001       0.90780147339402828     
   11.120000000000001       0.90711646547620606     
   11.140000000000001       0.90736217189023305     
   11.160000000000002       0.90757995043004536     
   11.180000000000001       0.90743724622834665     
   11.200000000000001       0.90690259642560178     
   11.220000000000001       0.90715527667202422     
   11.240000000000002       0.90672548537370001     
   11.260000000000002       0.90676645482993157     
   11.280000000000001       0.90668101199705564     
   11.300000000000001       0.90671624861648792     
   11.320000000000002       0.90636359116359377     
   11.340000000000002       0.90656273418428013     
   11.360000000000001       0.90678671759255414     
   11.380000000000001       0.90656771841261474     
   11.400000000000002       0.90677780767731642     
   11.420000000000000       0.90683452534577647     
   11.440000000000001       0.90659002131167254     
   11.460000000000001       0.90696638046156353     
   11.480000000000002       0.90626221562610632     
   11.500000000000000       0.90619404623234623     
   11.520000000000001       0.90601219546203160     
   11.540000000000001       0.90606338419943167     
   11.560000000000000       0.90597394213095483     
   11.580000000000000       0.90615009028101956     
   11.600000000000001       0.90622262332335890     
   11.620000000000001       0.90623717482383104     
   11.640000000000001       0.90609526480163627     
   11.660000000000000       0.90631301351013693     
   11.680000000000001       0.90651540665452557     
   11.700000000000001       0.90670970922213023     
   11.720000000000001       0.90622889766420012     
   11.740000000000000       0.90601346387597403     
   11.760000000000002       0.90629925589210747     
   11.780000000000001       0.90670658215202782     
   11.800000000000001       0.90675800460616096     
   11.820000000000000       0.90658780194172428     
   11.840000000000002       0.90625148650753073     
   11.860000000000001       0.90682424965989028     
   11.880000000000001       0.90661275626170079     
   11.900000000000000       0.90603691974499234     
   11.920000000000002       0.90600311142235046     
   11.940000000000000       0.90656059389748478     
   11.960000000000001       0.90656044868801855     
   11.980000000000002       0.90685860643030702     
   12.000000000000002       0.90737553711833097     
   12.020000000000001       0.90701962362367816     
   12.040000000000001       0.90711661910140229     
   12.060000000000002       0.90713595082530551     
   12.080000000000000       0.90699861585328823     
   12.100000000000001       0.90727572098825371     
   12.120000000000001       0.90711307732978752     
   12.140000000000002       0.90734044915422962     
   12.160000000000000       0.90810349568213755     
   12.180000000000001       0.90773136000708943     
   12.200000000000001       0.90749389673714353     
   12.220000000000001       0.90781149659586879     
   12.240000000000000       0.90852522000169933     
   12.260000000000002       0.90811190864603608     
   12.280000000000001       0.90817042512143253     
   12.300000000000001       0.90800735979570002     
   12.320000000000000       0.90843398649249707     
   12.340000000000002       0.90875400452220889     
   12.360000000000001       0.90859960355104452     
   12.380000000000001       0.90826281965551714     
   12.400000000000000       0.90796830622944069     
   12.420000000000002       0.90850030389493353     
   12.440000000000001       0.90804164879721261     
   12.460000000000001       0.90836340469735510     
   12.480000000000000       0.90818053712696567     
   12.500000000000002       0.90820434381214143     
   12.520000000000001       0.90795130323247197     
   12.540000000000001       0.90792816484737782     
   12.560000000000000       0.90859281917746160     
   12.580000000000002       0.90881522330048825     
   12.600000000000000       0.90878903645454079     
   12.620000000000001       0.90962500860165141     
   12.640000000000001       0.90984844037193813     
   12.660000000000002       0.91016686544252046     
   12.680000000000000       0.90950758990748182     
   12.700000000000001       0.90939477747958286     
   12.720000000000001       0.90881933429273465     
   12.740000000000002       0.90931843630323583     
   12.760000000000000       0.90946047350757531     
   12.780000000000001       0.90955806299823272     
   12.800000000000002       0.90953602827621949     
   12.820000000000000       0.90956797940398482     
   12.840000000000002       0.90993989191633262     
   12.860000000000001       0.90989429326776172     
   12.880000000000003       0.91024534674542867     
   12.900000000000000       0.91006086202467673     
   12.920000000000000       0.90993415058264582     
   12.940000000000001       0.90927079457242876     
   12.960000000000001       0.90947978466552482     
   12.980000000000002       0.90974164879152286     
   13.000000000000000       0.90992933446304136     
   13.020000000000001       0.90968689808340186     
   13.040000000000001       0.90941252858250188     
   13.060000000000002       0.90958410534878054     
   13.080000000000000       0.90963807300543509     
   13.100000000000001       0.90971563607322092     
   13.120000000000001       0.90934062676754734     
   13.140000000000002       0.90933344447998954     
   13.160000000000000       0.90917556056738724     
   13.180000000000001       0.90939595330025880     
   13.200000000000001       0.90935967429663178     
   13.220000000000002       0.90858744519482204     
   13.240000000000000       0.90815037264785892     
   13.260000000000002       0.90846714224216596     
   13.280000000000001       0.90876058330403953     
   13.300000000000002       0.90843255164157688     
   13.320000000000000       0.90804498931484834     
   13.340000000000000       0.90831871870127001     
   13.360000000000001       0.90808282758227366     
   13.380000000000003       0.90794174471244260     
   13.400000000000000       0.90806783739862074     
   13.420000000000000       0.90735027440875782     
   13.440000000000001       0.90797873834740528     
   13.460000000000003       0.90762375169253195     
   13.480000000000000       0.90775960826215274     
   13.500000000000000       0.90758062303744114     
   13.520000000000001       0.90713543639592376     
   13.540000000000003       0.90719850227702370     
   13.560000000000000       0.90752730717833840     
   13.580000000000000       0.90784122299940850     
   13.600000000000001       0.90761562414214403     
   13.620000000000003       0.90765426488696899     
   13.640000000000001       0.90782179329238510     
   13.660000000000000       0.90754819511640183     
   13.680000000000001       0.90737472210247083     
   13.700000000000001       0.90742734245888335     
   13.720000000000002       0.90673105492792105     
   13.740000000000000       0.90728104330913084     
   13.760000000000002       0.90676190678665480     
   13.780000000000001       0.90677712640487784     
   13.800000000000002       0.90655247709283027     
   13.820000000000000       0.90697278105114743     
   13.840000000000002       0.90747408873770696     
   13.860000000000001       0.90698265814143564     
   13.880000000000003       0.90686471446973449     
   13.900000000000000       0.90667068787614447     
   13.920000000000002       0.90650602362942567     
   13.940000000000001       0.90661914532171106     
   13.960000000000003       0.90643172631522084     
   13.980000000000000       0.90611617130483879     
   14.000000000000002       0.90637818600965259     
   14.020000000000001       0.90604225709227615     
   14.040000000000003       0.90590757342589701     
   14.060000000000000       0.90562577669528688     
   14.080000000000000       0.90526578385045009     
   14.100000000000001       0.90521059669606785     
   14.120000000000003       0.90530267774726925     
   14.140000000000001       0.90545103562363216     
   14.160000000000000       0.90611226563541714     
   14.180000000000001       0.90628422466990233     
   14.200000000000003       0.90578431197246190     
   14.220000000000001       0.90589121858955080     
   14.240000000000000       0.90597081550469516     
   14.260000000000002       0.90601451405520961     
   14.280000000000003       0.90553339543920441     
   14.300000000000001       0.90509851462281243     
   14.320000000000000       0.90528969368492507     
   14.340000000000002       0.90456144593275345     
   14.360000000000001       0.90452266993449271     
   14.380000000000001       0.90503218136840258     
   14.400000000000000       0.90514048595041474     
   14.420000000000002       0.90548544613859083     
   14.440000000000001       0.90555593008322977     
   14.459999999999999       0.90546741598417668     
   14.480000000000000       0.90541268695462129     
   14.500000000000002       0.90577257585095250     
   14.520000000000001       0.90629675967249113     
   14.540000000000003       0.90596293282683260     
   14.560000000000000       0.90647902264618718     
   14.580000000000002       0.90641378474198298     
   14.600000000000001       0.90621489113893006     
   14.620000000000003       0.90622698621416353     
   14.640000000000001       0.90588594188384408     
   14.660000000000002       0.90550592411893593     
   14.680000000000001       0.90541204818851406     
   14.700000000000003       0.90557376985715166     
   14.720000000000001       0.90632311136883059     
   14.740000000000000       0.90635596857901890     
   14.760000000000002       0.90578104250604807     
   14.780000000000003       0.90588641015303550     
   14.800000000000001       0.90552491269077728     
   14.820000000000000       0.90533362114355476     
   14.840000000000002       0.90628635690754422     
   14.860000000000003       0.90620109562329521     
   14.880000000000001       0.90698280929126063     
   14.900000000000000       0.90700396213665901     
   14.920000000000002       0.90702766001860413     
   14.940000000000003       0.90760632711220790     
   14.960000000000001       0.90759922695638029     
   14.980000000000000       0.90768783283603083     
   15.000000000000002       0.90738040336479231     
   15.020000000000003       0.90769538979561948     
   15.040000000000001       0.90774348683377215     
   15.060000000000000       0.90815594194614202     
   15.080000000000002       0.90783965149985524     
   15.100000000000001       0.90800171694519338     
   15.119999999999999       0.90918757065962053     
   15.140000000000001       0.90923850758027691     
   15.160000000000002       0.90858331066021969     
   15.180000000000001       0.90834140693473564     
   15.199999999999999       0.90857146206693706     
   15.220000000000001       0.90858867331631277     
   15.240000000000002       0.90869824374997765     
   15.260000000000002       0.90859973754415535     
   15.279999999999999       0.90879131194712626     
   15.300000000000001       0.90915733933141873     
   15.320000000000002       0.90966528875856145     
   15.340000000000002       0.90977242155634663     
   15.359999999999999       0.90964812693982511     
   15.380000000000001       0.90957348671065408     
   15.400000000000002       0.90955807848497827     
   15.420000000000002       0.90991255679516403     
   15.440000000000003       0.90984210527362519     
   15.460000000000001       0.90937512967484158     
   15.480000000000000       0.90927139567295634     
   15.500000000000002       0.90906238577698317     
   15.520000000000003       0.90860623460495171     
   15.540000000000001       0.90873702883761565     
   15.560000000000000       0.90908136226524772     
   15.580000000000002       0.90920607577239276     
   15.600000000000003       0.90952797833563670     
   15.620000000000001       0.90995626567117138     
   15.640000000000001       0.90998745028795125     
   15.660000000000002       0.91024464867572807     
   15.680000000000003       0.91004428799527048     
   15.700000000000001       0.91010362272594614     
   15.720000000000001       0.90969029708215898     
   15.740000000000002       0.90981748433657794     
   15.760000000000002       0.90980029780210425     
   15.780000000000001       0.91004810643595579     
   15.800000000000001       0.91034337817813848     
   15.820000000000002       0.91056449907119219     
   15.840000000000002       0.91080980793641286     
   15.859999999999999       0.91078908446478313     
   15.880000000000001       0.91083164790554216     
   15.900000000000002       0.91083575276175721     
   15.920000000000002       0.91102659915922901     
   15.940000000000000       0.91044169078291637     
   15.960000000000001       0.91052245498078521     
   15.980000000000002       0.91025874770410442     
   16.000000000000004       0.91038163550465778     
   16.020000000000000       0.90986941160564749     
   16.039999999999999       0.90931818016117394     
   16.060000000000002       0.90886427754064059     
   16.080000000000002       0.90924341995392788     
   16.100000000000001       0.90962692227625663     
   16.120000000000001       0.90922239773936997     
   16.140000000000001       0.90918603687841026     
   16.160000000000004       0.90937432545280172     
   16.180000000000000       0.90924974733162967     
   16.199999999999999       0.90867181266158026     
   16.220000000000002       0.90872884992683944     
   16.240000000000002       0.90837182974090902     
   16.260000000000002       0.90812148253463398     
   16.280000000000001       0.90777802483095116     
   16.300000000000001       0.90763372845543566     
   16.320000000000000       0.90766886068887909     
   16.340000000000003       0.90753747380549010     
   16.359999999999999       0.90758855409962069     
   16.380000000000003       0.90765536427534721     
   16.400000000000002       0.90732776625645462     
   16.420000000000002       0.90750529318335760     
   16.440000000000001       0.90742536750939873     
   16.460000000000001       0.90703467084987621     
   16.480000000000000       0.90682456132850986     
   16.500000000000004       0.90646284749262562     
   16.520000000000000       0.90699801982386996     
   16.540000000000003       0.90724243794032955     
   16.560000000000002       0.90760186280556776     
   16.580000000000002       0.90764765530253499     
   16.600000000000001       0.90771508309032944     
   16.620000000000001       0.90807354422172470     
   16.640000000000001       0.90827501747674155     
   16.660000000000004       0.90852980431032626     
   16.680000000000000       0.90901857638444494     
   16.699999999999999       0.90922531363237158     
   16.720000000000002       0.90880207535626101     
   16.740000000000002       0.90931535398653562     
   16.760000000000002       0.90950037210870183     
   16.780000000000001       0.90958850068669250     
   16.800000000000001       0.90976090044901214     
   16.820000000000004       0.90926148004079332     
   16.840000000000000       0.90942583934224330     
   16.859999999999999       0.90994779722777330     
   16.880000000000003       0.91035270635772481     
   16.900000000000002       0.91050780723606617     
   16.920000000000002       0.91070427358575579     
   16.940000000000001       0.91018864876967343     
   16.960000000000001       0.90959246640340730     
   16.980000000000004       0.90972090699466412     
   17.000000000000000       0.91026649044106123     
   17.020000000000000       0.91041878446623448     
   17.040000000000003       0.90985295346832951     
   17.060000000000002       0.90975046190276465     
   17.080000000000002       0.90884155025056901     
   17.100000000000001       0.90872837007541496     
   17.120000000000001       0.90848509735502625     
   17.140000000000001       0.90883123139885424     
   17.160000000000004       0.90853943197580522     
   17.180000000000000       0.90862913659953704     
   17.200000000000003       0.90813990380467913     
   17.220000000000002       0.90765934122057845     
   17.240000000000002       0.90719154083511055     
   17.260000000000002       0.90743635519187482     
   17.280000000000001       0.90741555985620037     
   17.300000000000001       0.90699636478393009     
   17.320000000000004       0.90763519322435837     
   17.340000000000000       0.90755403370239496     
   17.360000000000003       0.90780560852659908     
   17.380000000000003       0.90742769082835262     
   17.400000000000002       0.90703618680885523     
   17.420000000000002       0.90724486786390224     
   17.440000000000001       0.90716036584266280     
   17.460000000000001       0.90724842107298864     
   17.480000000000004       0.90749838555466700     
   17.500000000000000       0.90758152476439824     
   17.520000000000000       0.90778497933573687     
   17.540000000000003       0.90795444595530239     
   17.560000000000002       0.90827325891051880     
   17.580000000000002       0.90809137432640741     
   17.600000000000001       0.90811248514419896     
   17.620000000000001       0.90785569671950272     
   17.640000000000004       0.90794398443057434     
   17.660000000000000       0.90772647824308483     
   17.680000000000000       0.90764931210830579     
   17.700000000000003       0.90769814839763008     
   17.720000000000002       0.90755197223616413     
   17.740000000000002       0.90761062255237068     
   17.760000000000002       0.90749441898071659     
   17.780000000000001       0.90828062531516185     
   17.800000000000001       0.90848272746769032     
   17.820000000000000       0.90852553430849892     
   17.840000000000000       0.90860182774446474     
   17.860000000000003       0.90890271391490063     
   17.880000000000003       0.90848734574074330     
   17.899999999999999       0.90815242828720799     
   17.920000000000002       0.90811590541074061     
   17.940000000000001       0.90800485246099327     
   17.960000000000001       0.90864666137516781     
   17.980000000000004       0.90831467776919383     
   18.000000000000000       0.90780036439468970     
   18.020000000000003       0.90775289038134055     
   18.040000000000003       0.90752173065527986     
   18.060000000000002       0.90683658137173628     
   18.080000000000002       0.90684450921663684     
   18.100000000000001       0.90687802569830400     
   18.120000000000001       0.90681764776512208     
   18.140000000000004       0.90663120323379931     
   18.160000000000000       0.90716672001138499     
   18.180000000000000       0.90700768765822681     
   18.200000000000003       0.90713895645684095     
   18.220000000000002       0.90707259583857192     
   18.240000000000002       0.90725046539196552     
   18.260000000000002       0.90731982462189587     
   18.280000000000001       0.90742313349644832     
   18.300000000000004       0.90775269075178566     
   18.320000000000000       0.90769168710940284     
   18.340000000000000       0.90749871505226798     
   18.360000000000003       0.90698408211942261     
   18.380000000000003       0.90672828934649119     
   18.400000000000002       0.90696626976722694     
   18.420000000000002       0.90751321410839625     
   18.440000000000001       0.90699068213070622     
   18.460000000000001       0.90701405906242927     
   18.480000000000000       0.90731167502089505     
   18.500000000000000       0.90699161957575325     
   18.520000000000003       0.90739533270886130     
   18.540000000000003       0.90723645080655735     
   18.559999999999999       0.90677073745762904     
   18.580000000000002       0.90677515266701014     
   18.600000000000001       0.90708790582223664     
   18.620000000000001       0.90754034923888827     
   18.640000000000001       0.90836795559364780     
   18.660000000000000       0.90816488176674537     
   18.680000000000003       0.90793656714828208     
   18.700000000000003       0.90815169586787103     
   18.719999999999999       0.90832108268533374     
   18.740000000000002       0.90828820578545511     
   18.760000000000002       0.90778988118113879     
   18.780000000000001       0.90818052617718659     
   18.800000000000004       0.90811354420450208     
   18.820000000000000       0.90814642355485264     
   18.840000000000000       0.90750556741605559     
   18.860000000000003       0.90792935038157430     
   18.880000000000003       0.90817376927528726     
   18.900000000000002       0.90819984910139406     
   18.920000000000002       0.90808672149755787     
   18.940000000000001       0.90826779998307905     
   18.960000000000004       0.90799374121946763     
   18.980000000000000       0.90788717216507553     
   19.000000000000000       0.90780184242376105     
   19.020000000000003       0.90770847831027512     
   19.040000000000003       0.90778516598366221     
   19.060000000000002       0.90767073570417778     
   19.080000000000002       0.90808526794350697     
   19.100000000000001       0.90815015923313913     
   19.120000000000001       0.90798721114230707     
   19.140000000000001       0.90838749024079080     
   19.160000000000000       0.90855023355699882     
   19.180000000000003       0.90861496966573452     
   19.200000000000003       0.90819963488399813     
   19.219999999999999       0.90850008225824608     
   19.240000000000002       0.90845337199554799     
   19.260000000000002       0.90835404458996849     
   19.280000000000001       0.90868773477560894     
   19.300000000000001       0.90864986968779671     
   19.320000000000000       0.90889273706859441     
   19.340000000000003       0.90869188927497802     
   19.360000000000003       0.90886476493804824     
   19.379999999999999       0.90900616402076484     
   19.400000000000002       0.90863934229175614     
   19.420000000000002       0.90844017634160046     
   19.440000000000001       0.90872521172961407     
   19.460000000000001       0.90827150196276796     
   19.480000000000000       0.90832499429341551     
   19.500000000000000       0.90784470803036765     
   19.520000000000003       0.90763086168980245     
   19.539999999999999       0.90775491448178514     
   19.560000000000002       0.90784729460537150     
   19.580000000000002       0.90821594674028661     
   19.600000000000001       0.90784122721875682     
   19.620000000000001       0.90783725225921152     
   19.640000000000001       0.90751935747163048     
   19.660000000000000       0.90748050842028349     
   19.680000000000003       0.90735501823560849     
   19.700000000000003       0.90766928732952257     
   19.720000000000002       0.90744324951215782     
   19.740000000000002       0.90762918307060481     
   19.760000000000002       0.90783629713141467     
   19.780000000000005       0.90770097125022531     
   19.800000000000001       0.90760096463757312     
   19.820000000000000       0.90710196857785452     
   19.840000000000003       0.90745161255327023     
   19.860000000000003       0.90738213727476580     
   19.879999999999999       0.90698687334269457     
   19.900000000000002       0.90721984888715901     
   19.920000000000002       0.90675535609547020     
   19.940000000000001       0.90727083592798863     
   19.960000000000001       0.90718135487189266     
   19.980000000000000       0.90759408518113283     
   20.000000000000004       0.90734707814397730     
   20.020000000000003       0.90732973224929159     
   20.039999999999999       0.90729963976751005     
   20.060000000000002       0.90716449835196822     
   20.080000000000002       0.90656423391289642     
   20.100000000000001       0.90687477913237269     
   20.120000000000001       0.90688520592273492     
   20.140000000000001       0.90711779132836379     
   20.160000000000004       0.90715007600873143     
   20.180000000000003       0.90719050090298692     
   20.199999999999999       0.90712182663052265     
   20.220000000000002       0.90682978077763110     
   20.240000000000002       0.90736700991914132     
   20.260000000000002       0.90798054516610605     
   20.280000000000001       0.90766656163464654     
   20.300000000000001       0.90744001608848357     
   20.320000000000000       0.90754455273086054     
   20.340000000000003       0.90762683134811672     
   20.359999999999999       0.90738123962706230     
   20.380000000000003       0.90750432808168224     
   20.400000000000002       0.90758528567017238     
   20.420000000000002       0.90768714634601888     
   20.440000000000001       0.90745193134118596     
   20.460000000000001       0.90792867594628901     
   20.480000000000000       0.90831358099977699     
   20.500000000000004       0.90857330160811012     
   20.520000000000003       0.90822783397609275     
   20.540000000000003       0.90817654188010766     
   20.560000000000002       0.90795331428447568     
   20.580000000000002       0.90768431102978209     
   20.600000000000001       0.90780082324645262     
   20.620000000000001       0.90791299078916088     
   20.640000000000001       0.90805099088450481     
   20.660000000000004       0.90853316243800797     
   20.680000000000003       0.90886620290253028     
   20.699999999999999       0.90928089219113972     
   20.720000000000002       0.90923356052483273     
   20.740000000000002       0.90934091094686664     
   20.760000000000002       0.90892547731188167     
   20.780000000000001       0.90934666111791973     
   20.800000000000001       0.90869375635181293     
   20.820000000000004       0.90879202510502399     
   20.840000000000003       0.90850360391159879     
   20.859999999999999       0.90842203058530069     
   20.880000000000003       0.90894902591905213     
   20.900000000000002       0.90880070921795519     
   20.920000000000002       0.90826779975941752     
   20.940000000000001       0.90819648381656970     
   20.960000000000001       0.90842690309178764     
   20.980000000000000       0.90875118112299025     
   21.000000000000004       0.90859971329389699     
   21.020000000000000       0.90856793863157148     
   21.040000000000003       0.90844104770378675     
   21.060000000000002       0.90790424314537777     
   21.080000000000002       0.90763495840463693     
   21.100000000000001       0.90760947492132760     
   21.120000000000001       0.90745365248906240     
   21.140000000000001       0.90771392550271379     
   21.160000000000004       0.90856118385523044     
   21.180000000000000       0.90902801151776946     
   21.200000000000003       0.90931593232691810     
   21.220000000000002       0.90908473125187772     
   21.240000000000002       0.90951992435549578     
   21.260000000000002       0.90877034962627912     
   21.280000000000001       0.90859111351531796     
   21.300000000000001       0.90816729113244132     
   21.320000000000004       0.90779510492687654     
   21.340000000000003       0.90736399037314985     
   21.359999999999999       0.90796073001045530     
   21.380000000000003       0.90793852305183131     
   21.400000000000002       0.90816454492350351     
   21.420000000000002       0.90806961501454131     
   21.440000000000001       0.90836517931524341     
   21.460000000000001       0.90824894747478013     
   21.480000000000004       0.90792114247125788     
   21.500000000000004       0.90726071088721638     
   21.520000000000000       0.90697887399832311     
   21.540000000000003       0.90716044475729574     
   21.560000000000002       0.90795218826031743     
   21.580000000000002       0.90735641635865172     
   21.600000000000001       0.90754529449264520     
   21.620000000000001       0.90747095387422427     
   21.640000000000001       0.90786969893956992     
   21.660000000000004       0.90757284820287354     
   21.680000000000000       0.90776347834147142     
   21.700000000000003       0.90796237783577904     
   21.720000000000002       0.90799978406125104     
   21.740000000000002       0.90827091381600045     
   21.760000000000002       0.90824069075656189     
   21.780000000000001       0.90799325400526065     
   21.800000000000001       0.90813494876832823     
   21.820000000000004       0.90803652034442961     
   21.840000000000000       0.90818890112640660     
   21.860000000000003       0.90838059120361614     
   21.880000000000003       0.90791251944595497     
   21.900000000000002       0.90769055828377110     
   21.920000000000002       0.90784551226088883     
   21.940000000000001       0.90752564191473251     
   21.960000000000001       0.90738743973411895     
   21.980000000000004       0.90765765019111855     
   22.000000000000000       0.90784856781025591     
   22.020000000000000       0.90784355983819365     
   22.040000000000003       0.90801577224586960     
   22.060000000000002       0.90817386963936364     
   22.080000000000002       0.90829392427220845     
   22.100000000000001       0.90815211010455699     
   22.120000000000001       0.90784349174700874     
   22.140000000000004       0.90793830230407691     
   22.160000000000000       0.90730378582479421     
   22.180000000000000       0.90731711702495199     
   22.200000000000003       0.90755445998993278     
   22.220000000000002       0.90713954915568717     
   22.240000000000002       0.90762794504009470     
   22.260000000000002       0.90769872975881150     
   22.280000000000001       0.90722035922690014     
   22.300000000000004       0.90690638018306780     
   22.320000000000004       0.90672695203858567     
   22.340000000000000       0.90684906707358282     
   22.360000000000003       0.90650519719377065     
   22.380000000000003       0.90638540171956561     
   22.400000000000002       0.90582411735475965     
   22.420000000000002       0.90565793549490881     
   22.440000000000001       0.90537514757519932     
   22.460000000000001       0.90586364396846353     
   22.480000000000004       0.90577985573981745     
   22.500000000000000       0.90641710019983512     
   22.520000000000003       0.90628628669068767     
   22.540000000000003       0.90611260551499218     
   22.560000000000002       0.90580187324106887     
   22.580000000000002       0.90627099213503193     
   22.600000000000001       0.90587826971964036     
   22.620000000000001       0.90629583803498170     
   22.640000000000004       0.90664108028803381     
   22.660000000000000       0.90622356190296793     
   22.680000000000003       0.90580762734605302     
   22.700000000000003       0.90568140326110591     
   22.720000000000002       0.90576361998652388     
   22.740000000000002       0.90583612148046955     
   22.760000000000002       0.90621044376038773     
   22.780000000000001       0.90586235288666883     
   22.800000000000004       0.90611270573100067     
   22.820000000000000       0.90642377923788120     
   22.840000000000000       0.90683219016286132     
   22.860000000000003       0.90663985315521423     
   22.880000000000003       0.90699802987664191     
   22.900000000000002       0.90672950995025126     
   22.920000000000002       0.90707721429289845     
   22.940000000000001       0.90701770441975382     
   22.960000000000004       0.90659212391612432     
   22.980000000000000       0.90671511171849484     
   23.000000000000000       0.90643441629359023     
   23.020000000000003       0.90668854520923592     
   23.040000000000003       0.90687182531094002     
   23.060000000000002       0.90668928626016954     
   23.080000000000002       0.90649874304637612     
   23.100000000000001       0.90652265504082463     
   23.120000000000001       0.90617644048873480     
   23.140000000000004       0.90613516820959172     
   23.160000000000000       0.90620937136183199     
   23.180000000000003       0.90642931822547101     
   23.200000000000003       0.90643540978661219     
   23.220000000000002       0.90663841537995105     
   23.240000000000002       0.90667176576739217     
   23.260000000000002       0.90679910703583444     
   23.280000000000001       0.90589974211779190     
   23.300000000000004       0.90599410925966872     
   23.320000000000000       0.90603399918025895     
   23.340000000000003       0.90579710093616650     
   23.360000000000003       0.90612492238476083     
   23.380000000000003       0.90624662281576296     
   23.400000000000002       0.90691720636858442     
   23.420000000000002       0.90710253894841719     
   23.440000000000001       0.90734159254299052     
   23.460000000000004       0.90758126476224277     
   23.480000000000000       0.90806511891458508     
   23.500000000000000       0.90823678229010585     
   23.520000000000003       0.90766866279946168     
   23.540000000000003       0.90781541926983156     
   23.560000000000002       0.90790279186742484     
   23.580000000000002       0.90809372301089208     
   23.600000000000001       0.90801388361421453     
   23.620000000000005       0.90829194320186035     
   23.640000000000001       0.90805131103016834     
   23.660000000000000       0.90765796899739670     
   23.680000000000003       0.90733949051726792     
   23.700000000000003       0.90681994157890988     
   23.720000000000002       0.90666501829879631     
   23.740000000000002       0.90660179141107733     
   23.760000000000002       0.90639592490058674     
   23.780000000000001       0.90682037269775739     
   23.800000000000001       0.90775590991790045     
   23.820000000000000       0.90808730333927667     
   23.840000000000003       0.90753878506300012     
   23.860000000000003       0.90736282878492125     
   23.879999999999999       0.90683840679976491     
   23.900000000000002       0.90665134469984188     
   23.920000000000002       0.90656405336073653     
   23.940000000000001       0.90701334527777688     
   23.960000000000004       0.90703035384606812     
   23.980000000000000       0.90662654980284496     
   24.000000000000004       0.90651526789394044     
   24.020000000000003       0.90677628333367211     
   24.040000000000003       0.90693773183597881     
   24.060000000000002       0.90687131151274991     
   24.080000000000002       0.90712961533970771     
   24.100000000000001       0.90703182575945462     
   24.120000000000005       0.90698452568317134     
   24.140000000000001       0.90662558858940923     
   24.160000000000000       0.90667911112437838     
   24.180000000000003       0.90686912935383057     
   24.200000000000003       0.90717926722295616     
   24.220000000000002       0.90718180862221220     
   24.240000000000002       0.90695859661228695     
   24.260000000000002       0.90680202225462181     
   24.280000000000005       0.90715458144612404     
   24.300000000000001       0.90694417003389993     
   24.320000000000000       0.90617672594859600     
   24.340000000000003       0.90608256219791461     
   24.360000000000003       0.90610955940365134     
   24.380000000000003       0.90616488211330359     
   24.400000000000002       0.90588806670853972     
   24.420000000000002       0.90557859128455676     
   24.440000000000001       0.90557010501947588     
   24.460000000000001       0.90531382320146914     
   24.480000000000000       0.90485788312351956     
   24.500000000000004       0.90499884827245480     
   24.520000000000003       0.90492505674789858     
   24.539999999999999       0.90489961664330965     
   24.560000000000002       0.90498701171600548     
   24.580000000000002       0.90519670282367881     
   24.600000000000001       0.90592194795490910     
   24.620000000000001       0.90573518400908837     
   24.640000000000001       0.90556405047755906     
   24.660000000000004       0.90493628144359450     
   24.680000000000003       0.90472694394482644     
   24.699999999999999       0.90483839286895673     
   24.720000000000002       0.90449434092849701     
   24.740000000000002       0.90439075015587445     
   24.760000000000002       0.90410463600183977     
   24.780000000000005       0.90394232224057414     
   24.800000000000001       0.90411426787046678     
   24.820000000000000       0.90414414865387349     
   24.840000000000003       0.90395533678136486     
   24.860000000000003       0.90423269763546832     
   24.880000000000003       0.90418338535836884     
   24.900000000000002       0.90466803248630689     
   24.920000000000002       0.90389105153169258     
   24.940000000000005       0.90382966293473432     
   24.960000000000001       0.90393891934751902     
   24.980000000000000       0.90434425793231787     
   25.000000000000004       0.90418061868711608     
   25.020000000000003       0.90428228342731787     
   25.040000000000003       0.90437178640787319     
   25.060000000000002       0.90455195148836975     
   25.080000000000002       0.90469877786709552     
   25.100000000000005       0.90469966945882374     
   25.120000000000001       0.90443351311778408     
   25.140000000000001       0.90450758239393469     
   25.160000000000004       0.90449435666803113     
   25.180000000000003       0.90480953686235499     
   25.199999999999999       0.90497098985838675     
   25.220000000000002       0.90475093353054092     
   25.240000000000002       0.90478987734683580     
   25.260000000000002       0.90506836417365244     
   25.280000000000001       0.90516172880418777     
   25.300000000000001       0.90553562455470182     
   25.320000000000004       0.90569540818977945     
   25.340000000000003       0.90574355472122137     
   25.359999999999999       0.90525298475226879     
   25.380000000000003       0.90497495111909176     
   25.400000000000002       0.90507058174825594     
   25.420000000000002       0.90503854124773497     
   25.440000000000001       0.90458566115238459     
   25.460000000000001       0.90532047113581648     
   25.480000000000004       0.90573095491815325     
   25.500000000000004       0.90560634133870976     
   25.520000000000000       0.90553692515068873     
   25.540000000000003       0.90593694090617793     
   25.560000000000002       0.90617333696253921     
   25.580000000000002       0.90620456537590421     
   25.600000000000005       0.90643879691438234     
   25.620000000000001       0.90717233825727450     
   25.640000000000001       0.90712987288499802     
   25.660000000000004       0.90752465540916050     
   25.680000000000003       0.90761059146909595     
   25.700000000000003       0.90746513708677923     
   25.720000000000002       0.90736749869165012     
   25.740000000000002       0.90737775744110372     
   25.760000000000005       0.90762573785608291     
   25.780000000000001       0.90804030591284113     
   25.800000000000001       0.90804054083755892     
   25.820000000000004       0.90842873063678853     
   25.840000000000000       0.90808621520281663     
   25.860000000000003       0.90841040316876165     
   25.880000000000003       0.90856055731465568     
   25.900000000000002       0.90874007779745258     
   25.920000000000002       0.90885353341525899     
   25.940000000000005       0.90888949429239896     
   25.960000000000004       0.90854036314014197     
   25.980000000000000       0.90857629420697217     
   26.000000000000000       0.90879687938241660     
   26.020000000000000       0.90886172423950806     
   26.040000000000003       0.90829909681352905     
   26.060000000000002       0.90829376103485426     
   26.080000000000002       0.90832179538470958     
   26.100000000000005       0.90780453307085440     
   26.120000000000005       0.90795497730804486     
   26.140000000000001       0.90772473527038089     
   26.160000000000000       0.90823279283133340     
   26.180000000000000       0.90876701136303450     
   26.200000000000003       0.90867081151369489     
   26.220000000000002       0.90857301323029060     
   26.240000000000002       0.90857199295799795     
   26.260000000000005       0.90847064649069253     
   26.280000000000005       0.90825970149241331     
   26.300000000000001       0.90860576982473817     
   26.320000000000000       0.90829077050059603     
   26.340000000000000       0.90815358438943150     
   26.360000000000003       0.90766170580809213     
   26.380000000000003       0.90835091830633397     
   26.400000000000002       0.90764257548111749     
   26.420000000000005       0.90754148823181657     
   26.440000000000005       0.90751805937501051     
   26.460000000000004       0.90727772012032570     
   26.480000000000000       0.90726375042169360     
   26.500000000000000       0.90708243035948000     
   26.520000000000003       0.90651898639397899     
   26.540000000000003       0.90649717191240964     
   26.560000000000002       0.90699707250875505     
   26.580000000000002       0.90723399326997856     
   26.600000000000005       0.90724261777307580     
   26.620000000000005       0.90755144848089042     
   26.640000000000001       0.90750659253334232     
   26.660000000000000       0.90752881909957250     
   26.680000000000000       0.90740788478806966     
   26.700000000000003       0.90715687946804047     
   26.720000000000002       0.90790511241657823     
   26.740000000000002       0.90771816619176937     
   26.760000000000005       0.90739446828198012     
   26.780000000000005       0.90734803279550358     
   26.800000000000001       0.90672946935066534     
   26.820000000000000       0.90681334453106921     
   26.840000000000000       0.90694686337753105     
   26.860000000000003       0.90658584987068713     
   26.880000000000003       0.90636907189484450     
   26.900000000000002       0.90643954336332921     
   26.920000000000005       0.90643323498447537     
   26.940000000000005       0.90642169591295674     
   26.960000000000001       0.90637599080108888     
   26.980000000000000       0.90684906928207643     
   27.000000000000000       0.90713651551877861     
   27.020000000000003       0.90733096802094371     
   27.040000000000003       0.90731281739925584     
   27.060000000000002       0.90708899715032310     
   27.080000000000005       0.90633474945268278     
   27.100000000000005       0.90639348343583792     
   27.120000000000001       0.90648262124562717     
   27.140000000000001       0.90667229108870029     
   27.160000000000000       0.90723244957552629     
   27.180000000000003       0.90668579900492896     
   27.200000000000003       0.90701462215587358     
   27.220000000000002       0.90712525439157321     
   27.240000000000006       0.90747128114608056     
   27.260000000000005       0.90734148465105080     
   27.280000000000001       0.90720656091373564     
   27.300000000000001       0.90732457057869742     
   27.320000000000000       0.90720000292559488     
   27.340000000000000       0.90732712493902723     
   27.360000000000003       0.90766199558291194     
   27.380000000000003       0.90775517439690123     
   27.400000000000002       0.90767228822679213     
   27.420000000000005       0.90733542876158824     
   27.440000000000005       0.90728963547436547     
   27.460000000000001       0.90710641579135898     
   27.480000000000000       0.90714164970246514     
   27.500000000000000       0.90662324108012904     
   27.520000000000003       0.90636694238767923     
   27.540000000000003       0.90626520531580557     
   27.560000000000002       0.90632246332580457     
   27.580000000000005       0.90622673214770388     
   27.600000000000005       0.90655505019887384     
   27.620000000000001       0.90673478570865740     
   27.640000000000001       0.90663066977463880     
   27.660000000000000       0.90699139082185798     
   27.680000000000003       0.90671038415013194     
   27.700000000000003       0.90654968258534974     
   27.720000000000002       0.90634524184020704     
   27.740000000000006       0.90658427370776040     
   27.760000000000005       0.90664598001573360     
   27.780000000000001       0.90671766554791555     
   27.800000000000001       0.90671967605040626     
   27.820000000000000       0.90681668477297339     
   27.840000000000003       0.90690849397206041     
   27.860000000000003       0.90769219862583161     
   27.880000000000003       0.90781839009883802     
   27.900000000000006       0.90802147103588882     
   27.920000000000005       0.90755497573958710     
   27.940000000000001       0.90753235825232081     
   27.960000000000001       0.90688851265509762     
   27.980000000000000       0.90708379516757653     
   28.000000000000004       0.90627185613355554     
   28.020000000000003       0.90621861106269430     
   28.040000000000003       0.90633753453674581     
   28.060000000000002       0.90636572567895379     
   28.080000000000005       0.90671157616941322     
   28.099999999999998       0.90659125412886910     
   28.120000000000001       0.90685921058058372     
   28.140000000000001       0.90682919544534801     
   28.160000000000000       0.90631528440272779     
   28.180000000000003       0.90589752875826346     
   28.200000000000003       0.90591919712367786     
   28.220000000000002       0.90640298454276580     
   28.240000000000006       0.90656634836267225     
   28.260000000000005       0.90620165930705809     
   28.280000000000001       0.90620229208347480     
   28.300000000000001       0.90646710180941903     
   28.320000000000000       0.90669358661090882     
   28.340000000000003       0.90678207462429383     
   28.360000000000003       0.90705430802422271     
   28.380000000000003       0.90729021520729514     
   28.400000000000006       0.90761541890079844     
   28.420000000000005       0.90784525630556168     
   28.440000000000001       0.90785248962043930     
   28.460000000000001       0.90795045841570865     
   28.480000000000000       0.90784697752712906     
   28.500000000000004       0.90741331805655212     
   28.520000000000003       0.90744793871585938     
   28.540000000000003       0.90671938172147859     
   28.560000000000006       0.90660601117259898     
   28.580000000000005       0.90603024582438707     
   28.600000000000001       0.90617149689413035     
   28.620000000000001       0.90616508896216874     
   28.640000000000001       0.90612761009644638     
   28.660000000000004       0.90613552314557577     
   28.680000000000003       0.90599773752722179     
   28.700000000000003       0.90622061898897832     
   28.720000000000002       0.90639131174597865     
   28.740000000000006       0.90623744262891393     
   28.760000000000002       0.90594612645824601     
   28.780000000000001       0.90599002161150055     
   28.800000000000001       0.90601447105966049     
   28.820000000000000       0.90624453317035802     
   28.840000000000003       0.90635427948275304     
   28.860000000000003       0.90647606440897033     
   28.880000000000003       0.90644668436457354     
   28.900000000000006       0.90611547552553418     
   28.919999999999998       0.90616727582086931     
   28.940000000000001       0.90652945358022807     
   28.960000000000001       0.90688745129484594     
   28.980000000000000       0.90725836981918639     
   29.000000000000004       0.90718902185761141     
   29.020000000000003       0.90679101460037637     
   29.040000000000003       0.90696464579467850     
   29.060000000000006       0.90702784987312701     
   29.080000000000005       0.90732648808343563     
   29.100000000000001       0.90695133400948180     
   29.120000000000001       0.90684788704673924     
   29.140000000000001       0.90682286639705323     
   29.160000000000004       0.90630012336678756     
   29.180000000000003       0.90657643129473797     
   29.200000000000003       0.90689478330487605     
   29.220000000000006       0.90714757885951858     
   29.240000000000006       0.90721546361357452     
   29.260000000000002       0.90741364663658974     
   29.280000000000001       0.90725605764575612     
   29.300000000000001       0.90690679771104732     
   29.320000000000004       0.90637070963540645     
   29.340000000000003       0.90644107560638676     
   29.360000000000003       0.90672261977389423     
   29.380000000000006       0.90666180332840995     
   29.400000000000006       0.90656938551987898     
   29.420000000000002       0.90685290039401412     
   29.440000000000001       0.90701812530483528     
   29.460000000000001       0.90674727156695389     
   29.480000000000000       0.90683074195931257     
   29.500000000000004       0.90735228287135583     
   29.520000000000003       0.90767484644943575     
   29.540000000000003       0.90765822903926563     
   29.560000000000006       0.90747147438554498     
   29.579999999999998       0.90758400071174461     
   29.600000000000001       0.90783659419669005     
   29.620000000000001       0.90736589814744506     
   29.640000000000001       0.90692269641840539     
   29.660000000000004       0.90725802524156685     
   29.680000000000003       0.90704416749604566     
   29.700000000000003       0.90757226360251919     
   29.720000000000006       0.90812861364745334     
   29.739999999999998       0.90803994730868287     
   29.760000000000002       0.90858755596492979     
   29.780000000000001       0.90857342258954688     
   29.800000000000001       0.90848953077586159     
   29.820000000000004       0.90830655461824794     
   29.840000000000003       0.90877271136535342     
   29.860000000000003       0.90889676149545207     
   29.880000000000006       0.90888141231120934     
   29.900000000000006       0.90903744333136305     
   29.920000000000002       0.90918000050073167     
   29.940000000000001       0.90915680143032529     
   29.960000000000001       0.90921092884791510     
   29.980000000000004       0.90938436833421077     
