   0.0000000000000000       0.99999999999981792     
   2.0000000000000000E-002  0.98586431515380479     
   4.0000000000000001E-002  0.96133938945519315     
   5.9999999999999998E-002  0.99992659649645121     
   8.0000000000000002E-002  0.99991485686329362     
  0.10000000000000002       0.99988884300389802     
  0.12000000000000000       0.99987233801869368     
  0.14000000000000001       0.99985053050064421     
  0.16000000000000000       0.99982969277373046     
  0.18000000000000002       0.99981305788197528     
  0.20000000000000004       0.99980334031316309     
  0.22000000000000000       0.99978178826078257     
  0.23999999999999999       0.99974788406906645     
  0.26000000000000001       0.99971515468713057     
  0.28000000000000003       0.99969709936778850     
  0.30000000000000004       0.99965748125737031     
  0.32000000000000001       0.99962302065340469     
  0.34000000000000002       0.99959482232832741     
  0.36000000000000004       0.99959100875585138     
  0.38000000000000000       0.99955401487471007     
  0.40000000000000008       0.99953846913024413     
  0.42000000000000004       0.99950078400793696     
  0.44000000000000000       0.99946003991237176     
  0.46000000000000002       0.99942270914186115     
  0.47999999999999998       0.99940305843809640     
  0.50000000000000011       0.99936335718745339     
  0.52000000000000002       0.99933425568417766     
  0.54000000000000004       0.99929967008250020     
  0.56000000000000005       0.99926703812340478     
  0.57999999999999996       0.99924178037847999     
  0.60000000000000009       0.99921749759198430     
  0.62000000000000011       0.99917286164922403     
  0.64000000000000001       0.99913212589897649     
  0.66000000000000003       0.99911994207605381     
  0.68000000000000005       0.99909215890934189     
  0.70000000000000007       0.99905391069502114     
  0.72000000000000008       0.99904902982136301     
  0.74000000000000010       0.99901397087232968     
  0.76000000000000001       0.99894762300346052     
  0.78000000000000003       0.99891621632963867     
  0.80000000000000016       0.99887527947195631     
  0.82000000000000006       0.99882351719976048     
  0.84000000000000008       0.99877990662543159     
  0.86000000000000010       0.99873095086635000     
  0.88000000000000000       0.99869414054386996     
  0.90000000000000002       0.99867160080024719     
  0.92000000000000004       0.99863665055068163     
  0.94000000000000006       0.99861214477930316     
  0.95999999999999996       0.99855594107466750     
  0.98000000000000020       0.99854649794476513     
   1.0000000000000002       0.99851023143398920     
   1.0200000000000000       0.99846188363442234     
   1.0400000000000000       0.99841727931062252     
   1.0600000000000001       0.99837686158470262     
   1.0800000000000001       0.99831116565239131     
   1.1000000000000001       0.99827013199493975     
   1.1200000000000001       0.99824527017851483     
   1.1400000000000001       0.99823795702571805     
   1.1599999999999999       0.99821838971531329     
   1.1800000000000002       0.99818629884654619     
   1.2000000000000002       0.99814058034089481     
   1.2200000000000002       0.99807116093751758     
   1.2400000000000002       0.99800057390664643     
   1.2600000000000002       0.99795597771866740     
   1.2800000000000000       0.99792877176638306     
   1.3000000000000000       0.99790813379811338     
   1.3200000000000001       0.99782278987689077     
   1.3400000000000001       0.99774454574811666     
   1.3600000000000001       0.99769087937692602     
   1.3800000000000001       0.99764441301208628     
   1.4000000000000001       0.99755250134100804     
   1.4200000000000002       0.99749897915653296     
   1.4400000000000002       0.99738393902993050     
   1.4600000000000002       0.99737669000235163     
   1.4800000000000002       0.99732371974866385     
   1.5000000000000002       0.99728760426652074     
   1.5200000000000000       0.99719326506364925     
   1.5400000000000000       0.99715321190156359     
   1.5600000000000001       0.99712312346031617     
   1.5800000000000001       0.99709135267035820     
   1.6000000000000003       0.99707475192390171     
   1.6200000000000001       0.99696056825795643     
   1.6400000000000001       0.99687184392163630     
   1.6600000000000001       0.99681296360724414     
   1.6800000000000002       0.99677286523509701     
   1.7000000000000002       0.99676506684694943     
   1.7200000000000002       0.99673349341742179     
   1.7400000000000002       0.99664518717594697     
   1.7600000000000000       0.99660414321219581     
   1.7800000000000000       0.99657240389737689     
   1.8000000000000000       0.99651181874261052     
   1.8200000000000001       0.99642574317483190     
   1.8400000000000001       0.99639126272681278     
   1.8600000000000001       0.99630817295952145     
   1.8800000000000001       0.99631431370839341     
   1.8999999999999999       0.99620837020802211     
   1.9199999999999999       0.99615429713120118     
   1.9400000000000004       0.99610738172914137     
   1.9600000000000004       0.99605298505376849     
   1.9800000000000002       0.99605538239650082     
   2.0000000000000004       0.99599495459463649     
   2.0200000000000005       0.99593863875609823     
   2.0400000000000000       0.99587123518522969     
   2.0600000000000001       0.99581128724371193     
   2.0800000000000001       0.99569670606573202     
   2.1000000000000001       0.99561557063625916     
   2.1200000000000001       0.99551804303780134     
   2.1400000000000001       0.99546237102314850     
   2.1600000000000001       0.99541599554155946     
   2.1800000000000002       0.99536477686729963     
   2.2000000000000002       0.99531580482957582     
   2.2200000000000002       0.99523290679792231     
   2.2400000000000002       0.99520894710634134     
   2.2600000000000002       0.99514371427363879     
   2.2800000000000002       0.99509212898336552     
   2.3000000000000003       0.99507019851510936     
   2.3199999999999998       0.99498528301918976     
   2.3399999999999999       0.99492030623086358     
   2.3600000000000003       0.99485809142135273     
   2.3800000000000003       0.99486886117394047     
   2.4000000000000004       0.99483119531898778     
   2.4200000000000004       0.99476548046441515     
   2.4400000000000004       0.99469977422529043     
   2.4600000000000004       0.99462146834130039     
   2.4800000000000004       0.99456865907239267     
   2.5000000000000004       0.99453798430196116     
   2.5200000000000005       0.99448172330140661     
   2.5400000000000000       0.99443762193657570     
   2.5600000000000001       0.99434237650258506     
   2.5800000000000001       0.99429052363013148     
   2.6000000000000001       0.99416094159750279     
   2.6200000000000001       0.99416351228091770     
   2.6400000000000001       0.99415404726989831     
   2.6600000000000001       0.99404446581140360     
   2.6800000000000002       0.99398631560575901     
   2.7000000000000002       0.99389952988998376     
   2.7200000000000002       0.99381819334930499     
   2.7400000000000002       0.99369091882440674     
   2.7600000000000002       0.99365156131551813     
   2.7800000000000002       0.99365738070867393     
   2.8000000000000003       0.99362020736856815     
   2.8200000000000003       0.99353139568550830     
   2.8400000000000003       0.99347869043721726     
   2.8600000000000003       0.99349478187705131     
   2.8800000000000003       0.99351493087797715     
   2.9000000000000004       0.99344524801171097     
   2.9200000000000004       0.99333906394610205     
   2.9400000000000004       0.99328550075735333     
   2.9600000000000004       0.99320846935131701     
   2.9800000000000004       0.99313801033257554     
   3.0000000000000004       0.99306445072622629     
   3.0200000000000000       0.99297718855780737     
   3.0400000000000000       0.99289779215393448     
   3.0600000000000001       0.99287409925917658     
   3.0800000000000001       0.99287472794716591     
   3.1000000000000001       0.99284601188347876     
   3.1200000000000001       0.99279627446238405     
   3.1400000000000001       0.99274477965746011     
   3.1600000000000001       0.99269632959470311     
   3.1800000000000002       0.99273387157079673     
   3.2000000000000006       0.99276355449629716     
   3.2200000000000006       0.99269319029340441     
   3.2400000000000002       0.99269922551843337     
   3.2600000000000002       0.99261323334162699     
   3.2800000000000002       0.99257335214093123     
   3.3000000000000003       0.99253688937047513     
   3.3200000000000003       0.99247427767363439     
   3.3400000000000003       0.99244027884574659     
   3.3600000000000003       0.99243890062460471     
   3.3800000000000003       0.99241342524679110     
   3.4000000000000004       0.99237425260399925     
   3.4200000000000004       0.99229437914049923     
   3.4400000000000004       0.99222113318795979     
   3.4600000000000004       0.99217668035434103     
   3.4800000000000004       0.99211839414564962     
   3.5000000000000004       0.99205069409644964     
   3.5200000000000000       0.99196687428236596     
   3.5400000000000000       0.99189696391893267     
   3.5600000000000001       0.99182225234244104     
   3.5800000000000001       0.99171661585350046     
   3.6000000000000001       0.99168187968314325     
   3.6200000000000001       0.99160733114390187     
   3.6400000000000001       0.99160373974644167     
   3.6600000000000001       0.99146330355508616     
   3.6800000000000002       0.99141334324563946     
   3.7000000000000002       0.99135732262490095     
   3.7200000000000002       0.99127454646240398     
   3.7400000000000002       0.99121483502609442     
   3.7600000000000002       0.99110599822545087     
   3.7799999999999998       0.99098324210833744     
   3.7999999999999998       0.99093172624013459     
   3.8199999999999998       0.99085625905826147     
   3.8399999999999999       0.99085970890852226     
   3.8600000000000008       0.99075232704369187     
   3.8800000000000008       0.99069907781420863     
   3.9000000000000008       0.99063655027114472     
   3.9200000000000008       0.99050914129515311     
   3.9400000000000004       0.99044193626862254     
   3.9600000000000004       0.99036523547113298     
   3.9800000000000004       0.99039525199263112     
   4.0000000000000009       0.99033667631066169     
   4.0200000000000005       0.99023833272626138     
   4.0400000000000009       0.99017390868102406     
   4.0600000000000005       0.99013032343451557     
   4.0800000000000001       0.98998043713535122     
   4.1000000000000005       0.98991789660747020     
   4.1200000000000001       0.98992733991109649     
   4.1400000000000006       0.98985198269998087     
   4.1600000000000001       0.98976911286448555     
   4.1800000000000006       0.98972469253151396     
   4.2000000000000002       0.98957773294108520     
   4.2200000000000006       0.98947289685246942     
   4.2400000000000002       0.98937818833981728     
   4.2600000000000007       0.98936996552700252     
   4.2800000000000002       0.98926424908869937     
   4.3000000000000007       0.98921426165625348     
   4.3200000000000003       0.98916619350405122     
   4.3400000000000007       0.98907586575147866     
   4.3600000000000003       0.98899391604817355     
   4.3799999999999999       0.98898252516319207     
   4.4000000000000004       0.98889530693286720     
   4.4199999999999999       0.98884617306403344     
   4.4400000000000004       0.98883294695777657     
   4.4600000000000000       0.98880493042899797     
   4.4800000000000004       0.98879893968338295     
   4.5000000000000000       0.98870475697622873     
   4.5200000000000005       0.98868320763346473     
   4.5400000000000000       0.98868168439147153     
   4.5600000000000005       0.98865493217735134     
   4.5800000000000001       0.98855825222401750     
   4.6000000000000005       0.98849915539289290     
   4.6200000000000001       0.98841022967883962     
   4.6399999999999997       0.98832914196950628     
   4.6600000000000001       0.98833835709053564     
   4.6799999999999997       0.98826320867780337     
   4.7000000000000011       0.98820522023157975     
   4.7200000000000006       0.98809132751228934     
   4.7400000000000011       0.98810459318869492     
   4.7600000000000007       0.98797895465563779     
   4.7800000000000002       0.98795881420871301     
   4.8000000000000007       0.98790929145427253     
   4.8200000000000003       0.98790435518160180     
   4.8400000000000007       0.98787039956749445     
   4.8600000000000003       0.98781092270231929     
   4.8800000000000008       0.98779538583661064     
   4.9000000000000004       0.98770974909882592     
   4.9200000000000008       0.98760080764027958     
   4.9400000000000004       0.98764144220192063     
   4.9600000000000009       0.98760916016531719     
   4.9800000000000004       0.98753483860884828     
   5.0000000000000009       0.98751744963017773     
   5.0200000000000005       0.98741345824884152     
   5.0400000000000009       0.98738374934142625     
   5.0600000000000005       0.98738630341886457     
   5.0800000000000001       0.98736885933199303     
   5.1000000000000005       0.98734063371631087     
   5.1200000000000001       0.98731477847161553     
   5.1400000000000006       0.98728038692548103     
   5.1600000000000001       0.98722997436841420     
   5.1800000000000006       0.98722934160952680     
   5.2000000000000002       0.98727747760673279     
   5.2200000000000006       0.98731245227804321     
   5.2400000000000002       0.98720237056644422     
   5.2600000000000007       0.98713413975972786     
   5.2800000000000002       0.98711777995997474     
   5.3000000000000007       0.98712466960003931     
   5.3200000000000003       0.98701489239438067     
   5.3399999999999999       0.98689343418571585     
   5.3600000000000003       0.98688833458523517     
   5.3799999999999999       0.98688751302094191     
   5.4000000000000004       0.98690148663428157     
   5.4199999999999999       0.98688552220420567     
   5.4400000000000004       0.98677598063808036     
   5.4600000000000000       0.98663255710116504     
   5.4800000000000004       0.98655188102131475     
   5.5000000000000000       0.98644180487472255     
   5.5200000000000005       0.98634620547314333     
   5.5400000000000000       0.98627535956650758     
   5.5600000000000005       0.98621784997255635     
   5.5800000000000010       0.98621220860822834     
   5.6000000000000005       0.98616698564944272     
   5.6200000000000010       0.98620326206407938     
   5.6400000000000006       0.98617022939390042     
   5.6600000000000010       0.98611266888089044     
   5.6800000000000006       0.98606372152668131     
   5.7000000000000011       0.98603210041692435     
   5.7200000000000006       0.98601236511098433     
   5.7400000000000011       0.98604895502461110     
   5.7600000000000007       0.98599830686871648     
   5.7800000000000002       0.98601845517779840     
   5.8000000000000007       0.98596665665750338     
   5.8200000000000003       0.98591290860871450     
   5.8400000000000007       0.98595042074026384     
   5.8600000000000003       0.98590146001306112     
   5.8800000000000008       0.98591747923028250     
   5.9000000000000004       0.98591677636515873     
   5.9200000000000008       0.98585931138577942     
   5.9400000000000004       0.98577024160422733     
   5.9600000000000009       0.98579266567453183     
   5.9800000000000004       0.98578635520084879     
   6.0000000000000009       0.98569813736224299     
   6.0200000000000005       0.98567271157425362     
   6.0400000000000000       0.98567745716978805     
   6.0600000000000005       0.98558627940258126     
   6.0800000000000001       0.98560684715322133     
   6.1000000000000005       0.98560831691651651     
   6.1200000000000001       0.98561488912517348     
   6.1400000000000006       0.98561590327267845     
   6.1600000000000001       0.98559703257260900     
   6.1800000000000006       0.98556008256250971     
   6.2000000000000002       0.98548018577211949     
   6.2200000000000006       0.98544695491964651     
   6.2400000000000002       0.98539581406886467     
   6.2600000000000007       0.98528186669350692     
   6.2800000000000002       0.98526259489543622     
   6.2999999999999998       0.98524883271120234     
   6.3200000000000003       0.98517933212439768     
   6.3399999999999999       0.98519137470887030     
   6.3600000000000003       0.98514911042254427     
   6.3799999999999999       0.98514895778256506     
   6.4000000000000012       0.98508261199637304     
   6.4200000000000008       0.98506359459787241     
   6.4400000000000013       0.98506444980540508     
   6.4600000000000000       0.98500610255880261     
   6.4800000000000004       0.98494709576489092     
   6.5000000000000000       0.98482999046078057     
   6.5200000000000005       0.98479000996686650     
   6.5400000000000000       0.98472812039668156     
   6.5600000000000005       0.98464460826128286     
   6.5800000000000001       0.98461898669913184     
   6.6000000000000005       0.98456601347391171     
   6.6200000000000001       0.98451162643775536     
   6.6400000000000006       0.98453305817007020     
   6.6600000000000001       0.98445936747375296     
   6.6800000000000006       0.98443344746310357     
   6.7000000000000002       0.98430465788723775     
   6.7200000000000006       0.98421518839554722     
   6.7400000000000002       0.98411381489774774     
   6.7600000000000007       0.98409847992862143     
   6.7800000000000002       0.98405551346733777     
   6.8000000000000007       0.98398991395803825     
   6.8200000000000003       0.98392613614081270     
   6.8400000000000007       0.98389826125263879     
   6.8600000000000012       0.98388961909016948     
   6.8800000000000008       0.98383528913910812     
   6.9000000000000012       0.98375095470141694     
   6.9200000000000008       0.98371531783661847     
   6.9400000000000013       0.98366059634460512     
   6.9600000000000009       0.98363744948678977     
   6.9800000000000013       0.98369560863436967     
   7.0000000000000009       0.98364830525676294     
   7.0200000000000014       0.98365454855893908     
   7.0400000000000000       0.98363737375305649     
   7.0600000000000014       0.98356129340509035     
   7.0800000000000001       0.98351493916759214     
   7.1000000000000014       0.98344980861700515     
   7.1200000000000001       0.98341153840557749     
   7.1400000000000015       0.98334927076255374     
   7.1600000000000001       0.98323304053264982     
   7.1800000000000006       0.98321341665573969     
   7.2000000000000002       0.98319369637375498     
   7.2200000000000006       0.98308989509749589     
   7.2400000000000002       0.98301299330128700     
   7.2600000000000007       0.98305525118988502     
   7.2800000000000002       0.98299406736071704     
   7.3000000000000007       0.98303247440286645     
   7.3200000000000003       0.98298981588475831     
   7.3400000000000007       0.98292677094251013     
   7.3600000000000003       0.98294530490136944     
   7.3800000000000008       0.98289311439294014     
   7.4000000000000004       0.98287921183856997     
   7.4200000000000008       0.98286955548530697     
   7.4400000000000004       0.98288229723815745     
   7.4600000000000009       0.98275259334439269     
   7.4800000000000004       0.98272797705698611     
   7.5000000000000009       0.98264920876964001     
   7.5200000000000005       0.98255610201708421     
   7.5400000000000009       0.98259578033081596     
   7.5599999999999996       0.98250320520642709     
   7.5800000000000010       0.98241191846640719     
   7.5999999999999996       0.98239911430671711     
   7.6200000000000010       0.98231207073151638     
   7.6399999999999997       0.98226754799782412     
   7.6600000000000010       0.98216956205196571     
   7.6799999999999997       0.98215382240451621     
   7.7000000000000011       0.98211439183370330     
   7.7200000000000015       0.98206367203754052     
   7.7400000000000002       0.98200961651698204     
   7.7600000000000016       0.98196805335999338     
   7.7800000000000002       0.98190864643333120     
   7.8000000000000016       0.98183311502849535     
   7.8200000000000003       0.98184268251487261     
   7.8400000000000016       0.98182549486855664     
   7.8600000000000003       0.98177948455367081     
   7.8800000000000008       0.98173284008850203     
   7.9000000000000004       0.98165041478660897     
   7.9200000000000008       0.98161141526869811     
   7.9400000000000004       0.98160795789292898     
   7.9600000000000009       0.98151669491909965     
   7.9800000000000004       0.98151665892622619     
   8.0000000000000018       0.98146168548867407     
   8.0199999999999996       0.98144918714976070     
   8.0400000000000009       0.98139430721475329     
   8.0600000000000005       0.98140839075953168     
   8.0800000000000018       0.98141130028783952     
   8.0999999999999996       0.98143314794075454     
   8.1200000000000010       0.98132512786182358     
   8.1400000000000006       0.98119970599251882     
   8.1600000000000001       0.98129802721124726     
   8.1799999999999997       0.98132540288175840     
   8.2000000000000011       0.98124336742362139     
   8.2200000000000006       0.98124686186966315     
   8.2400000000000002       0.98131356575101925     
   8.2599999999999998       0.98127661456797322     
   8.2800000000000011       0.98128535468547251     
   8.3000000000000007       0.98119861723053758     
   8.3200000000000003       0.98115782340533164     
   8.3399999999999999       0.98107510123919250     
   8.3600000000000012       0.98097674833169790     
   8.3800000000000008       0.98102617680979598     
   8.4000000000000004       0.98096793040348151     
   8.4199999999999999       0.98095208861288541     
   8.4400000000000013       0.98088274414010157     
   8.4600000000000009       0.98085285624928331     
   8.4800000000000004       0.98070391606338747     
   8.5000000000000000       0.98062873101471992     
   8.5200000000000014       0.98064284745323405     
   8.5400000000000009       0.98062184441273836     
   8.5600000000000005       0.98054313651006542     
   8.5800000000000018       0.98059339252722366     
   8.6000000000000014       0.98050786783399058     
   8.6200000000000010       0.98053830281531629     
   8.6400000000000006       0.98049660651472093     
   8.6600000000000019       0.98044681742671624     
   8.6800000000000015       0.98048508880119478     
   8.7000000000000011       0.98051938089103274     
   8.7200000000000006       0.98045855086295619     
   8.7400000000000020       0.98044334975653236     
   8.7599999999999998       0.98036688085226598     
   8.7800000000000011       0.98040143385115985     
   8.8000000000000007       0.98035038162751897     
   8.8200000000000021       0.98035603608662114     
   8.8399999999999999       0.98035118704683633     
   8.8600000000000012       0.98036902382608582     
   8.8800000000000008       0.98032021369008215     
   8.9000000000000004       0.98024680186058122     
   8.9199999999999999       0.98022784838525945     
   8.9400000000000013       0.98018445878529858     
   8.9600000000000009       0.98014277162050056     
   8.9800000000000004       0.98008076774063280     
   9.0000000000000000       0.98011661938192207     
   9.0200000000000014       0.98005822772797180     
   9.0400000000000009       0.98003297878137929     
   9.0600000000000005       0.98005728894783550     
   9.0800000000000001       0.97999362559229797     
   9.1000000000000014       0.97988206400836242     
   9.1200000000000010       0.97994524455445842     
   9.1400000000000006       0.97994526429547879     
   9.1600000000000001       0.97990381991186770     
   9.1800000000000015       0.97987379707858002     
   9.2000000000000011       0.97981692599645154     
   9.2200000000000006       0.97965737282453014     
   9.2400000000000002       0.97960245074811103     
   9.2600000000000016       0.97968798876652530     
   9.2799999999999994       0.97967351615439258     
   9.3000000000000007       0.97963885747377355     
   9.3200000000000003       0.97960869848708043     
   9.3400000000000016       0.97964326362141185     
   9.3599999999999994       0.97960897166838512     
   9.3800000000000008       0.97967597284977181     
   9.4000000000000021       0.97965036445528708     
   9.4199999999999999       0.97967833540153082     
   9.4400000000000013       0.97956521104231176     
   9.4600000000000009       0.97948856913918769     
   9.4800000000000022       0.97953795262255039     
   9.5000000000000000       0.97951679551494930     
   9.5200000000000014       0.97952744842222417     
   9.5400000000000009       0.97956811872195726     
   9.5600000000000005       0.97957493686733910     
   9.5800000000000001       0.97957981698946073     
   9.6000000000000014       0.97956044993535030     
   9.6200000000000010       0.97951650361284537     
   9.6400000000000006       0.97946314621061925     
   9.6600000000000001       0.97950018152387908     
   9.6800000000000015       0.97953348551287345     
   9.7000000000000011       0.97957887459192039     
   9.7200000000000006       0.97950454912683094     
   9.7400000000000002       0.97952828895020716     
   9.7600000000000016       0.97952920282670475     
   9.7800000000000011       0.97955690188200895     
   9.8000000000000007       0.97960589822018918     
   9.8200000000000003       0.97958734838569950     
   9.8400000000000016       0.97961901070169277     
   9.8600000000000012       0.97954431374573070     
   9.8800000000000008       0.97948157753648879     
   9.9000000000000004       0.97940449188951806     
   9.9200000000000017       0.97942350828909042     
   9.9399999999999995       0.97938638034986980     
   9.9600000000000009       0.97933086278287829     
   9.9800000000000004       0.97926233649016181     
   10.000000000000002       0.97920378619786930     
   10.020000000000000       0.97925573087057383     
   10.040000000000001       0.97923127409293231     
   10.060000000000000       0.97918730167933610     
   10.080000000000002       0.97915527655389911     
   10.100000000000000       0.97907926230459286     
   10.120000000000001       0.97903511865462711     
   10.140000000000001       0.97900649631649339     
   10.160000000000000       0.97901863391363420     
   10.180000000000000       0.97899564179795995     
   10.200000000000001       0.97895243208327432     
   10.220000000000001       0.97889728148024713     
   10.240000000000000       0.97884772400930775     
   10.260000000000002       0.97883343182667781     
   10.280000000000001       0.97878239416234469     
   10.300000000000001       0.97874208308346533     
   10.320000000000000       0.97873634862874881     
   10.340000000000002       0.97871973919483313     
   10.360000000000001       0.97870773858077009     
   10.380000000000001       0.97865717629497961     
   10.400000000000000       0.97861051521560583     
   10.420000000000002       0.97857958683151591     
   10.440000000000001       0.97855895321080100     
   10.460000000000001       0.97860210491168509     
   10.480000000000000       0.97855598469171290     
   10.500000000000002       0.97851787879660512     
   10.520000000000001       0.97857115818058515     
   10.540000000000001       0.97858528327244054     
   10.560000000000000       0.97859411802205798     
   10.580000000000002       0.97856744552102193     
   10.600000000000001       0.97853999396347080     
   10.620000000000001       0.97848078148921958     
   10.640000000000001       0.97851934137157770     
   10.660000000000002       0.97853065661992877     
   10.680000000000000       0.97856494153377283     
   10.700000000000001       0.97855318101338729     
   10.720000000000001       0.97857661981716593     
   10.740000000000002       0.97854825615195218     
   10.760000000000000       0.97857114975672543     
   10.780000000000001       0.97857618073418340     
   10.800000000000001       0.97851905525275196     
   10.820000000000000       0.97845889752443549     
   10.840000000000000       0.97848074281047925     
   10.860000000000001       0.97843544822167461     
   10.880000000000001       0.97836148941870338     
   10.900000000000000       0.97834841891621949     
   10.920000000000000       0.97829381047430686     
   10.940000000000001       0.97836385602586051     
   10.960000000000001       0.97836634301526570     
   10.980000000000000       0.97834740430385991     
   11.000000000000000       0.97835461600638574     
   11.020000000000001       0.97837646564813441     
   11.040000000000001       0.97843560854019473     
   11.060000000000000       0.97838480042501319     
   11.080000000000000       0.97834985657758478     
   11.100000000000001       0.97834630108713028     
   11.120000000000001       0.97834859226106707     
   11.140000000000001       0.97829137181249604     
   11.160000000000002       0.97841380055304183     
   11.180000000000001       0.97837013310812582     
   11.200000000000001       0.97830047524820896     
   11.220000000000001       0.97826935715233609     
   11.240000000000002       0.97819522076208854     
   11.260000000000002       0.97818774137835696     
   11.280000000000001       0.97824283633368891     
   11.300000000000001       0.97823823996653814     
   11.320000000000002       0.97816288329527035     
   11.340000000000002       0.97819599755867748     
   11.360000000000001       0.97821786792703602     
   11.380000000000001       0.97823713065267115     
   11.400000000000002       0.97827121896777602     
   11.420000000000000       0.97829497991970582     
   11.440000000000001       0.97821035752530117     
   11.460000000000001       0.97828838371793103     
   11.480000000000002       0.97830722565858830     
   11.500000000000000       0.97829443542957017     
   11.520000000000001       0.97826180675877616     
   11.540000000000001       0.97824563512472473     
   11.560000000000000       0.97829377607142409     
   11.580000000000000       0.97832642824745131     
   11.600000000000001       0.97825504735551183     
   11.620000000000001       0.97816338445012208     
   11.640000000000001       0.97816763080253333     
   11.660000000000000       0.97810403236531762     
   11.680000000000001       0.97810122240642872     
   11.700000000000001       0.97802539863726889     
   11.720000000000001       0.97807090761517335     
   11.740000000000000       0.97803995406784305     
   11.760000000000002       0.97800112685174956     
   11.780000000000001       0.97796736896571401     
   11.800000000000001       0.97799589285615840     
   11.820000000000000       0.97799538657990648     
   11.840000000000002       0.97800150167064293     
   11.860000000000001       0.97795694952400702     
   11.880000000000001       0.97793869517865628     
   11.900000000000000       0.97789657247158635     
   11.920000000000002       0.97786123696088034     
   11.940000000000000       0.97785399499941128     
   11.960000000000001       0.97786723592226132     
   11.980000000000002       0.97789892733352413     
   12.000000000000002       0.97784631640522313     
   12.020000000000001       0.97781866454055866     
   12.040000000000001       0.97773804284305210     
   12.060000000000002       0.97766255812466030     
   12.080000000000000       0.97767065947594678     
   12.100000000000001       0.97773688394382374     
   12.120000000000001       0.97768827722415752     
   12.140000000000002       0.97761816313197447     
   12.160000000000000       0.97759817499166635     
   12.180000000000001       0.97759312377883179     
   12.200000000000001       0.97754536580582685     
   12.220000000000001       0.97750455951900495     
   12.240000000000000       0.97743028399736653     
   12.260000000000002       0.97749499954020924     
   12.280000000000001       0.97745006372953636     
   12.300000000000001       0.97740406274174418     
   12.320000000000000       0.97731698893714858     
   12.340000000000002       0.97728522770015702     
   12.360000000000001       0.97727657273688617     
   12.380000000000001       0.97725214725975906     
   12.400000000000000       0.97716179497188715     
   12.420000000000002       0.97720469054482695     
   12.440000000000001       0.97720074315394012     
   12.460000000000001       0.97715147013375958     
   12.480000000000000       0.97721892185903958     
   12.500000000000002       0.97725289071318766     
   12.520000000000001       0.97727491756233720     
   12.540000000000001       0.97728287335810959     
   12.560000000000000       0.97733220790169018     
   12.580000000000002       0.97728508335080955     
   12.600000000000000       0.97724465469626798     
   12.620000000000001       0.97727910211589364     
   12.640000000000001       0.97724209970508324     
   12.660000000000002       0.97726913620511680     
   12.680000000000000       0.97718518951308220     
   12.700000000000001       0.97715891074460592     
   12.720000000000001       0.97714521471221227     
   12.740000000000002       0.97705229835510143     
   12.760000000000000       0.97697846063464788     
   12.780000000000001       0.97697385302150141     
   12.800000000000002       0.97689461813299572     
   12.820000000000000       0.97690897418321587     
   12.840000000000002       0.97690911315845153     
   12.860000000000001       0.97687939578169281     
   12.880000000000003       0.97685835695716849     
   12.900000000000000       0.97672857364919141     
   12.920000000000000       0.97675425893065071     
   12.940000000000001       0.97668267510212392     
   12.960000000000001       0.97657501100846789     
   12.980000000000002       0.97659105133620672     
   13.000000000000000       0.97658286258530047     
   13.020000000000001       0.97654288661427235     
   13.040000000000001       0.97651328239125301     
   13.060000000000002       0.97649097722912370     
   13.080000000000000       0.97639544916405718     
   13.100000000000001       0.97640301193700874     
   13.120000000000001       0.97639117168662048     
   13.140000000000002       0.97642569532858869     
   13.160000000000000       0.97640276155431127     
   13.180000000000001       0.97636489272108462     
   13.200000000000001       0.97632319188509464     
   13.220000000000002       0.97631131929144743     
   13.240000000000000       0.97646428705024468     
   13.260000000000002       0.97641813848789738     
   13.280000000000001       0.97643566578512475     
   13.300000000000002       0.97642169442111681     
   13.320000000000000       0.97637107266886758     
   13.340000000000000       0.97638663608678167     
   13.360000000000001       0.97647186755306814     
   13.380000000000003       0.97644661939167487     
   13.400000000000000       0.97634430697666663     
   13.420000000000000       0.97631501337848914     
   13.440000000000001       0.97628481570624515     
   13.460000000000003       0.97627805654420885     
   13.480000000000000       0.97622408451841269     
   13.500000000000000       0.97620911230737251     
   13.520000000000001       0.97617019903417568     
   13.540000000000003       0.97615813708374299     
   13.560000000000000       0.97611480014370500     
   13.580000000000000       0.97614772128275329     
   13.600000000000001       0.97617282911453662     
   13.620000000000003       0.97620228694901057     
   13.640000000000001       0.97622598310316389     
   13.660000000000000       0.97624982484950085     
   13.680000000000001       0.97626804217595675     
   13.700000000000001       0.97630850511718437     
   13.720000000000002       0.97633044475012398     
   13.740000000000000       0.97633466104654509     
   13.760000000000002       0.97634215041987549     
   13.780000000000001       0.97641263016810875     
   13.800000000000002       0.97639165104241332     
   13.820000000000000       0.97647914338320096     
   13.840000000000002       0.97641765018957760     
   13.860000000000001       0.97644784844442223     
   13.880000000000003       0.97647517209512247     
   13.900000000000000       0.97646349119126585     
   13.920000000000002       0.97646121939314579     
   13.940000000000001       0.97641489857555752     
   13.960000000000003       0.97647786510635848     
   13.980000000000000       0.97652213191738668     
   14.000000000000002       0.97652748751937635     
   14.020000000000001       0.97659404790049231     
   14.040000000000003       0.97663580850319265     
   14.060000000000000       0.97659680336490706     
   14.080000000000000       0.97655252564029416     
   14.100000000000001       0.97657833844071795     
   14.120000000000003       0.97655297910151495     
   14.140000000000001       0.97657985044462170     
   14.160000000000000       0.97657506395775451     
   14.180000000000001       0.97665285910851418     
   14.200000000000003       0.97664352246975172     
   14.220000000000001       0.97669548720042443     
   14.240000000000000       0.97667484208563149     
   14.260000000000002       0.97670616755763862     
   14.280000000000003       0.97672664644191243     
   14.300000000000001       0.97667599229333768     
   14.320000000000000       0.97663159176763215     
   14.340000000000002       0.97665745053454733     
   14.360000000000001       0.97666652657946107     
   14.380000000000001       0.97664072636651167     
   14.400000000000000       0.97667385224556003     
   14.420000000000002       0.97669292886999337     
   14.440000000000001       0.97664223154565699     
   14.459999999999999       0.97661424510036410     
   14.480000000000000       0.97665580685281750     
   14.500000000000002       0.97672360396813640     
   14.520000000000001       0.97661970569806433     
   14.540000000000003       0.97658520650218417     
   14.560000000000000       0.97653396287384442     
   14.580000000000002       0.97656226872454077     
   14.600000000000001       0.97660089838455899     
   14.620000000000003       0.97661520634580778     
   14.640000000000001       0.97665340949100277     
   14.660000000000002       0.97666875147874777     
   14.680000000000001       0.97668714146453295     
   14.700000000000003       0.97671984359446329     
   14.720000000000001       0.97669002974435570     
   14.740000000000000       0.97669402250069492     
   14.760000000000002       0.97670589422915033     
   14.780000000000003       0.97661349199790093     
   14.800000000000001       0.97655678915953448     
   14.820000000000000       0.97653361604173938     
   14.840000000000002       0.97648353009503441     
   14.860000000000003       0.97651899746049131     
   14.880000000000001       0.97653935886996512     
   14.900000000000000       0.97651254277953481     
   14.920000000000002       0.97652941114607350     
   14.940000000000003       0.97662518367901174     
   14.960000000000001       0.97662405051791434     
   14.980000000000000       0.97668566766673526     
