   0.0000000000000000        1.0000000000006757     
   2.0000000000000000E-002  0.98406694065444056     
   4.0000000000000001E-002  0.95611342488510820     
   5.9999999999999998E-002  0.99990208211188414     
   8.0000000000000002E-002  0.99988087316407404     
  0.10000000000000002       0.99985397997588721     
  0.12000000000000000       0.99982352049504086     
  0.14000000000000001       0.99979749653145034     
  0.16000000000000000       0.99975982565657617     
  0.18000000000000002       0.99972604553248845     
  0.20000000000000004       0.99969938717794871     
  0.22000000000000000       0.99966430171883436     
  0.23999999999999999       0.99963015924940846     
  0.26000000000000001       0.99959195664664058     
  0.28000000000000003       0.99955606567175681     
  0.30000000000000004       0.99952575300689950     
  0.32000000000000001       0.99948959805765802     
  0.34000000000000002       0.99945861671912395     
  0.36000000000000004       0.99942207261361560     
  0.38000000000000000       0.99937426857276090     
  0.40000000000000008       0.99932527849144392     
  0.42000000000000004       0.99927981349565687     
  0.44000000000000000       0.99924005443391628     
  0.46000000000000002       0.99919969204789760     
  0.47999999999999998       0.99915365288980729     
  0.50000000000000011       0.99911021450430071     
  0.52000000000000002       0.99906522493455030     
  0.54000000000000004       0.99900417511676609     
  0.56000000000000005       0.99896229398674519     
  0.57999999999999996       0.99892003201594637     
  0.60000000000000009       0.99887815153615067     
  0.62000000000000011       0.99883437875410253     
  0.64000000000000001       0.99878619921312506     
  0.66000000000000003       0.99873519172813319     
  0.68000000000000005       0.99867744795643520     
  0.70000000000000007       0.99862546631781546     
  0.72000000000000008       0.99858097962668224     
  0.74000000000000010       0.99852715311933848     
  0.76000000000000001       0.99846415345643735     
  0.78000000000000003       0.99840889227776031     
  0.80000000000000016       0.99834602850826248     
  0.82000000000000006       0.99830497631978088     
  0.84000000000000008       0.99824885350947734     
  0.86000000000000010       0.99818275220323116     
  0.88000000000000000       0.99813251892131316     
  0.90000000000000002       0.99807170005392720     
  0.92000000000000004       0.99801124027736221     
  0.94000000000000006       0.99794959412713480     
  0.95999999999999996       0.99790137923561506     
  0.98000000000000020       0.99784935279492692     
   1.0000000000000002       0.99779195979288515     
   1.0200000000000000       0.99772937557051478     
   1.0400000000000000       0.99766902168159777     
   1.0600000000000001       0.99759454467652819     
   1.0800000000000001       0.99753001825830756     
   1.1000000000000001       0.99747269874696243     
   1.1200000000000001       0.99741232358334009     
   1.1400000000000001       0.99734285672644762     
   1.1599999999999999       0.99728258623097787     
   1.1800000000000002       0.99722793202357862     
   1.2000000000000002       0.99715967451120247     
   1.2200000000000002       0.99711117863466003     
   1.2400000000000002       0.99705176146850150     
   1.2600000000000002       0.99697026562828717     
   1.2800000000000000       0.99691324838737361     
   1.3000000000000000       0.99684221432820730     
   1.3200000000000001       0.99676794966964355     
   1.3400000000000001       0.99670327203401710     
   1.3600000000000001       0.99662947060118201     
   1.3800000000000001       0.99656470479665116     
   1.4000000000000001       0.99651199090278586     
   1.4200000000000002       0.99644738463358129     
   1.4400000000000002       0.99638680857055650     
   1.4600000000000002       0.99631328962471966     
   1.4800000000000002       0.99624437512157848     
   1.5000000000000002       0.99615544896562935     
   1.5200000000000000       0.99609606686939800     
   1.5400000000000000       0.99599070930763312     
   1.5600000000000001       0.99591343593774562     
   1.5800000000000001       0.99586329240302063     
   1.6000000000000003       0.99582140024835064     
   1.6200000000000001       0.99575000225683052     
   1.6400000000000001       0.99565152712120264     
   1.6600000000000001       0.99556118506018043     
   1.6800000000000002       0.99549446640503947     
   1.7000000000000002       0.99542296541148723     
   1.7200000000000002       0.99534381189171439     
   1.7400000000000002       0.99525918442398442     
   1.7600000000000000       0.99519849618454448     
   1.7800000000000000       0.99511197916585170     
   1.8000000000000000       0.99502375483846028     
   1.8200000000000001       0.99492955015855322     
   1.8400000000000001       0.99483511146844339     
   1.8600000000000001       0.99474030019192661     
   1.8800000000000001       0.99464582194816376     
   1.8999999999999999       0.99457829233166983     
   1.9199999999999999       0.99453308152143205     
   1.9400000000000004       0.99444727040098635     
   1.9600000000000004       0.99436405844851572     
   1.9800000000000002       0.99429954888058680     
   2.0000000000000004       0.99421808095254582     
   2.0200000000000005       0.99414431683180826     
   2.0400000000000000       0.99407187615184234     
   2.0600000000000001       0.99400032226592960     
   2.0800000000000001       0.99392523401307287     
   2.1000000000000001       0.99384190864841016     
   2.1200000000000001       0.99378509349461153     
   2.1400000000000001       0.99372305257146731     
   2.1600000000000001       0.99364491272484290     
   2.1800000000000002       0.99354614358719462     
   2.2000000000000002       0.99343828663071176     
   2.2200000000000002       0.99332768163182361     
   2.2400000000000002       0.99325178696999650     
   2.2600000000000002       0.99318533263546904     
   2.2800000000000002       0.99313604108189701     
   2.3000000000000003       0.99306437262442049     
   2.3199999999999998       0.99299079232404186     
   2.3399999999999999       0.99290708633844071     
   2.3600000000000003       0.99285179061720441     
   2.3800000000000003       0.99279946614590242     
   2.4000000000000004       0.99271226176041616     
   2.4200000000000004       0.99264460757347206     
   2.4400000000000004       0.99256169225050928     
   2.4600000000000004       0.99247273941906677     
   2.4800000000000004       0.99239300156522736     
   2.5000000000000004       0.99230104830746912     
   2.5200000000000005       0.99222798617028796     
   2.5400000000000000       0.99213971305926218     
   2.5600000000000001       0.99206632648110549     
   2.5800000000000001       0.99199192038620854     
   2.6000000000000001       0.99190253665152861     
   2.6200000000000001       0.99183523149140851     
   2.6400000000000001       0.99174595094941875     
   2.6600000000000001       0.99164242592192231     
   2.6800000000000002       0.99155132273208946     
   2.7000000000000002       0.99144515978456638     
   2.7200000000000002       0.99137631502022194     
   2.7400000000000002       0.99127463213091771     
   2.7600000000000002       0.99119111787063507     
   2.7800000000000002       0.99109125498094219     
   2.8000000000000003       0.99100822360773333     
   2.8200000000000003       0.99095341407873494     
   2.8400000000000003       0.99086479642148451     
   2.8600000000000003       0.99077652829883311     
   2.8800000000000003       0.99071661951089773     
   2.9000000000000004       0.99062363064174275     
   2.9200000000000004       0.99054062959576505     
   2.9400000000000004       0.99044266721411744     
   2.9600000000000004       0.99037439672949346     
   2.9800000000000004       0.99029904307130701     
   3.0000000000000004       0.99022669428997356     
   3.0200000000000000       0.99017269602341285     
   3.0400000000000000       0.99011161550964488     
   3.0600000000000001       0.99004460189922339     
   3.0800000000000001       0.98997313900136363     
   3.1000000000000001       0.98988646705134609     
   3.1200000000000001       0.98984903576605832     
   3.1400000000000001       0.98977634161660977     
   3.1600000000000001       0.98968882894877752     
   3.1800000000000002       0.98960001233233896     
   3.2000000000000006       0.98955837810980363     
   3.2200000000000006       0.98947373935521510     
   3.2400000000000002       0.98938445308492140     
   3.2600000000000002       0.98929515237013299     
   3.2800000000000002       0.98920260076788979     
   3.3000000000000003       0.98913945078515531     
   3.3200000000000003       0.98904884384147096     
   3.3400000000000003       0.98900173791412815     
   3.3600000000000003       0.98890840570437777     
   3.3800000000000003       0.98882876173280210     
   3.4000000000000004       0.98872582609915582     
   3.4200000000000004       0.98866358444392333     
   3.4400000000000004       0.98859608574907065     
   3.4600000000000004       0.98854114538667581     
   3.4800000000000004       0.98845739339203409     
   3.5000000000000004       0.98839297224616429     
   3.5200000000000000       0.98834665613776163     
   3.5400000000000000       0.98826166742910126     
   3.5600000000000001       0.98820871163528534     
   3.5800000000000001       0.98815175175888947     
   3.6000000000000001       0.98806841518713151     
   3.6200000000000001       0.98800017997630729     
   3.6400000000000001       0.98789082741393208     
   3.6600000000000001       0.98784072246162802     
   3.6800000000000002       0.98776397921099279     
   3.7000000000000002       0.98766548279191890     
   3.7200000000000002       0.98757394733177684     
   3.7400000000000002       0.98750109641250572     
   3.7600000000000002       0.98738081259054711     
   3.7799999999999998       0.98729106063824035     
   3.7999999999999998       0.98721464628216171     
   3.8199999999999998       0.98714659477953814     
   3.8399999999999999       0.98703454491014864     
   3.8600000000000008       0.98695062250759946     
   3.8800000000000008       0.98687472434793422     
   3.9000000000000008       0.98677454347451421     
   3.9200000000000008       0.98671919470685743     
   3.9400000000000004       0.98663671172912382     
   3.9600000000000004       0.98655851878020362     
   3.9800000000000004       0.98645741519986097     
   4.0000000000000009       0.98637780791531060     
   4.0200000000000005       0.98627549948551374     
   4.0400000000000009       0.98617705062093231     
   4.0600000000000005       0.98610901381316074     
   4.0800000000000001       0.98603241167925382     
   4.1000000000000005       0.98596399541502888     
   4.1200000000000001       0.98590985142236076     
   4.1400000000000006       0.98584831653292526     
   4.1600000000000001       0.98579142393807506     
   4.1800000000000006       0.98572137717831820     
   4.2000000000000002       0.98562998235476185     
   4.2200000000000006       0.98558364538360532     
   4.2400000000000002       0.98552868900692903     
   4.2600000000000007       0.98543730456845569     
   4.2800000000000002       0.98540317870471383     
   4.3000000000000007       0.98532790596680841     
   4.3200000000000003       0.98524979427007464     
   4.3400000000000007       0.98515004635395220     
   4.3600000000000003       0.98510213775448796     
   4.3799999999999999       0.98502073517189448     
   4.4000000000000004       0.98494423405841081     
   4.4199999999999999       0.98485274399396017     
   4.4400000000000004       0.98474492018221893     
   4.4600000000000000       0.98467739528013098     
   4.4800000000000004       0.98459525483528587     
   4.5000000000000000       0.98455863250661146     
   4.5200000000000005       0.98451907612435574     
   4.5400000000000000       0.98445036355770443     
   4.5600000000000005       0.98438948102150059     
   4.5800000000000001       0.98429940674920424     
   4.6000000000000005       0.98418237095140149     
   4.6200000000000001       0.98410902614982765     
   4.6399999999999997       0.98404642104988893     
   4.6600000000000001       0.98400294282593970     
   4.6799999999999997       0.98394241299926943     
   4.7000000000000011       0.98387401125273111     
   4.7200000000000006       0.98377895335277510     
   4.7400000000000011       0.98368017228653859     
   4.7600000000000007       0.98360012967754340     
   4.7800000000000002       0.98349718225953398     
   4.8000000000000007       0.98342035457287913     
   4.8200000000000003       0.98335139406480765     
   4.8400000000000007       0.98326348081667425     
   4.8600000000000003       0.98316455487038068     
   4.8800000000000008       0.98308410424406723     
   4.9000000000000004       0.98300692906086218     
   4.9200000000000008       0.98294956473112016     
   4.9400000000000004       0.98289550491283273     
   4.9600000000000009       0.98282737475656123     
   4.9800000000000004       0.98276547306123485     
   5.0000000000000009       0.98271131744082141     
   5.0200000000000005       0.98264418563596290     
   5.0400000000000009       0.98259270707623536     
   5.0600000000000005       0.98247802812123908     
   5.0800000000000001       0.98244065222721921     
   5.1000000000000005       0.98239508676190701     
   5.1200000000000001       0.98226995541605855     
   5.1400000000000006       0.98218360769216961     
   5.1600000000000001       0.98212727213872797     
   5.1800000000000006       0.98207479277565435     
   5.2000000000000002       0.98200636380685002     
   5.2200000000000006       0.98193520765641729     
   5.2400000000000002       0.98185230867804929     
   5.2600000000000007       0.98179853546367335     
   5.2800000000000002       0.98173856393357917     
   5.3000000000000007       0.98166007572471359     
   5.3200000000000003       0.98160041516457275     
   5.3399999999999999       0.98149082214904493     
   5.3600000000000003       0.98141910714789204     
   5.3799999999999999       0.98135105119628163     
   5.4000000000000004       0.98128644726333503     
   5.4199999999999999       0.98125176305054906     
   5.4400000000000004       0.98117575058476181     
   5.4600000000000000       0.98110814987805728     
   5.4800000000000004       0.98105218559123231     
   5.5000000000000000       0.98097512957858535     
   5.5200000000000005       0.98092766541845389     
   5.5400000000000000       0.98088950200066871     
   5.5600000000000005       0.98084600110836040     
   5.5800000000000010       0.98078124154905422     
   5.6000000000000005       0.98072368529047116     
   5.6200000000000010       0.98064300016327233     
   5.6400000000000006       0.98056887544354776     
   5.6600000000000010       0.98051525012859519     
   5.6800000000000006       0.98041402179062542     
   5.7000000000000011       0.98031616260909848     
   5.7200000000000006       0.98027349076130665     
   5.7400000000000011       0.98021133288483775     
   5.7600000000000007       0.98015689313333043     
   5.7800000000000002       0.98007295174989295     
   5.8000000000000007       0.98000773629996085     
   5.8200000000000003       0.97995301657485301     
   5.8400000000000007       0.97991785813162380     
   5.8600000000000003       0.97982861026950996     
   5.8800000000000008       0.97974509193818349     
   5.9000000000000004       0.97968252362145836     
   5.9200000000000008       0.97958297936823535     
   5.9400000000000004       0.97947610641388394     
   5.9600000000000009       0.97936968922734058     
   5.9800000000000004       0.97933020525456549     
   6.0000000000000009       0.97928505191941773     
   6.0200000000000005       0.97921130498425424     
   6.0400000000000000       0.97916191550925258     
   6.0600000000000005       0.97908325883155745     
   6.0800000000000001       0.97903284777732424     
   6.1000000000000005       0.97895903807905282     
   6.1200000000000001       0.97894804966335336     
   6.1400000000000006       0.97890222056680565     
   6.1600000000000001       0.97882640246903874     
   6.1800000000000006       0.97874737651028831     
   6.2000000000000002       0.97867367796969196     
   6.2200000000000006       0.97861112306942721     
   6.2400000000000002       0.97858175053957519     
   6.2600000000000007       0.97854094683836845     
   6.2800000000000002       0.97844973673603441     
   6.2999999999999998       0.97839877095198824     
   6.3200000000000003       0.97833458622352332     
   6.3399999999999999       0.97827789791303776     
   6.3600000000000003       0.97820915655234086     
   6.3799999999999999       0.97813267404429893     
   6.4000000000000012       0.97810200425490623     
   6.4200000000000008       0.97807410810019912     
   6.4400000000000013       0.97801339153183242     
   6.4600000000000000       0.97799269272031064     
   6.4800000000000004       0.97791458773609485     
   6.5000000000000000       0.97787463669311936     
   6.5200000000000005       0.97783644990269303     
   6.5400000000000000       0.97781790377008748     
   6.5600000000000005       0.97776487456299777     
   6.5800000000000001       0.97767462401350591     
   6.6000000000000005       0.97756591738900311     
   6.6200000000000001       0.97756324552983132     
   6.6400000000000006       0.97747759193997252     
   6.6600000000000001       0.97742036957149536     
   6.6800000000000006       0.97737327998514434     
   6.7000000000000002       0.97734499949532694     
   6.7200000000000006       0.97729506730130500     
   6.7400000000000002       0.97716775955552349     
   6.7600000000000007       0.97712840217035646     
   6.7800000000000002       0.97704605337959394     
   6.8000000000000007       0.97701142476521552     
   6.8200000000000003       0.97695702557517916     
   6.8400000000000007       0.97692873664178770     
   6.8600000000000012       0.97688818372919750     
   6.8800000000000008       0.97688101214790313     
   6.9000000000000012       0.97680789364276022     
   6.9200000000000008       0.97672896856942015     
   6.9400000000000013       0.97665829307805452     
   6.9600000000000009       0.97656172847188671     
   6.9800000000000013       0.97650345284341789     
   7.0000000000000009       0.97639560449344664     
   7.0200000000000014       0.97634859723829226     
   7.0400000000000000       0.97628339662470576     
   7.0600000000000014       0.97626015191475990     
   7.0800000000000001       0.97621995806145001     
   7.1000000000000014       0.97618811723698240     
   7.1200000000000001       0.97614350508438874     
   7.1400000000000015       0.97609164160576412     
   7.1600000000000001       0.97607451722464522     
   7.1800000000000006       0.97601014970703370     
   7.2000000000000002       0.97593127095366650     
   7.2200000000000006       0.97586814932562882     
   7.2400000000000002       0.97585765021988224     
   7.2600000000000007       0.97579254792615455     
   7.2800000000000002       0.97576090279342020     
   7.3000000000000007       0.97573977464261141     
   7.3200000000000003       0.97572930909397659     
   7.3400000000000007       0.97570264137253859     
   7.3600000000000003       0.97565252944848646     
   7.3800000000000008       0.97555840805517136     
   7.4000000000000004       0.97551762207068926     
   7.4200000000000008       0.97550280567319103     
   7.4400000000000004       0.97545903523551691     
   7.4600000000000009       0.97542472113052847     
   7.4800000000000004       0.97541078979024609     
   7.5000000000000009       0.97536758009024260     
   7.5200000000000005       0.97534096828032402     
   7.5400000000000009       0.97528183413260905     
   7.5599999999999996       0.97521619790012248     
   7.5800000000000010       0.97513035307885754     
   7.5999999999999996       0.97511461176896264     
   7.6200000000000010       0.97503546846577660     
   7.6399999999999997       0.97498178691844706     
   7.6600000000000010       0.97493497811100915     
   7.6799999999999997       0.97486277540615818     
   7.7000000000000011       0.97479095880014244     
   7.7200000000000015       0.97472890283936253     
   7.7400000000000002       0.97470845074152723     
   7.7600000000000016       0.97468562175213114     
   7.7800000000000002       0.97465421589547563     
   7.8000000000000016       0.97456543598127365     
   7.8200000000000003       0.97453253341384716     
   7.8400000000000016       0.97445331817375891     
   7.8600000000000003       0.97444421308822315     
   7.8800000000000008       0.97436552676200461     
   7.9000000000000004       0.97430575110000184     
   7.9200000000000008       0.97425493350067438     
   7.9400000000000004       0.97422106036621714     
   7.9600000000000009       0.97422342743910262     
