   0.0000000000000000       0.99999999999995770     
   2.0000000000000000E-002  0.95326972446660696     
   4.0000000000000001E-002  0.87406491202110204     
   5.9999999999999998E-002  0.86054260187216614     
   8.0000000000000002E-002  0.91615490790639142     
  0.10000000000000002       0.90186108982636481     
  0.12000000000000000       0.80839380492595680     
  0.14000000000000001       0.81329037081204825     
  0.16000000000000000       0.82627317356102392     
  0.18000000000000002       0.83875164120840351     
  0.20000000000000004       0.82818709235630950     
  0.22000000000000000       0.80973759606120366     
  0.23999999999999999       0.78944090706317549     
  0.26000000000000001       0.77335154252704763     
  0.28000000000000003       0.74755702011859804     
  0.30000000000000004       0.72182889232333391     
  0.32000000000000001       0.70876125036390680     
  0.34000000000000002       0.67553701722990611     
  0.36000000000000004       0.64992247931869529     
  0.38000000000000000       0.63018527397045865     
  0.40000000000000008       0.60682014456589950     
  0.42000000000000004       0.58355360876903450     
  0.44000000000000000       0.56184888680745326     
  0.46000000000000002       0.53968739887436534     
  0.47999999999999998       0.51751473564299866     
  0.50000000000000011       0.49584777749639142     
  0.52000000000000002       0.48111193593534829     
  0.54000000000000004       0.46844492248506070     
  0.56000000000000005       0.44915612601601912     
  0.57999999999999996       0.43373647028511264     
  0.60000000000000009       0.41153967654373730     
  0.62000000000000011       0.40285475042319840     
  0.64000000000000001       0.38806162464956728     
  0.66000000000000003       0.37520961297514654     
  0.68000000000000005       0.35121588909710783     
  0.70000000000000007       0.33610643588591621     
  0.72000000000000008       0.32663572096130727     
  0.74000000000000010       0.32301381779655330     
  0.76000000000000001       0.31333756200063412     
  0.78000000000000003       0.29083548071979759     
  0.80000000000000016       0.28531669094647144     
  0.82000000000000006       0.27533140254657862     
  0.84000000000000008       0.26644190511509064     
  0.86000000000000010       0.24863969959685880     
  0.88000000000000000       0.23456340482489610     
  0.90000000000000002       0.23017628055200676     
  0.92000000000000004       0.21816119274544291     
  0.94000000000000006       0.20787705343807844     
  0.95999999999999996       0.19121273511889950     
  0.98000000000000020       0.17786447973838351     
   1.0000000000000002       0.15878721575254315     
   1.0200000000000000       0.15074591631480519     
   1.0400000000000000       0.15079612134197398     
   1.0600000000000001       0.14584096298749291     
   1.0800000000000001       0.14088049696118696     
   1.1000000000000001       0.12695383061622603     
   1.1200000000000001       0.11570843149770442     
   1.1400000000000001       0.11192265956557615     
   1.1599999999999999        9.8324578832552162E-002
   1.1800000000000002        9.9041617214230007E-002
   1.2000000000000002        9.1666828714881521E-002
   1.2200000000000002        7.8104178707637653E-002
   1.2400000000000002        6.6731880972884031E-002
   1.2600000000000002        6.0710485314972036E-002
   1.2800000000000000        5.1553077283641974E-002
   1.3000000000000000        5.2884765147762434E-002
   1.3200000000000001        4.4046821339587303E-002
   1.3400000000000001        3.9403140671421345E-002
   1.3600000000000001        3.6275923360634385E-002
   1.3800000000000001        2.7131519263499618E-002
   1.4000000000000001        1.5971186966510485E-002
   1.4200000000000002        1.3152520180757575E-002
   1.4400000000000002        3.9169780479001081E-003
   1.4600000000000002        2.5707996050509845E-003
   1.4800000000000002       -1.6318203266555713E-003
   1.5000000000000002       -1.0062339042074065E-002
   1.5200000000000000       -9.6663420157493581E-003
   1.5400000000000000       -1.7766914480047285E-002
   1.5600000000000001       -2.9816117987920145E-002
   1.5800000000000001       -3.3822723380631539E-002
   1.6000000000000003       -3.5063936666292525E-002
   1.6200000000000001       -4.0650465972262080E-002
   1.6400000000000001       -4.4055657520573381E-002
   1.6600000000000001       -4.8630749744322875E-002
   1.6800000000000002       -5.4697992945558896E-002
   1.7000000000000002       -5.5289788255555992E-002
   1.7200000000000002       -5.8421906684195946E-002
   1.7400000000000002       -6.2433773587773959E-002
   1.7600000000000000       -6.2907962035575929E-002
   1.7800000000000000       -7.4485860624975628E-002
   1.8000000000000000       -7.0504949431912933E-002
   1.8200000000000001       -8.0014687776794963E-002
   1.8400000000000001       -8.6856743502332398E-002
   1.8600000000000001       -9.3256544218292312E-002
   1.8800000000000001       -9.5429855369354888E-002
   1.8999999999999999      -0.10450294237039380     
   1.9199999999999999      -0.10341170931459777     
   1.9400000000000004      -0.10356796528656517     
   1.9600000000000004      -0.10728469775143074     
   1.9800000000000002      -0.11177611711951707     
   2.0000000000000004      -0.11760477789878192     
   2.0200000000000005      -0.11772563919262814     
   2.0400000000000000      -0.12061861377370049     
   2.0600000000000001      -0.11625550661038847     
   2.0800000000000001      -0.11274874754687438     
   2.1000000000000001      -0.11386008192999147     
   2.1200000000000001      -0.11601286612502809     
   2.1400000000000001      -0.11377205440736272     
   2.1600000000000001      -0.11771650880024975     
   2.1800000000000002      -0.11531084230810144     
   2.2000000000000002      -0.11663905994420957     
   2.2200000000000002      -0.12045796576437641     
   2.2400000000000002      -0.12048908500826266     
   2.2600000000000002      -0.12617877646767051     
   2.2800000000000002      -0.13080726522342787     
   2.3000000000000003      -0.13485381573835004     
   2.3199999999999998      -0.13480542327331480     
   2.3399999999999999      -0.13122164930006258     
   2.3600000000000003      -0.13107760539836516     
   2.3800000000000003      -0.13331040307972755     
   2.4000000000000004      -0.13443453707920883     
   2.4200000000000004      -0.13308689859306971     
   2.4400000000000004      -0.13198831204502073     
   2.4600000000000004      -0.13120184490374909     
   2.4800000000000004      -0.13106605118343803     
   2.5000000000000004      -0.13630674455789724     
   2.5200000000000005      -0.14124412382048535     
   2.5400000000000000      -0.14075545521248148     
   2.5600000000000001      -0.14494405360849003     
   2.5800000000000001      -0.14627245553712195     
   2.6000000000000001      -0.14586727166811886     
   2.6200000000000001      -0.14995275644813100     
   2.6400000000000001      -0.15359784582212255     
   2.6600000000000001      -0.15602547139933676     
   2.6800000000000002      -0.16517669337083757     
   2.7000000000000002      -0.16845838415891831     
   2.7200000000000002      -0.17062483659488437     
   2.7400000000000002      -0.16847162696544990     
   2.7600000000000002      -0.16927172935592877     
   2.7800000000000002      -0.17045819253146147     
   2.8000000000000003      -0.16683244807115635     
   2.8200000000000003      -0.16223776340425716     
   2.8400000000000003      -0.15786413957932741     
   2.8600000000000003      -0.15796353053678194     
   2.8800000000000003      -0.15534641415415015     
   2.9000000000000004      -0.15800352033890905     
   2.9200000000000004      -0.15924618604493002     
   2.9400000000000004      -0.15706000005756510     
   2.9600000000000004      -0.15524918544684599     
   2.9800000000000004      -0.15747105996766836     
   3.0000000000000004      -0.15711115029233441     
   3.0200000000000000      -0.15671970268188873     
   3.0400000000000000      -0.16095591304690937     
   3.0600000000000001      -0.15578013811028266     
   3.0800000000000001      -0.15903152814759708     
   3.1000000000000001      -0.15875685763507039     
   3.1200000000000001      -0.15343024019014564     
   3.1400000000000001      -0.15640143600947071     
   3.1600000000000001      -0.15401455567656683     
   3.1800000000000002      -0.15361890916612048     
   3.2000000000000006      -0.14980402162730441     
   3.2200000000000006      -0.15280244238549723     
   3.2400000000000002      -0.15335279635758461     
   3.2600000000000002      -0.15426027647829629     
   3.2800000000000002      -0.15091657581922843     
   3.3000000000000003      -0.15155648454360462     
   3.3200000000000003      -0.15245187749878050     
   3.3400000000000003      -0.15561213360234796     
   3.3600000000000003      -0.15481417381271365     
   3.3800000000000003      -0.15627596129103785     
   3.4000000000000004      -0.15558850330958632     
   3.4200000000000004      -0.16016783412276606     
   3.4400000000000004      -0.15945699014998660     
   3.4600000000000004      -0.16030695162517147     
   3.4800000000000004      -0.16227194611411988     
   3.5000000000000004      -0.16420121284152059     
   3.5200000000000000      -0.16664414635133101     
   3.5400000000000000      -0.16478362363076327     
   3.5600000000000001      -0.16823430191595021     
   3.5800000000000001      -0.17012761503286761     
   3.6000000000000001      -0.17103067418351314     
   3.6200000000000001      -0.16886212775162660     
   3.6400000000000001      -0.16789094717583544     
   3.6600000000000001      -0.16635248887273238     
   3.6800000000000002      -0.16372407005990458     
   3.7000000000000002      -0.16882238990468285     
   3.7200000000000002      -0.16511160971577082     
   3.7400000000000002      -0.16610364421692489     
   3.7600000000000002      -0.16463424615621461     
   3.7799999999999998      -0.16434759537458737     
   3.7999999999999998      -0.16516009007398569     
   3.8199999999999998      -0.16695912297411952     
   3.8399999999999999      -0.16858631356924142     
   3.8600000000000008      -0.16967525606914308     
   3.8800000000000008      -0.16995540883289703     
   3.9000000000000008      -0.17090729168870555     
   3.9200000000000008      -0.17257484589837402     
   3.9400000000000004      -0.17099797554047308     
   3.9600000000000004      -0.16867771040099269     
   3.9800000000000004      -0.17335363620507271     
   4.0000000000000009      -0.17930469445950986     
   4.0200000000000005      -0.17926030717369992     
   4.0400000000000009      -0.18074568892319434     
   4.0600000000000005      -0.18030506850557412     
   4.0800000000000001      -0.17796387795759205     
   4.1000000000000005      -0.17659491785417725     
   4.1200000000000001      -0.17503306820803977     
   4.1400000000000006      -0.17467583758049732     
   4.1600000000000001      -0.17140414280217153     
   4.1800000000000006      -0.16901943184551130     
   4.2000000000000002      -0.17206367575727063     
   4.2200000000000006      -0.17646482304653749     
   4.2400000000000002      -0.17545170092210485     
   4.2600000000000007      -0.17374759118912481     
   4.2800000000000002      -0.17783086588076524     
   4.3000000000000007      -0.17957995332123519     
   4.3200000000000003      -0.17885195096819875     
   4.3400000000000007      -0.17908604887939181     
   4.3600000000000003      -0.17805532647685479     
   4.3799999999999999      -0.18557812235809693     
   4.4000000000000004      -0.18983389155700042     
   4.4199999999999999      -0.18841713499337823     
   4.4400000000000004      -0.18674755189736530     
   4.4600000000000000      -0.18967073669825255     
   4.4800000000000004      -0.19048863002173103     
   4.5000000000000000      -0.18972197324047130     
   4.5200000000000005      -0.19223213827596886     
   4.5400000000000000      -0.18596677047315238     
   4.5600000000000005      -0.18297684252437979     
   4.5800000000000001      -0.17954253170404941     
   4.6000000000000005      -0.18123020128022266     
   4.6200000000000001      -0.18203443390337379     
   4.6399999999999997      -0.18419084548550937     
   4.6600000000000001      -0.18354499441483860     
   4.6799999999999997      -0.18631899533377846     
   4.7000000000000011      -0.18442985180044719     
   4.7200000000000006      -0.18671435910705456     
   4.7400000000000011      -0.18567495047376043     
   4.7600000000000007      -0.18318859872068777     
   4.7800000000000002      -0.18177395879184241     
   4.8000000000000007      -0.18129657769025015     
   4.8200000000000003      -0.18071640864561947     
   4.8400000000000007      -0.18105619511281726     
   4.8600000000000003      -0.17954783605636485     
   4.8800000000000008      -0.17999308154926083     
   4.9000000000000004      -0.18106053234167660     
   4.9200000000000008      -0.18440091024825958     
   4.9400000000000004      -0.18841671311585428     
   4.9600000000000009      -0.18567013355882589     
   4.9800000000000004      -0.18728638805871053     
   5.0000000000000009      -0.18675510017579314     
   5.0200000000000005      -0.18996775443137587     
   5.0400000000000009      -0.18587299378617167     
   5.0600000000000005      -0.18699386670300214     
   5.0800000000000001      -0.18622606442508771     
   5.1000000000000005      -0.18512638781083751     
   5.1200000000000001      -0.18155794574416978     
   5.1400000000000006      -0.18406323682283443     
   5.1600000000000001      -0.18378323591549536     
   5.1800000000000006      -0.18326698776281306     
   5.2000000000000002      -0.18339685771226810     
   5.2200000000000006      -0.18524087994761027     
   5.2400000000000002      -0.18722946074048263     
   5.2600000000000007      -0.18668509255212018     
   5.2800000000000002      -0.18936488986782665     
   5.3000000000000007      -0.18629006563984316     
   5.3200000000000003      -0.18842329784187220     
   5.3399999999999999      -0.18475064389884277     
   5.3600000000000003      -0.18335600122801446     
   5.3799999999999999      -0.18189804351392599     
   5.4000000000000004      -0.18779445681954263     
   5.4199999999999999      -0.18267265734158278     
   5.4400000000000004      -0.18617189315887084     
   5.4600000000000000      -0.18464974666726447     
   5.4800000000000004      -0.18736525429721373     
   5.5000000000000000      -0.18636949993008664     
   5.5200000000000005      -0.18698654289803429     
   5.5400000000000000      -0.18634998741381884     
   5.5600000000000005      -0.18582503192260652     
   5.5800000000000010      -0.18601549257140818     
   5.6000000000000005      -0.18405306348436848     
   5.6200000000000010      -0.18727409614702334     
   5.6400000000000006      -0.18508810196548434     
   5.6600000000000010      -0.18415466745056891     
   5.6800000000000006      -0.18201668920882572     
   5.7000000000000011      -0.18134994179985700     
   5.7200000000000006      -0.18222513939430979     
   5.7400000000000011      -0.18118178988697153     
   5.7600000000000007      -0.18198608523804438     
   5.7800000000000002      -0.17978187150999150     
   5.8000000000000007      -0.18261225684418328     
   5.8200000000000003      -0.18259150090311022     
   5.8400000000000007      -0.18524595141959777     
   5.8600000000000003      -0.18495658879034715     
   5.8800000000000008      -0.18199082941952799     
   5.9000000000000004      -0.18441872976065321     
   5.9200000000000008      -0.18832772134873291     
   5.9400000000000004      -0.19153877239820433     
   5.9600000000000009      -0.18962991172726096     
   5.9800000000000004      -0.19342370044444759     
   6.0000000000000009      -0.19472524292071267     
   6.0200000000000005      -0.19640255254364097     
   6.0400000000000000      -0.19154433085590314     
   6.0600000000000005      -0.18850641448439326     
   6.0800000000000001      -0.18265807006078949     
   6.1000000000000005      -0.18241902310823993     
   6.1200000000000001      -0.18658853505607589     
   6.1400000000000006      -0.18364177301644447     
   6.1600000000000001      -0.18290379453763672     
   6.1800000000000006      -0.18274619216847726     
   6.2000000000000002      -0.17977417475731775     
   6.2200000000000006      -0.17781737548241872     
   6.2400000000000002      -0.17605107353349059     
   6.2600000000000007      -0.17128801789184001     
   6.2800000000000002      -0.17500473807534830     
   6.2999999999999998      -0.17286540975684267     
   6.3200000000000003      -0.17259092860718364     
   6.3399999999999999      -0.17291357595821397     
   6.3600000000000003      -0.17601868890874070     
   6.3799999999999999      -0.17598422045452633     
   6.4000000000000012      -0.17663437932349085     
   6.4200000000000008      -0.17447814972507023     
   6.4400000000000013      -0.18141757814242512     
   6.4600000000000000      -0.18537326507673385     
   6.4800000000000004      -0.18684122364212852     
   6.5000000000000000      -0.18511909231667104     
   6.5200000000000005      -0.18493052845207084     
   6.5400000000000000      -0.18582555108479312     
   6.5600000000000005      -0.18641588477584867     
   6.5800000000000001      -0.18877687723797845     
   6.6000000000000005      -0.18758886184611770     
   6.6200000000000001      -0.18936817533323594     
   6.6400000000000006      -0.18813157694930438     
   6.6600000000000001      -0.19504327895236792     
   6.6800000000000006      -0.19401946309393708     
   6.7000000000000002      -0.19613472757549971     
   6.7200000000000006      -0.19542620133570612     
   6.7400000000000002      -0.19289267554834727     
   6.7600000000000007      -0.19124210108866097     
   6.7800000000000002      -0.19086954920571050     
   6.8000000000000007      -0.18815311176067370     
   6.8200000000000003      -0.18712629714906528     
   6.8400000000000007      -0.19101472952470905     
   6.8600000000000012      -0.19091303824325159     
   6.8800000000000008      -0.19167031185865685     
   6.9000000000000012      -0.19363046071045972     
   6.9200000000000008      -0.19411332431420958     
   6.9400000000000013      -0.19339982224480745     
   6.9600000000000009      -0.19163428458699655     
   6.9800000000000013      -0.18945219646232120     
   7.0000000000000009      -0.19110462346799950     
   7.0200000000000014      -0.18914380150965349     
   7.0400000000000000      -0.19262004186549853     
   7.0600000000000014      -0.19290842811114178     
   7.0800000000000001      -0.19386777633887844     
   7.1000000000000014      -0.19393857401208756     
   7.1200000000000001      -0.19109960598492962     
   7.1400000000000015      -0.19294689127706682     
   7.1600000000000001      -0.19073667875433312     
   7.1800000000000006      -0.18686080251265927     
   7.2000000000000002      -0.18358458970592614     
   7.2200000000000006      -0.18556162881528931     
   7.2400000000000002      -0.18644838108854447     
   7.2600000000000007      -0.18865809069386971     
   7.2800000000000002      -0.18777715423916186     
   7.3000000000000007      -0.18974715168512496     
   7.3200000000000003      -0.18989180904780545     
   7.3400000000000007      -0.18846075459317502     
   7.3600000000000003      -0.18774807981197969     
   7.3800000000000008      -0.18550613443779446     
   7.4000000000000004      -0.19211747499281329     
   7.4200000000000008      -0.18703081769561702     
   7.4400000000000004      -0.18233747491275379     
   7.4600000000000009      -0.18212690058694317     
   7.4800000000000004      -0.18167625914308344     
   7.5000000000000009      -0.17901734636635677     
   7.5200000000000005      -0.17899950514829471     
   7.5400000000000009      -0.18013836272699355     
   7.5599999999999996      -0.18105987403164545     
   7.5800000000000010      -0.18190269438698642     
   7.5999999999999996      -0.18150512360627449     
   7.6200000000000010      -0.18235735085126464     
   7.6399999999999997      -0.17785354997577349     
   7.6600000000000010      -0.18493523495119352     
   7.6799999999999997      -0.18282501755821937     
   7.7000000000000011      -0.18500509618630026     
   7.7200000000000015      -0.18451655788365254     
   7.7400000000000002      -0.19109471353649995     
   7.7600000000000016      -0.19067988620799378     
   7.7800000000000002      -0.19205133074587105     
   7.8000000000000016      -0.18820877025342686     
   7.8200000000000003      -0.19257715178699711     
   7.8400000000000016      -0.19434973115055523     
   7.8600000000000003      -0.19480494443209215     
   7.8800000000000008      -0.19882587885041283     
   7.9000000000000004      -0.20059909135635479     
   7.9200000000000008      -0.19993738277109727     
   7.9400000000000004      -0.19804936085976668     
   7.9600000000000009      -0.19995388598241376     
   7.9800000000000004      -0.20142410341115027     
   8.0000000000000018      -0.19927121176269350     
   8.0199999999999996      -0.19483198874263083     
   8.0400000000000009      -0.19580557011713762     
   8.0600000000000005      -0.19418827975780617     
   8.0800000000000018      -0.19488474625238880     
   8.0999999999999996      -0.19695769923383888     
   8.1200000000000010      -0.19851314399968073     
   8.1400000000000006      -0.19926563773789666     
   8.1600000000000001      -0.19647589287852141     
   8.1799999999999997      -0.19720172277217926     
   8.2000000000000011      -0.19069660171856820     
   8.2200000000000006      -0.19220949103503376     
   8.2400000000000002      -0.19428438858783631     
   8.2599999999999998      -0.19277931426967948     
   8.2800000000000011      -0.19832946131212428     
   8.3000000000000007      -0.20501228096310212     
   8.3200000000000003      -0.20713561886164916     
   8.3399999999999999      -0.20837677543591032     
   8.3600000000000012      -0.21410323320773045     
   8.3800000000000008      -0.21215156238493074     
   8.4000000000000004      -0.20689339619601507     
   8.4199999999999999      -0.20682938595760397     
   8.4400000000000013      -0.20761997262676982     
   8.4600000000000009      -0.21006601804372754     
   8.4800000000000004      -0.21254854181070931     
   8.5000000000000000      -0.21116378932809801     
   8.5200000000000014      -0.21398156307991928     
   8.5400000000000009      -0.21255894775269726     
   8.5600000000000005      -0.21291793654454960     
   8.5800000000000018      -0.21413091472972531     
   8.6000000000000014      -0.21654803090653943     
   8.6200000000000010      -0.21030931754797152     
   8.6400000000000006      -0.20950651159139363     
   8.6600000000000019      -0.20995704506684687     
   8.6800000000000015      -0.21160327996717157     
   8.7000000000000011      -0.21441005351938938     
   8.7200000000000006      -0.21695164065189715     
   8.7400000000000020      -0.21909856963269864     
   8.7599999999999998      -0.22194302115088241     
   8.7800000000000011      -0.22406177190772911     
   8.8000000000000007      -0.22007659270429666     
   8.8200000000000021      -0.21779798246765905     
   8.8399999999999999      -0.21813169103373498     
   8.8600000000000012      -0.21765342152962380     
   8.8800000000000008      -0.21770383490467346     
   8.9000000000000004      -0.21816242117385282     
   8.9199999999999999      -0.21774708958098210     
   8.9400000000000013      -0.21995104434483045     
   8.9600000000000009      -0.22164035693070766     
   8.9800000000000004      -0.22220924631343850     
   9.0000000000000000      -0.22109810974591226     
   9.0200000000000014      -0.22246114181642043     
   9.0400000000000009      -0.21960758703584776     
   9.0600000000000005      -0.22292269764963787     
   9.0800000000000001      -0.22453868427222759     
   9.1000000000000014      -0.22169799549516991     
   9.1200000000000010      -0.22202463338199269     
   9.1400000000000006      -0.21990383218360107     
   9.1600000000000001      -0.22111737128290465     
   9.1800000000000015      -0.21953319650811948     
   9.2000000000000011      -0.21639284278374873     
   9.2200000000000006      -0.21537922116154451     
   9.2400000000000002      -0.21888091421278674     
   9.2600000000000016      -0.21666665403843058     
   9.2799999999999994      -0.21659519769517294     
   9.3000000000000007      -0.21268140297622171     
   9.3200000000000003      -0.21541835125815573     
   9.3400000000000016      -0.21414684454879371     
   9.3599999999999994      -0.21421028714434176     
   9.3800000000000008      -0.21115942268133023     
   9.4000000000000021      -0.21564862043418118     
   9.4199999999999999      -0.21722984387122826     
   9.4400000000000013      -0.21616389024687918     
   9.4600000000000009      -0.22036102069995742     
   9.4800000000000022      -0.22320206006720769     
   9.5000000000000000      -0.22379174039598490     
   9.5200000000000014      -0.22408891498746084     
   9.5400000000000009      -0.22396423276807259     
   9.5600000000000005      -0.22845872708694140     
   9.5800000000000001      -0.22751522760309703     
   9.6000000000000014      -0.22582160803331758     
   9.6200000000000010      -0.22358476475536515     
   9.6400000000000006      -0.22402988633861307     
   9.6600000000000001      -0.22311627214346846     
   9.6800000000000015      -0.22201468155920379     
   9.7000000000000011      -0.22251715490533855     
   9.7200000000000006      -0.22227008717975474     
   9.7400000000000002      -0.22053760407777220     
   9.7600000000000016      -0.21820578588613765     
   9.7800000000000011      -0.22168176085249744     
   9.8000000000000007      -0.22178212834892169     
   9.8200000000000003      -0.22179456818415746     
   9.8400000000000016      -0.21823778245856440     
   9.8600000000000012      -0.21661267748785076     
   9.8800000000000008      -0.21903664064130590     
   9.9000000000000004      -0.21893143841744714     
   9.9200000000000017      -0.21944811352131424     
   9.9399999999999995      -0.22348122370307305     
   9.9600000000000009      -0.22338103177673957     
