   0.0000000000000000       0.99999999999991829     
   5.0000000000000003E-002  0.98827056092641907     
  0.10000000000000001       0.99936449655266846     
  0.14999999999999999       0.99997424096905885     
  0.20000000000000001       0.99996899641759773     
  0.25000000000000006       0.99996273391363943     
  0.29999999999999999       0.99995549175282816     
  0.35000000000000003       0.99995165885065485     
  0.40000000000000002       0.99994336106402482     
  0.45000000000000007       0.99993213785007740     
  0.50000000000000011       0.99992272325750386     
  0.55000000000000004       0.99991460026062506     
  0.59999999999999998       0.99990852017208542     
  0.65000000000000002       0.99990228986615692     
  0.70000000000000007       0.99989471980184408     
  0.75000000000000011       0.99988781921619885     
  0.80000000000000004       0.99987195056169365     
  0.84999999999999998       0.99986564165455749     
  0.90000000000000013       0.99985864312380035     
  0.95000000000000007       0.99985183108380538     
   1.0000000000000002       0.99983563762136640     
   1.0500000000000000       0.99982852683805901     
   1.1000000000000001       0.99982651965163838     
   1.1500000000000001       0.99982152850943717     
   1.2000000000000000       0.99980987861079595     
   1.2500000000000002       0.99980628201505284     
   1.3000000000000000       0.99978691122635699     
   1.3500000000000001       0.99976304576487562     
   1.4000000000000001       0.99976073775341900     
   1.4500000000000000       0.99975256570100901     
   1.5000000000000002       0.99974345790551855     
   1.5500000000000003       0.99974476935060053     
   1.6000000000000001       0.99973926447292183     
   1.6500000000000001       0.99972388125555900     
   1.7000000000000000       0.99971084912363950     
   1.7500000000000002       0.99970422580539708     
   1.8000000000000003       0.99969256742681278     
   1.8500000000000001       0.99968158735104129     
   1.9000000000000001       0.99966935943949287     
   1.9500000000000002       0.99965326661621257     
   2.0000000000000004       0.99966017982329536     
   2.0500000000000003       0.99965731167659833     
   2.1000000000000001       0.99963470160939127     
   2.1500000000000004       0.99963246690914653     
   2.2000000000000002       0.99963322296128210     
   2.2500000000000000       0.99961309094590145     
   2.3000000000000003       0.99960660650373034     
   2.3500000000000001       0.99960747737662625     
   2.3999999999999999       0.99959107086142396     
   2.4500000000000002       0.99957756264071684     
   2.5000000000000004       0.99956421697824749     
   2.5500000000000003       0.99956839770956030     
   2.6000000000000001       0.99955999435262943     
   2.6500000000000004       0.99955072751963703     
   2.7000000000000002       0.99954140686282023     
   2.7500000000000000       0.99952810484121180     
   2.8000000000000003       0.99952381706829052     
   2.8500000000000001       0.99951090408144960     
   2.8999999999999999       0.99951267905254571     
   2.9500000000000006       0.99949468223781390     
   3.0000000000000004       0.99949439049989652     
   3.0500000000000003       0.99948990550688832     
   3.1000000000000005       0.99947496503546718     
   3.1500000000000004       0.99945745359306715     
   3.2000000000000002       0.99944312851431172     
   3.2500000000000004       0.99942357925704650     
   3.3000000000000003       0.99940309602295707     
   3.3500000000000001       0.99939846002696631     
   3.3999999999999999       0.99938284229724683     
   3.4500000000000002       0.99937933424431380     
   3.5000000000000004       0.99938266807154164     
   3.5500000000000003       0.99938099697522320     
   3.6000000000000005       0.99936774059924394     
   3.6500000000000004       0.99936651727557979     
   3.7000000000000002       0.99935484198554003     
   3.7500000000000004       0.99934285045283688     
   3.8000000000000003       0.99933996736630959     
   3.8500000000000001       0.99933436199999082     
   3.9000000000000004       0.99931755947192591     
   3.9500000000000002       0.99930667736320700     
   4.0000000000000009       0.99929865775722826     
   4.0500000000000007       0.99927528062203219     
   4.1000000000000005       0.99926244693088517     
   4.1500000000000004       0.99925408100495916     
   4.2000000000000002       0.99924582838536846     
   4.2500000000000000       0.99922824942490573     
   4.3000000000000007       0.99921367440930831     
   4.3500000000000005       0.99919393123355671     
   4.4000000000000004       0.99917513224749910     
   4.4500000000000002       0.99915620226298540     
   4.5000000000000000       0.99915557736969562     
   4.5499999999999998       0.99914859977547588     
   4.6000000000000005       0.99914831044344521     
   4.6500000000000004       0.99913689737619193     
   4.7000000000000002       0.99911360186009313     
   4.7500000000000000       0.99911566315430989     
   4.7999999999999998       0.99911560039117031     
   4.8500000000000005       0.99909207269387279     
   4.9000000000000004       0.99907543453097991     
   4.9500000000000011       0.99906348364197706     
   5.0000000000000009       0.99905243851202086     
   5.0500000000000007       0.99903082613429539     
   5.1000000000000005       0.99901886199583245     
   5.1500000000000004       0.99900756478225683     
   5.2000000000000002       0.99897945882946493     
   5.2500000000000009       0.99897976094223395     
   5.3000000000000007       0.99898551510854650     
   5.3500000000000005       0.99896900074571604     
   5.4000000000000004       0.99895600006060192     
   5.4500000000000002       0.99894829743351587     
   5.5000000000000000       0.99896785962123469     
   5.5500000000000007       0.99896908424203035     
   5.6000000000000005       0.99895530270167765     
   5.6500000000000004       0.99894888515491820     
   5.7000000000000002       0.99893863048301124     
   5.7500000000000000       0.99892664978944889     
   5.7999999999999998       0.99893206169300830     
   5.8499999999999996       0.99892082751829969     
   5.9000000000000012       0.99892496095662442     
   5.9500000000000011       0.99891264399286139     
   6.0000000000000009       0.99889718911668313     
   6.0500000000000007       0.99888733975527244     
   6.1000000000000005       0.99886557346351545     
   6.1500000000000004       0.99885048970213774     
   6.2000000000000011       0.99884356512530481     
   6.2500000000000009       0.99883020426486768     
   6.3000000000000007       0.99884190616999824     
   6.3500000000000005       0.99881559333253922     
   6.4000000000000004       0.99883256998651881     
   6.4500000000000002       0.99880953602020961     
   6.5000000000000009       0.99878793914616748     
   6.5500000000000007       0.99877498638862416     
   6.6000000000000005       0.99876030268181404     
   6.6500000000000004       0.99873962666950100     
   6.7000000000000002       0.99873069330784170     
   6.7500000000000000       0.99871348485696620     
   6.7999999999999998       0.99870734001261263     
   6.8500000000000005       0.99869202046452810     
   6.9000000000000004       0.99868934795522013     
   6.9500000000000011       0.99867664690294389     
   7.0000000000000009       0.99865806296566129     
   7.0500000000000007       0.99864623504697159     
   7.1000000000000005       0.99864045477864927     
   7.1500000000000012       0.99862697105082954     
   7.2000000000000011       0.99863114391603935     
   7.2500000000000009       0.99861361530947945     
   7.3000000000000007       0.99860091185262645     
   7.3500000000000005       0.99859555913636999     
   7.4000000000000004       0.99858626648679982     
   7.4500000000000011       0.99857101777765311     
   7.5000000000000009       0.99856289062520898     
   7.5500000000000007       0.99853652446776997     
   7.6000000000000005       0.99851166683566606     
   7.6500000000000004       0.99846554001845012     
   7.7000000000000002       0.99847691747883549     
   7.7500000000000000       0.99848109903595983     
   7.8000000000000007       0.99846542066060351     
   7.8500000000000005       0.99846059287246847     
   7.9000000000000004       0.99843753756656173     
   7.9500000000000002       0.99842408027842722     
   8.0000000000000018       0.99842865977933104     
   8.0500000000000007       0.99840648159621470     
   8.1000000000000014       0.99841884560985128     
   8.1500000000000004       0.99838981499004331     
   8.2000000000000011       0.99838949192488979     
   8.2500000000000018       0.99837101561680686     
   8.3000000000000007       0.99836771088090281     
   8.3500000000000014       0.99837901232928961     
   8.4000000000000004       0.99836133933304572     
   8.4500000000000011       0.99835667045736276     
   8.5000000000000000       0.99834038106746825     
   8.5500000000000007       0.99832186866040751     
   8.6000000000000014       0.99831245177531747     
   8.6500000000000004       0.99830552860401145     
   8.7000000000000011       0.99829939533027423     
   8.7500000000000000       0.99829091938103376     
   8.8000000000000007       0.99828930901268942     
   8.8499999999999996       0.99829092802354280     
   8.9000000000000004       0.99830047499811603     
   8.9500000000000011       0.99826934282711444     
   9.0000000000000000       0.99825118329200868     
   9.0500000000000007       0.99822250799195766     
   9.0999999999999996       0.99822891740783160     
   9.1500000000000004       0.99822792741382693     
   9.2000000000000011       0.99821108965530725     
   9.2500000000000000       0.99820722268866380     
   9.3000000000000007       0.99822004860110425     
   9.3499999999999996       0.99820768075043576     
   9.4000000000000004       0.99821619805032169     
   9.4499999999999993       0.99821006973549198     
   9.5000000000000000       0.99822084400278199     
   9.5500000000000007       0.99820279268346712     
   9.5999999999999996       0.99818550044293808     
   9.6500000000000021       0.99816299914210849     
   9.7000000000000011       0.99815486874553827     
   9.7500000000000018       0.99814330050803113     
   9.8000000000000007       0.99812986231802592     
   9.8500000000000014       0.99813439532398607     
   9.9000000000000021       0.99812812348622515     
   9.9500000000000011       0.99808451910600837     
   10.000000000000002       0.99806046206776278     
   10.050000000000001       0.99805299002083159     
   10.100000000000001       0.99804218914503839     
   10.150000000000002       0.99804707013747651     
   10.200000000000001       0.99804200772805629     
   10.250000000000002       0.99803365711872616     
   10.300000000000001       0.99800280594142277     
   10.350000000000001       0.99798998264372607     
   10.400000000000000       0.99797082007978966     
   10.450000000000001       0.99796882660066044     
   10.500000000000002       0.99795405972825380     
   10.550000000000001       0.99794166387273175     
   10.600000000000001       0.99794643086852597     
   10.650000000000000       0.99792872223720497     
   10.700000000000001       0.99792968843744745     
   10.750000000000000       0.99792367280372563     
   10.800000000000001       0.99788302874525947     
   10.850000000000001       0.99787525398898236     
   10.900000000000000       0.99786744748028944     
   10.950000000000001       0.99786805154711489     
   11.000000000000000       0.99785605763999397     
   11.050000000000001       0.99785797822213862     
   11.100000000000001       0.99785740469048800     
   11.150000000000000       0.99781550554624321     
   11.200000000000001       0.99782093092713642     
   11.250000000000000       0.99781591449412121     
   11.300000000000001       0.99781438000215272     
   11.350000000000000       0.99781560348094622     
   11.400000000000000       0.99781067477227137     
   11.450000000000001       0.99778209954197905     
   11.500000000000000       0.99776853138166766     
   11.550000000000001       0.99774009908450312     
   11.600000000000000       0.99772502891422488     
   11.650000000000000       0.99772969688172197     
   11.699999999999999       0.99773913329690900     
   11.750000000000002       0.99773057622234806     
   11.800000000000002       0.99772572219722933     
   11.850000000000001       0.99774948936751184     
   11.900000000000002       0.99775542705153508     
   11.950000000000001       0.99773737259456430     
   12.000000000000002       0.99770182248314887     
   12.050000000000002       0.99770482049889508     
   12.100000000000001       0.99769935196499904     
   12.150000000000002       0.99770118322760004     
   12.200000000000001       0.99766151867314634     
   12.250000000000002       0.99765061859454440     
   12.300000000000001       0.99765081073802486     
   12.350000000000001       0.99766704523329119     
   12.400000000000002       0.99764750872433594     
   12.450000000000001       0.99762274383690819     
   12.500000000000002       0.99763626570617758     
   12.550000000000001       0.99761550790664877     
   12.600000000000001       0.99759314741665206     
   12.650000000000000       0.99758876885399861     
   12.700000000000001       0.99758407185237941     
   12.750000000000002       0.99756570397039246     
   12.800000000000001       0.99755242343942996     
   12.850000000000001       0.99753790552090926     
   12.900000000000000       0.99753384716090243     
   12.950000000000001       0.99751549943487661     
   13.000000000000002       0.99752090766344303     
   13.050000000000001       0.99750659066340086     
   13.100000000000001       0.99751000444253590     
   13.150000000000000       0.99752155068255166     
   13.200000000000001       0.99750996283563853     
   13.250000000000000       0.99750943499572464     
   13.300000000000001       0.99749972456477809     
   13.350000000000001       0.99748311805578027     
   13.400000000000000       0.99748586432638331     
   13.450000000000001       0.99746497045075977     
   13.500000000000000       0.99746692264518955     
   13.550000000000001       0.99744887431110585     
   13.600000000000000       0.99741823854879552     
   13.650000000000000       0.99741219714012075     
   13.700000000000001       0.99737659481504704     
   13.750000000000000       0.99737908643058582     
   13.800000000000001       0.99735480101927954     
   13.850000000000000       0.99735447622639262     
   13.900000000000002       0.99736735895199058     
   13.950000000000003       0.99736075578041750     
   14.000000000000002       0.99733550523382308     
   14.050000000000002       0.99734147822933961     
   14.100000000000001       0.99735420821394549     
   14.150000000000002       0.99735074614217534     
   14.200000000000001       0.99733631083451202     
   14.250000000000002       0.99733740088332690     
   14.300000000000002       0.99732916699613983     
   14.350000000000001       0.99732968594526461     
   14.400000000000002       0.99733399342500284     
   14.450000000000001       0.99734052208235113     
   14.500000000000002       0.99733046276588355     
   14.550000000000001       0.99731974504630072     
   14.600000000000001       0.99731391055262830     
   14.650000000000002       0.99730054361616038     
   14.700000000000001       0.99726961807784498     
   14.750000000000002       0.99727306116046366     
   14.800000000000001       0.99727856755796640     
   14.850000000000001       0.99724630316895602     
   14.900000000000002       0.99726055460366136     
   14.950000000000001       0.99726445699658839     
   15.000000000000002       0.99726266622783788     
   15.050000000000001       0.99724970778708522     
   15.100000000000001       0.99723500761730355     
   15.150000000000000       0.99722948363210984     
   15.200000000000001       0.99721711733143825     
   15.250000000000002       0.99721087966709088     
   15.300000000000001       0.99718910865249377     
   15.350000000000001       0.99717782038121516     
   15.400000000000000       0.99715685022153189     
   15.450000000000001       0.99714969113405183     
   15.500000000000000       0.99714471403198690     
   15.550000000000001       0.99712509801913218     
   15.600000000000001       0.99712238234073824     
   15.650000000000000       0.99713009449984269     
   15.700000000000001       0.99711350972146207     
   15.750000000000000       0.99709463454799518     
   15.800000000000001       0.99708659136252920     
   15.850000000000001       0.99708455614564007     
   15.900000000000000       0.99708350065646079     
   15.950000000000001       0.99707823764563763     
   16.000000000000004       0.99707478209654998     
   16.050000000000001       0.99706727301254583     
   16.100000000000001       0.99705584876781195     
   16.149999999999999       0.99705830372141313     
   16.200000000000003       0.99708670601962224     
   16.250000000000000       0.99708773630397352     
   16.300000000000001       0.99708319437841453     
   16.350000000000001       0.99707276444222226     
   16.400000000000002       0.99709085753196136     
   16.449999999999999       0.99707483202041425     
   16.500000000000004       0.99705267837906597     
   16.550000000000001       0.99706766254133894     
   16.600000000000001       0.99706577900165316     
   16.649999999999999       0.99705129379889079     
   16.700000000000003       0.99703375339689460     
   16.750000000000000       0.99703368025144778     
   16.800000000000001       0.99702245616138385     
   16.850000000000001       0.99700942729964481     
   16.900000000000002       0.99700043278132910     
   16.949999999999999       0.99699650057996769     
   17.000000000000000       0.99699859022006077     
   17.050000000000001       0.99695417442719902     
   17.100000000000001       0.99693111281758540     
   17.150000000000002       0.99693058709400451     
   17.200000000000003       0.99692436298667675     
   17.250000000000004       0.99691186441137758     
   17.300000000000001       0.99693795049039569     
   17.350000000000001       0.99694252790531757     
   17.400000000000002       0.99692878082584646     
   17.450000000000003       0.99692521483160035     
   17.500000000000000       0.99690112966455202     
   17.550000000000004       0.99689496971898917     
   17.600000000000001       0.99689892037598182     
   17.650000000000002       0.99685746498822414     
   17.699999999999999       0.99685597754699373     
   17.750000000000004       0.99684014902503426     
   17.800000000000001       0.99683861310438837     
   17.850000000000001       0.99683837199430236     
   17.900000000000002       0.99684703277893605     
   17.950000000000003       0.99683207951844777     
   18.000000000000000       0.99681984642953469     
   18.050000000000004       0.99680853370195632     
   18.100000000000001       0.99679441145167036     
   18.150000000000002       0.99678218839483745     
   18.199999999999999       0.99676135963476808     
   18.250000000000004       0.99675871738766852     
   18.300000000000001       0.99675725857886988     
   18.350000000000001       0.99675623007315639     
   18.400000000000002       0.99675480439564668     
   18.450000000000003       0.99676088897530457     
   18.500000000000000       0.99674750982908866     
   18.550000000000001       0.99676131612319807     
   18.600000000000001       0.99674575930087084     
   18.650000000000002       0.99676055831846311     
   18.699999999999999       0.99676429186577520     
   18.750000000000004       0.99674974099627012     
   18.800000000000001       0.99673642493492776     
   18.850000000000001       0.99672927612007878     
   18.899999999999999       0.99671144175205850     
   18.950000000000003       0.99669616038158526     
   19.000000000000000       0.99669183891156676     
   19.050000000000001       0.99665953569662247     
   19.100000000000001       0.99665205613425623     
   19.150000000000002       0.99665581439783746     
   19.199999999999999       0.99663696850458983     
   19.250000000000000       0.99663697018394137     
   19.300000000000004       0.99661720087889738     
   19.350000000000001       0.99661205729776248     
   19.400000000000002       0.99658871694492734     
   19.450000000000003       0.99656371997512083     
   19.500000000000004       0.99655278916180101     
   19.550000000000001       0.99651902199664621     
   19.600000000000001       0.99653107008133923     
   19.650000000000002       0.99652975238338115     
   19.700000000000003       0.99653090569458258     
   19.750000000000000       0.99650998852199246     
   19.800000000000004       0.99652166059160630     
   19.850000000000001       0.99653914926225007     
   19.900000000000002       0.99651543832601330     
   19.949999999999999       0.99650530697158590     
   20.000000000000004       0.99649410631046720     
   20.050000000000001       0.99649073338934868     
   20.100000000000001       0.99648118831470345     
   20.150000000000002       0.99646880499754409     
   20.200000000000003       0.99645238543643933     
   20.250000000000000       0.99643331769327270     
   20.300000000000004       0.99642924851960812     
   20.350000000000001       0.99642291145078998     
   20.400000000000002       0.99641894111801488     
   20.449999999999999       0.99641191012463803     
   20.500000000000004       0.99644259718403050     
   20.550000000000001       0.99644253757461210     
   20.600000000000001       0.99645177074072688     
   20.650000000000002       0.99644919813557242     
   20.700000000000003       0.99644287572179668     
   20.750000000000000       0.99645460606393876     
   20.800000000000001       0.99645511897468952     
   20.850000000000001       0.99645193460280423     
   20.900000000000002       0.99645788759182619     
   20.949999999999999       0.99645301534035113     
   21.000000000000004       0.99646507184521693     
   21.050000000000001       0.99645371771453939     
   21.100000000000001       0.99644752033438111     
   21.149999999999999       0.99641453639735778     
   21.200000000000003       0.99640561532315663     
   21.250000000000000       0.99639349864001703     
   21.300000000000001       0.99637841260225501     
   21.350000000000005       0.99637698815201126     
   21.400000000000002       0.99635547942616853     
   21.450000000000003       0.99636676175447103     
   21.500000000000000       0.99637766147022488     
   21.550000000000004       0.99637258767541736     
   21.600000000000001       0.99636115239280498     
   21.650000000000002       0.99635573869161931     
   21.700000000000003       0.99634006030679667     
   21.750000000000004       0.99635080323181480     
   21.800000000000001       0.99636343069866984     
   21.850000000000005       0.99636977193102172     
   21.900000000000002       0.99638294863585075     
   21.950000000000003       0.99639293496893677     
   22.000000000000000       0.99637019822806761     
   22.050000000000004       0.99634783751520040     
   22.100000000000001       0.99632212811224441     
   22.150000000000002       0.99632214412610232     
   22.200000000000003       0.99630001454737027     
   22.250000000000004       0.99628165705074700     
   22.300000000000001       0.99629314964296956     
   22.350000000000001       0.99631652936670201     
   22.400000000000002       0.99632310028892246     
   22.450000000000003       0.99634229731995727     
   22.500000000000000       0.99633246612848558     
   22.550000000000004       0.99632033899817229     
   22.600000000000001       0.99631681510867187     
   22.650000000000002       0.99630773911416870     
   22.699999999999999       0.99630258023119600     
   22.750000000000004       0.99629502581093443     
   22.800000000000001       0.99629637688758399     
   22.850000000000001       0.99629240221723214     
   22.900000000000002       0.99627385710024685     
   22.950000000000003       0.99627548017660372     
   23.000000000000000       0.99628934179576789     
   23.050000000000001       0.99627231052782084     
   23.100000000000001       0.99626830824911172     
   23.150000000000002       0.99625325734411596     
   23.199999999999999       0.99624372621369761     
   23.250000000000004       0.99622496298611551     
   23.300000000000001       0.99619237933113181     
   23.350000000000001       0.99616712070190461     
   23.399999999999999       0.99617088252595765     
   23.450000000000003       0.99618370573344361     
   23.500000000000004       0.99622990302438053     
   23.550000000000001       0.99622495500246855     
   23.600000000000005       0.99622890066813308     
   23.650000000000002       0.99621845940997378     
   23.700000000000003       0.99620744311497433     
   23.750000000000004       0.99624217497504175     
   23.800000000000004       0.99624666581971255     
   23.850000000000001       0.99624437009404754     
   23.900000000000002       0.99626416553768926     
   23.950000000000003       0.99625955395199139     
   24.000000000000004       0.99624606100259405     
   24.050000000000001       0.99624301176551822     
   24.100000000000005       0.99624058857303843     
   24.150000000000002       0.99623737681002422     
   24.200000000000003       0.99624013298949943     
   24.250000000000000       0.99622564883479758     
   24.300000000000004       0.99622716575822701     
   24.350000000000001       0.99623215530938869     
   24.400000000000002       0.99621855742372190     
   24.450000000000003       0.99619621086316035     
   24.500000000000004       0.99620872433477781     
   24.550000000000001       0.99622011472349992     
   24.600000000000001       0.99621509844974465     
   24.650000000000002       0.99623726380349886     
   24.700000000000003       0.99624180101768656     
   24.750000000000000       0.99621264102459517     
   24.800000000000004       0.99619618098610752     
   24.850000000000001       0.99615641673834976     
   24.900000000000002       0.99615488273074548     
   24.949999999999999       0.99614791416367332     
   25.000000000000004       0.99613148437337951     
   25.050000000000001       0.99613235115840704     
   25.100000000000001       0.99611789131117290     
   25.150000000000002       0.99613061481886467     
   25.200000000000003       0.99609815054145401     
   25.250000000000000       0.99609505117812547     
   25.300000000000001       0.99607021474863100     
   25.350000000000001       0.99608159160329235     
   25.400000000000002       0.99607535902010003     
   25.449999999999999       0.99608932956226237     
   25.500000000000004       0.99609633110968787     
   25.550000000000001       0.99607903799473840     
   25.600000000000001       0.99607562185514142     
   25.650000000000006       0.99607696816956992     
   25.700000000000003       0.99609892592229843     
   25.750000000000004       0.99611590338064449     
   25.800000000000001       0.99611910085950062     
   25.850000000000005       0.99611170302812824     
   25.900000000000002       0.99609130771534149     
   25.950000000000003       0.99609382992597617     
   26.000000000000004       0.99610691845955079     
   26.050000000000004       0.99608402281160635     
   26.100000000000001       0.99607756947598569     
   26.150000000000002       0.99606702451202600     
   26.200000000000003       0.99605946078390495     
   26.250000000000004       0.99605919171939261     
   26.300000000000001       0.99605392286648908     
   26.350000000000005       0.99606289282859650     
   26.400000000000002       0.99604253061138692     
   26.450000000000003       0.99605649842196287     
   26.500000000000000       0.99603515508346063     
   26.550000000000004       0.99604002483585097     
   26.600000000000001       0.99606471683211206     
   26.650000000000002       0.99605908904277707     
   26.700000000000003       0.99606700535529658     
   26.750000000000004       0.99606594561805650     
   26.800000000000001       0.99605421930373250     
   26.850000000000001       0.99604853560210738     
   26.900000000000002       0.99603428302122998     
   26.950000000000003       0.99603193487835029     
   27.000000000000000       0.99604329706078354     
   27.050000000000004       0.99602719943348494     
   27.100000000000001       0.99602284469279490     
   27.150000000000002       0.99600937712561644     
   27.199999999999999       0.99602265811604307     
   27.250000000000004       0.99605237536120972     
   27.300000000000001       0.99606548642419734     
   27.350000000000001       0.99607416596522236     
   27.400000000000002       0.99608077057556421     
   27.450000000000003       0.99607685347558328     
   27.500000000000000       0.99606439635858990     
   27.550000000000004       0.99603364080947399     
   27.600000000000001       0.99602029919428714     
   27.650000000000002       0.99600097052480085     
   27.699999999999999       0.99600002922207553     
   27.750000000000004       0.99599000771135393     
   27.800000000000004       0.99597497115635036     
   27.850000000000001       0.99597022186590634     
   27.900000000000006       0.99593292403408828     
   27.950000000000003       0.99594271980501758     
   28.000000000000004       0.99591452302096983     
   28.050000000000001       0.99593450883487311     
   28.100000000000005       0.99592361410977759     
   28.150000000000002       0.99590791958330316     
   28.200000000000003       0.99588739600232545     
   28.250000000000004       0.99588210444820502     
   28.300000000000004       0.99587998854327930     
   28.350000000000001       0.99589241406338025     
   28.400000000000002       0.99589734816747000     
   28.450000000000003       0.99590444598580308     
   28.500000000000004       0.99589473627857172     
   28.550000000000001       0.99588521587422818     
   28.600000000000005       0.99587046514255140     
   28.650000000000002       0.99588404162099653     
   28.700000000000003       0.99588451069285189     
   28.750000000000000       0.99589702660048696     
   28.800000000000004       0.99586210195660574     
   28.850000000000001       0.99588644904948265     
   28.900000000000002       0.99588346849821896     
   28.950000000000003       0.99587934945123013     
   29.000000000000004       0.99588862416079771     
   29.050000000000001       0.99590461013332876     
   29.100000000000001       0.99589874420569013     
   29.150000000000002       0.99590114617148318     
   29.200000000000003       0.99591484667653263     
   29.250000000000000       0.99594257029290789     
   29.300000000000004       0.99595212814130341     
   29.350000000000001       0.99593204859402118     
   29.400000000000002       0.99591710331366590     
   29.449999999999999       0.99593286747318033     
   29.500000000000004       0.99592709331970908     
   29.550000000000001       0.99592863955231514     
   29.600000000000001       0.99593064780036133     
   29.650000000000002       0.99591465719853656     
   29.700000000000003       0.99593461978463893     
   29.750000000000000       0.99594850502017995     
   29.800000000000004       0.99593526478731242     
   29.850000000000001       0.99594199064989730     
   29.900000000000002       0.99594490325585827     
   29.950000000000003       0.99593930954450627     
   30.000000000000004       0.99594182020525690     
   30.050000000000004       0.99593786504914150     
   30.100000000000001       0.99594327442271480     
   30.150000000000006       0.99595215945497761     
   30.200000000000003       0.99593515270991373     
   30.250000000000004       0.99592472440768964     
   30.300000000000001       0.99590532765817186     
   30.350000000000005       0.99590914342436521     
   30.400000000000002       0.99591305023838972     
   30.450000000000003       0.99594176642228960     
   30.500000000000004       0.99592938593951497     
   30.550000000000004       0.99594126961107354     
   30.600000000000001       0.99595167675307383     
   30.650000000000002       0.99594617514317563     
   30.700000000000003       0.99595428051222479     
   30.750000000000004       0.99596163425452777     
   30.800000000000001       0.99595080783427925     
   30.850000000000005       0.99595152888630489     
   30.900000000000002       0.99594570977066721     
   30.950000000000003       0.99593641937203015     
   31.000000000000000       0.99592773221312270     
   31.050000000000004       0.99592757023105150     
   31.100000000000001       0.99593133311015969     
   31.150000000000002       0.99591169787428702     
   31.200000000000003       0.99588056169895101     
   31.250000000000004       0.99587589250896380     
   31.300000000000001       0.99589703435001342     
   31.350000000000005       0.99591776359828876     
   31.400000000000002       0.99592964389747196     
   31.450000000000003       0.99594437491425147     
   31.500000000000000       0.99592264768729277     
   31.550000000000004       0.99592161781418653     
   31.600000000000001       0.99591733764218282     
   31.650000000000002       0.99588691994126843     
   31.700000000000003       0.99588787681683355     
   31.750000000000004       0.99589973740269377     
   31.800000000000001       0.99587177029589091     
   31.850000000000001       0.99583951426231088     
   31.900000000000002       0.99581590149539767     
   31.950000000000003       0.99580222326382195     
   32.000000000000007       0.99580395109249875     
   32.050000000000004       0.99581574556117625     
   32.100000000000001       0.99581025302971871     
   32.150000000000006       0.99580631122557373     
   32.200000000000003       0.99580329061827066     
   32.250000000000000       0.99577745013965546     
   32.299999999999997       0.99575795910773468     
   32.350000000000001       0.99576722154077069     
   32.400000000000006       0.99576564186234429     
   32.450000000000003       0.99576371801309249     
   32.500000000000000       0.99574052838602578     
   32.550000000000004       0.99574883635374190     
   32.600000000000001       0.99574193787848164     
   32.650000000000006       0.99573777155446874     
   32.700000000000003       0.99573923215751436     
   32.750000000000000       0.99572205104378375     
   32.800000000000004       0.99572408442112426     
   32.850000000000009       0.99571096260360714     
   32.899999999999999       0.99571510507358341     
   32.950000000000003       0.99571817766508031     
   33.000000000000007       0.99569848713674114     
   33.050000000000004       0.99568207754613836     
   33.100000000000001       0.99565678298057025     
   33.149999999999999       0.99566761617271693     
   33.200000000000003       0.99564478371391196     
   33.250000000000007       0.99564755188693321     
   33.299999999999997       0.99563944578395147     
   33.350000000000001       0.99562517995422328     
   33.400000000000006       0.99563207546639465     
   33.450000000000003       0.99563268117965198     
   33.500000000000000       0.99561485826677454     
   33.550000000000004       0.99560027979934007     
   33.600000000000001       0.99561707763078466     
   33.650000000000006       0.99561515106119947     
   33.700000000000003       0.99562256359012646     
   33.750000000000000       0.99561687214873928     
   33.800000000000004       0.99560252455487463     
   33.850000000000001       0.99560170326201936     
   33.899999999999999       0.99562128823303009     
   33.950000000000003       0.99562994599818644     
   34.000000000000000       0.99565911650758609     
   34.050000000000004       0.99566122782982347     
   34.100000000000001       0.99566953556166204     
   34.149999999999999       0.99567139161051199     
   34.200000000000003       0.99567166005809415     
   34.250000000000007       0.99568433671700007     
   34.300000000000004       0.99568603059399086     
   34.350000000000001       0.99571404182061729     
   34.400000000000006       0.99570492348601491     
   34.450000000000003       0.99572288532355746     
   34.500000000000007       0.99572839461401053     
   34.550000000000004       0.99573682202099845     
   34.600000000000001       0.99574925807952930     
   34.650000000000006       0.99574363152829060     
   34.700000000000003       0.99574433212311975     
   34.750000000000000       0.99573747727064166     
   34.800000000000004       0.99572839469192842     
   34.850000000000001       0.99572981845241104     
   34.900000000000006       0.99573224482558564     
   34.950000000000003       0.99571720299184641     
   35.000000000000000       0.99571374451640582     
   35.050000000000004       0.99573460288511795     
   35.100000000000009       0.99573015369805162     
   35.149999999999999       0.99572656326110209     
   35.200000000000003       0.99573890756803574     
   35.250000000000007       0.99571988591998140     
   35.300000000000004       0.99573025679862748     
   35.350000000000001       0.99574181007798890     
   35.399999999999999       0.99574201646563121     
   35.450000000000003       0.99572358823618101     
   35.500000000000007       0.99570340375906674     
   35.549999999999997       0.99570462141605509     
   35.600000000000001       0.99572742373694123     
   35.650000000000006       0.99571784342795999     
   35.700000000000003       0.99571171755795362     
   35.750000000000000       0.99570171889043413     
   35.800000000000004       0.99570762703656657     
   35.850000000000001       0.99569436651770193     
   35.900000000000006       0.99569669361743762     
   35.950000000000003       0.99569475393419093     
   36.000000000000000       0.99571625897170701     
   36.050000000000004       0.99570902070345668     
   36.100000000000009       0.99571152992036127     
   36.149999999999999       0.99571065308405049     
   36.200000000000003       0.99570470205904971     
   36.250000000000000       0.99572751300614837     
   36.300000000000004       0.99569254085164427     
   36.350000000000009       0.99567477298594675     
   36.399999999999999       0.99568503214014015     
   36.450000000000003       0.99569506187685985     
   36.500000000000007       0.99569464894702109     
   36.550000000000004       0.99570021286086741     
   36.600000000000001       0.99571056188110074     
   36.650000000000006       0.99573238542449360     
   36.700000000000003       0.99572771448432917     
   36.750000000000007       0.99574020452938783     
   36.800000000000004       0.99571725198204297     
   36.850000000000001       0.99572578499562059     
   36.900000000000006       0.99570700841359538     
   36.950000000000003       0.99571435697167399     
   37.000000000000000       0.99570534348272499     
   37.050000000000004       0.99570957927258497     
   37.100000000000001       0.99572044647528146     
   37.150000000000006       0.99570691393931099     
   37.200000000000003       0.99572112698983506     
   37.250000000000000       0.99573003977198493     
   37.300000000000004       0.99572398292429387     
   37.350000000000009       0.99573377269984609     
   37.399999999999999       0.99572802883261158     
   37.450000000000003       0.99573823183285926     
   37.500000000000007       0.99570745261769922     
   37.550000000000004       0.99569415947647499     
   37.600000000000001       0.99570006190820382     
   37.649999999999999       0.99571681563035275     
   37.700000000000003       0.99572097623969436     
   37.750000000000007       0.99571243990778935     
   37.799999999999997       0.99571037023027131     
   37.850000000000001       0.99569877616591551     
   37.900000000000006       0.99567211292827884     
   37.950000000000003       0.99570105065997216     
   38.000000000000000       0.99569706516339718     
   38.050000000000004       0.99569922149579904     
   38.100000000000001       0.99570864328049613     
   38.150000000000006       0.99570343553794993     
   38.200000000000003       0.99570277495519555     
   38.250000000000000       0.99569917352316439     
   38.300000000000004       0.99568130780234021     
   38.350000000000009       0.99568488201956939     
   38.399999999999999       0.99570049750337097     
   38.450000000000003       0.99570292646052871     
   38.500000000000000       0.99569012920086353     
   38.550000000000004       0.99570564187919630     
   38.600000000000009       0.99569807780383268     
   38.649999999999999       0.99571234155121469     
   38.700000000000003       0.99571434537927561     
   38.750000000000007       0.99572182887296368     
   38.800000000000004       0.99572032484933659     
   38.850000000000001       0.99571402154045896     
   38.900000000000006       0.99570664094113603     
   38.950000000000003       0.99571189050450937     
   39.000000000000007       0.99570510905162990     
   39.050000000000004       0.99569471446583591     
   39.100000000000001       0.99570362033603232     
   39.150000000000006       0.99568872233460859     
   39.200000000000003       0.99569897337061342     
   39.250000000000000       0.99570586154318375     
   39.300000000000004       0.99569841689900351     
   39.350000000000001       0.99569753642118153     
   39.400000000000006       0.99569478203584527     
   39.450000000000003       0.99569496119406142     
   39.500000000000000       0.99569184962179003     
   39.550000000000004       0.99571870851988642     
   39.600000000000009       0.99571314024318036     
   39.649999999999999       0.99573073759190012     
   39.700000000000003       0.99574081357404498     
   39.750000000000007       0.99573619787155299     
   39.800000000000004       0.99572143835056426     
   39.850000000000001       0.99573444512603293     
   39.899999999999999       0.99571158126752146     
   39.950000000000003       0.99570627172387871     
   40.000000000000007       0.99571123478797052     
   40.049999999999997       0.99570881401989664     
   40.100000000000001       0.99572320569997497     
   40.150000000000006       0.99570365220831247     
   40.200000000000003       0.99571587482898760     
   40.250000000000000       0.99570799353851658     
   40.300000000000004       0.99571468724264667     
   40.350000000000001       0.99569873963092381     
   40.400000000000006       0.99569467508894871     
   40.450000000000003       0.99568502673287063     
   40.500000000000000       0.99570748740902471     
   40.550000000000004       0.99569548363967697     
   40.600000000000009       0.99569976455723230     
   40.650000000000006       0.99569290835727808     
   40.700000000000003       0.99568476717255439     
   40.750000000000000       0.99566356614944218     
   40.800000000000004       0.99564957793110065     
   40.850000000000009       0.99563446178713999     
   40.899999999999999       0.99564767170687862     
   40.950000000000003       0.99564654149862764     
   41.000000000000007       0.99565764087842812     
   41.050000000000004       0.99566212527960085     
   41.100000000000001       0.99564299237349618     
   41.150000000000006       0.99563105721840406     
   41.200000000000003       0.99561476893080902     
   41.250000000000007       0.99561989510850435     
   41.300000000000004       0.99562854381858801     
   41.350000000000001       0.99562525405345514     
   41.400000000000006       0.99562392239970232     
   41.450000000000003       0.99563329320561211     
   41.500000000000000       0.99563286843060528     
   41.550000000000004       0.99562907407571055     
   41.600000000000001       0.99564652650176722     
   41.650000000000006       0.99565786401068324     
   41.700000000000003       0.99566828810087193     
   41.750000000000000       0.99567955867188651     
   41.800000000000004       0.99568236035622504     
   41.850000000000009       0.99569899611408819     
   41.899999999999999       0.99570240496962437     
   41.950000000000003       0.99568697940962070     
   42.000000000000007       0.99568869169769680     
   42.050000000000004       0.99569118045478355     
   42.100000000000001       0.99570656446952621     
   42.150000000000006       0.99572007874239565     
   42.200000000000003       0.99571604398960012     
   42.250000000000007       0.99573104009834079     
   42.299999999999997       0.99573618699438393     
   42.350000000000001       0.99574711936839011     
   42.400000000000006       0.99573470996625835     
   42.450000000000003       0.99574360003556261     
   42.500000000000000       0.99572048689146408     
   42.550000000000004       0.99573010213382318     
   42.600000000000001       0.99571795132885599     
   42.650000000000006       0.99572389374130577     
   42.700000000000010       0.99573053495764086     
   42.750000000000000       0.99571636895441629     
   42.800000000000004       0.99573560547429729     
   42.850000000000009       0.99572874018711588     
   42.900000000000006       0.99572714276698138     
   42.950000000000003       0.99569764210432821     
   43.000000000000000       0.99571193595588214     
   43.050000000000004       0.99569342287658691     
   43.100000000000009       0.99569690549406697     
   43.149999999999999       0.99568911609375377     
   43.200000000000003       0.99569520757877750     
   43.250000000000007       0.99569968647366824     
   43.300000000000004       0.99566905353430957     
   43.350000000000001       0.99566317612432975     
   43.400000000000006       0.99567791408676254     
   43.450000000000003       0.99566575164138338     
   43.500000000000007       0.99564979311005541     
   43.550000000000004       0.99564737343668386     
   43.600000000000001       0.99564687481872427     
   43.650000000000006       0.99564246381370469     
   43.700000000000010       0.99565795765291509     
   43.750000000000000       0.99565189122982045     
   43.800000000000004       0.99564619755382644     
   43.850000000000001       0.99563133154687933     
   43.900000000000006       0.99562713950047688     
   43.950000000000003       0.99562218220330212     
   44.000000000000000       0.99563930033089909     
   44.050000000000004       0.99563242075454106     
   44.100000000000009       0.99562511345388371     
   44.149999999999999       0.99564395559830532     
   44.200000000000003       0.99566140510111234     
   44.250000000000007       0.99566299130206537     
   44.300000000000004       0.99566562653774304     
   44.350000000000001       0.99566930364017403     
   44.400000000000006       0.99567017327697904     
   44.450000000000003       0.99568340110623688     
   44.500000000000007       0.99568570388324262     
   44.549999999999997       0.99568452148653419     
   44.600000000000001       0.99566915184803961     
   44.650000000000006       0.99566321839515126     
   44.700000000000003       0.99565247187486716     
   44.750000000000000       0.99566407266564272     
   44.800000000000004       0.99565301931211092     
   44.850000000000001       0.99566126111300657     
   44.900000000000006       0.99568195242271418     
   44.950000000000010       0.99568103258813645     
   45.000000000000000       0.99566510397906227     
   45.050000000000004       0.99569035349829882     
   45.100000000000009       0.99569604192380978     
   45.150000000000006       0.99568076259774785     
   45.200000000000003       0.99566548975838631     
   45.250000000000000       0.99567808349713682     
   45.300000000000004       0.99567371056246390     
   45.350000000000009       0.99568389786930933     
   45.399999999999999       0.99570039155387491     
   45.450000000000003       0.99570739486018534     
   45.500000000000007       0.99571031055891812     
   45.550000000000004       0.99573263964375147     
   45.600000000000001       0.99573817675906162     
   45.650000000000006       0.99575107431697141     
   45.700000000000003       0.99575717147920517     
   45.750000000000007       0.99575488572182858     
   45.800000000000004       0.99575923079928308     
   45.850000000000001       0.99574150312746734     
   45.900000000000006       0.99576582107432077     
   45.950000000000010       0.99574119712139419     
   46.000000000000000       0.99573571896415780     
   46.050000000000004       0.99574279695060119     
   46.100000000000001       0.99575621156370764     
   46.150000000000006       0.99575991095194072     
   46.200000000000003       0.99577229414245416     
   46.250000000000000       0.99576908893682736     
   46.300000000000004       0.99579136622798270     
   46.350000000000009       0.99578735257034445     
   46.399999999999999       0.99578445087287415     
   46.450000000000003       0.99576950270764042     
   46.500000000000007       0.99578447828674344     
   46.550000000000004       0.99580245544912582     
   46.600000000000001       0.99578636709392521     
   46.650000000000006       0.99578109608591425     
   46.700000000000003       0.99575266871647250     
   46.750000000000007       0.99573726271752216     
   46.799999999999997       0.99572325203563128     
   46.850000000000001       0.99573576034640898     
   46.900000000000006       0.99573555565098359     
   46.950000000000003       0.99573410754227776     
   47.000000000000007       0.99574511254670306     
   47.050000000000004       0.99574508969990605     
   47.100000000000001       0.99575501621639873     
   47.150000000000006       0.99577739127962139     
   47.200000000000010       0.99576827298815351     
   47.250000000000000       0.99578708389405723     
   47.300000000000004       0.99579153689421185     
   47.350000000000009       0.99578398829160253     
   47.400000000000006       0.99580383001685002     
   47.450000000000003       0.99580354148529515     
   47.500000000000007       0.99580891852202202     
   47.550000000000004       0.99579488964461504     
   47.600000000000009       0.99577019811726109     
   47.649999999999999       0.99575511061019428     
   47.700000000000003       0.99574303807124465     
   47.750000000000007       0.99574755787828795     
   47.800000000000004       0.99575439723191661     
   47.850000000000001       0.99577110817308989     
   47.900000000000006       0.99577892183690386     
   47.950000000000003       0.99577190860824993     
   48.000000000000007       0.99577760610102473     
   48.050000000000004       0.99579142858902292     
   48.100000000000001       0.99576978862905674     
   48.150000000000006       0.99578297823809170     
   48.200000000000010       0.99578357168784093     
   48.250000000000000       0.99578229818247455     
   48.300000000000004       0.99579414862582127     
   48.350000000000001       0.99578645690159706     
   48.400000000000006       0.99579881503103385     
   48.450000000000003       0.99578872697251541     
   48.500000000000000       0.99579915719577949     
   48.550000000000004       0.99579410248061673     
   48.600000000000009       0.99579212742895051     
   48.649999999999999       0.99578948019583224     
   48.700000000000003       0.99578571035382302     
   48.750000000000007       0.99578788166123955     
   48.800000000000004       0.99579811112118000     
   48.850000000000001       0.99578786263793173     
   48.900000000000006       0.99579319593013538     
   48.950000000000003       0.99579220036266491     
   49.000000000000007       0.99580591156334919     
   49.049999999999997       0.99580806142465261     
   49.100000000000001       0.99583543221346149     
   49.150000000000006       0.99585739479940549     
   49.200000000000003       0.99585315382503126     
   49.250000000000007       0.99585844241632981     
   49.300000000000004       0.99586207632459955     
   49.350000000000001       0.99587949329654235     
   49.400000000000006       0.99588480727500517     
   49.450000000000010       0.99588075707893620     
   49.500000000000000       0.99586956711488239     
   49.550000000000004       0.99586963929359573     
   49.600000000000009       0.99589312243715611     
   49.650000000000006       0.99589410910532405     
   49.700000000000003       0.99590793163937563     
   49.750000000000007       0.99590871976207418     
   49.800000000000004       0.99590313202573766     
   49.850000000000009       0.99589295173743630     
   49.899999999999999       0.99589414705675339     
