   0.0000000000000000       0.99999999999997780     
   8.9999999999999997E-002  0.92637149561521981     
  0.17999999999999999       0.99920099820318575     
  0.26999999999999996       0.99997754952816664     
  0.35999999999999999       0.99997652682375426     
  0.45000000000000001       0.99997139874883667     
  0.53999999999999992       0.99996731926313820     
  0.63000000000000000       0.99996170042780563     
  0.71999999999999997       0.99995542978340823     
  0.80999999999999994       0.99995115408551605     
  0.90000000000000002       0.99994634033002949     
  0.98999999999999999       0.99994425103500184     
   1.0799999999999998       0.99994054030063240     
   1.1699999999999999       0.99993413016910548     
   1.2600000000000000       0.99992809086326395     
   1.3500000000000001       0.99992014400159712     
   1.4399999999999999       0.99991618845625962     
   1.5299999999999998       0.99990863894146609     
   1.6199999999999999       0.99990214589804893     
   1.7100000000000000       0.99990036010532857     
   1.8000000000000000       0.99989411903506242     
   1.8899999999999999       0.99988775262372798     
   1.9800000000000000       0.99988165435882725     
   2.0699999999999998       0.99987648602989943     
   2.1599999999999997       0.99987134208986039     
   2.2500000000000000       0.99986559384892970     
   2.3399999999999999       0.99985858492498569     
   2.4299999999999997       0.99985313437628209     
   2.5200000000000000       0.99984132695659866     
   2.6099999999999999       0.99983548372019793     
   2.7000000000000002       0.99983158028513386     
   2.7900000000000000       0.99982918252190300     
   2.8799999999999999       0.99982129966710431     
   2.9699999999999998       0.99981923151273533     
   3.0599999999999996       0.99981269849917009     
   3.1499999999999999       0.99980986162353913     
   3.2399999999999998       0.99980749524046153     
   3.3300000000000001       0.99980103319772839     
   3.4199999999999999       0.99979573918058617     
   3.5099999999999998       0.99978785793740665     
   3.6000000000000001       0.99977957595397715     
   3.6899999999999999       0.99977506780967706     
   3.7799999999999998       0.99976946280347623     
   3.8699999999999997       0.99976492951288998     
   3.9600000000000000       0.99975806739387041     
   4.0499999999999998       0.99975043154565935     
   4.1399999999999997       0.99974899450521626     
   4.2299999999999995       0.99974207943400528     
   4.3199999999999994       0.99973841583144163     
   4.4100000000000001       0.99972760851212783     
   4.5000000000000000       0.99972387779172789     
   4.5899999999999999       0.99972351762653344     
   4.6799999999999997       0.99971846782489460     
   4.7699999999999996       0.99970899222329679     
   4.8599999999999994       0.99970336584250108     
   4.9499999999999993       0.99969210332603375     
   5.0400000000000000       0.99968792363756620     
   5.1299999999999999       0.99968019871757730     
   5.2199999999999998       0.99968056901452218     
   5.3100000000000005       0.99967349623785773     
   5.4000000000000004       0.99966429568168313     
   5.4900000000000002       0.99965525856226178     
   5.5800000000000001       0.99964694644546448     
   5.6699999999999999       0.99964763580945182     
   5.7599999999999998       0.99964197069599836     
   5.8499999999999996       0.99963707182511929     
   5.9399999999999995       0.99962788393961310     
   6.0299999999999994       0.99961700193011893     
   6.1199999999999992       0.99961060071349750     
   6.2099999999999991       0.99960981602726551     
   6.2999999999999998       0.99960508316718566     
   6.3899999999999997       0.99959621429729317     
   6.4799999999999995       0.99959185304573639     
   6.5700000000000003       0.99958152737185224     
   6.6600000000000001       0.99957941735159350     
   6.7500000000000000       0.99957460368329742     
   6.8399999999999999       0.99956217446959328     
   6.9299999999999997       0.99955905752333307     
   7.0199999999999996       0.99954727227537588     
   7.1099999999999994       0.99954912819647757     
   7.2000000000000002       0.99954066481468673     
   7.2900000000000000       0.99953781313916079     
   7.3799999999999999       0.99952709821767349     
   7.4699999999999998       0.99951863986026623     
   7.5599999999999996       0.99950955374521655     
   7.6499999999999995       0.99950052630130681     
   7.7399999999999993       0.99949677913205393     
   7.8299999999999992       0.99948923183042548     
   7.9199999999999999       0.99948616952039770     
   8.0099999999999998       0.99948366159516622     
   8.0999999999999996       0.99947375964482144     
   8.1899999999999995       0.99946942984569165     
   8.2799999999999994       0.99946179860257633     
   8.3699999999999992       0.99945451922537665     
   8.4599999999999991       0.99944665864356064     
   8.5499999999999989       0.99944138095116575     
   8.6399999999999988       0.99944157190515759     
   8.7300000000000004       0.99944108485839822     
   8.8200000000000003       0.99943743754347247     
   8.9100000000000001       0.99942828651982452     
   9.0000000000000000       0.99942766536566963     
   9.0899999999999999       0.99942878509849564     
   9.1799999999999997       0.99943345675412187     
   9.2699999999999996       0.99942642567293938     
   9.3599999999999994       0.99941939069238472     
   9.4499999999999993       0.99940932501966784     
   9.5399999999999991       0.99940488126850013     
   9.6299999999999990       0.99940121592915077     
   9.7199999999999989       0.99939833212399831     
   9.8099999999999987       0.99938312618056968     
   9.8999999999999986       0.99937693984294673     
   9.9899999999999984       0.99937314966038304     
   10.080000000000000       0.99936384815136048     
   10.170000000000000       0.99935658185231035     
   10.260000000000000       0.99934833940826684     
   10.350000000000000       0.99934930345406903     
   10.440000000000000       0.99933846618331190     
   10.529999999999999       0.99933063954926726     
   10.620000000000001       0.99932467222350263     
   10.710000000000001       0.99932597574009563     
   10.800000000000001       0.99931328554120813     
   10.890000000000001       0.99930361136133472     
   10.980000000000000       0.99929736049545392     
   11.070000000000000       0.99929219550448212     
   11.160000000000000       0.99927762062442560     
   11.250000000000000       0.99927487412930438     
   11.340000000000000       0.99926341016676345     
   11.430000000000000       0.99925575424300528     
   11.520000000000000       0.99925748703123085     
   11.609999999999999       0.99925337894320654     
   11.699999999999999       0.99924926056252772     
   11.789999999999999       0.99924750134029505     
   11.879999999999999       0.99924665633574772     
   11.969999999999999       0.99924279302645869     
   12.059999999999999       0.99923297972776581     
   12.149999999999999       0.99922724860451362     
   12.239999999999998       0.99921237784168437     
   12.329999999999998       0.99919954275959366     
   12.419999999999998       0.99918918762518949     
   12.510000000000000       0.99917984189653597     
   12.600000000000000       0.99917395616124705     
   12.690000000000000       0.99916851288138386     
   12.779999999999999       0.99916265187137487     
   12.869999999999999       0.99916275659693221     
   12.959999999999999       0.99915300562852749     
   13.050000000000001       0.99915950869310577     
   13.140000000000001       0.99916015112269974     
   13.230000000000000       0.99916072911365095     
   13.320000000000000       0.99915573628862642     
   13.410000000000000       0.99915697548419835     
   13.500000000000000       0.99914867923925443     
   13.590000000000000       0.99914596717507231     
   13.680000000000000       0.99913644201645802     
   13.770000000000000       0.99913413680610252     
   13.859999999999999       0.99913300548113004     
   13.949999999999999       0.99912845696857044     
   14.039999999999999       0.99912596862918368     
   14.129999999999999       0.99912548947880675     
   14.219999999999999       0.99910884890009799     
   14.309999999999999       0.99911060239802996     
   14.400000000000000       0.99910722471585611     
   14.490000000000000       0.99909592437488770     
   14.580000000000000       0.99909943784277000     
   14.670000000000000       0.99909802270263537     
   14.760000000000000       0.99908958224751587     
   14.850000000000000       0.99907413945575096     
   14.940000000000000       0.99906788360656407     
   15.029999999999999       0.99906006378203382     
   15.119999999999999       0.99905554366495475     
   15.209999999999999       0.99905004588342095     
   15.299999999999999       0.99905222520821080     
   15.389999999999999       0.99904689077226450     
   15.479999999999999       0.99903853482572325     
   15.569999999999999       0.99903285771938244     
   15.659999999999998       0.99902637194707422     
   15.749999999999998       0.99901780711216048     
   15.840000000000000       0.99901425104577934     
   15.930000000000000       0.99900505745021984     
   16.020000000000000       0.99900239019050530     
   16.109999999999999       0.99899211288299772     
   16.199999999999999       0.99899054250965780     
   16.289999999999999       0.99898770314014951     
   16.379999999999999       0.99898481117104965     
   16.469999999999999       0.99898256086473280     
   16.559999999999999       0.99897233502338845     
   16.649999999999999       0.99896718913813387     
   16.739999999999998       0.99896798019936117     
   16.829999999999998       0.99896422837974208     
   16.919999999999998       0.99895866927726962     
   17.009999999999998       0.99895161620350159     
   17.099999999999998       0.99894605377427392     
   17.189999999999998       0.99894101655454104     
   17.279999999999998       0.99893925869191813     
   17.370000000000001       0.99893528575982460     
   17.460000000000001       0.99892493498115276     
   17.550000000000001       0.99893016680636249     
   17.640000000000001       0.99892014351144187     
   17.730000000000000       0.99891745072497085     
   17.820000000000000       0.99891514999842235     
   17.910000000000000       0.99891120306737902     
   18.000000000000000       0.99889910161207374     
   18.090000000000000       0.99889408354184528     
   18.180000000000000       0.99889877708085639     
   18.270000000000000       0.99890115651986455     
   18.359999999999999       0.99890134404092645     
   18.449999999999999       0.99889450185642237     
   18.539999999999999       0.99888149930521142     
   18.629999999999999       0.99887816186026523     
   18.719999999999999       0.99887535307826913     
   18.809999999999999       0.99887184841527965     
   18.899999999999999       0.99887062206551180     
   18.989999999999998       0.99886408816232175     
   19.079999999999998       0.99886080593736570     
   19.169999999999998       0.99885512105270613     
   19.259999999999998       0.99884621056445688     
   19.349999999999998       0.99882600152599044     
   19.439999999999998       0.99881983598446566     
   19.529999999999998       0.99881613857852058     
   19.619999999999997       0.99882084371328239     
   19.709999999999997       0.99882346559642299     
   19.799999999999997       0.99881110095690906     
   19.889999999999997       0.99879809176760426     
   19.979999999999997       0.99879920028849267     
   20.070000000000000       0.99879284532052293     
   20.160000000000000       0.99878656934626742     
   20.250000000000000       0.99879044203268263     
   20.340000000000000       0.99878911130874326     
   20.430000000000000       0.99877477639046486     
   20.520000000000000       0.99877812532314947     
   20.609999999999999       0.99876942633103549     
   20.699999999999999       0.99876516118728087     
   20.789999999999999       0.99877103132100276     
   20.879999999999999       0.99877570978096208     
   20.969999999999999       0.99876971914957480     
   21.059999999999999       0.99876332310265570     
   21.150000000000002       0.99875423940470720     
   21.240000000000002       0.99875116232834193     
   21.330000000000002       0.99874756041110124     
   21.420000000000002       0.99874423401723400     
   21.510000000000002       0.99874820047257851     
   21.600000000000001       0.99874757137034542     
   21.690000000000001       0.99873898395574068     
   21.780000000000001       0.99873275673328932     
   21.870000000000001       0.99872072134740597     
   21.960000000000001       0.99871604427688221     
   22.050000000000001       0.99870491629468794     
   22.140000000000001       0.99869953147034540     
   22.230000000000000       0.99869131571896719     
   22.320000000000000       0.99868106940573775     
   22.410000000000000       0.99868108215589091     
   22.500000000000000       0.99867468217545707     
   22.590000000000000       0.99867122518531071     
   22.680000000000000       0.99866215147856763     
   22.770000000000000       0.99866177856971483     
   22.859999999999999       0.99866019748028390     
   22.949999999999999       0.99866624705781792     
   23.039999999999999       0.99866043734082610     
   23.129999999999999       0.99865608777223847     
   23.219999999999999       0.99865299990769707     
   23.309999999999999       0.99864470451181719     
   23.399999999999999       0.99864223468735946     
   23.489999999999998       0.99864311082865986     
   23.579999999999998       0.99864110472274437     
   23.669999999999998       0.99864119339276580     
   23.759999999999998       0.99862661742383207     
   23.849999999999998       0.99862429810098530     
   23.939999999999998       0.99863628606338939     
   24.029999999999998       0.99863436257997784     
   24.119999999999997       0.99864069158105317     
   24.209999999999997       0.99864820799481091     
   24.299999999999997       0.99864131822650781     
   24.389999999999997       0.99863538568049659     
   24.479999999999997       0.99863098165476150     
   24.569999999999997       0.99863002972790238     
   24.659999999999997       0.99861443031587782     
   24.749999999999996       0.99860892155506009     
   24.839999999999996       0.99861387362899023     
   24.929999999999996       0.99861776462312168     
   25.020000000000000       0.99861158896061097     
   25.109999999999999       0.99860183074565378     
   25.199999999999999       0.99860148164407170     
   25.289999999999999       0.99858731952474644     
   25.379999999999999       0.99858068192579430     
   25.469999999999999       0.99857911639038466     
   25.559999999999999       0.99858839052953374     
   25.649999999999999       0.99859106988828117     
   25.739999999999998       0.99858966901741131     
   25.829999999999998       0.99858201091132692     
   25.919999999999998       0.99857215129631804     
   26.009999999999998       0.99856358756104602     
   26.100000000000001       0.99855858111996165     
   26.190000000000001       0.99854956007500262     
   26.280000000000001       0.99853904658181125     
   26.370000000000001       0.99854204181941242     
   26.460000000000001       0.99854734031039549     
   26.550000000000001       0.99854125482238432     
   26.640000000000001       0.99854455133530684     
   26.730000000000000       0.99853337733342873     
   26.820000000000000       0.99853455613783604     
   26.910000000000000       0.99853020102430168     
   27.000000000000000       0.99852478791509836     
   27.090000000000000       0.99851222845623411     
   27.180000000000000       0.99850660915783351     
   27.270000000000000       0.99850998649048273     
   27.359999999999999       0.99850629893285481     
   27.449999999999999       0.99850632449000698     
   27.539999999999999       0.99850393367209977     
   27.629999999999999       0.99850484057424727     
   27.719999999999999       0.99849841770532344     
   27.809999999999999       0.99849390218069933     
   27.899999999999999       0.99849210036821512     
   27.989999999999998       0.99848495152232697     
   28.079999999999998       0.99848066130364366     
   28.169999999999998       0.99848188953585448     
   28.259999999999998       0.99848471550354911     
   28.349999999999998       0.99847832150223692     
   28.439999999999998       0.99847626979556880     
   28.529999999999998       0.99847593380815092     
   28.619999999999997       0.99848706049273295     
   28.709999999999997       0.99848012185593982     
   28.800000000000001       0.99847158008058290     
   28.890000000000001       0.99846242812083907     
   28.980000000000000       0.99846203632912423     
   29.069999999999997       0.99846113527385483     
   29.160000000000000       0.99845489503375484     
   29.249999999999996       0.99844305717540061     
   29.340000000000000       0.99843654758252565     
   29.429999999999996       0.99842726733126252     
   29.520000000000000       0.99842555247846865     
   29.609999999999996       0.99842231598101061     
   29.699999999999999       0.99841791042351502     
   29.789999999999996       0.99841427344560851     
   29.879999999999999       0.99841751820728641     
   29.969999999999995       0.99841138816553066     
   30.059999999999999       0.99840996091592316     
   30.149999999999995       0.99841076477321988     
   30.239999999999998       0.99840888626106317     
   30.329999999999995       0.99840068580483898     
   30.419999999999998       0.99840859206363708     
   30.509999999999994       0.99840142106012941     
   30.599999999999998       0.99839985812572918     
   30.689999999999994       0.99840084106465166     
   30.779999999999998       0.99839973389652592     
   30.870000000000001       0.99840704606266650     
   30.959999999999997       0.99839464917771326     
   31.050000000000001       0.99838848363054422     
   31.139999999999997       0.99838290068423119     
   31.230000000000000       0.99838547383507337     
   31.319999999999997       0.99837662566061824     
   31.410000000000000       0.99837528755432359     
   31.499999999999996       0.99837833017643063     
   31.590000000000000       0.99837327443189749     
   31.680000000000000       0.99835976638770330     
   31.770000000000000       0.99834994670918675     
   31.859999999999999       0.99835420248805351     
   31.949999999999999       0.99834820052610906     
   32.039999999999999       0.99834530143649158     
   32.130000000000003       0.99833560875583682     
   32.219999999999999       0.99833015959969107     
   32.310000000000002       0.99832463034174890     
   32.399999999999999       0.99832385571331905     
   32.490000000000002       0.99833156091946551     
   32.579999999999998       0.99833548980436748     
   32.670000000000002       0.99835291850164976     
   32.759999999999998       0.99835173670414845     
   32.850000000000001       0.99835527497221865     
   32.939999999999998       0.99835212519306227     
   33.030000000000001       0.99835061374042144     
   33.119999999999997       0.99833660785771750     
   33.210000000000001       0.99833641029859033     
   33.299999999999997       0.99833326211948037     
   33.390000000000001       0.99832549762730705     
   33.479999999999997       0.99832895871739025     
   33.570000000000000       0.99832062040698277     
   33.659999999999997       0.99831265365990873     
   33.750000000000000       0.99830643581638867     
   33.839999999999996       0.99830126711507905     
   33.930000000000000       0.99830956239864754     
   34.019999999999996       0.99831014365799786     
   34.109999999999999       0.99830508537084262     
   34.199999999999996       0.99832020315788506     
   34.289999999999999       0.99830750500058962     
   34.379999999999995       0.99830569325766805     
   34.469999999999999       0.99830128216904379     
   34.559999999999995       0.99829776627056854     
   34.649999999999999       0.99829762141131972     
   34.740000000000002       0.99829963229495555     
   34.829999999999998       0.99830585667521388     
   34.920000000000002       0.99829536697267940     
   35.009999999999998       0.99829311830767853     
   35.100000000000001       0.99829507565689968     
   35.189999999999998       0.99828350635925400     
   35.280000000000001       0.99827633053811915     
   35.369999999999997       0.99826655761659644     
   35.460000000000001       0.99827636522860341     
   35.549999999999997       0.99827487897945122     
   35.640000000000001       0.99827411290626789     
   35.729999999999997       0.99827851607757656     
   35.820000000000000       0.99828147311943538     
   35.909999999999997       0.99826676023298044     
   36.000000000000000       0.99825328462201801     
   36.089999999999996       0.99825570458410928     
   36.180000000000000       0.99825520672534274     
   36.269999999999996       0.99825029861257641     
   36.359999999999999       0.99825011427406385     
   36.449999999999996       0.99823866745720502     
   36.539999999999999       0.99823135177054789     
   36.629999999999995       0.99823042125784889     
   36.719999999999999       0.99822866539084776     
   36.809999999999995       0.99821264831569134     
   36.899999999999999       0.99819428404765131     
   36.989999999999995       0.99820412078903042     
   37.079999999999998       0.99819613483659053     
   37.169999999999995       0.99819966425803119     
   37.259999999999998       0.99820008676848282     
   37.349999999999994       0.99818644509324828     
   37.439999999999998       0.99819218761206252     
   37.529999999999994       0.99820011807527464     
   37.619999999999997       0.99818535589667412     
   37.709999999999994       0.99819227798493615     
   37.799999999999997       0.99819379038436951     
   37.889999999999993       0.99819439247159658     
   37.979999999999997       0.99819295101597416     
   38.069999999999993       0.99818996632468882     
   38.159999999999997       0.99819668729591648     
   38.249999999999993       0.99819688897626024     
   38.339999999999996       0.99819471207189858     
   38.430000000000000       0.99818748345351127     
   38.519999999999996       0.99818950030281228     
   38.609999999999999       0.99819062394261038     
   38.699999999999996       0.99819591711939959     
   38.789999999999999       0.99819787397104176     
   38.879999999999995       0.99819480119960002     
   38.969999999999999       0.99819697658906403     
   39.059999999999995       0.99819247350022056     
   39.149999999999999       0.99818837094318114     
   39.239999999999995       0.99819022567728766     
   39.329999999999998       0.99818875996459666     
   39.419999999999995       0.99818282144886250     
   39.509999999999998       0.99818189029011739     
   39.599999999999994       0.99817738710271420     
   39.689999999999998       0.99818549533749468     
   39.779999999999994       0.99819083425191968     
   39.869999999999997       0.99818396301207157     
   39.959999999999994       0.99817786736830072     
   40.049999999999997       0.99817531740003196     
   40.140000000000001       0.99818234184235322     
   40.229999999999997       0.99817797861264712     
   40.320000000000000       0.99817060741881436     
   40.409999999999997       0.99817360053281645     
   40.500000000000000       0.99817258114039431     
   40.590000000000003       0.99817998673783381     
   40.680000000000000       0.99818289990194353     
   40.770000000000003       0.99817464285924073     
   40.859999999999999       0.99817779624512004     
   40.950000000000003       0.99817878623186063     
   41.039999999999999       0.99817988505568644     
   41.130000000000003       0.99818131145068145     
   41.219999999999999       0.99817709490829842     
   41.310000000000002       0.99817415163382250     
   41.399999999999999       0.99817592775470954     
   41.490000000000002       0.99818083279313941     
   41.579999999999998       0.99818290100214724     
   41.670000000000002       0.99818547475617192     
   41.759999999999998       0.99818206163865397     
   41.850000000000001       0.99819372889849345     
   41.939999999999998       0.99819979067023124     
   42.030000000000001       0.99820067933918910     
   42.119999999999997       0.99819695508690087     
   42.210000000000001       0.99819768946051413     
   42.300000000000004       0.99819376586465391     
   42.390000000000001       0.99819756041437357     
   42.480000000000004       0.99819307376538802     
   42.570000000000000       0.99818563068963084     
   42.660000000000004       0.99818788674917391     
   42.750000000000000       0.99818776922007091     
   42.840000000000003       0.99818291515759050     
   42.930000000000000       0.99818369260863515     
   43.020000000000003       0.99817395708856160     
   43.109999999999999       0.99817991925881866     
   43.200000000000003       0.99817779218139002     
   43.289999999999999       0.99817918067592271     
   43.380000000000003       0.99816843388254817     
   43.469999999999999       0.99816998023895753     
   43.560000000000002       0.99817282953110986     
   43.649999999999999       0.99816912875301844     
   43.740000000000002       0.99815945916538840     
   43.829999999999998       0.99815613302838779     
   43.920000000000002       0.99815853362343188     
   44.009999999999998       0.99815211073253962     
   44.100000000000001       0.99814893634010371     
   44.189999999999998       0.99814206136062711     
   44.280000000000001       0.99814833111339574     
   44.369999999999997       0.99814566337399979     
   44.460000000000001       0.99814940226303295     
   44.549999999999997       0.99814690850345145     
   44.640000000000001       0.99814870758510110     
   44.729999999999997       0.99814481449216985     
   44.820000000000000       0.99813177220187077     
   44.909999999999997       0.99813305303968791     
   45.000000000000000       0.99813594304025499     
   45.089999999999996       0.99813216555542095     
   45.180000000000000       0.99812460461143238     
   45.269999999999996       0.99811467133356835     
   45.359999999999999       0.99811402085180345     
   45.449999999999996       0.99811717373071374     
   45.539999999999999       0.99811521201091369     
   45.629999999999995       0.99810848469941671     
   45.719999999999999       0.99811209991422911     
   45.809999999999995       0.99810864605299066     
   45.899999999999999       0.99810634500206818     
   45.989999999999995       0.99810550961639655     
   46.079999999999998       0.99810795071318026     
   46.170000000000002       0.99810685395277610     
   46.259999999999998       0.99810640060909139     
   46.350000000000001       0.99809578683358635     
   46.439999999999998       0.99808344411292926     
   46.530000000000001       0.99808311574033326     
   46.619999999999997       0.99807482730283537     
   46.710000000000001       0.99807440097975653     
   46.799999999999997       0.99806229546316849     
   46.890000000000001       0.99805303454748606     
   46.979999999999997       0.99805782342217386     
   47.070000000000000       0.99805952605543202     
   47.159999999999997       0.99805888665566966     
   47.250000000000000       0.99805949874965882     
   47.339999999999996       0.99805443771256852     
   47.430000000000000       0.99805337187758303     
   47.519999999999996       0.99804399639641939     
   47.609999999999999       0.99804524293990038     
   47.699999999999996       0.99804534250442156     
   47.789999999999999       0.99803992597453339     
   47.879999999999995       0.99804037127328937     
   47.969999999999999       0.99803791250342022     
   48.059999999999995       0.99802996433692914     
   48.149999999999999       0.99803555343989026     
   48.239999999999995       0.99803436453935046     
   48.329999999999998       0.99804351537669900     
   48.419999999999995       0.99804378153849471     
   48.509999999999998       0.99804214689002479     
   48.599999999999994       0.99804929150950716     
   48.689999999999998       0.99804960366882645     
   48.779999999999994       0.99806627143717253     
   48.869999999999997       0.99805997790098844     
   48.959999999999994       0.99806109176709834     
   49.049999999999997       0.99805892397067875     
   49.139999999999993       0.99805252390244892     
   49.229999999999997       0.99805039684856023     
   49.319999999999993       0.99805408517264149     
   49.409999999999997       0.99806357386011335     
   49.499999999999993       0.99806303925677331     
   49.589999999999996       0.99806457244940849     
   49.679999999999993       0.99806234177289954     
   49.769999999999996       0.99806113605503566     
   49.859999999999992       0.99805181884261218     
