   0.0000000000000000       0.99999999999998901     
   7.0000000000000007E-002  0.87074789422784271     
  0.14000000000000001       0.66376200139887809     
  0.20999999999999999       0.39251442504366624     
  0.28000000000000003       0.74084911199414549     
  0.35000000000000003       0.97884097713250795     
  0.41999999999999998       0.91885208019363007     
  0.49000000000000005       0.93983144604426361     
  0.56000000000000005       0.91182047450216752     
  0.63000000000000012       0.83162126771102596     
  0.70000000000000007       0.93019048972007190     
  0.77000000000000002       0.51455950057702582     
  0.83999999999999997       0.92502028573252237     
  0.91000000000000014       0.95311028596066649     
  0.98000000000000009       0.74605635828078287     
   1.0500000000000000       0.89893708149579121     
   1.1200000000000001       0.96276030846738236     
   1.1899999999999999       0.92492220466087738     
   1.2600000000000002       0.91723699481214949     
   1.3300000000000001       0.90855988026205581     
   1.4000000000000001       0.95699901620432271     
   1.4700000000000002       0.90414652369267745     
   1.5400000000000000       0.91793035386281452     
   1.6100000000000001       0.92390505390941047     
   1.6799999999999999       0.88846377750920069     
   1.7500000000000002       0.87260688230156080     
   1.8200000000000003       0.94806323273072735     
   1.8900000000000001       0.92146689223503320     
   1.9600000000000002       0.93968914420684202     
   2.0300000000000002       0.88566482836310378     
   2.1000000000000001       0.68203290848739906     
   2.1700000000000004       0.76692177090232860     
   2.2400000000000002       0.90638555860453718     
   2.3100000000000001       0.89267089206797490     
   2.3799999999999999       0.94072358902856479     
   2.4500000000000002       0.93065130341026436     
   2.5200000000000005       0.88039035232808605     
   2.5900000000000003       0.89633522467863869     
   2.6600000000000001       0.93445595978631824     
   2.7300000000000000       0.82534499967787833     
   2.8000000000000003       0.91772319251415313     
   2.8700000000000006       0.86921799464401606     
   2.9400000000000004       0.90953887256655364     
   3.0100000000000002       0.83711614673340673     
   3.0800000000000001       0.88763741516811046     
   3.1499999999999999       0.88621366327976570     
   3.2200000000000002       0.59236382084185923     
   3.2900000000000000       0.88749132927216845     
   3.3599999999999999       0.85121778975302209     
   3.4300000000000006       0.90085489643407979     
   3.5000000000000004       0.85032344064525356     
   3.5700000000000003       0.89052362528391460     
   3.6400000000000006       0.88905312018783589     
   3.7100000000000004       0.87638385591180012     
   3.7800000000000002       0.84300103694027817     
   3.8500000000000001       0.91665420345111404     
   3.9200000000000004       0.89233212812909113     
   3.9900000000000002       0.91432717206771030     
   4.0600000000000005       0.83657278798206747     
   4.1300000000000008       0.77701881043675836     
   4.2000000000000002       0.91217771697145278     
   4.2700000000000005       0.88705276065534011     
   4.3400000000000007       0.89940680586073385     
   4.4100000000000001       0.87954034830083194     
   4.4800000000000004       0.87387473139084815     
   4.5500000000000007       0.85573306413265338     
   4.6200000000000001       0.83691696187938081     
   4.6900000000000004       0.79070209040958239     
   4.7599999999999998       0.79211476961952976     
   4.8300000000000001       0.80133416279697889     
   4.9000000000000004       0.85619424267201261     
   4.9700000000000006       0.85101143008844760     
   5.0400000000000009       0.86241245499522545     
   5.1100000000000003       0.86390854243157411     
   5.1800000000000006       0.81571761319927782     
   5.2500000000000000       0.86264815786755589     
   5.3200000000000003       0.90448341047937519     
   5.3900000000000006       0.83884483129324916     
   5.4600000000000000       0.78280823002183142     
   5.5300000000000002       0.91046419800002132     
   5.6000000000000005       0.82539973332487271     
   5.6700000000000008       0.89840377899953661     
   5.7400000000000011       0.87349895881812245     
   5.8100000000000005       0.83764218678291424     
   5.8800000000000008       0.86588736213904705     
   5.9500000000000002       0.87399805185044799     
   6.0200000000000005       0.91393032270719843     
   6.0900000000000007       0.90773139016532733     
   6.1600000000000001       0.83190719205640584     
   6.2300000000000004       0.85889687647010493     
   6.2999999999999998       0.89362061919646862     
   6.3700000000000001       0.84812481310834409     
   6.4400000000000004       0.93620371767816435     
   6.5099999999999998       0.82437986225990412     
   6.5800000000000001       0.88838318775117175     
   6.6500000000000004       0.89633876933418022     
   6.7199999999999998       0.91130705584701355     
   6.7900000000000009       0.94245460722501828     
   6.8600000000000012       0.92330660596041603     
   6.9300000000000006       0.80963687735473888     
   7.0000000000000009       0.85460280578348602     
   7.0700000000000012       0.82974554766007624     
   7.1400000000000006       0.89145404676646323     
   7.2100000000000009       0.92084931033555484     
   7.2800000000000011       0.89980259976182919     
   7.3500000000000005       0.89453119652032453     
   7.4200000000000008       0.80581313743202465     
   7.4900000000000002       0.86573422752830553     
   7.5600000000000005       0.92054829543621020     
   7.6300000000000008       0.90598248016045524     
   7.7000000000000002       0.91330255506455782     
   7.7700000000000005       0.92290520646440044     
   7.8400000000000007       0.91604850654877246     
   7.9100000000000001       0.95310115107178583     
   7.9800000000000004       0.93628074172672393     
   8.0500000000000007       0.93311094810847584     
   8.1200000000000010       0.91191131143114845     
   8.1899999999999995       0.89282290957163890     
   8.2600000000000016       0.85237259576949909     
   8.3300000000000018       0.86822841869907919     
   8.4000000000000004       0.89483350877065804     
   8.4700000000000006       0.91200313837446700     
   8.5400000000000009       0.87205304877886436     
   8.6100000000000012       0.88578867059210831     
   8.6800000000000015       0.90473814799353136     
   8.7500000000000018       0.91538810309538576     
   8.8200000000000003       0.87698447732729368     
   8.8900000000000006       0.94183616891731048     
   8.9600000000000009       0.93790870391252212     
   9.0300000000000011       0.91498983268681267     
   9.1000000000000014       0.93049519451857710     
   9.1699999999999999       0.93885979043561596     
   9.2400000000000002       0.91145667014477016     
   9.3100000000000005       0.90844041993423186     
   9.3800000000000008       0.89903576546250819     
   9.4500000000000011       0.91288093964049288     
   9.5199999999999996       0.90197469764816252     
   9.5899999999999999       0.86658513027885498     
   9.6600000000000001       0.92956710500433781     
   9.7300000000000022       0.92426498703753490     
   9.8000000000000007       0.92316553507170873     
   9.8700000000000010       0.92491173747427979     
   9.9400000000000013       0.93532800939653882     
   10.010000000000002       0.93604646894047239     
   10.080000000000002       0.93785403964066882     
   10.150000000000000       0.93867986028576222     
   10.220000000000001       0.90269500376634937     
   10.290000000000001       0.86589436538116993     
   10.360000000000001       0.90391829163338289     
   10.430000000000001       0.93553640946322481     
   10.500000000000000       0.84763205411108766     
   10.570000000000000       0.89552885922309655     
   10.640000000000001       0.91814905542254677     
   10.710000000000001       0.94698048428234383     
   10.780000000000001       0.94505368707684700     
   10.850000000000001       0.90761288302349230     
   10.920000000000000       0.89602297901208316     
   10.990000000000000       0.93027149049021429     
   11.060000000000000       0.92917720197359943     
   11.130000000000001       0.91605294533076853     
   11.200000000000001       0.88914634519146563     
   11.270000000000001       0.85017497697447741     
   11.340000000000002       0.82204934514793360     
   11.410000000000002       0.90573380933709724     
   11.480000000000002       0.93383625972064166     
   11.550000000000001       0.91795253075981686     
   11.620000000000001       0.91937322042555691     
   11.690000000000001       0.89961507462674362     
   11.760000000000002       0.90577645114497540     
   11.830000000000002       0.91322572231521482     
   11.900000000000000       0.91397569948010071     
   11.970000000000001       0.94363617110919940     
   12.040000000000001       0.88027825356475509     
   12.110000000000001       0.88583463527262396     
   12.180000000000001       0.92829008429022286     
   12.250000000000000       0.93112708885900664     
   12.320000000000000       0.91833824886110504     
   12.390000000000001       0.86196336791006922     
   12.460000000000001       0.91574970230671970     
   12.530000000000001       0.91512547357339580     
   12.600000000000000       0.86049730937775504     
   12.670000000000000       0.94421564813052550     
   12.740000000000000       0.91763916098191467     
   12.810000000000000       0.95496859288014457     
   12.880000000000001       0.90747372526220749     
   12.950000000000001       0.94218249692956746     
   13.020000000000000       0.92524605243446711     
   13.090000000000000       0.89781044697033585     
   13.160000000000000       0.90744258785422494     
   13.230000000000000       0.88855332463277303     
   13.300000000000001       0.93213879942858735     
   13.369999999999999       0.92183162874676294     
   13.440000000000000       0.91537662961874422     
   13.510000000000002       0.88774352461789208     
   13.580000000000002       0.92690830891253317     
   13.650000000000002       0.90135972278064214     
   13.720000000000002       0.90432705916946621     
   13.790000000000003       0.93535363343643740     
   13.860000000000001       0.92175520734850958     
   13.930000000000001       0.91510184373309589     
   14.000000000000002       0.92756977075427771     
   14.070000000000002       0.90870652637383176     
   14.140000000000002       0.88842418047441263     
   14.210000000000003       0.92038860217521423     
   14.280000000000001       0.93185294627739490     
   14.350000000000001       0.93695921850893515     
   14.420000000000002       0.93697282293705297     
   14.490000000000002       0.93697629019323581     
   14.560000000000002       0.86610597867371442     
   14.630000000000001       0.89160426238558443     
   14.700000000000001       0.87459707481842430     
   14.770000000000001       0.89157547845062268     
   14.840000000000002       0.86193140481015162     
   14.910000000000002       0.89823209668513493     
   14.980000000000000       0.93054311787492505     
   15.050000000000001       0.89721472679662462     
   15.120000000000001       0.85117634013250532     
   15.190000000000001       0.91376424910551957     
   15.260000000000002       0.90886746138719121     
   15.330000000000002       0.89924577647023529     
   15.400000000000000       0.87898707561493739     
   15.470000000000001       0.88040579536712815     
   15.540000000000001       0.91521954939243566     
   15.610000000000001       0.87132082076121908     
   15.680000000000001       0.87447420634941675     
   15.750000000000000       0.88904202629167850     
   15.820000000000000       0.87618285705125132     
   15.890000000000001       0.86686701266466148     
   15.960000000000001       0.89019575079097191     
   16.030000000000001       0.92616782534320308     
   16.100000000000001       0.90216752034153957     
   16.170000000000002       0.93779918870199552     
   16.240000000000002       0.91747155788129020     
   16.309999999999999       0.87427168346174522     
   16.379999999999999       0.90882010483308739     
   16.450000000000003       0.82077792491413049     
   16.520000000000003       0.86799674893704226     
   16.590000000000003       0.85766980545780369     
   16.660000000000004       0.88366031037930104     
   16.730000000000004       0.90043831547135522     
   16.800000000000001       0.90016212661059736     
   16.870000000000001       0.89517960901763538     
   16.940000000000001       0.90795634482631804     
   17.010000000000002       0.84363394513742829     
   17.080000000000002       0.86266651167093400     
   17.150000000000002       0.83812168923482033     
   17.220000000000002       0.87178880620179944     
   17.290000000000003       0.91923530782932539     
   17.360000000000003       0.89883464332775775     
   17.430000000000003       0.90037421430481779     
   17.500000000000004       0.85754061869129072     
   17.570000000000000       0.91504464488756299     
   17.640000000000001       0.91890769568248709     
   17.710000000000001       0.91691259022381155     
   17.780000000000001       0.86574190999043665     
   17.850000000000001       0.88369342892283709     
   17.920000000000002       0.89091950977014311     
   17.990000000000002       0.91995996147159154     
   18.060000000000002       0.85693038091881057     
   18.130000000000003       0.90469212994407655     
   18.200000000000003       0.87569251989928132     
   18.270000000000000       0.81307161313193732     
   18.340000000000000       0.90763919239363033     
   18.410000000000000       0.89807847970869470     
   18.480000000000000       0.89352892180571875     
   18.550000000000001       0.93217684922642507     
   18.620000000000001       0.90670185549243076     
   18.690000000000001       0.87003745884351857     
   18.760000000000002       0.87746267095264896     
   18.830000000000002       0.89126098902648987     
   18.900000000000002       0.88703360327281722     
   18.970000000000002       0.86213619447128986     
   19.039999999999999       0.87289723886753257     
   19.109999999999999       0.86409636616540131     
   19.180000000000000       0.82987141997474911     
   19.250000000000000       0.87888688264456527     
   19.320000000000000       0.86378667676365750     
   19.390000000000001       0.84766493438086954     
   19.460000000000004       0.78943539858768152     
   19.530000000000001       0.81920760907365797     
   19.600000000000001       0.83134916446647800     
   19.670000000000002       0.87529928451152750     
   19.740000000000002       0.85709261595382524     
   19.810000000000002       0.77976927782048222     
   19.880000000000003       0.83347014596022317     
   19.950000000000003       0.89763486852231078     
   20.020000000000003       0.87065945313741089     
   20.090000000000003       0.88770250456595512     
   20.160000000000004       0.85208650496711125     
   20.230000000000004       0.85104500877551814     
   20.300000000000001       0.92806497048901671     
   20.370000000000001       0.84201076277210229     
   20.440000000000001       0.83923956025029234     
   20.510000000000002       0.85850125457202886     
   20.580000000000002       0.92111452674350403     
   20.650000000000002       0.78631414022954971     
   20.720000000000002       0.80416256511120476     
   20.790000000000003       0.85698799973454209     
   20.860000000000003       0.86005781871503773     
   20.930000000000003       0.86015492591055120     
   21.000000000000000       0.86225222379227739     
   21.070000000000000       0.82433105520981320     
   21.140000000000001       0.85856310297509975     
   21.210000000000001       0.87114924466554422     
   21.280000000000001       0.80174654592171257     
   21.350000000000001       0.88976658754290039     
   21.420000000000002       0.82129456577631443     
   21.490000000000002       0.88324445791811168     
   21.560000000000002       0.82312539329982881     
   21.630000000000003       0.83617084641751649     
   21.700000000000003       0.85321616354867980     
   21.770000000000000       0.86966779553812423     
   21.840000000000000       0.88748198826493951     
   21.910000000000000       0.89295434152199216     
   21.980000000000000       0.82535701449717469     
   22.050000000000001       0.82789443865225587     
   22.120000000000001       0.81594981649931697     
   22.190000000000001       0.88663988383409487     
   22.260000000000002       0.79714320346877188     
   22.330000000000002       0.84835405314423407     
   22.400000000000002       0.84352417505509536     
   22.470000000000002       0.85975150046398219     
   22.540000000000003       0.77991300003607589     
   22.609999999999999       0.81010211150231271     
   22.680000000000003       0.80766842443238640     
   22.750000000000000       0.78573101944193235     
   22.820000000000004       0.78959028448398949     
   22.890000000000001       0.78707794238244555     
   22.960000000000004       0.75565346563671754     
   23.030000000000001       0.88306139316660748     
   23.100000000000001       0.78335888444344370     
   23.170000000000002       0.87172689107276602     
   23.240000000000002       0.84707732828013971     
   23.309999999999999       0.81965228958527514     
   23.380000000000003       0.82947468318475870     
   23.449999999999999       0.86964321521628141     
   23.520000000000003       0.77847127468718202     
   23.590000000000000       0.84792270446387208     
   23.660000000000004       0.78926313788971392     
   23.730000000000000       0.87641341732646572     
   23.800000000000001       0.87501207945138260     
   23.870000000000001       0.88185456193809497     
   23.940000000000001       0.81957707742420804     
   24.010000000000005       0.81011965014969400     
   24.080000000000002       0.79918416044687413     
   24.150000000000006       0.81617212792769511     
   24.220000000000002       0.83123588505768198     
   24.290000000000003       0.86712888574707281     
   24.360000000000003       0.82700337150505643     
   24.430000000000003       0.82813949048743818     
   24.500000000000000       0.87975281778011283     
   24.570000000000004       0.89263352573752419     
   24.640000000000001       0.77307665537848724     
   24.710000000000004       0.84979546394565419     
   24.780000000000001       0.75523290447872227     
   24.850000000000005       0.82251826675427964     
   24.920000000000002       0.81105130237020095     
   24.990000000000002       0.81215551429051169     
   25.060000000000002       0.80747114259673458     
   25.130000000000003       0.90443625165522046     
   25.199999999999999       0.79496154793333740     
   25.270000000000003       0.69165841025724817     
   25.340000000000000       0.78819293503050725     
   25.410000000000004       0.72870703537156101     
   25.480000000000000       0.80549629827398628     
   25.550000000000004       0.84043646544032957     
   25.620000000000001       0.88465303480764723     
   25.690000000000005       0.84733703398531168     
   25.760000000000002       0.83848007809377245     
   25.830000000000002       0.82312801944326341     
   25.900000000000002       0.80305789611918421     
   25.970000000000002       0.83851685998422743     
   26.039999999999999       0.80120172846454918     
   26.110000000000003       0.79424063766664743     
   26.180000000000000       0.86582143530934519     
   26.250000000000004       0.84290662982997122     
   26.320000000000000       0.87390809259828905     
   26.390000000000004       0.77189597246484998     
   26.460000000000001       0.85112734580780369     
   26.530000000000001       0.82793147984958104     
   26.600000000000001       0.82205706188174232     
   26.670000000000002       0.84459339569769099     
   26.739999999999998       0.84612011402723120     
   26.810000000000002       0.79554988382691683     
   26.879999999999999       0.72916831537611371     
   26.950000000000003       0.78120732399811443     
   27.020000000000003       0.84516317493900450     
   27.090000000000003       0.86071233929203950     
   27.160000000000004       0.83011795866377835     
   27.230000000000000       0.89587500933586850     
   27.300000000000004       0.82489994498746055     
   27.370000000000001       0.80895691465120256     
   27.440000000000005       0.75434475340728002     
   27.510000000000002       0.85288000132182151     
   27.580000000000005       0.84314487101110536     
   27.650000000000002       0.87075729281598990     
   27.720000000000002       0.80835638900024520     
   27.790000000000003       0.84092777601993607     
   27.860000000000003       0.85873127887416711     
   27.930000000000000       0.81019178668595970     
   28.000000000000004       0.83259982026108226     
   28.070000000000000       0.79184134364467185     
   28.140000000000004       0.84263814885526400     
   28.210000000000001       0.81584115769263543     
   28.280000000000005       0.81955760450651360     
   28.350000000000001       0.74776303311076220     
   28.420000000000005       0.76531395816816317     
   28.490000000000002       0.79271712143193929     
   28.560000000000002       0.76672977719193958     
   28.630000000000003       0.78701542415760839     
   28.700000000000003       0.83862351258777379     
   28.770000000000000       0.80790687841093689     
   28.840000000000003       0.81894557493590969     
   28.910000000000000       0.81127757711020931     
   28.980000000000004       0.78446055101050705     
   29.050000000000001       0.73990507575401543     
   29.120000000000005       0.75443506497673207     
   29.190000000000001       0.85706233300328027     
   29.260000000000002       0.76547906172030500     
   29.330000000000002       0.81374476176516619     
   29.400000000000002       0.82727264263704114     
   29.469999999999999       0.82426821592299537     
   29.540000000000003       0.84105589631727540     
   29.609999999999999       0.86299751590315266     
   29.680000000000003       0.72911949768750306     
   29.750000000000000       0.74962595041244240     
   29.820000000000004       0.77743343879536331     
   29.890000000000004       0.69339732525624675     
   29.960000000000001       0.80333493371074205     
   30.030000000000005       0.78816323044294201     
   30.100000000000001       0.84003088791911562     
   30.170000000000005       0.77718368772361190     
   30.240000000000002       0.81089169332810929     
   30.310000000000006       0.69824141467748324     
   30.380000000000003       0.67921545956266605     
   30.450000000000003       0.76333117189589317     
   30.520000000000003       0.70889133736094412     
   30.590000000000003       0.81257349284595570     
   30.660000000000004       0.72033428870360960     
   30.730000000000004       0.82354324088832231     
   30.800000000000001       0.78122008470196702     
   30.870000000000005       0.80249792797194341     
   30.940000000000001       0.81694862665123313     
   31.010000000000005       0.77124249095387365     
   31.080000000000002       0.78747362484057792     
   31.150000000000006       0.67752899279446976     
   31.220000000000002       0.80990169745060303     
   31.290000000000003       0.85309827082326617     
   31.360000000000003       0.70441434467486863     
   31.430000000000003       0.77272909752189622     
   31.500000000000000       0.74786494714629270     
   31.570000000000004       0.75830378529547882     
   31.640000000000001       0.83401282005516353     
   31.710000000000004       0.81951211089016629     
   31.780000000000001       0.66085314326208733     
   31.850000000000005       0.78713306734512289     
   31.920000000000002       0.69751402391080985     
   31.990000000000002       0.88331681219913094     
   32.060000000000002       0.77202287076126974     
   32.130000000000003       0.78203708091019963     
   32.200000000000003       0.74589899197495513     
   32.270000000000003       0.80911943481961690     
   32.340000000000003       0.69761065241030673     
   32.410000000000004       0.79617019250964949     
   32.480000000000004       0.77479878072588282     
   32.550000000000004       0.81536469030967396     
   32.619999999999997       0.77244148816047142     
   32.690000000000005       0.84680681251117884     
   32.759999999999998       0.66716112010802786     
   32.830000000000005       0.73748423340032709     
   32.900000000000006       0.74849562501069855     
   32.970000000000006       0.73178610310697889     
   33.040000000000006       0.83099296083550045     
   33.109999999999999       0.84035612624518474     
   33.180000000000007       0.78888249000436061     
   33.250000000000000       0.75423003206284955     
   33.320000000000007       0.70838821368926996     
   33.390000000000001       0.72730942791566155     
   33.460000000000008       0.75292878648860206     
   33.530000000000001       0.77044547638963767     
   33.600000000000001       0.82760339963038676     
   33.670000000000002       0.85211543577126259     
   33.740000000000002       0.77113436580539807     
   33.810000000000002       0.76769547712104502     
   33.880000000000003       0.83777699298738972     
   33.950000000000003       0.72136049232724364     
   34.020000000000003       0.75927422754188756     
   34.090000000000003       0.78381934050501290     
   34.160000000000004       0.84121999277973658     
   34.230000000000004       0.79798748871941216     
   34.300000000000004       0.80711049831165527     
   34.370000000000005       0.78039620917195940     
   34.440000000000005       0.76085992005020253     
   34.509999999999998       0.77718225882817915     
   34.580000000000005       0.74529791152471403     
   34.649999999999999       0.72761116118742508     
   34.720000000000006       0.79308536798703089     
   34.789999999999999       0.84307459851564415     
   34.860000000000007       0.78655318257722484     
   34.930000000000000       0.68290070231924427     
   35.000000000000007       0.73465372755073699     
   35.070000000000000       0.70458232767045426     
   35.140000000000001       0.77470012034032687     
   35.210000000000001       0.78723608214495677     
   35.280000000000001       0.75409708256336949     
   35.350000000000001       0.70103973844707890     
   35.420000000000002       0.69128648097902079     
   35.490000000000002       0.80807796552555311     
   35.560000000000002       0.74283299979531392     
   35.630000000000003       0.69706335677482301     
   35.700000000000003       0.74149015124845263     
   35.770000000000003       0.79500901926112855     
   35.840000000000003       0.70512354640695818     
   35.910000000000004       0.72830776617263859     
   35.980000000000004       0.80156465630227958     
   36.050000000000004       0.80603169112539164     
   36.120000000000005       0.76921160833331947     
   36.190000000000005       0.72948858918418780     
   36.260000000000005       0.77520475565509372     
   36.330000000000005       0.76357380612204717     
   36.400000000000006       0.77646103021496449     
   36.470000000000006       0.71400944693836210     
   36.539999999999999       0.80068529247571585     
   36.610000000000007       0.80247142754730660     
   36.680000000000000       0.78202780914791581     
   36.750000000000007       0.82086985589726580     
   36.820000000000000       0.80311240410378903     
   36.890000000000008       0.76467902593765469     
   36.960000000000001       0.63738251624784936     
   37.030000000000001       0.70992248503342270     
   37.100000000000001       0.69301424935946854     
   37.170000000000002       0.76925676011889454     
   37.240000000000002       0.76931830615174690     
   37.310000000000002       0.77297997516249595     
   37.380000000000003       0.70799220683150310     
   37.450000000000003       0.69075604211397568     
   37.520000000000003       0.83099052226753789     
   37.590000000000003       0.80497102444932145     
   37.660000000000004       0.76369092892672763     
   37.730000000000004       0.73351283957617375     
   37.800000000000004       0.78797926021629239     
   37.870000000000005       0.83074346831159218     
   37.940000000000005       0.79367652257895538     
   38.010000000000005       0.78275459501750333     
   38.079999999999998       0.82954374690012567     
   38.150000000000006       0.81045900316781594     
   38.219999999999999       0.76446405851711097     
   38.290000000000006       0.73846174917536833     
   38.359999999999999       0.79847750102754655     
   38.430000000000007       0.85236053888721242     
   38.500000000000000       0.88082911325993751     
   38.570000000000000       0.78168141623825460     
   38.640000000000001       0.80376267058174278     
   38.710000000000001       0.76873924968192242     
   38.780000000000001       0.75561217480112963     
   38.850000000000001       0.76728733930514681     
   38.920000000000009       0.82972638937709886     
   38.990000000000002       0.84352986452021539     
   39.060000000000002       0.79539359713388624     
   39.130000000000003       0.74816761329464820     
   39.200000000000003       0.81971410173578196     
   39.270000000000003       0.71706485094774897     
   39.340000000000003       0.76183259278325832     
   39.410000000000004       0.75012783250942694     
   39.480000000000004       0.78182476936595680     
   39.550000000000004       0.77293848595061609     
   39.620000000000005       0.75093637132526281     
   39.690000000000005       0.71992188078536690     
   39.760000000000005       0.64017568758227350     
   39.830000000000005       0.79086503788639650     
   39.900000000000006       0.72254225724539611     
   39.970000000000006       0.80184273461011779     
   40.040000000000006       0.83952529602077564     
   40.109999999999999       0.77601112372587544     
   40.180000000000007       0.74350352480205917     
   40.250000000000000       0.80529917144922625     
   40.320000000000007       0.75631465619996785     
   40.390000000000001       0.74365051550191352     
   40.460000000000008       0.83701941680239100     
   40.530000000000001       0.76023938223419862     
   40.600000000000001       0.76473772185561906     
   40.670000000000002       0.72203229536480285     
   40.740000000000002       0.71262826479245522     
   40.810000000000002       0.78370332103230012     
   40.880000000000003       0.80247726221417381     
   40.950000000000003       0.76549647208978078     
   41.020000000000003       0.66022673462132397     
   41.090000000000003       0.73497743810920890     
   41.160000000000004       0.74381038732939952     
   41.230000000000004       0.79696397409902142     
   41.300000000000004       0.70629773608842228     
   41.370000000000005       0.75608378635113871     
   41.440000000000005       0.68999323935114887     
   41.509999999999998       0.75544998516039286     
   41.580000000000005       0.71371234958381591     
   41.649999999999999       0.69171512897528931     
   41.720000000000006       0.78844181344878772     
   41.789999999999999       0.87360819536241474     
   41.860000000000007       0.75907814819660757     
   41.930000000000007       0.77045659176914905     
   42.000000000000000       0.72803289252728309     
   42.070000000000007       0.76512933593487886     
   42.140000000000001       0.72978267557378018     
   42.210000000000008       0.70787264671845018     
   42.280000000000001       0.72242227091652966     
   42.350000000000009       0.71733413572185900     
   42.420000000000002       0.73344422209886162     
   42.490000000000009       0.77304133237875605     
   42.560000000000002       0.72583281452295800     
   42.630000000000003       0.77136744546539071     
   42.700000000000003       0.71759303690436504     
   42.770000000000003       0.78024033539710069     
   42.840000000000003       0.77388291698891254     
   42.910000000000004       0.80957069794794079     
   42.980000000000004       0.75286872324183174     
   43.050000000000004       0.78706878550193782     
   43.120000000000005       0.80739625876432208     
   43.190000000000005       0.81743476009768168     
   43.260000000000005       0.82150705501401544     
   43.330000000000005       0.78557965188743939     
   43.400000000000006       0.71448080374196254     
   43.470000000000006       0.67931405491862162     
   43.539999999999999       0.78630615832167261     
   43.610000000000007       0.71025639953434128     
   43.680000000000000       0.75283979807046597     
   43.750000000000007       0.68300289777182310     
   43.820000000000000       0.74095808106993111     
   43.890000000000008       0.72668233811981053     
   43.960000000000001       0.83977783343636092     
   44.030000000000001       0.76675217162063847     
   44.100000000000001       0.76431302196515050     
   44.170000000000002       0.83846048827825026     
   44.240000000000002       0.72096041251644827     
   44.310000000000002       0.81569628935445015     
   44.380000000000003       0.82491184929703010     
   44.450000000000003       0.81218930161583380     
   44.520000000000003       0.75471206798561807     
   44.590000000000003       0.70323039618412186     
   44.660000000000004       0.75815754054772300     
   44.730000000000004       0.77107256428960036     
   44.800000000000004       0.76798744487952586     
   44.870000000000005       0.79814493535301312     
   44.940000000000005       0.73631033501257259     
   45.010000000000005       0.77944405467085809     
   45.080000000000005       0.81242162117231798     
   45.150000000000006       0.80721076477462073     
   45.219999999999999       0.74322087149577098     
   45.290000000000006       0.72419123422966214     
   45.360000000000007       0.78089435581241451     
   45.430000000000007       0.74657674951426511     
   45.500000000000000       0.77833457517341986     
   45.570000000000000       0.77689137315378975     
   45.640000000000008       0.80461684296758129     
   45.710000000000008       0.71793987325422337     
   45.780000000000001       0.76428723416870048     
   45.850000000000001       0.76217899509680076     
   45.920000000000009       0.82129728790867929     
   45.990000000000009       0.82960756289189841     
   46.060000000000002       0.76469830962586283     
   46.130000000000003       0.75416531679282961     
   46.200000000000003       0.72806853871812360     
   46.270000000000010       0.78654142059788856     
   46.340000000000003       0.70540278723974537     
   46.410000000000004       0.69000280095321720     
   46.480000000000004       0.84268262741836575     
   46.550000000000004       0.77296680382189431     
   46.619999999999997       0.73719965353808103     
   46.690000000000005       0.76253270597478906     
   46.760000000000005       0.76084027091389206     
   46.830000000000005       0.82419718501653871     
   46.899999999999999       0.78352043216965028     
   46.969999999999999       0.70738449497855338     
   47.040000000000006       0.81038564665097568     
   47.110000000000007       0.71473725690456968     
   47.180000000000000       0.78093831789953039     
   47.250000000000000       0.73864096088767317     
   47.320000000000007       0.70631683507955834     
   47.390000000000008       0.76068184246855064     
   47.460000000000001       0.78041599373457438     
   47.530000000000001       0.68292425120459543     
   47.600000000000001       0.77197638245188316     
   47.670000000000009       0.78635614355550898     
   47.740000000000002       0.71013762706097094     
   47.810000000000002       0.76543556238233657     
   47.880000000000003       0.73975332684614159     
   47.950000000000010       0.87836588373690483     
   48.020000000000010       0.87423721292431611     
   48.090000000000003       0.77115884892091757     
   48.160000000000004       0.73632124446926162     
   48.230000000000004       0.80238982171964646     
   48.300000000000011       0.70538521285976441     
   48.370000000000005       0.73072920233497562     
   48.440000000000005       0.68748396185157656     
   48.510000000000005       0.75403208140392830     
   48.580000000000005       0.70260349339802131     
   48.649999999999999       0.73207817602412806     
   48.720000000000006       0.73442824410182483     
   48.790000000000006       0.78547508027274016     
   48.860000000000007       0.80787278324057721     
   48.930000000000000       0.81129132252596503     
   49.000000000000000       0.73181397982768037     
   49.070000000000007       0.73954503984979059     
   49.140000000000008       0.76950544801071141     
   49.210000000000001       0.77883877051943673     
   49.280000000000001       0.83416344337875525     
   49.350000000000009       0.67669882768779799     
   49.420000000000009       0.71099433205513907     
   49.490000000000002       0.71268028965634300     
   49.560000000000002       0.84500763781050348     
   49.630000000000003       0.78753406635618683     
   49.700000000000010       0.71210734443047763     
   49.770000000000003       0.86352968402724850     
   49.840000000000003       0.78855777579186637     
   49.910000000000004       0.80153820454288238     
   49.980000000000004       0.73581749653607964     
   50.049999999999997       0.76802119875419461     
   50.120000000000005       0.74066552819922571     
   50.190000000000005       0.71688670460890047     
   50.260000000000005       0.87525107121346957     
   50.329999999999998       0.70709941995104109     
   50.399999999999999       0.81430556643110286     
   50.470000000000006       0.80737909640986671     
   50.540000000000006       0.71613383546466103     
   50.609999999999999       0.66980074565480896     
   50.680000000000000       0.84891067438943846     
   50.750000000000007       0.82029429522203234     
   50.820000000000007       0.72840517793073267     
   50.890000000000008       0.67999490058535872     
   50.960000000000001       0.65556433908574652     
   51.030000000000001       0.73722272302328407     
   51.100000000000009       0.76290281559405093     
   51.170000000000009       0.73496588812581176     
   51.240000000000002       0.71227617486130834     
   51.310000000000002       0.64720442025164160     
   51.380000000000010       0.73691030939200652     
   51.450000000000010       0.76306456398846967     
   51.520000000000003       0.77657943139662744     
   51.590000000000003       0.76489900510051179     
   51.660000000000004       0.76460181337991662     
   51.730000000000011       0.66797479831114193     
   51.800000000000004       0.75333198998525797     
   51.870000000000005       0.78845668238084865     
   51.940000000000005       0.82435643566256278     
   52.010000000000005       0.81305699114333241     
   52.079999999999998       0.82930666868138980     
   52.150000000000006       0.67738982127548586     
   52.220000000000006       0.69090167738924790     
   52.290000000000006       0.79090293805673861     
   52.359999999999999       0.76042053853848202     
   52.430000000000000       0.82341725322001935     
   52.500000000000007       0.77259175800045155     
   52.570000000000007       0.79412371571975782     
   52.640000000000001       0.80024213276200740     
   52.710000000000001       0.60446879920849406     
   52.780000000000008       0.81557437231656671     
   52.850000000000009       0.69292355856193499     
   52.920000000000002       0.73479805620533800     
   52.990000000000002       0.76883263826720938     
   53.060000000000002       0.71912718271691756     
   53.130000000000010       0.71413980843829561     
   53.200000000000003       0.72017282418990414     
   53.270000000000003       0.80409613950458081     
   53.340000000000003       0.78123152253997541     
   53.410000000000011       0.69502018154463974     
   53.479999999999997       0.68355643070822469     
   53.550000000000004       0.76785834374183237     
   53.620000000000005       0.76599036007341226     
   53.690000000000005       0.72435026481421549     
   53.759999999999998       0.72594293048949354     
   53.830000000000005       0.77392759766954022     
   53.900000000000006       0.68558201124526863     
   53.970000000000006       0.73133450627051877     
   54.040000000000006       0.78714172321918208     
   54.109999999999999       0.74479308904013120     
   54.180000000000007       0.70279898760546489     
   54.250000000000007       0.84202793185795510     
   54.320000000000007       0.76059674498303531     
   54.390000000000001       0.79453876400919643     
   54.460000000000001       0.77064314128248668     
   54.530000000000008       0.74190848043229962     
   54.600000000000009       0.80878730103795227     
   54.670000000000002       0.75008631304047380     
   54.740000000000002       0.70386387734688638     
   54.810000000000009       0.70370749670419397     
   54.880000000000010       0.72597427192164221     
   54.950000000000003       0.71894141544131651     
   55.020000000000003       0.79233177647233710     
   55.090000000000003       0.76241846040842820     
   55.160000000000011       0.79271479811195267     
   55.230000000000004       0.64995257169527532     
   55.300000000000004       0.73743527654591523     
   55.370000000000005       0.70134917776939321     
   55.440000000000005       0.70645887594853551     
   55.509999999999998       0.70481995236686845     
   55.580000000000005       0.66004726473205666     
   55.650000000000006       0.67922933479038627     
   55.720000000000006       0.79263998827308946     
   55.789999999999999       0.75126251227642837     
   55.859999999999999       0.59394301339756450     
   55.930000000000007       0.74559349751415238     
   56.000000000000007       0.74575699850184829     
   56.070000000000000       0.78794511616003737     
   56.140000000000001       0.76912278765779962     
   56.210000000000008       0.68533230093662834     
   56.280000000000008       0.68778970438492115     
   56.350000000000001       0.78235202588172881     
   56.420000000000002       0.78067212676646858     
   56.490000000000002       0.69027013486202871     
   56.560000000000009       0.71686506796566651     
   56.630000000000003       0.74292736836552509     
   56.700000000000003       0.81250529429501683     
   56.770000000000003       0.77805507592132772     
   56.840000000000011       0.72822693879083245     
   56.910000000000011       0.73455242319691805     
   56.980000000000004       0.77651714955885132     
   57.050000000000004       0.79078046835872229     
   57.120000000000005       0.78033977955388778     
   57.190000000000012       0.72053182718827424     
   57.260000000000005       0.70825825617636196     
   57.330000000000005       0.77202196375793752     
   57.400000000000006       0.77652864423688939     
   57.470000000000006       0.78870776875790205     
   57.539999999999999       0.77255445958494395     
   57.610000000000007       0.67085800093614756     
   57.680000000000007       0.77926477810354200     
   57.750000000000007       0.81805082235467230     
   57.820000000000000       0.74845078140314913     
   57.890000000000001       0.75079714284447907     
   57.960000000000008       0.76725377750235624     
   58.030000000000008       0.81481864847459040     
   58.100000000000001       0.70219066354768644     
   58.170000000000002       0.75479586778943963     
   58.240000000000009       0.75445970895510794     
   58.310000000000009       0.80280677779720722     
   58.380000000000003       0.80294814416651172     
   58.450000000000003       0.70126097763826867     
   58.520000000000003       0.65311509693836567     
   58.590000000000011       0.79937887181271494     
   58.660000000000004       0.76753669330243901     
   58.730000000000004       0.82566078246476970     
   58.800000000000004       0.75644036471018916     
   58.870000000000012       0.69144301638820127     
   58.939999999999998       0.74521913571250054     
   59.010000000000005       0.76022353877283499     
   59.080000000000005       0.76181836235320022     
   59.150000000000006       0.75501416768112084     
   59.219999999999999       0.65688188714564921     
   59.290000000000006       0.72197479345208748     
   59.360000000000007       0.78691090018288357     
   59.430000000000007       0.80844293099690634     
   59.500000000000000       0.68261580683829015     
   59.570000000000000       0.71790087405126657     
   59.640000000000008       0.66649895486578670     
   59.710000000000008       0.77195836787859973     
   59.780000000000008       0.78667789763522666     
   59.850000000000001       0.75253459845799109     
   59.920000000000002       0.70440574169215320     
   59.990000000000009       0.68774947560078503     
   60.060000000000009       0.76421550299153296     
   60.130000000000003       0.70223844657344825     
   60.200000000000003       0.82129495665552521     
   60.270000000000010       0.59788577486041672     
   60.340000000000011       0.50541537972906780     
   60.410000000000004       0.63127771104830821     
   60.480000000000004       0.68698212044991724     
   60.550000000000004       0.72274885166752634     
   60.620000000000012       0.64195928038847194     
   60.690000000000005       0.72692049185887619     
   60.760000000000005       0.73033853721689146     
   60.830000000000005       0.74989824190251098     
   60.900000000000006       0.77901230679524924     
   60.969999999999999       0.73177642255207254     
   61.040000000000006       0.81747895070215593     
   61.110000000000007       0.71960441028565114     
   61.180000000000007       0.73533000779114333     
   61.250000000000000       0.68685689914559223     
   61.320000000000007       0.68285148199275758     
   61.390000000000008       0.65138666329792561     
   61.460000000000008       0.77816734442643698     
   61.530000000000001       0.57762845158001974     
   61.600000000000001       0.78436929031561942     
   61.670000000000009       0.65531568248476868     
   61.740000000000009       0.74122468511266981     
   61.810000000000002       0.74256884368136922     
   61.880000000000003       0.68743273603895427     
   61.950000000000003       0.69064347685474958     
   62.020000000000010       0.73008667104752556     
   62.090000000000003       0.75730746250364722     
   62.160000000000004       0.63986914590464272     
   62.230000000000004       0.65837880879339594     
   62.300000000000011       0.70524892584791210     
   62.369999999999997       0.70890388906874024     
   62.440000000000005       0.82538251979827271     
   62.510000000000005       0.81321907541139293     
   62.580000000000005       0.72950869746837232     
   62.649999999999999       0.70595254320441336     
   62.720000000000006       0.76055318893600155     
   62.790000000000006       0.68556032654661780     
   62.860000000000007       0.73266005364474285     
   62.930000000000007       0.81312913007373733     
   63.000000000000000       0.61517579549630552     
   63.070000000000007       0.77909250837370325     
   63.140000000000008       0.66932659562478880     
   63.210000000000008       0.66552926072590390     
   63.280000000000001       0.67634655731461479     
   63.350000000000001       0.82503726920722331     
   63.420000000000009       0.80172230061363026     
   63.490000000000009       0.68633841617791325     
   63.560000000000002       0.77838167150344018     
   63.630000000000003       0.82136369873115178     
   63.700000000000010       0.70123665271518842     
   63.770000000000010       0.77766426814917156     
   63.840000000000003       0.75995383125012417     
   63.910000000000004       0.71339099585253529     
   63.980000000000004       0.68871646331596648     
   64.050000000000011       0.76930220942247562     
   64.120000000000005       0.74839291792729734     
   64.189999999999998       0.75789831331973001     
   64.260000000000005       0.72079466092483269     
   64.330000000000013       0.72596164649384887     
   64.400000000000006       0.68295084257922956     
   64.469999999999999       0.69665277264016467     
   64.540000000000006       0.69761186992269775     
   64.610000000000014       0.69843541868516279     
   64.680000000000007       0.75638937125894190     
   64.750000000000000       0.75688230550458391     
   64.820000000000007       0.80088556474557748     
   64.890000000000015       0.65582817733305965     
   64.960000000000008       0.64257986673758960     
   65.030000000000001       0.71082271316459400     
   65.100000000000009       0.71001965304263148     
   65.170000000000002       0.76217573674288497     
   65.239999999999995       0.73327964434465609     
   65.310000000000002       0.69104978254003313     
   65.380000000000010       0.71121724741456172     
   65.450000000000003       0.78303276786839637     
   65.519999999999996       0.65055633353814379     
   65.590000000000003       0.66146331016668403     
   65.660000000000011       0.76967204233271547     
   65.730000000000004       0.62247647331256839     
   65.800000000000011       0.75497088224036701     
   65.870000000000005       0.78885825357030537     
   65.940000000000012       0.65748795244751623     
   66.010000000000005       0.69081766867180172     
   66.080000000000013       0.82095719876444928     
   66.150000000000006       0.64040843167641226     
   66.219999999999999       0.67924542128974075     
   66.290000000000006       0.74996410726696938     
   66.360000000000014       0.55483925748885266     
   66.430000000000007       0.72505072292839634     
   66.500000000000000       0.66881327039827176     
   66.570000000000007       0.75751067222043789     
   66.640000000000015       0.72464199116001182     
   66.710000000000008       0.75072248231157479     
   66.780000000000001       0.69913398402246973     
   66.850000000000009       0.77749712140803295     
   66.920000000000016       0.71629013556219112     
   66.990000000000009       0.66419065533118671     
   67.060000000000002       0.75127281850096661     
   67.130000000000010       0.79187000670224827     
   67.200000000000003       0.69889787857684282     
   67.269999999999996       0.69250979141952262     
   67.340000000000003       0.73961595757701726     
   67.410000000000011       0.80547534588686076     
   67.480000000000004       0.74685675370659343     
   67.549999999999997       0.69590130766098868     
   67.620000000000005       0.63363489750649693     
   67.690000000000012       0.77720962750706524     
   67.760000000000005       0.59585876873996502     
   67.829999999999998       0.72463995087053934     
   67.900000000000006       0.70809235747079147     
   67.970000000000013       0.67879782899208185     
   68.040000000000006       0.80852769996666074     
   68.109999999999999       0.69319114166720652     
   68.180000000000007       0.76932822344994123     
   68.250000000000000       0.73773471803164548     
   68.320000000000007       0.68704413102149664     
   68.390000000000001       0.71778205698422315     
   68.460000000000008       0.65583054768074944     
   68.530000000000001       0.65877938175296857     
   68.600000000000009       0.79532747089453626     
   68.670000000000002       0.62674044859974531     
   68.740000000000009       0.63339669740224147     
   68.810000000000002       0.76215957941506252     
   68.880000000000010       0.77675623339067934     
   68.950000000000017       0.80532431218896994     
   69.019999999999996       0.72494618075972339     
   69.090000000000003       0.73154303871773041     
   69.160000000000011       0.79465141666153671     
   69.230000000000004       0.65009665684483930     
   69.299999999999997       0.73773656506063290     
   69.370000000000005       0.67387330114542277     
   69.440000000000012       0.63873883302690693     
   69.510000000000005       0.59194351009295942     
   69.579999999999998       0.71407068275529240     
   69.650000000000006       0.76942483087282099     
   69.720000000000013       0.77974127060260057     
   69.790000000000006       0.54821541722645750     
   69.859999999999999       0.77826064857126820     
   69.930000000000007       0.78840911166528693     
   70.000000000000014       0.72103338598535638     
   70.070000000000007       0.69446915364081541     
   70.140000000000001       0.63877058900778971     
   70.210000000000008       0.71251215827186321     
   70.280000000000001       0.76488964114898894     
   70.350000000000009       0.74429387400786340     
   70.420000000000002       0.74986226510858733     
   70.490000000000009       0.75219418957668238     
   70.560000000000002       0.73646713061272184     
   70.630000000000010       0.69582381162170381     
   70.700000000000003       0.79839101937421186     
   70.770000000000010       0.69577779373278359     
   70.840000000000003       0.71539803496389198     
   70.910000000000011       0.79488164577791698     
   70.980000000000004       0.73579906417736485     
   71.049999999999997       0.71678502890734364     
   71.120000000000005       0.77260878614589523     
   71.190000000000012       0.70012311979558572     
   71.260000000000005       0.63611644474695128     
   71.329999999999998       0.72527335790693148     
   71.400000000000006       0.77483771526387824     
   71.470000000000013       0.75217390599863510     
   71.540000000000006       0.73555803815190979     
   71.609999999999999       0.86177478054322709     
   71.680000000000007       0.69831437675830410     
   71.750000000000014       0.75767375488457644     
   71.820000000000007       0.76358359973434276     
   71.890000000000001       0.78715412074798319     
   71.960000000000008       0.67236602885907903     
   72.030000000000015       0.77018655570911321     
   72.100000000000009       0.71638804242116316     
   72.170000000000002       0.75500538995806499     
   72.240000000000009       0.65394091107593255     
   72.310000000000002       0.71977624988419286     
   72.380000000000010       0.72330539262996207     
   72.450000000000003       0.73328517543303728     
   72.520000000000010       0.66116271218249834     
   72.590000000000003       0.73950250175104548     
   72.660000000000011       0.66203156621224668     
   72.730000000000004       0.77488265472048679     
   72.800000000000011       0.76532420779256138     
   72.870000000000005       0.78812949567783197     
   72.940000000000012       0.60586704147148374     
   73.010000000000005       0.75052178749094234     
   73.079999999999998       0.71372024552835756     
   73.150000000000006       0.70391470054344230     
   73.220000000000013       0.75355383235312601     
   73.290000000000006       0.78501817125452034     
   73.359999999999999       0.68542466261739099     
   73.430000000000007       0.77121324186431062     
   73.500000000000014       0.71751221883896887     
   73.570000000000007       0.80770553434677483     
   73.640000000000001       0.82424049673865984     
   73.710000000000008       0.76559273149066631     
   73.780000000000015       0.69708098054586332     
   73.850000000000009       0.70816566910520484     
   73.920000000000002       0.65497444306097441     
   73.990000000000009       0.63993308189024523     
   74.060000000000002       0.74436496682689723     
   74.129999999999995       0.67319426093729173     
   74.200000000000003       0.71200545623615497     
   74.270000000000010       0.68274840231737399     
   74.340000000000003       0.74303139331220602     
   74.409999999999997       0.83015699844442925     
   74.480000000000004       0.72728208522177096     
   74.550000000000011       0.74923415224630763     
   74.620000000000005       0.69800729003720396     
   74.690000000000012       0.65164430535075890     
   74.760000000000005       0.62263975680926253     
   74.830000000000013       0.75816308779811203     
   74.900000000000006       0.67071622565436573     
   74.970000000000013       0.68485326379259259     
   75.040000000000006       0.71917549270686520     
   75.109999999999999       0.72723696717891806     
   75.180000000000007       0.76815529738902810     
   75.250000000000014       0.76176765914015154     
   75.320000000000007       0.71317871859853887     
   75.390000000000001       0.74579716885766401     
   75.460000000000008       0.70479174233960196     
   75.530000000000015       0.72968883044055244     
   75.600000000000009       0.73469170902264846     
   75.670000000000002       0.75670848709208849     
   75.740000000000009       0.73467809397905737     
   75.810000000000016       0.57393138646158015     
   75.880000000000010       0.63035064625615012     
   75.950000000000003       0.78080596584800199     
   76.020000000000010       0.69673987021139117     
   76.090000000000003       0.64049210497548115     
   76.159999999999997       0.62108969955391646     
   76.230000000000004       0.60877327069594311     
   76.300000000000011       0.61171926903742646     
   76.370000000000005       0.61954554505568638     
   76.439999999999998       0.65329441775226149     
   76.510000000000005       0.64359028558245157     
   76.580000000000013       0.67517004261112823     
   76.650000000000006       0.68605887356142226     
   76.719999999999999       0.64059546378759624     
   76.790000000000006       0.69037092719361715     
   76.860000000000014       0.71659917748221402     
   76.930000000000007       0.74790663213447417     
   77.000000000000000       0.68767509894985457     
   77.070000000000007       0.73175636655202048     
   77.140000000000001       0.64761644372946880     
   77.210000000000008       0.68622543544647419     
   77.280000000000001       0.77707772186567081     
   77.350000000000009       0.77213764547064478     
   77.420000000000002       0.67075787385488594     
   77.490000000000009       0.68695100560265154     
   77.560000000000002       0.63555554720454477     
   77.630000000000010       0.62555188425705632     
   77.700000000000003       0.66259799432408228     
   77.770000000000010       0.80163395545117888     
   77.840000000000018       0.69833390372709436     
   77.910000000000011       0.74708919561818365     
   77.980000000000004       0.64297906197878230     
   78.050000000000011       0.77522371658852940     
   78.120000000000005       0.74948262944138289     
   78.189999999999998       0.75679259568178148     
   78.260000000000005       0.64214927387789711     
   78.330000000000013       0.83029063114980206     
   78.400000000000006       0.79416537543818655     
   78.469999999999999       0.71305173161231150     
   78.540000000000006       0.58490361681495739     
   78.610000000000014       0.78151845584967350     
   78.680000000000007       0.70260316482198737     
   78.750000000000000       0.74344549068779064     
   78.820000000000007       0.73349376500591390     
   78.890000000000015       0.68910582947843846     
   78.960000000000008       0.71786684019110458     
   79.030000000000001       0.71861023499643728     
   79.100000000000009       0.76841538201955817     
   79.170000000000002       0.68798081636732533     
   79.240000000000009       0.74394138529468101     
   79.310000000000002       0.76987332875752146     
   79.380000000000010       0.82719030618765588     
   79.450000000000003       0.74796190680138042     
   79.520000000000010       0.63505352615096922     
   79.590000000000003       0.75335883362809308     
   79.660000000000011       0.75131942822004449     
   79.730000000000004       0.79290574626305366     
   79.800000000000011       0.60862238025727611     
   79.870000000000005       0.73672878109053885     
   79.940000000000012       0.70446718468932468     
   80.010000000000005       0.73387584479550072     
   80.080000000000013       0.79863231966643200     
   80.150000000000006       0.74372820275700979     
   80.219999999999999       0.76929056191249878     
   80.290000000000006       0.77927963256309396     
   80.360000000000014       0.75650361068596361     
   80.430000000000007       0.70827939656126759     
   80.500000000000000       0.78153514002376978     
   80.570000000000007       0.71203286135369348     
   80.640000000000015       0.78968555783961258     
   80.710000000000008       0.67792638314997744     
   80.780000000000001       0.75995106548207203     
   80.850000000000009       0.76073727081220954     
   80.920000000000016       0.60589020832814600     
   80.990000000000009       0.68780912429638452     
   81.060000000000002       0.79619041656073708     
   81.130000000000010       0.66762299355427668     
   81.200000000000003       0.73101429436973109     
   81.270000000000010       0.58612269785565951     
   81.340000000000003       0.66888642621553573     
   81.410000000000011       0.73903044772760818     
   81.480000000000004       0.78552617460140595     
   81.550000000000011       0.56867947513372641     
   81.620000000000005       0.80411770361465607     
   81.690000000000012       0.63472671923953605     
   81.760000000000005       0.69109436317651574     
   81.830000000000013       0.74412004225701955     
   81.900000000000006       0.75526455852351515     
   81.969999999999999       0.78252231959439733     
   82.040000000000006       0.72469751170288566     
   82.110000000000014       0.67160873226699358     
   82.180000000000007       0.77830134530409856     
   82.250000000000000       0.69025551822412512     
   82.320000000000007       0.70557417555924318     
   82.390000000000015       0.71581732304419077     
   82.460000000000008       0.64872706136258940     
   82.530000000000001       0.71827280724551557     
   82.600000000000009       0.73123075216240130     
   82.670000000000016       0.75505495568428538     
   82.740000000000009       0.75737615917791645     
   82.810000000000002       0.74603338700967747     
   82.880000000000010       0.64687739429762248     
   82.950000000000017       0.79301952765316741     
   83.019999999999996       0.74151997913645706     
   83.090000000000003       0.73528491266708751     
   83.160000000000011       0.71900337517244217     
   83.230000000000004       0.77725351546430910     
   83.299999999999997       0.75421281448378663     
   83.370000000000005       0.82006873487685028     
   83.440000000000012       0.68822465442190950     
   83.510000000000005       0.74282767061667820     
   83.579999999999998       0.77193535252486134     
   83.650000000000006       0.70419820094818697     
   83.720000000000013       0.70033660187600311     
   83.790000000000006       0.80491532854128611     
   83.860000000000014       0.74649910437928313     
   83.930000000000007       0.81728122713582541     
   84.000000000000000       0.75569248991659321     
   84.070000000000007       0.73152483026384862     
   84.140000000000015       0.76368722336862949     
   84.210000000000008       0.77197887435350454     
   84.280000000000001       0.65182992578804411     
   84.350000000000009       0.77767560074585729     
   84.420000000000016       0.73951043924494742     
   84.490000000000009       0.63535112193745102     
   84.560000000000002       0.76283214635964314     
   84.630000000000010       0.79354422193148388     
   84.700000000000017       0.71168882103315945     
   84.770000000000010       0.72618410765266139     
   84.840000000000003       0.75923043063107265     
   84.910000000000011       0.79973877102521118     
   84.980000000000018       0.79464879691801615     
   85.049999999999997       0.73746464490003694     
   85.120000000000005       0.78373018249463156     
   85.190000000000012       0.76902353268055412     
   85.260000000000005       0.80937686712617474     
   85.329999999999998       0.79297161759213941     
   85.400000000000006       0.79736590687790032     
   85.470000000000013       0.67536613024487824     
   85.540000000000006       0.81563110186051535     
   85.609999999999999       0.62152951379180477     
   85.680000000000007       0.79054794112440951     
   85.750000000000014       0.74209082764900458     
   85.820000000000007       0.79913876164399800     
   85.890000000000001       0.80531221374513506     
   85.960000000000008       0.72970573873420197     
   86.030000000000001       0.75703942639647903     
   86.100000000000009       0.76392841183601889     
   86.170000000000002       0.79134690047852763     
   86.240000000000009       0.69731255851035800     
   86.310000000000002       0.75887276201783360     
   86.380000000000010       0.74511227493647203     
   86.450000000000003       0.72562944324713363     
   86.520000000000010       0.73377968662999582     
   86.590000000000003       0.73482374182652743     
   86.660000000000011       0.71121252699729565     
   86.730000000000018       0.82662863795712416     
   86.800000000000011       0.81873301811491295     
   86.870000000000005       0.79644318151003768     
   86.940000000000012       0.67477871197277473     
   87.010000000000005       0.79197830374336864     
   87.079999999999998       0.79025703663471003     
   87.150000000000006       0.81551541535274186     
   87.220000000000013       0.78846853252477800     
   87.290000000000006       0.80505546905597536     
   87.359999999999999       0.75751297412610374     
   87.430000000000007       0.74774124738272840     
   87.500000000000014       0.77947358185329529     
   87.570000000000007       0.72417395184979838     
   87.640000000000001       0.73629563312250679     
   87.710000000000008       0.68556306497898367     
   87.780000000000015       0.74934668971004637     
   87.850000000000009       0.80911666320812292     
   87.920000000000002       0.76759450782568961     
   87.990000000000009       0.78224786485873821     
   88.060000000000002       0.72314734028260408     
   88.130000000000010       0.73166851741402983     
   88.200000000000003       0.76950803373559851     
   88.270000000000010       0.65223000711195600     
   88.340000000000003       0.82444796032512069     
   88.410000000000011       0.82808660498027153     
   88.480000000000004       0.69213838104879521     
   88.550000000000011       0.83132765833419930     
   88.620000000000005       0.80656050904423793     
   88.690000000000012       0.84814945131263475     
   88.760000000000005       0.71545031877474285     
   88.830000000000013       0.85835397594236951     
   88.900000000000006       0.74356083531610351     
   88.970000000000013       0.70362259515768966     
   89.040000000000006       0.75322879092168871     
   89.109999999999999       0.75716577211220448     
   89.180000000000007       0.75635364055093679     
   89.250000000000014       0.79673919164738261     
   89.320000000000007       0.69893767840287446     
   89.390000000000001       0.77858915155562269     
   89.460000000000008       0.67978601665639471     
   89.530000000000015       0.79327596646061904     
   89.600000000000009       0.73775854251731132     
   89.670000000000002       0.81936698983814404     
   89.740000000000009       0.71204068031701029     
   89.810000000000016       0.75075087900225901     
   89.880000000000010       0.80087020505655115     
   89.950000000000003       0.80666290900854065     
   90.020000000000010       0.72466218904384516     
   90.090000000000003       0.76006741902475161     
   90.160000000000011       0.80774352614269773     
   90.230000000000004       0.74945889782265696     
   90.300000000000011       0.73397055022232871     
   90.370000000000005       0.75085056143854012     
   90.439999999999998       0.75997164603329070     
   90.510000000000005       0.81624950814773800     
   90.580000000000013       0.76244459374025797     
   90.650000000000006       0.80837465224211358     
   90.720000000000013       0.74041259881059163     
   90.790000000000020       0.76082607894036192     
   90.860000000000014       0.79270477406438467     
   90.929999999999993       0.74394714599348988     
   91.000000000000000       0.74000331514635342     
   91.070000000000007       0.80080586307955881     
   91.140000000000001       0.75968219705063289     
   91.210000000000008       0.75343711431105298     
   91.280000000000015       0.82431293612606649     
   91.350000000000009       0.75089557864815504     
   91.420000000000016       0.70911667439708626     
   91.489999999999995       0.65335348761114909     
   91.560000000000002       0.74828502442463740     
   91.630000000000010       0.63176314141881218     
   91.700000000000003       0.73927098714013673     
   91.770000000000010       0.61202627224529194     
   91.840000000000018       0.73793624217723353     
   91.910000000000011       0.66102587543658531     
   91.980000000000018       0.66093402281436264     
   92.049999999999997       0.69482703681810809     
   92.120000000000005       0.66844616082162722     
   92.189999999999998       0.75925986511697952     
   92.260000000000005       0.75204102113570337     
   92.330000000000013       0.69541316530394359     
   92.400000000000006       0.76713749561707767     
   92.470000000000013       0.64085995401467566     
   92.540000000000020       0.72906952485525534     
   92.610000000000014       0.80017613556845379     
   92.680000000000007       0.81562387613618514     
   92.750000000000000       0.75572554821483007     
   92.820000000000007       0.71504432760370917     
   92.890000000000001       0.69323682914216966     
   92.960000000000008       0.67482426350020475     
   93.030000000000015       0.69835408253819220     
   93.100000000000009       0.74689249627061993     
   93.170000000000016       0.66362498913909673     
   93.239999999999995       0.68277141721353307     
   93.310000000000002       0.58185096248997470     
   93.380000000000010       0.73213631244117128     
   93.450000000000003       0.80982655800076331     
   93.520000000000010       0.59923105828123180     
   93.590000000000018       0.75457804354816005     
   93.660000000000011       0.75948693646596965     
   93.730000000000018       0.83555382154230207     
   93.799999999999997       0.69761000711421639     
   93.870000000000005       0.76667678873595879     
   93.939999999999998       0.79590914287421599     
   94.010000000000005       0.72499990981663043     
   94.080000000000013       0.77172052356569831     
   94.150000000000006       0.70800664353495812     
   94.220000000000013       0.78063622256985432     
   94.290000000000020       0.71942042374406168     
   94.359999999999999       0.69425717327904291     
   94.430000000000007       0.62941377272751142     
   94.500000000000000       0.74252228071002213     
   94.570000000000007       0.68563635373332388     
   94.640000000000015       0.68569974258278399     
   94.710000000000008       0.73206669179383121     
   94.780000000000015       0.69303609859040172     
   94.850000000000023       0.70236765845850158     
   94.920000000000002       0.70996357736937299     
   94.989999999999995       0.72080765394875013     
   95.060000000000002       0.56352820903847889     
   95.130000000000010       0.70877749001899537     
   95.200000000000003       0.76572877703765296     
   95.270000000000010       0.78441266786148955     
   95.340000000000018       0.79066379157591427     
   95.410000000000011       0.65595865258775710     
   95.480000000000004       0.68405258624178178     
   95.549999999999997       0.65743233278341529     
   95.620000000000005       0.73967027924909334     
   95.690000000000012       0.67376223355527076     
   95.760000000000005       0.66190568085493084     
   95.830000000000013       0.70879402579593886     
   95.900000000000020       0.70017980080873587     
   95.970000000000013       0.81261580532021549     
   96.040000000000020       0.78243535773627004     
   96.109999999999999       0.70379463032955181     
   96.180000000000007       0.70736427037269411     
   96.250000000000000       0.70854183125375247     
   96.320000000000007       0.72453425410527394     
   96.390000000000015       0.67125848155304313     
   96.460000000000008       0.76791328969617589     
   96.530000000000015       0.68779146229663979     
   96.600000000000023       0.75742466434327316     
   96.670000000000002       0.67282845869765084     
   96.740000000000009       0.63821835729753829     
   96.810000000000002       0.68026969717586416     
   96.880000000000010       0.59648792765246428     
   96.950000000000003       0.74580276074187335     
   97.020000000000010       0.58932114385161172     
   97.090000000000018       0.76591655792151525     
   97.160000000000011       0.71661955938711586     
   97.230000000000004       0.75866670832381611     
   97.299999999999997       0.56719612282341680     
   97.370000000000005       0.58337077866001097     
   97.440000000000012       0.73987964952916463     
   97.510000000000005       0.60896607382884793     
   97.580000000000013       0.65800369005200543     
   97.650000000000020       0.66839504332776178     
   97.720000000000013       0.75440082200073955     
   97.789999999999992       0.74453983514528643     
   97.859999999999999       0.63116343894527160     
   97.930000000000007       0.67784640302586974     
   98.000000000000000       0.69362066857320093     
   98.070000000000007       0.62789456710674596     
   98.140000000000015       0.59225385902127436     
   98.210000000000008       0.80457317087087610     
   98.280000000000015       0.63732611117880256     
   98.349999999999994       0.80930663743112830     
   98.420000000000002       0.78187560001909351     
   98.490000000000009       0.75667559705121745     
   98.560000000000002       0.58933381321550360     
   98.630000000000010       0.63488911651516444     
   98.700000000000017       0.68830216751698969     
   98.770000000000010       0.70439528682377883     
   98.840000000000018       0.70914765846463934     
   98.910000000000025       0.66144748897442474     
   98.980000000000004       0.62390806560586365     
   99.049999999999997       0.58151820521715647     
   99.120000000000005       0.64317664855885615     
   99.190000000000012       0.79063280347658482     
   99.260000000000005       0.76466713177314294     
   99.330000000000013       0.70592993200390097     
   99.400000000000020       0.69124719591175832     
   99.470000000000013       0.69643117263803367     
   99.540000000000006       0.67659216728567939     
   99.609999999999999       0.82538846807932376     
   99.680000000000007       0.70923635195727119     
   99.750000000000014       0.72800124510940167     
   99.820000000000007       0.61005314613380068     
   99.890000000000015       0.73515058556677526     
