   0.0000000000000000       0.99999999999998723     
   7.0000000000000001E-003  0.90617243176229822     
   1.4000000000000000E-002  0.82510206984485845     
   2.0999999999999998E-002  0.74203362554146168     
   2.8000000000000001E-002  0.66537018372805101     
   3.5000000000000003E-002  0.61363631924442230     
   4.1999999999999996E-002  0.56252651302349399     
   4.9000000000000002E-002  0.51098207860602696     
   5.6000000000000001E-002  0.46147175813764474     
   6.3000000000000000E-002  0.41622466456487417     
   7.0000000000000007E-002  0.38032539524745540     
   7.6999999999999999E-002  0.35429365556062636     
   8.3999999999999991E-002  0.33750660360968926     
   9.1000000000000011E-002  0.32511881518878777     
   9.8000000000000004E-002  0.27993884206995051     
  0.10500000000000001       0.20705641319328960     
  0.11200000000000000       0.15512004048306857     
  0.11899999999999999        2.8576782055720392E-002
  0.12600000000000000        4.7040650597924304E-002
  0.13300000000000001        4.3608108065374383E-004
  0.14000000000000001        4.3966155733739784E-002
  0.14700000000000002        3.7387046289648222E-002
  0.15400000000000000        1.0039043742042222E-002
  0.16100000000000000       -4.3273157536497443E-002
  0.16799999999999998       -4.4248173066599464E-002
  0.17500000000000002        4.0863596191138614E-002
  0.18200000000000002        4.3341374128957381E-002
  0.18900000000000000       -1.1160902781688060E-002
  0.19600000000000001       -4.2698742124802382E-003
  0.20299999999999999        1.1846357861168938E-002
  0.21000000000000002        4.9754004888351959E-002
  0.21700000000000003       -8.0934214074776991E-003
  0.22400000000000000        2.9158470550049272E-002
  0.23100000000000001        9.8950329247447216E-003
  0.23799999999999999        8.8966444698912808E-003
  0.24500000000000002        1.6557571616007297E-002
  0.25200000000000000        8.4377255750343744E-002
  0.25900000000000001        1.7690348287992749E-002
  0.26600000000000001       -2.0555631202743903E-002
  0.27300000000000002        2.3704752051150853E-002
  0.28000000000000003       -1.6235734649894767E-003
  0.28700000000000003       -3.2052723724142647E-002
  0.29400000000000004        1.4878165739335739E-002
  0.30099999999999999       -9.5227160305230187E-003
  0.30800000000000000       -1.0608480671185798E-002
  0.31500000000000000        1.8447798978477554E-002
  0.32200000000000001        3.5699756998209951E-002
  0.32900000000000001        7.4394228695889237E-003
  0.33599999999999997       -9.3351456576736928E-003
  0.34300000000000003       -1.5158232400135340E-002
  0.35000000000000003        5.6758797960450462E-002
  0.35700000000000004       -9.9471791061982555E-003
  0.36400000000000005        2.5362431192561975E-002
  0.37100000000000000       -1.0183446466533646E-002
  0.37800000000000000        5.8602835823853297E-002
  0.38500000000000001       -7.2318322370651554E-003
  0.39200000000000002        4.0468344561046546E-002
  0.39900000000000002        2.0840819485264850E-003
  0.40599999999999997       -8.1681966553955303E-004
  0.41300000000000003        2.4209545691662653E-002
  0.42000000000000004       -5.2807749311403897E-002
  0.42700000000000005        6.8134710518295075E-002
  0.43400000000000005       -1.8209651618788670E-003
  0.44100000000000000        7.6357105798447178E-002
  0.44800000000000001        1.0506301873715856E-002
  0.45500000000000002        3.2660297968539610E-003
  0.46200000000000002        2.6186386028289443E-002
  0.46900000000000003       -5.6575682100969279E-004
  0.47599999999999998        2.6109310388649599E-002
  0.48299999999999998        3.6908048652292955E-002
  0.49000000000000005        3.4194529910875376E-002
  0.49700000000000005        1.5884616941963629E-002
  0.50400000000000000       -2.4299990859623529E-002
  0.51100000000000001        5.1423374761277230E-002
  0.51800000000000002       -4.0754483980257661E-002
  0.52500000000000002        3.5867710920232269E-002
  0.53200000000000003       -3.0242123603994375E-002
  0.53900000000000003       -8.5852516379437589E-003
  0.54600000000000004        5.9250544965290331E-003
  0.55300000000000005       -3.7457215667443481E-003
  0.56000000000000005       -1.0994278469985137E-002
  0.56700000000000006        5.3740428987761976E-002
  0.57400000000000007       -2.8213944684403882E-002
  0.58100000000000007        5.3025416700328894E-003
  0.58800000000000008        1.5491709668681117E-002
  0.59500000000000008       -2.7288770930727485E-003
  0.60199999999999998        2.6247770180196035E-002
  0.60899999999999999        2.0406910512388011E-002
  0.61599999999999999        3.6498358431335978E-003
  0.62300000000000000       -6.2330059688817906E-003
  0.63000000000000000        1.2989148536888528E-004
  0.63700000000000001       -4.6450714397135101E-003
  0.64400000000000002        9.6847647874462924E-003
  0.65100000000000002        8.0571471834797199E-003
  0.65800000000000003        1.9897044731998800E-003
  0.66499999999999992        8.5594441530482027E-002
  0.67199999999999993        2.5089856776267572E-002
  0.67900000000000005       -1.9436358433914811E-002
  0.68600000000000005       -3.0181771469633849E-002
  0.69300000000000006        1.4373542456609418E-002
  0.70000000000000007        1.4314313659037769E-002
  0.70700000000000007        1.9056993307780913E-002
  0.71400000000000008        5.1221426942198792E-002
  0.72100000000000009        7.7923726215761808E-003
  0.72800000000000009        6.3376129172956389E-002
  0.73500000000000010       -2.1238017715809451E-002
  0.74199999999999999       -1.8776677589042189E-002
  0.74900000000000000        4.2363505866040964E-002
  0.75600000000000001        5.3461617531021027E-003
  0.76300000000000001       -1.3104374380348392E-002
  0.77000000000000002        1.9910128745705366E-003
  0.77700000000000002        7.0863072675216132E-002
  0.78400000000000003        2.6876149501862477E-002
  0.79100000000000004       -2.6236887829149444E-002
  0.79800000000000004       -9.0511570694620219E-003
  0.80499999999999994        5.0108444160322299E-003
  0.81199999999999994        4.0268569841882601E-003
  0.81899999999999995        1.5458427253010464E-002
  0.82600000000000007        3.7136123242629868E-002
  0.83300000000000007        3.7715067274996699E-003
  0.84000000000000008        8.0971398909459077E-002
  0.84700000000000009        8.6032902073964242E-003
  0.85400000000000009       -1.9820408895271910E-002
  0.86100000000000010        1.2612459077542566E-002
  0.86800000000000010       -3.2368813696482769E-003
  0.87500000000000011        1.7186605815881408E-002
  0.88200000000000001       -2.9673223210018324E-002
  0.88900000000000001        1.4694065796729536E-002
  0.89600000000000002        3.7789776509483182E-002
  0.90300000000000002        2.4515672579648658E-002
  0.91000000000000003       -2.5493264199400725E-003
  0.91700000000000004       -6.8075881771247002E-003
  0.92400000000000004       -7.9016903042114645E-003
  0.93100000000000005        3.4314698446617567E-002
  0.93800000000000006       -4.6102517784881142E-002
  0.94499999999999995       -2.2977058829320170E-002
  0.95199999999999996        7.5921084903352500E-003
  0.95899999999999996        2.0891456437297805E-002
  0.96599999999999997        5.4200115333699839E-002
  0.97300000000000009        3.5161240191589230E-003
  0.98000000000000009       -6.2943299497944888E-002
  0.98700000000000010        3.5502091102987368E-002
  0.99400000000000011       -7.2633982876445596E-002
   1.0010000000000001        4.2060183528150955E-002
   1.0080000000000000        1.9033061475462937E-002
   1.0150000000000001       -1.4832822975125878E-002
   1.0220000000000000        1.5195687666063879E-002
   1.0290000000000001       -2.0165231774930775E-002
   1.0360000000000000       -2.7699175803048467E-002
   1.0430000000000001        2.1655752626590065E-002
   1.0500000000000000       -4.4194856722690544E-002
   1.0569999999999999        3.4876068207041193E-002
   1.0640000000000001       -2.4592579674977380E-003
   1.0710000000000000       -7.9007488641987308E-003
   1.0780000000000001       -3.5488068621689940E-002
   1.0850000000000000        2.2375295240206990E-002
   1.0920000000000001       -4.5412749972066568E-002
   1.0990000000000000       -8.0076475031379598E-003
   1.1060000000000001        2.6454804586205142E-002
   1.1130000000000000        1.2839840592754030E-002
   1.1200000000000001        2.0764739415276529E-002
   1.1270000000000000        3.3128527814840450E-002
   1.1340000000000001       -1.0191742620256255E-002
   1.1410000000000000       -1.4307146036784553E-002
   1.1480000000000001       -4.6919493542143800E-003
   1.1550000000000000       -1.8756731050139374E-002
   1.1620000000000001       -1.2599015630768783E-002
   1.1690000000000000        3.2319701677453849E-002
   1.1760000000000002        3.0878432157697710E-002
   1.1830000000000001        4.1525290738462874E-002
   1.1900000000000002       -3.4079311287203491E-002
   1.1970000000000001       -1.0786045800300315E-002
   1.2040000000000000        1.3975323014406500E-002
   1.2110000000000001        2.4559634105902787E-002
   1.2180000000000000       -5.8060460935472260E-003
   1.2250000000000001        4.1935000319875106E-002
   1.2320000000000000        4.9463271487587600E-003
   1.2390000000000001        1.9060980625953683E-002
   1.2460000000000000        1.0306565224779870E-002
   1.2530000000000001        2.6188744089802873E-002
   1.2600000000000000       -3.6932538429375237E-003
   1.2669999999999999        2.8340497539809731E-002
   1.2740000000000000        2.5254982198392995E-002
   1.2809999999999999        1.3919499806128145E-002
   1.2880000000000000        5.9148843605236444E-002
   1.2949999999999999       -3.0682270068381856E-003
   1.3020000000000000        9.3816663332430394E-003
   1.3089999999999999        8.2922139943362083E-004
   1.3160000000000001        2.2048948546476790E-002
   1.3230000000000000        4.4363333422472506E-002
   1.3299999999999998        3.3595803943291570E-002
   1.3370000000000000       -1.2138233751051337E-002
   1.3439999999999999        1.1338600614094006E-003
   1.3510000000000002       -2.2561383284900566E-002
   1.3580000000000001        3.7360126460926936E-002
   1.3650000000000002       -1.1641747466384932E-002
   1.3720000000000001        2.2896516551115837E-003
   1.3790000000000002        5.2723761145660436E-002
   1.3860000000000001       -2.9516900631067391E-002
   1.3930000000000002       -9.5822298733328239E-003
   1.4000000000000001        7.1869564448461647E-003
   1.4070000000000000       -1.2822120855113891E-002
   1.4140000000000001       -3.2751947798111665E-003
   1.4210000000000000       -3.3804901485534403E-002
   1.4280000000000002       -1.4320343788774221E-002
   1.4350000000000001       -5.8068794857056788E-003
   1.4420000000000002       -3.3683495535215796E-002
   1.4490000000000001       -1.7438054100783994E-002
   1.4560000000000002       -1.3153709767627152E-002
   1.4630000000000001        3.2281274510599534E-002
   1.4700000000000002        1.9791175122022445E-002
   1.4770000000000001        4.6091047387185384E-002
   1.4840000000000000        1.8006047463439982E-002
   1.4910000000000001        4.3022877534852781E-002
   1.4980000000000000        4.2375439402485782E-002
   1.5050000000000001        1.5809848254126187E-002
   1.5120000000000000       -5.2593117998586757E-002
   1.5190000000000001       -5.0496019428128243E-003
   1.5260000000000000        7.7275204056826271E-003
   1.5330000000000001       -1.4579541000222438E-002
   1.5400000000000000       -2.3889527393856361E-002
   1.5469999999999999       -2.3451484461268352E-002
   1.5540000000000000       -1.0502517920038401E-002
   1.5609999999999999        6.7154671167705049E-003
   1.5680000000000001        4.5366594543035037E-002
   1.5750000000000000        2.5898735268127939E-002
   1.5820000000000001       -1.2891247807731798E-002
   1.5890000000000000        3.7677720894468990E-002
   1.5960000000000001       -6.3701088078408344E-003
   1.6030000000000000       -5.5053703618833955E-003
   1.6099999999999999        3.1465646039270975E-002
   1.6170000000000000       -1.9888032586663461E-002
   1.6239999999999999       -8.8861258004962872E-003
   1.6310000000000000        1.6550013643707579E-002
   1.6379999999999999        4.7793482312463373E-002
   1.6450000000000002        7.2611672099559335E-002
   1.6520000000000001        1.7437276742304508E-002
   1.6590000000000003        5.7463752852200366E-003
   1.6660000000000001        1.2770297507720942E-002
   1.6730000000000003       -3.8833405872566444E-002
   1.6800000000000002       -1.8574284449591614E-002
   1.6870000000000001       -3.7152987749665750E-003
   1.6940000000000002       -3.2615568947001947E-002
   1.7010000000000001        3.4925672182369777E-002
   1.7080000000000002        4.1827263790093702E-002
   1.7150000000000001       -5.1874455701699101E-003
   1.7220000000000002        3.6669055979473536E-002
   1.7290000000000001       -3.1792285486133554E-002
   1.7360000000000002       -7.4469410402605235E-003
   1.7430000000000001        1.7777945693563991E-002
   1.7500000000000002        3.2941058175241351E-002
   1.7570000000000001        4.8737596313401993E-002
   1.7640000000000000        1.5173850940718910E-002
   1.7710000000000001       -3.0775580988318160E-002
   1.7780000000000000        3.5233214061534692E-003
   1.7850000000000001       -5.4025584125061881E-003
   1.7920000000000000       -3.1179577987763343E-002
   1.7990000000000002       -1.5687173731985984E-002
   1.8060000000000000       -3.5112628556377631E-002
   1.8130000000000002       -6.5180717488787857E-003
   1.8200000000000001        4.3197032016573572E-002
   1.8270000000000000        3.3054129282464671E-002
   1.8340000000000001       -4.5574823204456751E-003
   1.8410000000000000       -9.0391875177558718E-003
   1.8480000000000001       -1.2814332593385373E-002
   1.8550000000000000        1.1937951544551724E-002
   1.8620000000000001        1.0745701133700720E-002
   1.8690000000000000       -6.6488793967027521E-003
   1.8760000000000001       -2.4150219179746742E-002
   1.8830000000000000        2.9861635508204257E-002
   1.8899999999999999        4.0246620100060922E-002
   1.8970000000000000        2.1443574933532501E-002
   1.9039999999999999       -2.6771202936936717E-002
   1.9110000000000000        2.3520458224785407E-002
   1.9179999999999999       -6.2152290212448146E-004
   1.9250000000000000        3.2937780196731603E-002
   1.9319999999999999       -5.3560698620616909E-003
   1.9390000000000001       -2.9123578700022109E-003
   1.9460000000000002       -2.3892307828991262E-003
   1.9530000000000003        2.0187086063699511E-002
   1.9600000000000002       -1.5127060766706796E-002
   1.9670000000000003       -2.1972624374568213E-002
   1.9740000000000002        1.1356991408144904E-002
   1.9810000000000001       -1.6518033095754590E-002
   1.9880000000000002        2.3673769044055375E-002
   1.9950000000000001        1.6062847148621658E-002
   2.0020000000000002       -2.5799734455857332E-002
   2.0090000000000003       -7.2954912526281036E-003
   2.0160000000000000        1.2057509034912770E-002
   2.0230000000000001        2.1300955389203905E-002
   2.0300000000000002       -3.9322300049527859E-002
   2.0369999999999999        4.2412948109935055E-003
   2.0440000000000000       -1.0278804039719249E-002
   2.0510000000000002        1.7455034798366860E-002
   2.0580000000000003        1.1217545304556781E-002
   2.0649999999999999        4.7765526038761833E-003
   2.0720000000000001        4.0221753561442301E-002
   2.0790000000000002        8.2910787454763910E-003
   2.0860000000000003        2.4969560200448316E-002
   2.0930000000000000        3.5003169949755011E-002
   2.1000000000000001       -8.8603728797171256E-003
   2.1070000000000002       -2.3197930817540850E-002
   2.1139999999999999       -8.2608707558459622E-003
   2.1210000000000000       -4.6664397766013966E-003
   2.1280000000000001        1.1296583094469124E-002
   2.1350000000000002        3.3410540507658223E-002
   2.1419999999999999       -8.3522589342670782E-003
   2.1490000000000000       -2.2790269369943796E-002
   2.1560000000000001        2.8541338433533108E-002
   2.1630000000000003        2.0958201459673226E-002
   2.1699999999999999        1.6816855336602311E-002
   2.1770000000000000       -3.1918042791363399E-002
   2.1840000000000002        1.2565966666591120E-002
   2.1909999999999998       -1.1427733978793604E-002
   2.1980000000000000        1.3223760431054351E-002
   2.2050000000000001        4.8655393301402075E-002
   2.2120000000000002        3.2585309434645951E-002
   2.2189999999999999        1.7254019653763303E-002
   2.2260000000000000        1.7798588535000867E-002
   2.2330000000000001        4.3636102335827556E-002
   2.2400000000000002       -4.3185978323053873E-003
   2.2470000000000003       -9.5610576079840966E-003
   2.2540000000000000       -4.1448144776468999E-002
   2.2610000000000001        3.8038100219026853E-003
   2.2680000000000002       -1.5339516143580154E-002
   2.2749999999999999        3.4488257076841770E-002
   2.2820000000000000        1.5508815822242148E-002
   2.2890000000000001        5.7341073809988416E-002
   2.2960000000000003       -8.8972098848012933E-004
   2.3029999999999999       -1.5189145639113708E-002
   2.3100000000000001        1.2963810653157283E-002
   2.3169999999999997        1.5672140955467515E-002
   2.3240000000000003       -1.1533839642798249E-002
   2.3310000000000000        2.3150549580586385E-003
   2.3380000000000001       -2.8133802801504928E-002
   2.3449999999999998        1.7183105171420365E-002
   2.3520000000000003        4.4493798213279305E-002
   2.3590000000000000       -3.9180205436907131E-002
   2.3660000000000001        3.3913759742532752E-002
   2.3729999999999998        1.8168235158734756E-002
   2.3800000000000003        2.9029539205991514E-003
   2.3870000000000000        2.0504825462703151E-002
   2.3940000000000001        3.9123010143362481E-002
   2.4010000000000002        4.6838519184202808E-002
   2.4079999999999999        2.4777840822361057E-002
   2.4150000000000005        3.0100370455181734E-002
   2.4220000000000002        3.4814086458747000E-002
   2.4290000000000003       -2.8707685165696361E-003
   2.4359999999999999        4.7679016788379725E-003
   2.4430000000000005        2.0551207044881899E-002
   2.4500000000000002       -1.4107776030317430E-002
   2.4570000000000003        4.8836880660539685E-002
   2.4640000000000000        1.6412818193257080E-002
   2.4710000000000001       -2.3899444292367122E-002
   2.4780000000000002        1.2223521314015520E-002
   2.4850000000000003       -4.0331311531062826E-003
   2.4920000000000000        1.3561787563596654E-002
   2.4990000000000001       -3.5029742496533477E-002
   2.5060000000000002        2.2219231863763091E-003
   2.5130000000000003        1.1622465998467883E-002
   2.5200000000000000        2.1923684950825403E-002
   2.5270000000000001       -1.4601003299093260E-002
   2.5339999999999998        1.5534824480381564E-002
   2.5410000000000004       -3.6559672871590794E-002
   2.5480000000000000        1.6611286966140077E-002
   2.5550000000000002       -2.9083849391333814E-002
   2.5619999999999998        1.2359191686914066E-002
   2.5690000000000004        1.4272747378660491E-002
   2.5760000000000001        4.2747117121465237E-003
   2.5830000000000002        2.6084887069004036E-003
   2.5899999999999999       -2.4035268227304732E-003
   2.5970000000000000       -4.4097282617666777E-003
   2.6040000000000001       -3.1090729236075327E-002
   2.6110000000000002       -4.3139648080443876E-002
   2.6179999999999999       -3.4319336857697343E-002
   2.6250000000000000       -4.0324349971994779E-002
   2.6320000000000001        2.7197081271031522E-002
   2.6390000000000002        4.4397485166476194E-002
   2.6459999999999999        3.7371892929650409E-002
   2.6530000000000000        2.3882667383183821E-002
   2.6599999999999997        2.5065766050431881E-002
   2.6670000000000003        7.9620555227048279E-002
   2.6739999999999999       -2.7745949872737180E-002
   2.6810000000000000       -3.1836764061314866E-002
   2.6879999999999997        2.4996240443624324E-002
   2.6950000000000003       -5.0203242946020951E-002
   2.7020000000000004        3.0122797454600836E-002
   2.7090000000000001       -2.2587805966297586E-002
   2.7160000000000002       -3.7231222687756894E-002
   2.7230000000000003       -3.6465811903484295E-002
   2.7300000000000004       -4.4456297215223123E-002
   2.7370000000000001       -2.1967572364881313E-003
   2.7440000000000002        1.4500651885298968E-002
   2.7509999999999999       -4.1691087215228141E-003
   2.7580000000000005       -1.5109669735916273E-002
   2.7650000000000001       -6.5019988295681980E-002
   2.7720000000000002       -4.6219614212152232E-002
   2.7789999999999999       -4.8981395017942122E-003
   2.7860000000000005        8.2587353084264764E-002
   2.7930000000000001        4.7149130737957713E-002
   2.8000000000000003       -2.2278250516585878E-002
   2.8069999999999999       -4.9959986419411033E-003
   2.8140000000000001        4.3024564590470542E-002
   2.8210000000000002        4.2675740363223864E-002
   2.8280000000000003        6.4045579486877724E-002
   2.8350000000000000        5.3011499474986741E-002
   2.8420000000000001        5.4047573514791343E-002
   2.8490000000000002        1.1998286024644837E-003
   2.8560000000000003       -1.4310358614953120E-002
   2.8630000000000000       -1.7989859609303410E-002
   2.8700000000000001        1.0889997672808563E-002
   2.8769999999999998        3.5930231809811676E-002
   2.8840000000000003        4.5500260343156670E-002
   2.8910000000000000        1.9216633830217586E-002
   2.8980000000000001        3.2206597619942288E-003
   2.9049999999999998        4.2001108573659678E-002
   2.9120000000000004        1.5618166615108300E-002
   2.9190000000000000       -3.0251910362061485E-002
   2.9260000000000002        2.2158698287219687E-002
   2.9329999999999998       -5.6836239305050580E-003
   2.9400000000000004       -3.3158275651941883E-002
   2.9470000000000001       -1.4473732366495084E-002
   2.9540000000000002        3.1246104704877906E-002
   2.9609999999999999        8.7300788075424206E-003
   2.9680000000000000       -2.8730076490820981E-002
   2.9750000000000001        3.7370140687836804E-002
   2.9820000000000002        3.2907907870042018E-002
   2.9890000000000003       -1.3834970156843188E-002
