   0.0000000000000000       0.99999999999998257     
   7.0000000000000001E-003  0.99995958142093433     
   1.4000000000000000E-002  0.99983892168846800     
   2.0999999999999998E-002  0.99964009380387819     
   2.8000000000000001E-002  0.99937353727297906     
   3.5000000000000003E-002  0.99906195837603029     
   4.1999999999999996E-002  0.99874339835558812     
   4.9000000000000002E-002  0.99846354829586148     
   5.6000000000000001E-002  0.99826583635334498     
   6.3000000000000000E-002  0.99817738154940683     
   7.0000000000000007E-002  0.99820011112974516     
   7.6999999999999999E-002  0.99830714753897298     
   8.3999999999999991E-002  0.99846702966890100     
   9.1000000000000011E-002  0.99864040958812572     
   9.8000000000000004E-002  0.99879678639238412     
  0.10500000000000001       0.99891741701011305     
  0.11200000000000000       0.99898478543457148     
  0.11899999999999999       0.99899122586950939     
  0.12600000000000000       0.99892433413598225     
  0.13300000000000001       0.99877454339811222     
  0.14000000000000001       0.99853040453633002     
  0.14700000000000002       0.99818294791347850     
  0.15400000000000000       0.99771896432614282     
  0.16100000000000000       0.99715062422087952     
  0.16799999999999998       0.99648474387512320     
  0.17500000000000002       0.99575005684560325     
  0.18200000000000002       0.99497455046110306     
  0.18900000000000000       0.99419754970328222     
  0.19600000000000001       0.99342888945227448     
  0.20299999999999999       0.99270742302705306     
  0.21000000000000002       0.99205903065692469     
  0.21700000000000003       0.99151587646764638     
  0.22400000000000000       0.99109979007593096     
  0.23100000000000001       0.99082265078041976     
  0.23799999999999999       0.99067643609381772     
  0.24500000000000002       0.99064904365887352     
  0.25200000000000000       0.99072671521792810     
  0.25900000000000001       0.99082274027338413     
  0.26600000000000001       0.99091343625913930     
  0.27300000000000002       0.99095608895627463     
  0.28000000000000003       0.99092821961646038     
  0.28700000000000003       0.99080575603762111     
  0.29400000000000004       0.99058547130191843     
  0.30099999999999999       0.99025979915818885     
  0.30800000000000000       0.98984388832750914     
  0.31500000000000000       0.98936286770768977     
  0.32200000000000001       0.98879071544450181     
  0.32900000000000001       0.98814148561462978     
  0.33599999999999997       0.98746223827074209     
  0.34300000000000003       0.98672317851159019     
  0.35000000000000003       0.98597281407614679     
  0.35700000000000004       0.98526910670636003     
  0.36400000000000005       0.98457977767463967     
  0.37100000000000000       0.98399062223575884     
  0.37800000000000000       0.98346405425845751     
  0.38500000000000001       0.98306202495994233     
  0.39200000000000002       0.98274253540218492     
  0.39900000000000002       0.98254091101281227     
  0.40599999999999997       0.98241579094193732     
  0.41300000000000003       0.98233646229210492     
  0.42000000000000004       0.98225454626229114     
  0.42700000000000005       0.98215429242405872     
  0.43400000000000005       0.98197998917122509     
  0.44100000000000000       0.98169165329071573     
  0.44800000000000001       0.98125252499360804     
  0.45500000000000002       0.98063327010444135     
  0.46200000000000002       0.97985830653801032     
  0.46900000000000003       0.97894984472321311     
  0.47599999999999998       0.97797031254346389     
  0.48299999999999998       0.97694833560886851     
  0.49000000000000005       0.97592351240388209     
  0.49700000000000005       0.97493119108375503     
  0.50400000000000000       0.97411415015059843     
  0.51100000000000001       0.97347744748854259     
  0.51800000000000002       0.97310961160803888     
  0.52500000000000002       0.97304841520934526     
  0.53200000000000003       0.97328669415030933     
  0.53900000000000003       0.97374103866661688     
  0.54600000000000004       0.97442066438409103     
  0.55300000000000005       0.97517103155318152     
  0.56000000000000005       0.97603577753012649     
  0.56700000000000006       0.97687759906458582     
  0.57400000000000007       0.97754092955574923     
  0.58100000000000007       0.97807501831778321     
  0.58800000000000008       0.97838871763919832     
  0.59500000000000008       0.97845564437911181     
  0.60199999999999998       0.97823334845710752     
  0.60899999999999999       0.97774112113601197     
  0.61599999999999999       0.97701706164031843     
  0.62300000000000000       0.97593447303426506     
  0.63000000000000000       0.97463623887746409     
  0.63700000000000001       0.97321293625294358     
  0.64400000000000002       0.97162565979597815     
  0.65100000000000002       0.97005989380520163     
  0.65800000000000003       0.96848161665297783     
  0.66499999999999992       0.96708188872990108     
  0.67199999999999993       0.96604375963587319     
  0.67900000000000005       0.96543940368295289     
  0.68600000000000005       0.96524691816992558     
  0.69300000000000006       0.96566439902843637     
  0.70000000000000007       0.96665399555526055     
  0.70700000000000007       0.96813372845944312     
  0.71400000000000008       0.97002211146649475     
  0.72100000000000009       0.97228547851370228     
  0.72800000000000009       0.97468320560461819     
  0.73500000000000010       0.97724369041174108     
  0.74199999999999999       0.97967799176771408     
  0.74900000000000000       0.98202795900887041     
  0.75600000000000001       0.98417784037018541     
  0.76300000000000001       0.98601282412446989     
  0.77000000000000002       0.98747489225318597     
  0.77700000000000002       0.98860763113268424     
  0.78400000000000003       0.98948267949740021     
  0.79100000000000004       0.99003618681654737     
  0.79800000000000004       0.99034775819740128     
  0.80499999999999994       0.99033971664101628     
  0.81199999999999994       0.99012740486749939     
  0.81899999999999995       0.98974038092332428     
  0.82600000000000007       0.98924496767855907     
  0.83300000000000007       0.98866085043086194     
  0.84000000000000008       0.98811729566929318     
  0.84700000000000009       0.98763505384784300     
  0.85400000000000009       0.98730026775738400     
  0.86100000000000010       0.98720143534005522     
  0.86800000000000010       0.98730766645778367     
  0.87500000000000011       0.98760919754936505     
  0.88200000000000001       0.98816317298829515     
  0.88900000000000001       0.98895575540106162     
  0.89600000000000002       0.98980704218743154     
  0.90300000000000002       0.99071326566511475     
  0.91000000000000003       0.99168565170255762     
  0.91700000000000004       0.99256213029659668     
  0.92400000000000004       0.99331922784039950     
  0.93100000000000005       0.99402862050903718     
  0.93800000000000006       0.99457897737733192     
  0.94499999999999995       0.99500914773595883     
  0.95199999999999996       0.99531151622228908     
  0.95899999999999996       0.99542642821810612     
  0.96599999999999997       0.99546470146284993     
  0.97300000000000009       0.99536882921261571     
  0.98000000000000009       0.99513453384687589     
  0.98700000000000010       0.99480582122010419     
  0.99400000000000011       0.99441148031411475     
   1.0010000000000001       0.99396704713121198     
   1.0080000000000000       0.99349653812932970     
   1.0150000000000001       0.99308571893401165     
   1.0220000000000000       0.99275212704709226     
   1.0290000000000001       0.99259876295084781     
   1.0360000000000000       0.99256992250394649     
   1.0430000000000001       0.99267052829739566     
   1.0500000000000000       0.99301677489492413     
   1.0569999999999999       0.99347649112232395     
   1.0640000000000001       0.99402881530623965     
   1.0710000000000000       0.99466667736213021     
   1.0780000000000001       0.99529833409662227     
   1.0850000000000000       0.99597327984189565     
   1.0920000000000001       0.99663128049838645     
   1.0990000000000000       0.99721797360985864     
   1.1060000000000001       0.99766170187375069     
   1.1130000000000000       0.99804907706514179     
   1.1200000000000001       0.99836980689792765     
   1.1270000000000000       0.99863956058852676     
   1.1340000000000001       0.99886227686255269     
   1.1410000000000000       0.99901473225941717     
   1.1480000000000001       0.99912085134222706     
   1.1550000000000000       0.99920444850233092     
   1.1620000000000001       0.99928308290667334     
   1.1690000000000000       0.99936853345369214     
   1.1760000000000002       0.99940801685381020     
   1.1830000000000001       0.99944797686048048     
   1.1900000000000002       0.99949802072432348     
   1.1970000000000001       0.99951989846644596     
   1.2040000000000000       0.99954677357958555     
   1.2110000000000001       0.99953219727776466     
   1.2180000000000000       0.99949554726255274     
   1.2250000000000001       0.99942229404031491     
   1.2320000000000000       0.99931138835958211     
   1.2390000000000001       0.99918375875828969     
   1.2460000000000000       0.99904150346808118     
   1.2530000000000001       0.99889393857338427     
   1.2600000000000000       0.99876201821088861     
   1.2669999999999999       0.99866494900599012     
   1.2740000000000000       0.99859090368512371     
   1.2809999999999999       0.99857218007188198     
   1.2880000000000000       0.99857761427490155     
   1.2949999999999999       0.99864226176043280     
   1.3020000000000000       0.99874404765339808     
   1.3089999999999999       0.99887052000627041     
   1.3160000000000001       0.99900250443367855     
   1.3230000000000000       0.99911082911993809     
   1.3299999999999998       0.99917923359925931     
   1.3370000000000000       0.99919982548471986     
   1.3439999999999999       0.99921780643482994     
   1.3510000000000002       0.99920721537295820     
   1.3580000000000001       0.99917944878600151     
   1.3650000000000002       0.99910744630745874     
   1.3720000000000001       0.99901348414645419     
   1.3790000000000002       0.99886622798633384     
   1.3860000000000001       0.99865272604970112     
   1.3930000000000002       0.99838005275997777     
   1.4000000000000001       0.99803123590832721     
   1.4070000000000000       0.99767191677439493     
   1.4140000000000001       0.99736391502076804     
   1.4210000000000000       0.99715701900472009     
   1.4280000000000002       0.99707425751402745     
   1.4350000000000001       0.99712959835048487     
   1.4420000000000002       0.99729377282855125     
   1.4490000000000001       0.99752442243291195     
   1.4560000000000002       0.99777469161541665     
   1.4630000000000001       0.99804878630866389     
   1.4700000000000002       0.99830399198688202     
   1.4770000000000001       0.99856165102836913     
   1.4840000000000000       0.99880405102728032     
   1.4910000000000001       0.99903209943870697     
   1.4980000000000000       0.99923056172051294     
   1.5050000000000001       0.99937264159472217     
   1.5120000000000000       0.99946518536229723     
   1.5190000000000001       0.99951264401279516     
   1.5260000000000000       0.99952196044107500     
   1.5330000000000001       0.99949487995969011     
   1.5400000000000000       0.99940914204627229     
   1.5469999999999999       0.99923727730492229     
   1.5540000000000000       0.99896998964655648     
   1.5609999999999999       0.99859429054385951     
   1.5680000000000001       0.99811268659030072     
   1.5750000000000000       0.99759582943753289     
   1.5820000000000001       0.99708439507734214     
   1.5890000000000000       0.99664200714687123     
   1.5960000000000001       0.99632006720884603     
   1.6030000000000000       0.99616538910503438     
   1.6099999999999999       0.99615053204039783     
   1.6170000000000000       0.99629836332650346     
   1.6239999999999999       0.99657566410983256     
   1.6310000000000000       0.99694157398582572     
   1.6379999999999999       0.99736572425499725     
   1.6450000000000002       0.99781050359131496     
   1.6520000000000001       0.99823192889149981     
   1.6590000000000003       0.99860482167231746     
   1.6660000000000001       0.99892393922596900     
   1.6730000000000003       0.99917554772082562     
   1.6800000000000002       0.99935779305702321     
   1.6870000000000001       0.99947898702350113     
   1.6940000000000002       0.99955195292618393     
   1.7010000000000001       0.99958865281106568     
   1.7080000000000002       0.99959398444588210     
   1.7150000000000001       0.99956749776656861     
   1.7220000000000002       0.99950823731369498     
   1.7290000000000001       0.99940925747068265     
   1.7360000000000002       0.99925819051380083     
   1.7430000000000001       0.99906372959765444     
   1.7500000000000002       0.99884029512681816     
   1.7570000000000001       0.99861426149998123     
   1.7640000000000000       0.99841332994685017     
   1.7710000000000001       0.99827219492994523     
   1.7780000000000000       0.99821530900779798     
   1.7850000000000001       0.99823326918803190     
   1.7920000000000000       0.99833326646658138     
   1.7990000000000002       0.99850008698918413     
   1.8060000000000000       0.99871097744636983     
   1.8130000000000002       0.99895849649943269     
   1.8200000000000001       0.99920393838941002     
   1.8270000000000000       0.99942405458239270     
   1.8340000000000001       0.99960079498313148     
   1.8410000000000000       0.99972373249838686     
   1.8480000000000001       0.99979399523444168     
   1.8550000000000000       0.99981907292254568     
   1.8620000000000001       0.99981740418272624     
   1.8690000000000000       0.99980719254719796     
   1.8760000000000001       0.99979857349891765     
   1.8830000000000000       0.99979704308038830     
   1.8899999999999999       0.99980322672741639     
   1.8970000000000000       0.99981789981399893     
   1.9039999999999999       0.99982803442297041     
   1.9110000000000000       0.99983570032797764     
   1.9179999999999999       0.99983854362231939     
   1.9250000000000000       0.99983965628473059     
   1.9319999999999999       0.99983696282056633     
   1.9390000000000001       0.99983738606528993     
   1.9460000000000002       0.99983422147433976     
   1.9530000000000003       0.99982399418402002     
   1.9600000000000002       0.99979934339116650     
   1.9670000000000003       0.99975802784172441     
   1.9740000000000002       0.99969370106294408     
   1.9810000000000001       0.99960896650586828     
   1.9880000000000002       0.99951346727436086     
   1.9950000000000001       0.99940498775133280     
   2.0020000000000002       0.99928843850936533     
   2.0090000000000003       0.99917333786055251     
   2.0160000000000000       0.99905554995417756     
   2.0230000000000001       0.99894512178145045     
   2.0300000000000002       0.99886291111857028     
   2.0369999999999999       0.99881834365933631     
   2.0440000000000000       0.99881169456818930     
   2.0510000000000002       0.99885390512012284     
   2.0580000000000003       0.99893281200247086     
   2.0649999999999999       0.99902265832416293     
   2.0720000000000001       0.99911921255842651     
   2.0790000000000002       0.99919860075123923     
   2.0860000000000003       0.99925002211848302     
   2.0930000000000000       0.99926989090460616     
   2.1000000000000001       0.99925184463274852     
   2.1070000000000002       0.99919071658968939     
   2.1139999999999999       0.99907995159782048     
   2.1210000000000000       0.99890739642120185     
   2.1280000000000001       0.99865424272750491     
   2.1350000000000002       0.99831792586196066     
   2.1419999999999999       0.99792726706687318     
   2.1490000000000000       0.99748198327383442     
   2.1560000000000001       0.99705780656644971     
   2.1630000000000003       0.99671454983527652     
   2.1699999999999999       0.99646798780581036     
   2.1770000000000000       0.99638577220136382     
   2.1840000000000002       0.99644914914921390     
   2.1909999999999998       0.99662401729569461     
   2.1980000000000000       0.99688264067369259     
   2.2050000000000001       0.99719968550449833     
   2.2120000000000002       0.99753113474455424     
   2.2189999999999999       0.99787753750705332     
   2.2260000000000000       0.99822763549368265     
   2.2330000000000001       0.99856772223192924     
   2.2400000000000002       0.99889316180195631     
   2.2470000000000003       0.99915899354776028     
   2.2540000000000000       0.99935937678700026     
   2.2610000000000001       0.99948062983298225     
   2.2680000000000002       0.99953204078548064     
   2.2749999999999999       0.99951873344407705     
   2.2820000000000000       0.99944722474595526     
   2.2890000000000001       0.99931439180936221     
   2.2960000000000003       0.99912417284399613     
   2.3029999999999999       0.99887177539257477     
   2.3100000000000001       0.99857158710524330     
   2.3169999999999997       0.99824301886357236     
   2.3240000000000003       0.99790639111854640     
   2.3310000000000000       0.99756539887424611     
   2.3380000000000001       0.99726547123526998     
   2.3449999999999998       0.99698867550757908     
   2.3520000000000003       0.99678998338514124     
   2.3590000000000000       0.99667401908691455     
   2.3660000000000001       0.99663006883940986     
   2.3729999999999998       0.99665411217428734     
   2.3800000000000003       0.99683822059262150     
   2.3870000000000000       0.99714940578135369     
   2.3940000000000001       0.99750088138574067     
   2.4010000000000002       0.99790078521564585     
   2.4079999999999999       0.99826860302516918     
   2.4150000000000005       0.99859095917060425     
   2.4220000000000002       0.99884790908277521     
   2.4290000000000003       0.99901865713002835     
   2.4359999999999999       0.99910446883229964     
   2.4430000000000005       0.99914232764092248     
   2.4500000000000002       0.99911587841962868     
   2.4570000000000003       0.99905659629187626     
   2.4640000000000000       0.99894620379631005     
   2.4710000000000001       0.99877720968172179     
   2.4780000000000002       0.99854858596303320     
   2.4850000000000003       0.99826412839515422     
   2.4920000000000000       0.99793163400101104     
   2.4990000000000001       0.99757901492449197     
   2.5060000000000002       0.99725402871972801     
   2.5130000000000003       0.99698083829477424     
   2.5200000000000000       0.99678631544776308     
   2.5270000000000001       0.99665323916605486     
   2.5339999999999998       0.99664345374220509     
   2.5410000000000004       0.99671750840792039     
   2.5480000000000000       0.99685662598312386     
   2.5550000000000002       0.99703905140701998     
   2.5619999999999998       0.99728675103944486     
   2.5690000000000004       0.99756557956311476     
   2.5760000000000001       0.99781786838418995     
   2.5830000000000002       0.99806563491420863     
   2.5899999999999999       0.99825807699717362     
   2.5970000000000000       0.99838535959883212     
   2.6040000000000001       0.99845253227709718     
   2.6110000000000002       0.99844646911839796     
   2.6179999999999999       0.99843484715240083     
   2.6250000000000000       0.99835220116547452     
   2.6320000000000001       0.99826158802227516     
   2.6390000000000002       0.99816295238309050     
   2.6459999999999999       0.99805441443905907     
   2.6530000000000000       0.99795759239791004     
   2.6599999999999997       0.99789300968642858     
   2.6670000000000003       0.99784989482093855     
   2.6739999999999999       0.99782134335618411     
   2.6810000000000000       0.99780444716546390     
   2.6879999999999997       0.99782822927759185     
   2.6950000000000003       0.99789388291289172     
   2.7020000000000004       0.99794056006108645     
   2.7090000000000001       0.99803689708973820     
   2.7160000000000002       0.99809808496806496     
   2.7230000000000003       0.99818106976996979     
   2.7300000000000004       0.99825182952555769     
   2.7370000000000001       0.99827984901314193     
   2.7440000000000002       0.99829096032969022     
   2.7509999999999999       0.99827403889507260     
   2.7580000000000005       0.99818993151140745     
   2.7650000000000001       0.99809879755605790     
   2.7720000000000002       0.99797737595109592     
   2.7789999999999999       0.99784939051584831     
   2.7860000000000005       0.99768174476571703     
   2.7930000000000001       0.99750396032615574     
   2.8000000000000003       0.99726181758819077     
   2.8069999999999999       0.99699059559181546     
   2.8140000000000001       0.99664146580925306     
   2.8210000000000002       0.99629271893764670     
   2.8280000000000003       0.99599086917638424     
   2.8350000000000000       0.99570143606564721     
   2.8420000000000001       0.99545867819287148     
   2.8490000000000002       0.99534189248505411     
   2.8560000000000003       0.99526372155418497     
   2.8630000000000000       0.99529989499992455     
   2.8700000000000001       0.99540422306642062     
   2.8769999999999998       0.99556988957356218     
   2.8840000000000003       0.99573360824675228     
   2.8910000000000000       0.99586257526868582     
   2.8980000000000001       0.99592746754910177     
   2.9049999999999998       0.99589254961219276     
   2.9120000000000004       0.99573923097244377     
   2.9190000000000000       0.99542167687391214     
   2.9260000000000002       0.99499156533041133     
   2.9329999999999998       0.99434876273053241     
   2.9400000000000004       0.99358388523155716     
   2.9470000000000001       0.99260762463928986     
   2.9540000000000002       0.99147375463296639     
   2.9609999999999999       0.99016459519532674     
   2.9680000000000000       0.98859211850216544     
   2.9750000000000001       0.98693331735782652     
   2.9820000000000002       0.98517930721179803     
   2.9890000000000003       0.98342811414377229     
