   0.0000000000000000       0.99999999999987044     
   8.9999999999999993E-003  0.99990659084067068     
   1.7999999999999999E-002  0.99967495847460774     
   2.6999999999999993E-002  0.99932912337095570     
   3.5999999999999997E-002  0.99890116303602894     
   4.4999999999999998E-002  0.99846688587075938     
   5.3999999999999986E-002  0.99811652732173628     
   6.2999999999999987E-002  0.99793346063725985     
   7.1999999999999995E-002  0.99792745906827329     
   8.0999999999999989E-002  0.99802073483234122     
   8.9999999999999997E-002  0.99816874091854702     
   9.8999999999999991E-002  0.99827972446821567     
  0.10799999999999997       0.99833053149605511     
  0.11699999999999999       0.99828439950087433     
  0.12599999999999997       0.99813048301598772     
  0.13499999999999998       0.99782412935309406     
  0.14399999999999999       0.99729464538834878     
  0.15299999999999997       0.99655990137197026     
  0.16199999999999998       0.99565543905359122     
  0.17099999999999999       0.99458739018021280     
  0.17999999999999999       0.99348595467068224     
  0.18899999999999997       0.99236710532595773     
  0.19799999999999998       0.99125956319835384     
  0.20699999999999996       0.99017039774693894     
  0.21599999999999994       0.98917757132375461     
  0.22499999999999998       0.98841746234976913     
  0.23399999999999999       0.98773645520002251     
  0.24299999999999997       0.98725050438956585     
  0.25199999999999995       0.98697165889671667     
  0.26099999999999995       0.98671214695233289     
  0.26999999999999996       0.98618613879350048     
  0.27899999999999997       0.98550521968527860     
  0.28799999999999998       0.98471648206234208     
  0.29699999999999993       0.98374965083520327     
  0.30599999999999994       0.98239786197152423     
  0.31500000000000000       0.98066112887185986     
  0.32399999999999995       0.97929205535751973     
  0.33299999999999996       0.97743704784307262     
  0.34199999999999997       0.97559378533867491     
  0.35099999999999992       0.97383691901811453     
  0.35999999999999999       0.97207781672332327     
  0.36899999999999994       0.96999439423449618     
  0.37799999999999995       0.96812837484588732     
  0.38699999999999996       0.96642540069902894     
  0.39599999999999996       0.96491995043445244     
  0.40499999999999992       0.96352403541981346     
  0.41399999999999992       0.96254350986349291     
  0.42299999999999993       0.96159583499078038     
  0.43199999999999988       0.96080367558830637     
  0.44100000000000000       0.96051830331572707     
  0.44999999999999996       0.95992285317452775     
  0.45899999999999996       0.95972714002872106     
  0.46799999999999997       0.95964257994280433     
  0.47699999999999992       0.96034598143803795     
  0.48599999999999993       0.96036544017127856     
  0.49499999999999994       0.96064228679215014     
  0.50399999999999989       0.95979989608861072     
  0.51299999999999990       0.95883920748754847     
  0.52199999999999991       0.95803630973766207     
  0.53099999999999992       0.95689803601780588     
  0.53999999999999992       0.95545029993891073     
  0.54899999999999993       0.95453083511135628     
  0.55799999999999994       0.95265261995998207     
  0.56699999999999995       0.95086092030215474     
  0.57599999999999996       0.95076464280269124     
  0.58499999999999996       0.94918698062100026     
  0.59399999999999986       0.94628383127498805     
  0.60299999999999987       0.94425294207243782     
  0.61199999999999988       0.94120934450616167     
  0.62099999999999989       0.93902299637570741     
  0.63000000000000000       0.93681786874371009     
  0.63899999999999990       0.93492342486364755     
  0.64799999999999991       0.93266744842990423     
  0.65699999999999992       0.93226406629236735     
  0.66599999999999993       0.93069176264933251     
  0.67499999999999993       0.93111257412959492     
  0.68399999999999994       0.93180131944936584     
  0.69299999999999984       0.93018234603394012     
  0.70199999999999985       0.93018897173951132     
  0.71099999999999985       0.92911492194079615     
  0.71999999999999997       0.92977148509082874     
  0.72899999999999998       0.92810795387642464     
  0.73799999999999988       0.93107315968422788     
  0.74699999999999989       0.93195468371726986     
  0.75599999999999989       0.93246515221398218     
  0.76499999999999990       0.93364918632247540     
  0.77399999999999991       0.93521815110151529     
  0.78299999999999992       0.93746023381224441     
  0.79199999999999993       0.93705920822524280     
  0.80099999999999982       0.93816719957794992     
  0.80999999999999983       0.93794350772374324     
  0.81899999999999984       0.94059128708938533     
  0.82799999999999985       0.93962191315816379     
  0.83699999999999986       0.93936156130438120     
  0.84599999999999986       0.93785537570050115     
  0.85499999999999987       0.93710966819660457     
  0.86399999999999977       0.93502359544009905     
  0.87300000000000000       0.93254308583251655     
  0.88200000000000001       0.93093353158671599     
  0.89099999999999990       0.92855115683594891     
  0.89999999999999991       0.92833382265536890     
  0.90899999999999992       0.92860011839647272     
  0.91799999999999993       0.92987680983569843     
  0.92699999999999994       0.93283453303192632     
  0.93599999999999994       0.93042243651327550     
  0.94499999999999984       0.93038975693093440     
  0.95399999999999985       0.93098006631238972     
  0.96299999999999986       0.93180875943406627     
  0.97199999999999986       0.93087183447519584     
  0.98099999999999987       0.92904439203090572     
  0.98999999999999988       0.92917331477435128     
  0.99899999999999989       0.92763305213767233     
   1.0079999999999998       0.92641006484406241     
   1.0169999999999999       0.92397675550370517     
   1.0259999999999998       0.92576972893809872     
   1.0349999999999997       0.92635138114079874     
   1.0439999999999998       0.92574063567926645     
   1.0529999999999997       0.92561890444166306     
   1.0619999999999998       0.92724228283632470     
   1.0710000000000000       0.92756210719772603     
   1.0799999999999998       0.92921449754538821     
   1.0890000000000000       0.92860564963352299     
   1.0979999999999999       0.93163164331181325     
   1.1070000000000000       0.93278997436462796     
   1.1159999999999999       0.93575680940437056     
   1.1249999999999998       0.93714222214571130     
   1.1339999999999999       0.93885860346246153     
   1.1429999999999998       0.93964213487322745     
   1.1519999999999999       0.94017556609216479     
   1.1609999999999998       0.94088085250130793     
   1.1699999999999999       0.94147367306436769     
   1.1789999999999998       0.94439099132048865     
   1.1879999999999997       0.94444576329725327     
   1.1969999999999998       0.94568057538232786     
   1.2059999999999997       0.94905821321146178     
   1.2149999999999999       0.95237287943463400     
   1.2239999999999998       0.95384114675748310     
   1.2329999999999999       0.95488803313631865     
   1.2419999999999998       0.95495881823154849     
   1.2509999999999999       0.95433051099019106     
   1.2600000000000000       0.95511111659262771     
   1.2689999999999999       0.95514027015959968     
   1.2779999999999998       0.95588152484202982     
   1.2869999999999999       0.95653271305917664     
   1.2959999999999998       0.95580003524316359     
   1.3049999999999999       0.95648479159674893     
   1.3139999999999998       0.95724924845820392     
   1.3230000000000000       0.95789185172540514     
   1.3319999999999999       0.95823337551349819     
   1.3409999999999997       0.95865803711444164     
   1.3499999999999999       0.95900177871636605     
   1.3589999999999998       0.96057122243973403     
   1.3679999999999999       0.96007274157520439     
   1.3769999999999998       0.96150485645920869     
   1.3859999999999997       0.96154845979229009     
   1.3949999999999998       0.96349749231006043     
   1.4039999999999997       0.96286425654625762     
   1.4129999999999998       0.96187161367088969     
   1.4219999999999997       0.96301491613656542     
   1.4309999999999998       0.96366374608692162     
   1.4399999999999999       0.96508685879058254     
   1.4489999999999998       0.96425410509816212     
   1.4580000000000000       0.96511486918127942     
   1.4669999999999999       0.96420101977759731     
   1.4759999999999998       0.96230965179939953     
   1.4849999999999999       0.96516048672107024     
   1.4939999999999998       0.96520797066435138     
   1.5029999999999999       0.96551978950308004     
   1.5119999999999998       0.96545897448617202     
   1.5209999999999999       0.96632437182415376     
   1.5299999999999998       0.96626764118646857     
   1.5389999999999997       0.96641275601659837     
   1.5479999999999998       0.96641317676237448     
   1.5569999999999997       0.96661606598647176     
   1.5659999999999998       0.96733720144660362     
   1.5749999999999997       0.96809579102060839     
   1.5839999999999999       0.96753104135455992     
   1.5929999999999997       0.96676853518918848     
   1.6019999999999996       0.96687180245574822     
   1.6109999999999998       0.96798941442969899     
   1.6199999999999997       0.96654943634777046     
   1.6289999999999998       0.96744946794854947     
   1.6379999999999997       0.96753923151217602     
   1.6469999999999998       0.96633983061149664     
   1.6559999999999997       0.96698885665210965     
   1.6649999999999996       0.96701974350839226     
   1.6739999999999997       0.96610285672332319     
   1.6829999999999996       0.96740730292323784     
   1.6919999999999997       0.96690608993144778     
   1.7009999999999996       0.96663520247764212     
   1.7099999999999997       0.96833809015617478     
   1.7189999999999996       0.96638797943461363     
   1.7279999999999995       0.96676321893151929     
   1.7369999999999999       0.96740854203214621     
   1.7460000000000000       0.96716397424000367     
   1.7549999999999999       0.96799588336835751     
   1.7640000000000000       0.96672595439704512     
   1.7729999999999999       0.96736940559539142     
   1.7819999999999998       0.96999440514518087     
   1.7909999999999999       0.96649499321743682     
   1.7999999999999998       0.96779581129601833     
   1.8089999999999999       0.96811582730271950     
   1.8179999999999998       0.96857090478467833     
   1.8269999999999997       0.96772895522435098     
   1.8359999999999999       0.96797249803584706     
   1.8449999999999998       0.96669425715352120     
   1.8539999999999999       0.96795094099032053     
   1.8629999999999998       0.96517303746997130     
   1.8719999999999999       0.96492587278506103     
   1.8809999999999998       0.96628958326208536     
   1.8899999999999997       0.96636901477161974     
   1.8989999999999998       0.96803972809167316     
   1.9079999999999997       0.96448424370611352     
   1.9169999999999998       0.96647535121207762     
   1.9259999999999997       0.96570378597471029     
   1.9349999999999998       0.96647369128166261     
   1.9439999999999997       0.96666700180644971     
   1.9529999999999996       0.96639125379956936     
   1.9619999999999997       0.96682123659571739     
   1.9709999999999996       0.96520026008217541     
   1.9799999999999998       0.96596486576950502     
   1.9889999999999997       0.96700711433011255     
   1.9979999999999998       0.96652045165388700     
   2.0069999999999997       0.96674045880449355     
   2.0159999999999996       0.96635599150071172     
   2.0249999999999995       0.96516456682329921     
   2.0339999999999998       0.96499372031885911     
   2.0429999999999997       0.96421867573503661     
   2.0519999999999996       0.96510301857274650     
   2.0609999999999995       0.96390438307319726     
   2.0699999999999994       0.96652456557291067     
   2.0789999999999997       0.96501497599530628     
   2.0879999999999996       0.96464728026195223     
   2.0969999999999995       0.96379733171666560     
   2.1059999999999994       0.96310029029676880     
   2.1149999999999998       0.96520893226837401     
   2.1239999999999997       0.96420742900027612     
   2.1330000000000000       0.96529624732729313     
   2.1419999999999999       0.96526138164794995     
   2.1509999999999998       0.96426192975151093     
   2.1599999999999997       0.96475113427961789     
   2.1690000000000000       0.96434155586338222     
   2.1779999999999999       0.96447362577605678     
   2.1869999999999998       0.96426482979599748     
   2.1959999999999997       0.96379495939121351     
   2.2049999999999996       0.96571959517953798     
   2.2140000000000000       0.96563752204896736     
   2.2229999999999999       0.96602423223035583     
   2.2319999999999998       0.96306791712883311     
   2.2409999999999997       0.96520128698175356     
   2.2499999999999996       0.96488624875905293     
   2.2589999999999999       0.96189357346263971     
   2.2679999999999998       0.96409080974002537     
   2.2769999999999997       0.96199156598591906     
   2.2859999999999996       0.96589224071947122     
   2.2949999999999999       0.96352302778946763     
   2.3039999999999998       0.96481821306818838     
   2.3129999999999997       0.96404139442093506     
   2.3219999999999996       0.96414505961262909     
   2.3309999999999995       0.96396601783564562     
   2.3399999999999999       0.96398073528627504     
   2.3489999999999998       0.96399416754281153     
   2.3579999999999997       0.96438519249389609     
   2.3669999999999995       0.96260839953588984     
   2.3759999999999994       0.96400328493840404     
   2.3849999999999998       0.96571501413009719     
   2.3939999999999997       0.96303317919401543     
   2.4029999999999996       0.96423493234027480     
   2.4119999999999995       0.96407548800510301     
   2.4209999999999994       0.96418896049271552     
   2.4299999999999997       0.96412794922661127     
   2.4389999999999996       0.96428137807035219     
   2.4479999999999995       0.96330669873551888     
   2.4569999999999994       0.96378481731649990     
   2.4659999999999997       0.96261662009553328     
   2.4749999999999996       0.96345883014110545     
   2.4839999999999995       0.96300824483648684     
   2.4929999999999994       0.96417978034493768     
   2.5019999999999998       0.96463808397882489     
   2.5109999999999997       0.96473175404330591     
   2.5200000000000000       0.96555894759558814     
   2.5289999999999999       0.96176189276391577     
   2.5379999999999998       0.96342151166624113     
   2.5469999999999997       0.96380788930638250     
   2.5559999999999996       0.96358164849137717     
   2.5649999999999999       0.96292155881507135     
   2.5739999999999998       0.96431540717726927     
   2.5829999999999997       0.96419961590289460     
   2.5919999999999996       0.96464529557793177     
   2.6009999999999995       0.96344352905432029     
   2.6099999999999999       0.96342799091811049     
   2.6189999999999998       0.96478644888650178     
   2.6279999999999997       0.96448401828455577     
   2.6369999999999996       0.96398641326656143     
   2.6459999999999999       0.96292090733880975     
   2.6549999999999998       0.96519199356799912     
   2.6639999999999997       0.96389546328388209     
   2.6729999999999996       0.96304426583487424     
   2.6819999999999995       0.96404176128721442     
   2.6909999999999998       0.96502326870378274     
   2.6999999999999997       0.96273111286942059     
   2.7089999999999996       0.96415018284046383     
   2.7179999999999995       0.96294876207798641     
   2.7269999999999994       0.96360208044285867     
   2.7359999999999998       0.96356053560054333     
   2.7449999999999997       0.96407427054345318     
   2.7539999999999996       0.96531427103399525     
   2.7629999999999995       0.96290254771173400     
   2.7719999999999994       0.96457727327802911     
   2.7809999999999997       0.96330835825401084     
   2.7899999999999996       0.96364032283611012     
   2.7989999999999995       0.96558461440506105     
   2.8079999999999994       0.96502143614055691     
   2.8169999999999997       0.96403228818281317     
   2.8259999999999996       0.96390580490939259     
   2.8349999999999995       0.96432483131436819     
   2.8439999999999994       0.96662138978259338     
   2.8529999999999993       0.96336761105004898     
   2.8619999999999997       0.96277277938483818     
   2.8709999999999996       0.96484136714225810     
   2.8799999999999999       0.96471722049946251     
   2.8889999999999998       0.96271052306046256     
   2.8979999999999997       0.96325215097532491     
   2.9069999999999996       0.96364460641212757     
   2.9159999999999999       0.96319873401120826     
   2.9249999999999994       0.96440585471986273     
   2.9339999999999997       0.96416961147844926     
   2.9429999999999996       0.96339391073552938     
   2.9519999999999995       0.96264570125161630     
   2.9609999999999994       0.96216340239287634     
   2.9699999999999998       0.96400351136826867     
   2.9789999999999992       0.96307776521210109     
   2.9879999999999995       0.96491514889155261     
