   0.0000000000000000       0.99999999999914280     
   8.0000000000000002E-002  0.99775482157060036     
  0.16000000000000000       0.61724234254755916     
  0.23999999999999999      -0.57689563482579653     
  0.32000000000000001      -0.77941771789196601     
  0.40000000000000008      -0.45044396301592787     
  0.47999999999999998       0.89360534875334230     
  0.56000000000000005       0.46131548581233933     
  0.64000000000000001       0.26140604458313366     
  0.72000000000000008       0.90157722256111006     
  0.80000000000000016       0.84724108589448011     
  0.88000000000000000       0.50740314218459071     
  0.95999999999999996       0.73852228835801503     
   1.0400000000000000       0.71331587216103420     
   1.1200000000000001       0.23784975867555594     
   1.2000000000000002       0.66605758534551018     
   1.2800000000000000       0.64413902977238013     
   1.3600000000000001       0.81117788299743743     
   1.4400000000000002       0.85282016104119251     
   1.5200000000000000       0.87215355898343372     
   1.6000000000000003       0.77760385137089250     
   1.6800000000000002       0.87691209329241537     
   1.7600000000000000       0.85131307159271474     
   1.8400000000000001       0.82266465211765161     
   1.9199999999999999       0.85586751010052309     
   2.0000000000000004       0.89709460590942558     
   2.0800000000000001       0.88042711174459720     
   2.1600000000000001       0.86590628309397566     
   2.2400000000000002       0.87226565836595338     
   2.3199999999999998       0.89805865731876722     
   2.4000000000000004       0.89826214683043359     
   2.4800000000000004       0.88247130211293245     
   2.5600000000000001       0.84874814731027626     
   2.6400000000000001       0.86819876751630043     
   2.7200000000000002       0.87603098492263498     
   2.8000000000000003       0.87271683735080852     
   2.8800000000000003       0.90057615653187673     
   2.9600000000000004       0.89141907362855011     
   3.0400000000000000       0.79893634630497867     
   3.1200000000000001       0.53897918763689701     
   3.2000000000000006       0.90578610721143316     
   3.2800000000000002       0.87105130309413592     
   3.3600000000000003       0.73260300877713103     
   3.4400000000000004       0.88157698962044762     
   3.5200000000000000       0.85958757650300333     
   3.6000000000000001       0.87217255378446268     
   3.6800000000000002       0.59655992431360061     
   3.7600000000000002       0.87874006094734503     
   3.8399999999999999       0.86109520689358299     
   3.9200000000000008       0.86853574218282414     
   4.0000000000000009       0.87302695837812105     
   4.0800000000000001       0.71242322255994217     
   4.1600000000000001       0.80388938245933383     
   4.2400000000000002       0.85290101973305621     
   4.3200000000000003       0.85719355529070596     
   4.4000000000000004       0.82766588554867082     
   4.4800000000000004       0.80851456137343614     
   4.5600000000000005       0.88299403091371642     
   4.6399999999999997       0.90369633190704834     
   4.7200000000000006       0.70701050478350924     
   4.8000000000000007       0.80653627732901800     
   4.8800000000000008       0.73345962373661489     
   4.9600000000000009       0.84396932821518045     
   5.0400000000000009       0.68918628299876528     
   5.1200000000000001       0.89564685531684463     
   5.2000000000000002       0.84253729543760714     
   5.2800000000000002       0.89967788594931397     
   5.3600000000000003       0.87173745943686665     
   5.4400000000000004       0.87171803266171688     
   5.5200000000000005       0.88306619390655217     
   5.6000000000000005       0.87681490485777935     
   5.6800000000000006       0.88246334543575267     
   5.7600000000000007       0.70617494780362744     
   5.8400000000000007       0.86341280428047085     
   5.9200000000000008       0.88992387869247347     
   6.0000000000000009       0.90281748781352422     
   6.0800000000000001       0.81626559321770198     
   6.1600000000000001       0.87950246957584755     
   6.2400000000000002       0.86920234014352726     
   6.3200000000000003       0.86162598768137211     
   6.4000000000000012       0.88168953470339062     
   6.4800000000000004       0.76332980188111343     
   6.5600000000000005       0.87241883529896458     
   6.6400000000000006       0.87879529425932856     
   6.7200000000000006       0.87592442925948255     
   6.8000000000000007       0.91450282083294065     
   6.8800000000000008       0.85492378897768062     
   6.9600000000000009       0.88891919501399708     
   7.0400000000000000       0.91184745504293818     
   7.1200000000000001       0.89135927003881954     
   7.2000000000000002       0.89189606642986019     
   7.2800000000000002       0.90474511971305505     
   7.3600000000000003       0.78284022747148818     
   7.4400000000000004       0.90963497875045551     
   7.5200000000000005       0.90190933462035727     
   7.5999999999999996       0.88328937462752843     
   7.6799999999999997       0.88206434798675371     
   7.7600000000000016       0.84954400451479184     
   7.8400000000000016       0.88271142433092464     
   7.9200000000000008       0.90421669435787388     
   8.0000000000000018       0.90426927581580530     
   8.0800000000000018       0.90494871431507218     
   8.1600000000000001       0.82506369965833615     
   8.2400000000000002       0.89669573993736207     
   8.3200000000000003       0.89383718753469932     
   8.4000000000000004       0.74454415799745244     
   8.4800000000000004       0.90905097705780558     
   8.5600000000000005       0.89361217860352771     
   8.6400000000000006       0.90039264791315921     
   8.7200000000000006       0.76384106883159586     
   8.8000000000000007       0.89937420457111961     
   8.8800000000000008       0.86835609740117303     
   8.9600000000000009       0.89616522334352022     
   9.0400000000000009       0.89173808978243352     
   9.1200000000000010       0.86585127319325605     
   9.2000000000000011       0.89795531542524576     
   9.2799999999999994       0.90487036193161152     
   9.3599999999999994       0.87648932286570558     
   9.4400000000000013       0.88700855312704385     
   9.5200000000000014       0.89397387030983000     
   9.6000000000000014       0.90616461725222819     
   9.6800000000000015       0.85626386403984822     
   9.7600000000000016       0.90918331103122796     
   9.8400000000000016       0.83158052008632077     
   9.9200000000000017       0.89609178779281651     
   10.000000000000002       0.85536799159925647     
   10.080000000000002       0.89762553633639852     
   10.160000000000000       0.89674939090127204     
   10.240000000000000       0.90688559050905970     
   10.320000000000000       0.82701274684633475     
   10.400000000000000       0.90724371403311321     
   10.480000000000000       0.89620766094538495     
   10.560000000000000       0.88078688157041618     
   10.640000000000001       0.89133377757107624     
   10.720000000000001       0.90600756820676209     
   10.800000000000001       0.89333915133058561     
   10.880000000000001       0.86654254764275174     
   10.960000000000001       0.90673919322146390     
   11.040000000000001       0.90984651921936066     
   11.120000000000001       0.89659672755001407     
   11.200000000000001       0.90108583251677099     
   11.280000000000001       0.90297165787392963     
   11.360000000000001       0.89277472651165357     
   11.440000000000001       0.89033510848531050     
   11.520000000000001       0.89608998360844827     
   11.600000000000001       0.90627579541489500     
   11.680000000000001       0.89665298403336913     
   11.760000000000002       0.89877504652994455     
   11.840000000000002       0.88505372651595771     
   11.920000000000002       0.88320724195822486     
   12.000000000000002       0.86202679568104734     
   12.080000000000000       0.88258707909168288     
   12.160000000000000       0.89078141459288207     
   12.240000000000000       0.87476845097629663     
   12.320000000000000       0.89785341921584816     
   12.400000000000000       0.89631590190527544     
   12.480000000000000       0.89244199285344705     
   12.560000000000000       0.88713504505463192     
   12.640000000000001       0.89040319731386963     
   12.720000000000001       0.89393132114193052     
   12.800000000000002       0.89522427760057477     
   12.880000000000003       0.89751635332734081     
   12.960000000000001       0.89272700361287660     
   13.040000000000001       0.89330633848311958     
   13.120000000000001       0.89862295882072885     
   13.200000000000001       0.89552298188867452     
   13.280000000000001       0.87259167639378354     
   13.360000000000001       0.89245017693155471     
   13.440000000000001       0.88633098514450392     
   13.520000000000001       0.89545308464652651     
   13.600000000000001       0.90123913841096115     
   13.680000000000001       0.89585817486324537     
   13.760000000000002       0.89199695289887271     
   13.840000000000002       0.89361393855881732     
   13.920000000000002       0.88698989220895541     
   14.000000000000002       0.88598028322186817     
   14.080000000000000       0.85688272316679392     
   14.160000000000000       0.88280689354042285     
   14.240000000000000       0.89029354295013619     
   14.320000000000000       0.84776256509179304     
   14.400000000000000       0.88949711864919456     
   14.480000000000000       0.88430765716852666     
   14.560000000000000       0.88648270987200495     
   14.640000000000001       0.88782965395072910     
   14.720000000000001       0.88688785080476662     
   14.800000000000001       0.88852528168745204     
   14.880000000000001       0.87912140859196020     
   14.960000000000001       0.88541846537112712     
   15.040000000000001       0.85868046241783713     
   15.119999999999999       0.88013671457131204     
   15.199999999999999       0.87993088736288716     
   15.279999999999999       0.87454469536192980     
   15.359999999999999       0.88012284300984645     
   15.440000000000003       0.86506938834963187     
   15.520000000000003       0.87975242966172906     
   15.600000000000003       0.87951572277273660     
   15.680000000000003       0.85848779115474905     
   15.760000000000002       0.87200206475799347     
   15.840000000000002       0.88257379910070055     
   15.920000000000002       0.87419709017112968     
   16.000000000000004       0.87424451778741863     
   16.080000000000002       0.87930878543283897     
   16.160000000000004       0.87118515260226415     
   16.240000000000002       0.87936325623556300     
   16.320000000000000       0.86928840496247739     
   16.400000000000002       0.87151811957729430     
   16.480000000000000       0.87656236746299265     
   16.560000000000002       0.86835874637718724     
   16.640000000000001       0.86963898481223323     
   16.720000000000002       0.86816793630335032     
   16.800000000000001       0.86763063720816314     
   16.880000000000003       0.85254246721681604     
   16.960000000000001       0.85892551176610898     
   17.040000000000003       0.86714978481738714     
   17.120000000000001       0.86220697102663046     
   17.200000000000003       0.86441469170223340     
   17.280000000000001       0.86206795685282700     
   17.360000000000003       0.84586436596318704     
   17.440000000000001       0.85502247000259823     
   17.520000000000000       0.85562827569583311     
   17.600000000000001       0.85338374028734654     
   17.680000000000000       0.85107161660991681     
   17.760000000000002       0.85358333052380420     
   17.840000000000000       0.84630052943915801     
   17.920000000000002       0.85096745993359446     
   18.000000000000000       0.84832432170153627     
   18.080000000000002       0.84781603375633174     
   18.160000000000000       0.84428122676992845     
   18.240000000000002       0.84510601573248845     
   18.320000000000000       0.84407658313046152     
   18.400000000000002       0.85048916300175847     
   18.480000000000000       0.83191772348617232     
   18.559999999999999       0.83812261210747963     
   18.640000000000001       0.81944181238746128     
   18.719999999999999       0.83538965237428098     
   18.800000000000004       0.84337478549458345     
   18.880000000000003       0.83565986101417655     
   18.960000000000004       0.83350474744156522     
   19.040000000000003       0.83243199058945405     
   19.120000000000001       0.84355614281387448     
   19.200000000000003       0.83420107580862668     
   19.280000000000001       0.83493950226743230     
   19.360000000000003       0.83224772918089118     
   19.440000000000001       0.82723576826678502     
   19.520000000000003       0.82654840331636104     
   19.600000000000001       0.82339408091646415     
   19.680000000000003       0.82359494564909286     
   19.760000000000002       0.82115492921739319     
   19.840000000000003       0.82704618484264303     
   19.920000000000002       0.81511767418888648     
   20.000000000000004       0.81517145120611678     
   20.080000000000002       0.81254547035403113     
   20.160000000000004       0.82273390212313680     
   20.240000000000002       0.81741415076943580     
   20.320000000000000       0.80801554848728663     
   20.400000000000002       0.81993201268162197     
   20.480000000000000       0.81433773791834474     
   20.560000000000002       0.81113148321601936     
   20.640000000000001       0.81824116365274835     
   20.720000000000002       0.81095275515108400     
   20.800000000000001       0.80556372250598773     
   20.880000000000003       0.80816584332198760     
   20.960000000000001       0.81134691832485883     
   21.040000000000003       0.81291409275889770     
   21.120000000000001       0.80528628984436146     
   21.200000000000003       0.80030044743514595     
   21.280000000000001       0.79472598334753275     
   21.359999999999999       0.79119809962974064     
   21.440000000000001       0.78285874256175902     
   21.520000000000000       0.79012456236735684     
   21.600000000000001       0.80490541273475702     
   21.680000000000000       0.80256653642842390     
   21.760000000000002       0.79124010588706151     
   21.840000000000000       0.79517136455524418     
   21.920000000000002       0.78856976322856431     
   22.000000000000000       0.79239965028457615     
   22.080000000000002       0.79072657611081132     
   22.160000000000000       0.77492773153348482     
   22.240000000000002       0.78949854067025149     
   22.320000000000004       0.78598109018292384     
   22.400000000000002       0.78812758339329958     
   22.480000000000004       0.77144865401107443     
   22.560000000000002       0.78312283005153138     
   22.640000000000004       0.78854067828874319     
   22.720000000000002       0.77329214700614990     
   22.800000000000004       0.78863635764066564     
   22.880000000000003       0.78609693974780792     
   22.960000000000004       0.78091537521556031     
   23.040000000000003       0.77167761851836036     
   23.120000000000001       0.76979779195301423     
   23.200000000000003       0.76490996597509697     
   23.280000000000001       0.77333573379217035     
   23.360000000000003       0.77046225558551928     
   23.440000000000001       0.75911697302968739     
   23.520000000000003       0.76214876461362890     
   23.600000000000001       0.76706348186144502     
   23.680000000000003       0.77346421677366428     
   23.760000000000002       0.76210751262433984     
   23.840000000000003       0.74835648232413543     
   23.920000000000002       0.76593104289992853     
   24.000000000000004       0.75980983521245071     
   24.080000000000002       0.76558823829682832     
   24.160000000000000       0.76095643763059861     
   24.240000000000002       0.75483982097803992     
   24.320000000000000       0.75958288544646546     
   24.400000000000002       0.75828387726498370     
   24.480000000000000       0.75324973140653217     
   24.560000000000002       0.75280465141889585     
   24.640000000000001       0.74886683429818979     
   24.720000000000002       0.75716273524480260     
   24.800000000000001       0.73847202824115088     
   24.880000000000003       0.74512385660930391     
   24.960000000000001       0.74029009536023582     
   25.040000000000003       0.73617655072070731     
   25.120000000000001       0.75130779521399094     
   25.199999999999999       0.73512013202608684     
   25.280000000000001       0.72539416169909676     
   25.359999999999999       0.74121376441071685     
   25.440000000000001       0.73921261186775811     
   25.520000000000000       0.73692931991519128     
   25.600000000000005       0.74179609787349565     
   25.680000000000003       0.73340715239935872     
   25.760000000000005       0.72866836893667020     
   25.840000000000000       0.74287090177960602     
   25.920000000000002       0.72511815465115159     
   26.000000000000000       0.72762724360507269     
   26.080000000000002       0.73921569331906944     
   26.160000000000000       0.72966065883442033     
   26.240000000000002       0.72675197021545768     
   26.320000000000000       0.72795589493473245     
   26.400000000000002       0.73031558450570266     
   26.480000000000000       0.72454269184617925     
   26.560000000000002       0.70546657940222923     
   26.640000000000001       0.70915555202959901     
   26.720000000000002       0.71712239623839968     
   26.800000000000001       0.71676342176572039     
   26.880000000000003       0.72039479851409338     
   26.960000000000001       0.70938105484678915     
   27.040000000000003       0.71111793396979095     
   27.120000000000001       0.72567375047498961     
   27.200000000000003       0.71586204044454005     
   27.280000000000001       0.72232872838631923     
   27.360000000000003       0.71486315160786562     
   27.440000000000005       0.72412768920328696     
   27.520000000000003       0.70338029436318761     
   27.600000000000005       0.70043316997438410     
   27.680000000000003       0.71823784760690368     
   27.760000000000005       0.71342683744753888     
   27.840000000000003       0.70837875483531709     
   27.920000000000005       0.70164065114431173     
   28.000000000000004       0.70815912572675122     
   28.080000000000005       0.70326956774471094     
   28.160000000000000       0.69911963304558133     
   28.240000000000006       0.70995356199741755     
   28.320000000000000       0.69420845859363356     
   28.400000000000006       0.69381077921260981     
   28.480000000000000       0.69403620522680864     
   28.560000000000006       0.69510778580134802     
   28.640000000000001       0.69610381683495914     
   28.720000000000002       0.69149370323740122     
   28.800000000000001       0.69145140623053625     
   28.880000000000003       0.68980975016567569     
   28.960000000000001       0.70126149502638857     
   29.040000000000003       0.69204814429448758     
   29.120000000000001       0.69186149109843298     
   29.200000000000003       0.69407878508286425     
   29.280000000000001       0.67568909815055511     
   29.360000000000003       0.68775359549361570     
   29.440000000000001       0.67684877957950518     
   29.520000000000003       0.69142621751677302     
   29.600000000000001       0.69002561257723272     
   29.680000000000003       0.68556032922319510     
   29.760000000000002       0.69348466283399468     
   29.840000000000003       0.68081609464435999     
   29.920000000000002       0.68809292916655251     
   30.000000000000004       0.68344020658251425     
   30.080000000000002       0.67662391945444966     
   30.160000000000004       0.68313067240241088     
   30.239999999999998       0.67619557799474850     
   30.320000000000004       0.68886140613051228     
   30.399999999999999       0.68098418284922546     
   30.480000000000004       0.67933618494234527     
   30.559999999999999       0.66916295396202241     
   30.640000000000004       0.67758346582117224     
   30.719999999999999       0.68338639252767985     
   30.800000000000004       0.67841277629949703     
   30.880000000000006       0.67460872373174219     
   30.960000000000001       0.67036731390489523     
   31.040000000000006       0.66479841467086709     
   31.120000000000001       0.67397772916105225     
   31.200000000000006       0.67737289108616894     
   31.280000000000001       0.67848712920692089     
   31.360000000000007       0.67400855612666821     
   31.440000000000001       0.68344328118559361     
   31.520000000000003       0.68453741339880192     
   31.600000000000001       0.67208049827401284     
   31.680000000000003       0.67863258781037528     
   31.760000000000002       0.66830137130021960     
   31.840000000000003       0.66864569382493511     
   31.920000000000002       0.67512785767439298     
   32.000000000000007       0.66983995556846510     
   32.079999999999998       0.65709512455626473     
   32.160000000000004       0.67028181350571836     
   32.240000000000002       0.66224823011167699     
   32.320000000000007       0.67149365616172585     
   32.399999999999999       0.67721813750649695     
   32.480000000000004       0.67000146978125641     
   32.560000000000002       0.68201867358503976     
   32.640000000000001       0.67556130455726826     
   32.719999999999999       0.66574333571231570     
   32.800000000000004       0.64439051049969975     
   32.880000000000003       0.65416385438386326     
   32.960000000000001       0.64816238517256386     
   33.039999999999999       0.65312512785544075     
   33.120000000000005       0.64561954201575911     
   33.200000000000003       0.65639045592947254     
   33.280000000000001       0.64785001262660069     
   33.359999999999999       0.66474753217064864     
   33.440000000000005       0.65373655048624180     
   33.520000000000003       0.65762012475462894     
   33.600000000000001       0.67350000817121591     
   33.680000000000000       0.66353898764656949     
   33.760000000000005       0.64285204641989924     
   33.840000000000003       0.65950451129507592     
   33.920000000000002       0.65622738916112677     
   34.000000000000000       0.65274525406942452     
   34.080000000000005       0.63495149299147724     
   34.160000000000004       0.65821429490236127     
   34.240000000000002       0.65612084254479774     
   34.320000000000007       0.65949987918787423     
   34.400000000000006       0.65066451958992910     
   34.480000000000004       0.65330812715243902     
   34.560000000000002       0.64812417017055324     
   34.640000000000008       0.66181012705616715     
   34.720000000000006       0.66363024488851940     
   34.800000000000004       0.64626328078434436     
   34.880000000000003       0.65073116096388617     
   34.960000000000008       0.64470336984009513     
   35.039999999999999       0.64100730446887522     
   35.120000000000005       0.63676452624530133     
   35.200000000000003       0.64546149941821862     
   35.280000000000008       0.64088971737680311     
   35.359999999999999       0.63532562540947901     
   35.440000000000005       0.64639983511042443     
   35.520000000000003       0.63529343926905513     
   35.600000000000001       0.63981049620213393     
   35.680000000000000       0.62966061525744044     
   35.760000000000005       0.63709818851726674     
   35.840000000000003       0.64181370362324275     
   35.920000000000002       0.62839026896477446     
   36.000000000000000       0.64858000362982371     
   36.080000000000005       0.63153119006924596     
   36.160000000000004       0.63183037788791507     
   36.240000000000002       0.63600970210992880     
   36.320000000000000       0.62266625511981033     
   36.400000000000006       0.62349436662496194     
   36.480000000000004       0.62935758559620025     
   36.560000000000002       0.64789252572181122     
   36.640000000000001       0.62765650863512501     
   36.720000000000006       0.63760910933326886     
   36.800000000000004       0.61384392920914022     
   36.880000000000003       0.62280695583651946     
   36.960000000000001       0.62232513598507488     
   37.040000000000006       0.63326516102451702     
   37.119999999999997       0.62568571172793008     
   37.200000000000003       0.62137397150123197     
   37.280000000000001       0.61971964109748434     
   37.360000000000007       0.61971103642937075     
   37.439999999999998       0.62453133565306318     
   37.520000000000003       0.62146977102329393     
   37.600000000000009       0.61679627692567940     
   37.680000000000000       0.62041178973008859     
   37.760000000000005       0.62403639997414639     
   37.840000000000003       0.60970951044091171     
   37.920000000000009       0.61924151667222893     
   38.000000000000000       0.62506256747613176     
   38.080000000000005       0.61549067085074594     
   38.160000000000004       0.60072714618151590     
   38.240000000000002       0.60543041743684534     
   38.320000000000000       0.61840858001139010     
   38.400000000000006       0.60559641446667567     
   38.480000000000004       0.59846712411431124     
   38.560000000000002       0.61089498316424895     
   38.640000000000001       0.61829424266672028     
   38.720000000000006       0.61664042004916819     
   38.800000000000004       0.63396619002195798     
   38.880000000000003       0.62985024479835205     
   38.960000000000001       0.60996774261410613     
   39.040000000000006       0.61291768365092258     
   39.120000000000005       0.60693742235752479     
   39.200000000000003       0.61139074594984300     
   39.280000000000001       0.62084005448661206     
   39.360000000000007       0.60891445591306326     
   39.440000000000005       0.61603300078348344     
   39.520000000000003       0.61085281285298698     
   39.600000000000001       0.62175708141176134     
   39.680000000000007       0.61707946156232207     
   39.759999999999998       0.62341603596651884     
   39.840000000000003       0.60960547447483415     
   39.920000000000002       0.59479274023604822     
   40.000000000000007       0.61061074732210840     
   40.079999999999998       0.61910183661790463     
   40.160000000000004       0.61342625527047290     
   40.240000000000002       0.62103257066315887     
   40.320000000000007       0.61354259492282437     
   40.399999999999999       0.61763393380601384     
   40.480000000000004       0.62533839731380836     
   40.560000000000002       0.60913175248156393     
   40.640000000000001       0.60478897301728851     
   40.719999999999999       0.61011972225277789     
   40.800000000000004       0.62306274869637102     
   40.880000000000003       0.61322467417323701     
   40.960000000000001       0.62297159050815853     
   41.040000000000006       0.62434178166984700     
   41.120000000000005       0.60806715139661527     
   41.200000000000003       0.61797895045500695     
   41.280000000000001       0.61010192501265437     
   41.360000000000007       0.61203745834974621     
   41.440000000000005       0.61534858206804233     
   41.520000000000003       0.59870510263684340     
   41.600000000000001       0.59436547921230654     
   41.680000000000007       0.58811289761557284     
   41.760000000000005       0.59676319339124961     
   41.840000000000003       0.59338615957626550     
   41.920000000000002       0.59835380709810293     
   42.000000000000007       0.60558157606407925     
   42.080000000000005       0.59745206044929811     
   42.160000000000004       0.61323820147392349     
   42.240000000000002       0.61018057135579851     
   42.320000000000007       0.60444546976569624     
   42.400000000000006       0.60201176156928105     
   42.480000000000004       0.60940231384829568     
   42.560000000000002       0.61495753337374215     
   42.640000000000008       0.60044974744181756     
   42.719999999999999       0.60704002510822208     
   42.800000000000004       0.60317985989228251     
   42.880000000000003       0.60069685332902756     
   42.960000000000008       0.60933600087332362     
   43.039999999999999       0.60481677388123489     
   43.120000000000005       0.60352813435412389     
   43.200000000000003       0.60766698131109764     
   43.280000000000001       0.61680064293130932     
   43.359999999999999       0.60963302899752603     
   43.440000000000005       0.59739452177833063     
   43.520000000000003       0.58827032673879487     
   43.600000000000001       0.60116955930411309     
   43.680000000000000       0.59485849458444584     
   43.760000000000005       0.59161035867069089     
   43.840000000000003       0.60072261185035680     
   43.920000000000002       0.60219943200124804     
   44.000000000000000       0.59665417897573880     
   44.080000000000005       0.59382569876834446     
   44.160000000000004       0.59197082079785079     
   44.240000000000002       0.59100591301137095     
   44.320000000000000       0.57563682759114121     
   44.400000000000006       0.59908047384692942     
   44.480000000000004       0.59845462594727450     
   44.560000000000002       0.60641660775851280     
   44.640000000000008       0.58681070438591931     
   44.720000000000006       0.58383736338412973     
   44.800000000000004       0.58566543262535586     
   44.880000000000003       0.58754945805747372     
   44.960000000000008       0.58456397629517987     
   45.040000000000006       0.59927264178278850     
   45.120000000000005       0.58474898729755576     
   45.200000000000003       0.60312723737528129     
   45.280000000000008       0.59092239697296167     
   45.360000000000007       0.59680674778402465     
   45.440000000000005       0.58440917759651589     
   45.520000000000003       0.58532993400490141     
   45.600000000000009       0.60025035582365682     
   45.680000000000000       0.58956073906608275     
   45.760000000000005       0.59366208792340036     
   45.840000000000003       0.58867032355950188     
   45.920000000000009       0.58931039928434492     
   46.000000000000000       0.58193166026143406     
   46.080000000000005       0.58510768128550594     
   46.160000000000004       0.58777654158862669     
   46.240000000000002       0.59036933206770714     
   46.320000000000000       0.59634531407359670     
   46.400000000000006       0.59860519162406867     
   46.480000000000004       0.58298710265295473     
   46.560000000000002       0.56853133756513385     
   46.640000000000001       0.57453274089395678     
   46.720000000000006       0.59421724896974848     
   46.800000000000004       0.59623160453848623     
   46.880000000000003       0.59136936875572343     
   46.960000000000001       0.59514466529505972     
   47.040000000000006       0.58743788494095761     
   47.120000000000005       0.58250401904418903     
   47.200000000000003       0.58876721309611346     
   47.280000000000001       0.58833660361315754     
   47.360000000000007       0.58451151822851233     
   47.440000000000005       0.59206910643146593     
   47.520000000000003       0.58712958729963927     
   47.600000000000001       0.58432434759464902     
   47.680000000000007       0.60936676018264702     
   47.759999999999998       0.59254595961613032     
   47.840000000000003       0.57450279257500658     
   47.920000000000009       0.57716866172880099     
   48.000000000000007       0.57609026045714229     
   48.080000000000005       0.57045420165234895     
   48.160000000000004       0.57723409233331857     
   48.240000000000009       0.58213561201970876     
   48.320000000000000       0.57898823712826653     
   48.400000000000006       0.57131348962472228     
   48.480000000000004       0.56071360900297407     
   48.560000000000009       0.56930308399701679     
   48.640000000000001       0.56949318031155471     
   48.720000000000006       0.58860246364796509     
   48.800000000000004       0.58153786006989117     
   48.880000000000003       0.58616861628129513     
   48.960000000000001       0.58248656536025778     
   49.040000000000006       0.56931864210559846     
   49.120000000000005       0.57893071623337267     
   49.200000000000003       0.57775604405716019     
   49.280000000000001       0.56772603059970106     
   49.360000000000007       0.57244472410772784     
   49.440000000000005       0.57521204366237999     
   49.520000000000003       0.58403747421449193     
   49.600000000000001       0.58247715759509910     
   49.680000000000007       0.57984502494230783     
   49.760000000000005       0.58286639882276936     
   49.840000000000003       0.58337365360036753     
   49.920000000000002       0.57711406056870473     
   50.000000000000007       0.57659515130840289     
   50.080000000000005       0.59012304949548544     
   50.160000000000004       0.56713013192492123     
   50.240000000000002       0.59502618755985537     
   50.320000000000007       0.57944827046548641     
   50.399999999999999       0.58460952012539391     
   50.480000000000004       0.57400320188328657     
   50.560000000000002       0.56635219093722078     
   50.640000000000008       0.58056722887576562     
   50.719999999999999       0.57533939014581337     
   50.800000000000004       0.58104675246033211     
   50.880000000000003       0.58339804785413707     
   50.960000000000008       0.57483899140316952     
   51.039999999999999       0.57938906303671778     
   51.120000000000005       0.57708794799346497     
   51.200000000000010       0.58536729746602900     
   51.280000000000001       0.57628015869843974     
   51.360000000000007       0.57439423400067569     
   51.440000000000005       0.57829552782997939     
   51.520000000000010       0.58162528105156897     
   51.600000000000001       0.56278086992444276     
   51.680000000000000       0.59365669107816854     
   51.760000000000005       0.58836043888781597     
   51.840000000000003       0.57407111790519849     
   51.920000000000009       0.59279145010875767     
   52.000000000000000       0.57988668518158937     
   52.080000000000005       0.58785639924186595     
   52.160000000000004       0.57418610228651024     
   52.240000000000009       0.55323745971248339     
   52.320000000000000       0.56759047949871455     
   52.400000000000006       0.56601235246229242     
   52.480000000000004       0.58386774649694417     
   52.560000000000009       0.56720569018150313     
   52.640000000000001       0.57167472042154721     
   52.720000000000006       0.57451446316136001     
   52.800000000000004       0.56588934305972804     
   52.880000000000010       0.56683401768683261     
   52.960000000000001       0.56559626071137847     
   53.040000000000006       0.56911082705441240     
   53.120000000000005       0.56641057183826027     
   53.200000000000010       0.57118820904043122     
   53.280000000000001       0.56927222738214567     
   53.359999999999999       0.57731111098562571     
   53.440000000000005       0.57589284051255374     
   53.520000000000010       0.57680135437465951     
   53.600000000000001       0.56595897854248567     
   53.680000000000000       0.55969442826570082     
   53.760000000000005       0.56959232703831009     
   53.840000000000011       0.57187360550987110     
   53.920000000000002       0.56443060325904681     
   54.000000000000000       0.57439301532242437     
   54.080000000000005       0.56966816497981843     
   54.160000000000011       0.56553426278919394     
   54.240000000000002       0.55919701547353240     
   54.320000000000000       0.57197933512154486     
   54.400000000000006       0.56206551842193619     
   54.480000000000011       0.55446908337278056     
   54.560000000000002       0.56424675067321861     
   54.640000000000001       0.56593518942130705     
   54.720000000000006       0.56998717047841774     
   54.800000000000004       0.55287413106311911     
   54.880000000000010       0.56824414707564197     
   54.960000000000001       0.58080587821190044     
   55.040000000000006       0.57094327102605547     
   55.120000000000005       0.58520087343170246     
   55.200000000000010       0.57049882760237469     
   55.280000000000001       0.56103265678026459     
   55.360000000000007       0.56471053476744559     
   55.440000000000005       0.56995476450074112     
   55.520000000000010       0.56287878157751536     
   55.600000000000001       0.55825750806331853     
   55.680000000000007       0.56804160222103883     
   55.760000000000005       0.57216380512135367     
   55.840000000000011       0.57772599380032053     
   55.920000000000002       0.56946376920458674     
   56.000000000000007       0.57194562439326169     
   56.080000000000005       0.58178293762722111     
   56.160000000000011       0.56469941982222127     
   56.240000000000002       0.56729951543035306     
   56.320000000000000       0.56314578393072323     
   56.400000000000006       0.56569662847995383     
   56.480000000000011       0.56376566113831683     
   56.560000000000002       0.56469864308567097     
   56.640000000000001       0.56395842748430192     
   56.720000000000006       0.57037052365258467     
   56.800000000000011       0.57470780235768515     
   56.880000000000003       0.56508162180645449     
   56.960000000000001       0.54980553586934888     
   57.040000000000006       0.57432423222730922     
   57.120000000000012       0.57809710706663431     
   57.200000000000003       0.55743440303330982     
   57.280000000000001       0.57458754753719643     
   57.360000000000007       0.56633370204055888     
   57.440000000000005       0.57209134241111603     
   57.520000000000003       0.54996298715869996     
   57.600000000000001       0.56645525217551040     
   57.680000000000007       0.56043016949865476     
   57.760000000000005       0.55478652365215342     
   57.839999999999996       0.56304186749855289     
   57.920000000000002       0.56013417177306646     
   58.000000000000007       0.56843485595061483     
   58.080000000000005       0.55678024460168840     
   58.160000000000011       0.58495668502117837     
   58.240000000000002       0.55129038991642576     
   58.320000000000007       0.55850717224296653     
   58.400000000000006       0.58123100780728987     
   58.480000000000011       0.55033903869378742     
   58.560000000000002       0.56967613636497549     
   58.640000000000008       0.56666014721125835     
   58.720000000000006       0.56174431117504853     
   58.800000000000011       0.56604219580570470     
   58.880000000000003       0.56022837603108788     
   58.960000000000001       0.56974306701287403     
   59.040000000000006       0.56543723219447439     
   59.120000000000012       0.57000108679547001     
   59.200000000000003       0.57077594434926882     
   59.280000000000001       0.56274658215188789     
   59.360000000000007       0.56083981839172481     
   59.440000000000012       0.54813719362077540     
   59.520000000000003       0.54685862264839380     
   59.600000000000001       0.56082107331480469     
   59.680000000000007       0.57056420677548847     
   59.760000000000012       0.54325601833528514     
   59.840000000000003       0.55709482846168856     
   59.920000000000002       0.54407463212583063     
   60.000000000000007       0.56674622270604280     
   60.080000000000013       0.56734857737865574     
   60.160000000000004       0.54975768309486928     
   60.240000000000002       0.56043941392756813     
   60.320000000000007       0.57056852659099033     
   60.400000000000006       0.57423870387742904     
   60.479999999999997       0.56344523239413602     
   60.560000000000002       0.56211926090861464     
   60.640000000000008       0.56398472230148744     
   60.720000000000006       0.55268892592255725     
   60.799999999999997       0.55728711530097130     
   60.880000000000003       0.57333122721028529     
   60.960000000000008       0.55608972488436748     
   61.040000000000006       0.57968999014288025     
   61.119999999999997       0.57188576428293758     
   61.200000000000003       0.55404765571821823     
   61.280000000000008       0.54892643883082504     
   61.360000000000007       0.55029848413713200     
   61.439999999999998       0.54410627066621886     
   61.520000000000003       0.56572797720654588     
   61.600000000000009       0.56083922880671788     
   61.680000000000007       0.56385821834685401     
   61.760000000000012       0.56061667097641721     
   61.840000000000003       0.54883704755142038     
   61.920000000000002       0.56369550248544842     
   62.000000000000007       0.56348311905113657     
   62.080000000000013       0.56709725360952024     
   62.160000000000004       0.55589603340313753     
   62.240000000000002       0.55239233366535789     
   62.320000000000007       0.55174935743392028     
   62.400000000000013       0.57450381590361066     
   62.480000000000004       0.55428380472075878     
   62.560000000000002       0.55682369408982935     
   62.640000000000008       0.54166471053070475     
   62.720000000000013       0.55027491326400468     
   62.800000000000004       0.56574687157692283     
   62.880000000000003       0.55465341888975728     
   62.960000000000008       0.55096146147433067     
   63.040000000000006       0.56417717848592375     
   63.120000000000005       0.56010101994117045     
   63.200000000000003       0.56182160930622183     
   63.280000000000008       0.56893288183939250     
   63.360000000000007       0.55812143489561927     
   63.439999999999998       0.56051772947643752     
   63.520000000000003       0.56551086046169619     
   63.600000000000009       0.55638557166500346     
   63.680000000000007       0.56819778639829566     
   63.759999999999998       0.55696828463619774     
   63.840000000000003       0.56230787017958428     
   63.920000000000009       0.54548283613684989     
   64.000000000000014       0.55745380008503576     
   64.079999999999998       0.56782360354708483     
   64.159999999999997       0.57412062569406941     
   64.240000000000009       0.55346361913077058     
   64.320000000000007       0.54572719871965880     
   64.400000000000006       0.56526310341521335     
   64.480000000000004       0.55345510027370592     
   64.560000000000002       0.55791294244643419     
   64.640000000000015       0.56042718524094814     
   64.719999999999999       0.55146463566733206     
   64.799999999999997       0.56035093828152949     
   64.880000000000010       0.55477086461468439     
   64.960000000000008       0.54846229031274329     
   65.040000000000006       0.56234434957270485     
   65.120000000000005       0.55911376400402713     
   65.200000000000003       0.56084206388526348     
   65.280000000000001       0.56430118142790375     
   65.360000000000014       0.54705509948267350     
   65.439999999999998       0.54006882611785534     
   65.520000000000010       0.54595144767625814     
   65.600000000000009       0.54775083907779876     
   65.680000000000007       0.55179424040099856     
   65.760000000000005       0.55833540054193276     
   65.840000000000003       0.55393947579393876     
   65.920000000000002       0.56189058210792109     
   66.000000000000014       0.56165238045713384     
   66.079999999999998       0.55559250181467490     
   66.160000000000011       0.56161159172934216     
   66.240000000000009       0.57092611640314117     
   66.320000000000007       0.55311157136300215     
   66.400000000000006       0.55654001592132485     
   66.480000000000004       0.55673733848218598     
   66.560000000000002       0.55049577874403510     
   66.640000000000015       0.54940302186420342     
   66.719999999999999       0.55452393271823908     
   66.799999999999997       0.55261903928688205     
   66.880000000000010       0.54838451477807360     
   66.960000000000008       0.56323641960547510     
   67.040000000000006       0.55810267236573730     
   67.120000000000005       0.55585996682429129     
   67.200000000000003       0.55823444150362311     
   67.280000000000015       0.55501147226773695     
   67.359999999999999       0.56024474185327522     
   67.439999999999998       0.56202793103258553     
   67.520000000000010       0.55274615016611028     
   67.600000000000009       0.55819118787943844     
   67.680000000000007       0.54427172958520820     
   67.760000000000005       0.56502907808217129     
   67.840000000000003       0.55227253370608387     
   67.920000000000016       0.56480263278937404     
   68.000000000000000       0.56837505074257211     
   68.079999999999998       0.57469531075447511     
   68.160000000000011       0.56759461120095978     
   68.240000000000009       0.55787884211052607     
   68.320000000000007       0.56500667492772516     
   68.400000000000006       0.55047149430528441     
   68.480000000000004       0.55444953580812328     
   68.560000000000002       0.55592586023281731     
   68.640000000000015       0.55245847786952373     
   68.719999999999999       0.55726261666040677     
   68.800000000000011       0.54948377801235826     
   68.880000000000010       0.54841741911348496     
   68.960000000000008       0.54574111316027207     
   69.040000000000006       0.54873998605895791     
   69.120000000000005       0.57075423044667517     
   69.200000000000003       0.54696500542537385     
   69.280000000000015       0.56791099477583640     
   69.359999999999999       0.54374326625792058     
   69.440000000000012       0.54787583334463041     
   69.520000000000010       0.54620690293642959     
   69.600000000000009       0.54065180597720752     
   69.680000000000007       0.54993589032582368     
   69.760000000000005       0.55859986361468417     
   69.840000000000003       0.56107726790641266     
   69.920000000000016       0.56172876818507955     
   70.000000000000000       0.54777386272028317     
   70.079999999999998       0.54902699243825048     
   70.160000000000011       0.55475952210286894     
   70.240000000000009       0.55729190393281647     
   70.320000000000007       0.55071934194636118     
   70.400000000000006       0.55237423283961373     
   70.480000000000004       0.56535815600482175     
   70.560000000000016       0.55759075633514121     
   70.640000000000001       0.55519173118762044     
   70.719999999999999       0.55800995319422686     
   70.800000000000011       0.56302631505798129     
   70.880000000000010       0.53795537028915152     
   70.960000000000008       0.55530692719640251     
   71.040000000000006       0.56239182063703930     
   71.120000000000005       0.56108438478883149     
   71.200000000000003       0.54662741648377211     
   71.280000000000001       0.54413658281608424     
   71.359999999999999       0.55369122630787182     
   71.440000000000012       0.54942841582084612     
   71.520000000000010       0.55253928324520585     
   71.599999999999994       0.56145140600322452     
   71.680000000000007       0.54726845237590960     
   71.760000000000005       0.57007275483608189     
   71.840000000000003       0.55785454333292483     
   71.920000000000016       0.55180893775748185     
   72.000000000000000       0.54656576415870628     
   72.080000000000013       0.56204258393575657     
   72.160000000000011       0.55744222893589623     
   72.240000000000009       0.55694185396756379     
   72.320000000000007       0.56413420835514172     
   72.400000000000006       0.55808770471189140     
   72.480000000000004       0.55553884652127750     
   72.560000000000016       0.53927994187112105     
   72.640000000000001       0.55547471555823680     
   72.719999999999999       0.54648924574102620     
   72.800000000000011       0.55022933964069587     
   72.880000000000010       0.55487498811290992     
   72.960000000000008       0.54491136482390401     
   73.040000000000006       0.56046994901664116     
   73.120000000000005       0.54089163574386490     
   73.200000000000017       0.55029118656078224     
   73.280000000000001       0.54319366505679267     
   73.359999999999999       0.55179281867560170     
   73.440000000000012       0.55924846870377798     
   73.520000000000010       0.55649342008025526     
   73.600000000000009       0.54645666933432457     
   73.680000000000007       0.54995141735038700     
   73.760000000000005       0.54055112193442023     
   73.840000000000003       0.55127753620234965     
   73.920000000000002       0.56452207702695567     
   74.000000000000000       0.54790877169240293     
   74.080000000000013       0.56149628349415226     
   74.160000000000011       0.54767390842177699     
   74.239999999999995       0.54685360470025068     
   74.320000000000007       0.54404444437203636     
   74.400000000000006       0.53210850699229983     
   74.480000000000004       0.54951080605249591     
   74.560000000000002       0.55736698904837456     
   74.640000000000001       0.54698819769085427     
   74.720000000000013       0.55093011393517621     
   74.800000000000011       0.54679196366195815     
   74.879999999999995       0.54584360462003456     
   74.960000000000008       0.55483053779502911     
   75.040000000000006       0.54943914326918519     
   75.120000000000005       0.54244598583215176     
   75.200000000000017       0.55107745953244069     
   75.280000000000001       0.55581633742284298     
   75.359999999999999       0.56862947614370341     
   75.440000000000012       0.55694529393007219     
   75.520000000000010       0.55338355340403245     
   75.600000000000009       0.54657914916398442     
   75.680000000000007       0.54778602239190288     
   75.760000000000005       0.55727669052633810     
   75.840000000000018       0.55246634218405111     
   75.920000000000002       0.54915435597002227     
   76.000000000000000       0.55002531589306314     
   76.080000000000013       0.55085539237802705     
   76.160000000000011       0.56510967678104251     
   76.240000000000009       0.55602496957308789     
   76.320000000000007       0.54700323840582887     
   76.400000000000006       0.56237776335522194     
   76.480000000000004       0.55563014277568401     
   76.560000000000002       0.55164535939387704     
   76.640000000000001       0.55820944829862496     
   76.720000000000013       0.56242310371818327     
   76.800000000000011       0.55536290342257211     
   76.879999999999995       0.55397253923272449     
   76.960000000000008       0.54740410957331598     
   77.040000000000006       0.53835872601417534     
   77.120000000000005       0.55248305680566057     
   77.200000000000003       0.54980747746846714     
   77.280000000000001       0.53843935898887829     
   77.360000000000014       0.54706250819989610     
   77.440000000000012       0.55062428356870441     
   77.519999999999996       0.54845676147127886     
   77.600000000000009       0.53224984020214228     
   77.680000000000007       0.56343031328377990     
   77.760000000000005       0.54830483862015134     
   77.840000000000003       0.55521163924630901     
   77.920000000000002       0.54104180181352257     
   78.000000000000000       0.56889701488161459     
   78.080000000000013       0.54305755835872327     
   78.159999999999997       0.54425907732480938     
   78.240000000000009       0.53751981570310858     
   78.320000000000007       0.55176012671666019     
   78.400000000000006       0.55762851346824316     
   78.480000000000004       0.53744649717980753     
   78.560000000000002       0.55120580617154935     
   78.640000000000001       0.55015146229835710     
   78.720000000000013       0.55604202189845220     
   78.800000000000011       0.53697728372693632     
   78.880000000000010       0.55875995574940940     
   78.960000000000008       0.53450309824381503     
   79.040000000000006       0.55289211377518421     
   79.120000000000019       0.54445215651727363     
   79.200000000000003       0.55111488084148685     
   79.280000000000001       0.55067285840949776     
   79.360000000000014       0.55637496152906107     
   79.440000000000012       0.54926785966335012     
   79.519999999999996       0.55346070020791049     
   79.600000000000009       0.53185673060497651     
   79.680000000000007       0.54566579615175925     
   79.760000000000005       0.55215773487305075     
   79.840000000000003       0.55076417606772110     
   79.920000000000002       0.56048748964392670     
   80.000000000000014       0.55341104948378284     
   80.080000000000013       0.54459966633023305     
   80.159999999999997       0.56044803642076269     
   80.240000000000009       0.56057012332785283     
   80.320000000000007       0.54951809252645367     
   80.400000000000006       0.55063605048990916     
   80.480000000000004       0.54249150387050826     
   80.560000000000002       0.55290961340842548     
   80.640000000000015       0.55412181945098959     
   80.720000000000013       0.55388063572099500     
   80.799999999999997       0.54815684679801902     
   80.880000000000010       0.53915065047641098     
   80.960000000000008       0.53925454833601982     
   81.040000000000006       0.55900259002767638     
   81.120000000000005       0.55507476153811475     
   81.200000000000003       0.55343720709862931     
   81.280000000000001       0.56494417075673364     
   81.360000000000014       0.55086679746928124     
   81.439999999999998       0.54943786955424323     
   81.520000000000010       0.54523471063892914     
   81.600000000000009       0.54397385742343207     
   81.680000000000007       0.54374587151509568     
   81.760000000000005       0.54907291998265673     
   81.840000000000003       0.55507879556100237     
   81.920000000000002       0.54871687082996856     
   82.000000000000014       0.54615450569070656     
   82.080000000000013       0.53935334546260927     
   82.160000000000011       0.56379778017711168     
   82.240000000000009       0.55642085133100805     
   82.320000000000007       0.54277164449608850     
   82.400000000000006       0.55339994657985658     
   82.480000000000004       0.55261329224631484     
   82.560000000000002       0.54566955497333258     
   82.640000000000015       0.54612099635987998     
   82.720000000000013       0.54803629029532108     
   82.799999999999997       0.55646720579801146     
   82.880000000000010       0.55237414999233414     
   82.960000000000008       0.55622985321239771     
   83.040000000000006       0.53648386904387046     
   83.120000000000005       0.54997586393011955     
   83.200000000000003       0.53959355604014592     
   83.280000000000015       0.55047540164475139     
   83.360000000000014       0.55298989472408855     
   83.439999999999998       0.54770959442089528     
   83.520000000000010       0.54360738828352639     
   83.600000000000009       0.55640723981015061     
   83.680000000000007       0.54897226999345272     
   83.760000000000005       0.55431879423566388     
   83.840000000000003       0.54504116839347128     
   83.920000000000002       0.55379136209752611     
   84.000000000000014       0.55955929744574484     
   84.079999999999998       0.56488587543084001     
   84.160000000000011       0.55915943263894563     
   84.240000000000009       0.54870542022842461     
   84.320000000000007       0.54978237095244298     
   84.400000000000006       0.56300924436921884     
   84.480000000000004       0.55944636235915246     
   84.560000000000002       0.54468744515529255     
   84.640000000000015       0.54930136870179425     
   84.719999999999999       0.55380317398642087     
   84.800000000000011       0.55528299504773104     
   84.880000000000010       0.55062706602430855     
   84.960000000000008       0.54677545507692327     
   85.040000000000006       0.55595909761482976     
   85.120000000000005       0.54313307606010663     
   85.200000000000003       0.53727803363113180     
   85.280000000000015       0.55783585897565147     
   85.360000000000014       0.54535333906555195     
   85.439999999999998       0.54533359552402416     
   85.520000000000010       0.55216320142327180     
   85.600000000000009       0.55635433521804656     
   85.680000000000007       0.55405230319031773     
   85.760000000000005       0.55064306251324646     
   85.840000000000003       0.55099099873731905     
   85.920000000000016       0.54496764001178866     
   86.000000000000014       0.54036136262920342     
   86.079999999999998       0.55589312326775342     
   86.160000000000011       0.54949772989010370     
   86.240000000000009       0.54776672975616381     
   86.320000000000007       0.55299196292174591     
   86.400000000000006       0.53933250591606108     
   86.480000000000004       0.54170457761880975     
   86.560000000000002       0.54966967182398851     
   86.640000000000015       0.55196552831289258     
   86.719999999999999       0.54540086729394677     
   86.800000000000011       0.55300725490903191     
   86.880000000000010       0.54457426943735121     
   86.960000000000008       0.54892068219329260     
   87.040000000000006       0.55741253027526205     
   87.120000000000005       0.54774743610854482     
   87.200000000000003       0.54086377274706443     
   87.280000000000015       0.55292029502464368     
   87.359999999999999       0.55192255094203968     
   87.440000000000012       0.55073173288903510     
   87.520000000000010       0.53768131703538768     
   87.600000000000009       0.54160373666811490     
   87.680000000000007       0.53923606683091141     
   87.760000000000005       0.54547517645316212     
   87.840000000000003       0.56166681292561949     
   87.920000000000016       0.54610768747134220     
   88.000000000000000       0.55879025476323163     
   88.079999999999998       0.54451562779038276     
   88.160000000000011       0.54506722991111090     
   88.240000000000009       0.55316589901915658     
   88.320000000000007       0.54561662169755742     
   88.400000000000006       0.54350348741790100     
   88.480000000000004       0.55239233108132946     
   88.560000000000016       0.54165233468757368     
   88.640000000000001       0.54756986774478489     
   88.719999999999999       0.54587751678141794     
   88.800000000000011       0.54468051985320565     
   88.880000000000010       0.55063349338402023     
   88.960000000000008       0.54629134958657144     
   89.040000000000006       0.54955897581414059     
   89.120000000000005       0.54359346060727021     
   89.200000000000017       0.55499372451917561     
   89.280000000000015       0.55080220955800585     
   89.359999999999999       0.54893093592642161     
   89.440000000000012       0.54113144953048398     
   89.520000000000010       0.52305177165812933     
   89.600000000000009       0.56056753104947743     
   89.680000000000007       0.56189388373499771     
   89.760000000000005       0.54103534345630966     
   89.840000000000003       0.54635611449915156     
   89.920000000000016       0.53447698883053063     
   90.000000000000000       0.54064817737918114     
   90.080000000000013       0.54221174785861692     
   90.160000000000011       0.55242372204831236     
   90.240000000000009       0.55250222607014343     
   90.320000000000007       0.53984567630147906     
   90.400000000000006       0.54060027473890204     
   90.480000000000004       0.54444548981084062     
   90.560000000000016       0.53473431507890967     
   90.640000000000001       0.54755835321695423     
   90.720000000000013       0.54425206158800643     
   90.800000000000011       0.55212137430596819     
   90.880000000000010       0.55140125109913518     
   90.960000000000008       0.53571629308351210     
   91.040000000000006       0.54166798778593817     
   91.120000000000005       0.54671941154545023     
   91.200000000000017       0.55147292777837520     
   91.280000000000001       0.54392728226275566     
   91.359999999999999       0.52730330381057455     
   91.440000000000012       0.53360862625166383     
   91.520000000000010       0.54086674047326877     
   91.600000000000009       0.53820254492146768     
   91.680000000000007       0.55513148244375499     
   91.760000000000005       0.55492697807755609     
   91.840000000000018       0.54176367641335210     
   91.920000000000002       0.55462066127399590     
   92.000000000000000       0.54160545493133938     
   92.080000000000013       0.56547043671789510     
   92.160000000000011       0.53853314493185378     
   92.240000000000009       0.54715461754428085     
   92.320000000000007       0.54519090415710614     
   92.400000000000006       0.55071629992473969     
   92.480000000000004       0.54735896053667388     
   92.560000000000016       0.56139510307426088     
   92.640000000000001       0.55752879566275504     
   92.720000000000013       0.54980139300095732     
   92.800000000000011       0.54986950715476735     
   92.880000000000010       0.55606090009933473     
   92.960000000000008       0.54169067314445940     
   93.040000000000006       0.54990219570743448     
   93.120000000000005       0.54596367215690667     
   93.200000000000017       0.55515545016165113     
   93.280000000000001       0.54658231949878289     
   93.360000000000014       0.55419730849051485     
   93.440000000000012       0.54979648413666149     
   93.520000000000010       0.54513189547669250     
   93.600000000000009       0.55000555363110137     
   93.680000000000007       0.54280670831132860     
   93.760000000000005       0.54410349351749210     
   93.840000000000018       0.55237351259358047     
   93.920000000000002       0.55222025337807168     
   94.000000000000000       0.55690588363831617     
   94.080000000000013       0.52301025844965143     
   94.160000000000011       0.54688026456729288     
   94.240000000000009       0.55493478623593695     
   94.320000000000007       0.54012707531467430     
   94.400000000000006       0.54680111362892736     
   94.480000000000018       0.54105643683940552     
   94.560000000000002       0.52673556472546534     
   94.640000000000001       0.56105343094654880     
   94.720000000000013       0.54575743123120568     
   94.800000000000011       0.55034871745329639     
   94.880000000000010       0.55985976010598582     
   94.960000000000008       0.55021943046183486     
   95.040000000000006       0.53324590317568199     
   95.120000000000005       0.55635742580744640     
   95.200000000000003       0.54920129738493817     
   95.280000000000001       0.54012627069407027     
   95.360000000000014       0.54168730931116071     
   95.440000000000012       0.53967050744760581     
   95.519999999999996       0.55257306710295961     
   95.600000000000009       0.53503125942036955     
   95.680000000000007       0.53318966428497860     
   95.760000000000005       0.55175508912719251     
   95.840000000000018       0.55821541985967715     
   95.920000000000002       0.54198917460563500     
   96.000000000000014       0.54263531449920754     
   96.080000000000013       0.54673486780668801     
   96.160000000000011       0.55164050308578760     
   96.240000000000009       0.54390804923193137     
   96.320000000000007       0.55087964321122995     
   96.400000000000006       0.54903980779164729     
   96.480000000000018       0.54762450951389952     
   96.560000000000002       0.53358885118803179     
   96.640000000000001       0.55621524884929352     
   96.720000000000013       0.54812499439191287     
   96.800000000000011       0.54686858513619185     
   96.880000000000010       0.55048715086273203     
   96.960000000000008       0.55812039179499640     
   97.040000000000006       0.53968545530374512     
   97.120000000000019       0.55764376138416760     
   97.200000000000003       0.52873554843737602     
   97.280000000000001       0.55354908526126034     
   97.360000000000014       0.53747237844826146     
   97.440000000000012       0.54808528713565308     
   97.520000000000010       0.54166416209803336     
   97.600000000000009       0.55401264753667590     
   97.680000000000007       0.54281548038387406     
   97.760000000000005       0.54872700312070033     
   97.840000000000003       0.54070510434819252     
   97.920000000000002       0.52562092166146501     
   98.000000000000014       0.54901502528937385     
   98.080000000000013       0.54346632968806041     
   98.159999999999997       0.54106668177362283     
   98.240000000000009       0.54263767573286059     
   98.320000000000007       0.52298337592858013     
   98.400000000000006       0.52764536288288388     
   98.480000000000004       0.53350235588626549     
   98.560000000000002       0.52347036522406865     
   98.640000000000015       0.53201815200942326     
   98.720000000000013       0.54725861312895563     
   98.799999999999997       0.52833194410730755     
   98.880000000000010       0.53836502465334557     
   98.960000000000008       0.53594380185203827     
   99.040000000000006       0.53466330752546443     
   99.120000000000019       0.52954196363665962     
   99.200000000000003       0.53523630083045048     
   99.280000000000001       0.54210434379433525     
   99.360000000000014       0.54835658391225472     
   99.440000000000012       0.54412176270640422     
   99.520000000000010       0.54095312238032789     
   99.600000000000009       0.52365400043565535     
   99.680000000000007       0.52860011309731136     
   99.760000000000019       0.53492858841998492     
   99.840000000000003       0.53388883649350127     
   99.920000000000002       0.53062072155675344     
