   0.0000000000000000        1.0000000000012028     
   8.9999999999999993E-003  0.98261131918761824     
   1.7999999999999999E-002  0.98739523040593957     
   2.6999999999999993E-002  0.99986440724186798     
   3.5999999999999997E-002  0.99995050276233199     
   4.4999999999999998E-002  0.99993798579362070     
   5.3999999999999986E-002  0.99992273048557667     
   6.2999999999999987E-002  0.99990636065844152     
   7.1999999999999995E-002  0.99988225692090460     
   8.0999999999999989E-002  0.99985791510893274     
   8.9999999999999997E-002  0.99982623230534629     
   9.8999999999999991E-002  0.99979338174751831     
  0.10799999999999997       0.99975516043088775     
  0.11699999999999999       0.99971095944023813     
  0.12599999999999997       0.99966612334823435     
  0.13499999999999998       0.99961878154299555     
  0.14399999999999999       0.99955633915972353     
  0.15299999999999997       0.99950254068899191     
  0.16199999999999998       0.99944719471747412     
  0.17099999999999999       0.99937741112297551     
  0.17999999999999999       0.99930095261933316     
  0.18899999999999997       0.99922990131000078     
  0.19799999999999998       0.99914386377093778     
  0.20699999999999996       0.99907542755391421     
  0.21599999999999994       0.99899380024141171     
  0.22499999999999998       0.99891205813416051     
  0.23399999999999999       0.99881883379934422     
  0.24299999999999997       0.99872170122045245     
  0.25199999999999995       0.99861640405133256     
  0.26099999999999995       0.99849542077132170     
  0.26999999999999996       0.99839579131566503     
  0.27899999999999997       0.99829251041561007     
  0.28799999999999998       0.99818610598141566     
  0.29699999999999993       0.99806227808326953     
  0.30599999999999994       0.99793549513335567     
  0.31500000000000000       0.99780207701436852     
  0.32399999999999995       0.99765924147666118     
  0.33299999999999996       0.99749882594107764     
  0.34199999999999997       0.99735898728332539     
  0.35099999999999992       0.99721666938171949     
  0.35999999999999999       0.99707893526524238     
  0.36899999999999994       0.99691278338447953     
  0.37799999999999995       0.99675676644450883     
  0.38699999999999996       0.99659229387603077     
  0.39599999999999996       0.99642966378371089     
  0.40499999999999992       0.99627314971549819     
  0.41399999999999992       0.99610655190391295     
  0.42299999999999993       0.99595390532686146     
  0.43199999999999988       0.99577143158827053     
  0.44100000000000000       0.99559039469095556     
  0.44999999999999996       0.99543688499347738     
  0.45899999999999996       0.99527273295377594     
  0.46799999999999997       0.99511412202323624     
  0.47699999999999992       0.99492332074932854     
  0.48599999999999993       0.99474307106175996     
  0.49499999999999994       0.99456452255212313     
  0.50399999999999989       0.99437274351463056     
  0.51299999999999990       0.99416484478668277     
  0.52199999999999991       0.99395442817831359     
  0.53099999999999992       0.99376625681016917     
  0.53999999999999992       0.99356122505292510     
  0.54899999999999993       0.99339805568849038     
  0.55799999999999994       0.99329187326319368     
  0.56699999999999995       0.99310670285174252     
  0.57599999999999996       0.99286687854646771     
  0.58499999999999996       0.99265610198692555     
  0.59399999999999986       0.99245036341821435     
  0.60299999999999987       0.99227018809634104     
  0.61199999999999988       0.99205713906506754     
  0.62099999999999989       0.99184642370939269     
  0.63000000000000000       0.99161420765353325     
  0.63899999999999990       0.99140516733362549     
  0.64799999999999991       0.99116539926084735     
  0.65699999999999992       0.99096241061107471     
  0.66599999999999993       0.99074170423243957     
  0.67499999999999993       0.99052448434577856     
  0.68399999999999994       0.99032158396307968     
  0.69299999999999984       0.99009132773185082     
  0.70199999999999985       0.98988794588278028     
  0.71099999999999985       0.98963874114618666     
  0.71999999999999997       0.98944348772383184     
  0.72899999999999998       0.98923657519054831     
  0.73799999999999988       0.98900281190186179     
  0.74699999999999989       0.98876562348625052     
  0.75599999999999989       0.98861580196458854     
  0.76499999999999990       0.98838743283286035     
  0.77399999999999991       0.98813943022931050     
  0.78299999999999992       0.98792803400969076     
  0.79199999999999993       0.98768923092500405     
  0.80099999999999982       0.98747619545349774     
  0.80999999999999983       0.98727968307685243     
  0.81899999999999984       0.98701879293645323     
  0.82799999999999985       0.98675672591092012     
  0.83699999999999986       0.98655038516633831     
  0.84599999999999986       0.98632372544974933     
  0.85499999999999987       0.98610494764016909     
  0.86399999999999977       0.98586447770227226     
  0.87300000000000000       0.98568351811229371     
  0.88200000000000001       0.98547180222692166     
  0.89099999999999990       0.98525464513475347     
  0.89999999999999991       0.98502694951725278     
  0.90899999999999992       0.98478719150206817     
  0.91799999999999993       0.98451828775693140     
  0.92699999999999994       0.98427270872540906     
  0.93599999999999994       0.98407153644681089     
  0.94499999999999984       0.98384104857101407     
  0.95399999999999985       0.98359868893963065     
  0.96299999999999986       0.98339737795393189     
  0.97199999999999986       0.98314301043614982     
  0.98099999999999987       0.98284336012418294     
  0.98999999999999988       0.98266908915499174     
  0.99899999999999989       0.98239241773228747     
   1.0079999999999998       0.98211819182906657     
   1.0169999999999999       0.98187231485229853     
   1.0259999999999998       0.98167307354483013     
   1.0349999999999997       0.98143558959038346     
   1.0439999999999998       0.98113440896955184     
   1.0529999999999997       0.98083560441517603     
   1.0619999999999998       0.98053205687182343     
   1.0710000000000000       0.98031802320314310     
   1.0799999999999998       0.98010260595934018     
   1.0890000000000000       0.97996525743062046     
   1.0979999999999999       0.97976703887674843     
   1.1070000000000000       0.97955837702261594     
   1.1159999999999999       0.97933328364762240     
   1.1249999999999998       0.97916167531720166     
   1.1339999999999999       0.97893662365010514     
   1.1429999999999998       0.97867459462376827     
   1.1519999999999999       0.97845963061382790     
   1.1609999999999998       0.97822598558325591     
   1.1699999999999999       0.97798581847141086     
   1.1789999999999998       0.97764863181906236     
   1.1879999999999997       0.97736850656041430     
   1.1969999999999998       0.97703033159860186     
   1.2059999999999997       0.97673961299454626     
   1.2149999999999999       0.97649514967438100     
   1.2239999999999998       0.97625540760414975     
   1.2329999999999999       0.97602853328215899     
   1.2419999999999998       0.97575259898276256     
   1.2509999999999999       0.97548362574538516     
   1.2600000000000000       0.97527280850036802     
   1.2689999999999999       0.97505539818325815     
   1.2779999999999998       0.97475548086528141     
   1.2869999999999999       0.97449670012272405     
   1.2959999999999998       0.97423486843663087     
   1.3049999999999999       0.97397479955591448     
   1.3139999999999998       0.97376052760355125     
   1.3230000000000000       0.97350572963288251     
   1.3319999999999999       0.97328126565707207     
   1.3409999999999997       0.97306676333046416     
   1.3499999999999999       0.97281249570661055     
   1.3589999999999998       0.97262621051762510     
   1.3679999999999999       0.97241986936419633     
   1.3769999999999998       0.97215178421814130     
   1.3859999999999997       0.97195649450698163     
   1.3949999999999998       0.97168918939839855     
   1.4039999999999997       0.97141417596597890     
   1.4129999999999998       0.97116429704124696     
   1.4219999999999997       0.97092283772699994     
   1.4309999999999998       0.97073432089387246     
   1.4399999999999999       0.97051068056121481     
   1.4489999999999998       0.97027281508131058     
   1.4580000000000000       0.96996953362223981     
   1.4669999999999999       0.96969389575720011     
   1.4759999999999998       0.96945516777090435     
   1.4849999999999999       0.96919615145309412     
   1.4939999999999998       0.96890861082769730     
   1.5029999999999999       0.96864144587236845     
   1.5119999999999998       0.96839780353580995     
   1.5209999999999999       0.96821146324547447     
   1.5299999999999998       0.96795721732192719     
   1.5389999999999997       0.96771856297797820     
   1.5479999999999998       0.96744122500677188     
   1.5569999999999997       0.96717466230292992     
   1.5659999999999998       0.96689957264157134     
   1.5749999999999997       0.96657646615288673     
   1.5839999999999999       0.96634436992980899     
   1.5929999999999997       0.96605277260672084     
   1.6019999999999996       0.96582460308111162     
   1.6109999999999998       0.96560694524894464     
   1.6199999999999997       0.96534124371701724     
   1.6289999999999998       0.96515886138745155     
   1.6379999999999997       0.96492427804702019     
   1.6469999999999998       0.96468941723070933     
   1.6559999999999997       0.96439859398377847     
   1.6649999999999996       0.96414062539816081     
   1.6739999999999997       0.96395045413164748     
   1.6829999999999996       0.96364257720355495     
   1.6919999999999997       0.96339775432470798     
   1.7009999999999996       0.96315529439979397     
   1.7099999999999997       0.96289139627742149     
   1.7189999999999996       0.96264488829724393     
   1.7279999999999995       0.96243692299560279     
   1.7369999999999999       0.96221018964693827     
   1.7460000000000000       0.96194255819245011     
   1.7549999999999999       0.96166221732691304     
   1.7640000000000000       0.96149839777036705     
   1.7729999999999999       0.96128813982561712     
   1.7819999999999998       0.96105573707776781     
   1.7909999999999999       0.96083759648244194     
   1.7999999999999998       0.96064739199253124     
   1.8089999999999999       0.96036846442288171     
   1.8179999999999998       0.96014920514360524     
   1.8269999999999997       0.95990079170510412     
   1.8359999999999999       0.95961735306877649     
   1.8449999999999998       0.95935552026201099     
   1.8539999999999999       0.95913675645707552     
   1.8629999999999998       0.95883074158224624     
   1.8719999999999999       0.95862389453995744     
   1.8809999999999998       0.95843092504165739     
   1.8899999999999997       0.95817896434448080     
   1.8989999999999998       0.95792797485184633     
   1.9079999999999997       0.95775658615907344     
   1.9169999999999998       0.95748978404447715     
   1.9259999999999997       0.95723082915702640     
   1.9349999999999998       0.95697289434987565     
   1.9439999999999997       0.95668199409971422     
   1.9529999999999996       0.95644461436956341     
   1.9619999999999997       0.95616622284921848     
   1.9709999999999996       0.95590276652701633     
   1.9799999999999998       0.95558221188508086     
   1.9889999999999997       0.95533706195069956     
   1.9979999999999998       0.95510707797886607     
   2.0069999999999997       0.95489869252880677     
   2.0159999999999996       0.95468428195741983     
   2.0249999999999995       0.95443286770516711     
   2.0339999999999998       0.95417945390881909     
   2.0429999999999997       0.95393144677005148     
   2.0519999999999996       0.95371629694767945     
   2.0609999999999995       0.95347887344274007     
   2.0699999999999994       0.95326773301617718     
   2.0789999999999997       0.95300206091785677     
   2.0879999999999996       0.95289192145077251     
   2.0969999999999995       0.95270242092685908     
   2.1059999999999994       0.95249914207463482     
   2.1149999999999998       0.95224659584427340     
   2.1239999999999997       0.95200185130643566     
   2.1330000000000000       0.95176083994880589     
   2.1419999999999999       0.95151441887966903     
   2.1509999999999998       0.95131042503078023     
   2.1599999999999997       0.95100748970069438     
   2.1690000000000000       0.95080143461464395     
   2.1779999999999999       0.95056200887500231     
   2.1869999999999998       0.95042271735412398     
   2.1959999999999997       0.95018865022752474     
   2.2049999999999996       0.94986012837127942     
   2.2140000000000000       0.94964736251097714     
   2.2229999999999999       0.94948931148770821     
   2.2319999999999998       0.94926440581729743     
   2.2409999999999997       0.94901572545371926     
   2.2499999999999996       0.94883049389571572     
   2.2589999999999999       0.94867411085063691     
   2.2679999999999998       0.94846235995124006     
   2.2769999999999997       0.94823313536577991     
   2.2859999999999996       0.94806465185312250     
   2.2949999999999999       0.94783148277265938     
   2.3039999999999998       0.94768747483468108     
   2.3129999999999997       0.94751954079401801     
   2.3219999999999996       0.94729310644160469     
   2.3309999999999995       0.94709290761068765     
   2.3399999999999999       0.94679928963386650     
   2.3489999999999998       0.94660434218551204     
   2.3579999999999997       0.94639591431482406     
   2.3669999999999995       0.94610590824966823     
   2.3759999999999994       0.94587609762817515     
   2.3849999999999998       0.94551281344433613     
   2.3939999999999997       0.94532053431337537     
   2.4029999999999996       0.94508292272653494     
   2.4119999999999995       0.94489595702574658     
   2.4209999999999994       0.94458953981352767     
   2.4299999999999997       0.94433986131819769     
   2.4389999999999996       0.94411805056163633     
   2.4479999999999995       0.94400430130907187     
   2.4569999999999994       0.94380850070300037     
   2.4659999999999997       0.94352909920241290     
   2.4749999999999996       0.94340229869643077     
   2.4839999999999995       0.94320011268850101     
   2.4929999999999994       0.94298186555576102     
   2.5019999999999998       0.94277601961511937     
   2.5109999999999997       0.94253616371777571     
   2.5200000000000000       0.94230263289734317     
   2.5289999999999999       0.94205889490406425     
   2.5379999999999998       0.94191691883221085     
   2.5469999999999997       0.94169857597396367     
   2.5559999999999996       0.94152914514642383     
   2.5649999999999999       0.94135958852914614     
   2.5739999999999998       0.94112907037561400     
   2.5829999999999997       0.94092151530983570     
   2.5919999999999996       0.94073281754375060     
   2.6009999999999995       0.94052473562014161     
   2.6099999999999999       0.94039982175208903     
   2.6189999999999998       0.94018156195261104     
   2.6279999999999997       0.93993809866251554     
   2.6369999999999996       0.93970017512340709     
   2.6459999999999999       0.93958425632289855     
   2.6549999999999998       0.93935850974350510     
   2.6639999999999997       0.93915582685334686     
   2.6729999999999996       0.93884375205818182     
   2.6819999999999995       0.93862699550609996     
   2.6909999999999998       0.93835835459621864     
   2.6999999999999997       0.93809411576376656     
   2.7089999999999996       0.93794394926712443     
   2.7179999999999995       0.93787042240238661     
   2.7269999999999994       0.93769382779152799     
   2.7359999999999998       0.93749838668607988     
   2.7449999999999997       0.93733928665425370     
   2.7539999999999996       0.93717555320644785     
   2.7629999999999995       0.93700096651189069     
   2.7719999999999994       0.93688892730397333     
   2.7809999999999997       0.93668781831192061     
   2.7899999999999996       0.93655275091225954     
   2.7989999999999995       0.93639650054234702     
   2.8079999999999994       0.93625534293900814     
   2.8169999999999997       0.93615964352157754     
   2.8259999999999996       0.93598108667744706     
   2.8349999999999995       0.93576378645243352     
   2.8439999999999994       0.93550311191122415     
   2.8529999999999993       0.93517735367988752     
   2.8619999999999997       0.93509078147311286     
   2.8709999999999996       0.93486432699867006     
   2.8799999999999999       0.93469752633418324     
   2.8889999999999998       0.93453384442042331     
   2.8979999999999997       0.93428979975012660     
   2.9069999999999996       0.93403022284115744     
   2.9159999999999999       0.93388526333483790     
   2.9249999999999994       0.93367908914904907     
   2.9339999999999997       0.93353098602017248     
   2.9429999999999996       0.93337818340292378     
   2.9519999999999995       0.93322532060598407     
   2.9609999999999994       0.93296063669623219     
   2.9699999999999998       0.93280400949801145     
   2.9789999999999992       0.93255815421284460     
   2.9879999999999995       0.93235856529864469     
   2.9969999999999994       0.93221189072172550     
   3.0059999999999998       0.93206829314473871     
   3.0149999999999992       0.93186516948985154     
   3.0239999999999996       0.93162777438789313     
   3.0329999999999995       0.93148800273656562     
   3.0419999999999998       0.93132909238710782     
   3.0509999999999993       0.93116700349320236     
   3.0599999999999996       0.93097559916254213     
   3.0689999999999995       0.93072272722144955     
   3.0779999999999994       0.93049859353762299     
   3.0869999999999997       0.93041073626526560     
   3.0959999999999996       0.93026913644067866     
   3.1050000000000000       0.93011785644192568     
   3.1139999999999994       0.92996662504300620     
   3.1229999999999998       0.92974185215827032     
   3.1319999999999997       0.92951428028085248     
   3.1410000000000000       0.92928929999212051     
   3.1499999999999995       0.92912875824097318     
   3.1589999999999998       0.92889615770556777     
   3.1679999999999997       0.92869442331458851     
   3.1770000000000000       0.92855265415900923     
   3.1859999999999995       0.92835774342953847     
   3.1949999999999998       0.92820438247550374     
   3.2039999999999993       0.92797254925794548     
   3.2129999999999996       0.92790316140578466     
   3.2219999999999995       0.92772918156486361     
   3.2309999999999999       0.92752072403539276     
   3.2399999999999993       0.92731335437467244     
   3.2489999999999997       0.92707197398878416     
   3.2579999999999996       0.92693408704833369     
   3.2669999999999999       0.92680411699021792     
   3.2759999999999994       0.92662181972412305     
   3.2849999999999997       0.92652483336548830     
   3.2939999999999996       0.92637556915812969     
   3.3029999999999995       0.92628390225764090     
   3.3119999999999994       0.92611188991319027     
   3.3209999999999997       0.92588143485537733     
   3.3299999999999992       0.92578760683041017     
   3.3389999999999995       0.92558745285924049     
   3.3479999999999994       0.92539861175236204     
   3.3569999999999998       0.92527340509585387     
   3.3659999999999992       0.92520567299665013     
   3.3749999999999996       0.92498475039098416     
   3.3839999999999995       0.92479647106927454     
   3.3929999999999998       0.92468915660043782     
   3.4019999999999992       0.92447011902358900     
   3.4109999999999996       0.92423075494513685     
   3.4199999999999995       0.92397608063262160     
   3.4289999999999994       0.92379540349286760     
   3.4379999999999993       0.92364245819304069     
   3.4469999999999996       0.92347617812467575     
   3.4559999999999991       0.92332301392924143     
   3.4649999999999994       0.92326764131532801     
   3.4739999999999998       0.92309364491390666     
   3.4829999999999997       0.92296038580548079     
   3.4920000000000000       0.92277367325592752     
   3.5009999999999994       0.92258789269410046     
   3.5099999999999998       0.92235708863636723     
   3.5189999999999997       0.92216120014075076     
   3.5280000000000000       0.92190968179274901     
   3.5369999999999995       0.92187008552045335     
   3.5459999999999998       0.92179740481577532     
   3.5549999999999993       0.92161838595134504     
   3.5639999999999996       0.92148567164365047     
   3.5729999999999995       0.92117956758355979     
   3.5819999999999999       0.92106030207237422     
   3.5909999999999993       0.92090626043181945     
   3.5999999999999996       0.92075395975094365     
   3.6089999999999995       0.92063917593903277     
   3.6179999999999999       0.92061742761402621     
   3.6269999999999993       0.92040914951569752     
   3.6359999999999997       0.92031869954700829     
   3.6449999999999996       0.92016129017808923     
   3.6539999999999995       0.91993193620066105     
   3.6629999999999994       0.91975202420014868     
   3.6719999999999997       0.91956504304569642     
   3.6809999999999992       0.91936459064279441     
   3.6899999999999995       0.91918997238546840     
   3.6989999999999994       0.91897270924153784     
   3.7079999999999997       0.91882525342554633     
   3.7169999999999992       0.91854556953265254     
   3.7259999999999995       0.91842340657802446     
   3.7349999999999994       0.91830186483601972     
   3.7439999999999998       0.91815845204409374     
   3.7529999999999992       0.91802414994669013     
   3.7619999999999996       0.91790730452100611     
   3.7709999999999995       0.91776473994436925     
   3.7799999999999994       0.91763143314745543     
   3.7889999999999993       0.91742907491222192     
   3.7979999999999996       0.91723195938405755     
   3.8069999999999991       0.91706701525785861     
   3.8159999999999994       0.91688013071274366     
   3.8249999999999993       0.91672060085880802     
   3.8339999999999996       0.91660093911178142     
   3.8430000000000000       0.91642414542009243     
   3.8519999999999994       0.91629478223895855     
   3.8609999999999998       0.91616860999045535     
   3.8699999999999997       0.91601704598493250     
   3.8790000000000000       0.91579609703574627     
   3.8879999999999995       0.91564908395763922     
   3.8969999999999998       0.91547094092117764     
   3.9059999999999993       0.91536054737640171     
   3.9149999999999996       0.91522020202052723     
   3.9239999999999995       0.91512919797282100     
   3.9329999999999998       0.91504401819468639     
   3.9419999999999993       0.91488034047555888     
   3.9509999999999996       0.91469887858194310     
   3.9599999999999995       0.91442102072755826     
   3.9689999999999999       0.91435151068463527     
   3.9779999999999993       0.91417879729953166     
   3.9869999999999997       0.91409869808043043     
   3.9959999999999996       0.91384938908743629     
   4.0049999999999999       0.91376393597318839     
   4.0139999999999993       0.91369944369940970     
   4.0229999999999997       0.91356595746112357     
   4.0319999999999991       0.91354691320286252     
   4.0409999999999995       0.91337068977768399     
   4.0499999999999989       0.91322441441643565     
   4.0589999999999993       0.91305552471263740     
   4.0679999999999996       0.91281504629994303     
   4.0770000000000000       0.91264569460536549     
   4.0859999999999994       0.91255532328500011     
   4.0949999999999998       0.91250964396508283     
   4.1039999999999992       0.91250285821990096     
   4.1129999999999995       0.91234450068239170     
   4.1219999999999990       0.91217809452123333     
   4.1309999999999993       0.91193306232289584     
   4.1399999999999988       0.91181243928651368     
   4.1489999999999991       0.91161701451777866     
   4.1579999999999995       0.91146958223423247     
   4.1669999999999998       0.91132832859171720     
   4.1759999999999993       0.91126840489279382     
   4.1849999999999996       0.91120938810543139     
   4.1939999999999991       0.91108174145006582     
   4.2029999999999994       0.91089732212427332     
   4.2119999999999989       0.91082290642220576     
   4.2209999999999992       0.91066808575184821     
   4.2299999999999995       0.91052946767676146     
   4.2389999999999999       0.91033661266098775     
   4.2479999999999993       0.91013278356824034     
   4.2569999999999997       0.90996284118785042     
   4.2660000000000000       0.90976443259994444     
   4.2749999999999995       0.90964310078601229     
   4.2839999999999998       0.90944354023261986     
   4.2929999999999993       0.90929843692662327     
   4.3019999999999996       0.90924451337560752     
   4.3109999999999991       0.90913211319517195     
   4.3199999999999994       0.90904311072595478     
   4.3289999999999997       0.90897279331364156     
   4.3380000000000001       0.90886479668563080     
   4.3469999999999995       0.90873094588360126     
   4.3559999999999999       0.90859276156257762     
   4.3649999999999993       0.90845258801441509     
   4.3739999999999997       0.90830426058721969     
   4.3829999999999991       0.90830421711780440     
   4.3919999999999995       0.90820146058346696     
   4.4009999999999989       0.90813079292431942     
   4.4099999999999993       0.90810081283530675     
   4.4189999999999996       0.90799688532281286     
   4.4279999999999999       0.90784873110463182     
   4.4369999999999994       0.90771786864807003     
   4.4459999999999997       0.90759560503134784     
   4.4549999999999992       0.90749827649937065     
   4.4639999999999995       0.90730843269703254     
   4.4729999999999990       0.90728689510151495     
   4.4819999999999993       0.90716186948447752     
   4.4909999999999988       0.90699696752438652     
   4.4999999999999991       0.90683987068921468     
   4.5089999999999995       0.90673243829475181     
   4.5179999999999998       0.90664454584610399     
   4.5269999999999992       0.90660754870917148     
   4.5359999999999996       0.90646448095350685     
   4.5449999999999990       0.90637764169000912     
   4.5539999999999994       0.90624693833071612     
   4.5629999999999988       0.90622756882113831     
   4.5719999999999992       0.90608419017111341     
   4.5809999999999995       0.90591756540084101     
   4.5899999999999999       0.90574708161845607     
   4.5989999999999993       0.90570293078163744     
   4.6079999999999997       0.90558599253066818     
   4.6170000000000000       0.90549953215902823     
   4.6259999999999994       0.90542401676829654     
   4.6349999999999998       0.90536011556188623     
   4.6439999999999992       0.90527857627984454     
   4.6529999999999996       0.90516079718242470     
   4.6619999999999990       0.90508753022422539     
   4.6709999999999994       0.90507877672990289     
   4.6799999999999997       0.90499150437803255     
   4.6890000000000001       0.90483169940939112     
   4.6979999999999995       0.90471074884827285     
   4.7069999999999999       0.90464811068521345     
   4.7159999999999993       0.90453697678135525     
   4.7249999999999996       0.90450660196245081     
   4.7339999999999991       0.90441799987550808     
   4.7429999999999994       0.90431153293202426     
   4.7519999999999989       0.90417837925920941     
   4.7609999999999992       0.90411212493589410     
   4.7699999999999996       0.90405273310189516     
   4.7789999999999999       0.90398777239194572     
   4.7879999999999994       0.90384963451863498     
   4.7969999999999997       0.90364599514270361     
   4.8059999999999992       0.90352904575246507     
   4.8149999999999995       0.90335985893348947     
   4.8239999999999990       0.90325811613717200     
   4.8329999999999993       0.90315352328878540     
   4.8419999999999987       0.90304093911194572     
   4.8509999999999991       0.90291026680522724     
   4.8599999999999994       0.90288568846648465     
   4.8689999999999998       0.90278807689041418     
   4.8779999999999992       0.90262767547299450     
   4.8869999999999996       0.90256177766788570     
   4.8959999999999990       0.90236105459239224     
   4.9049999999999994       0.90221535340298320     
   4.9139999999999988       0.90212013528991342     
   4.9229999999999992       0.90199365816045829     
   4.9319999999999995       0.90187754391599262     
   4.9409999999999998       0.90178798490533296     
   4.9499999999999993       0.90168683636778912     
   4.9589999999999996       0.90159234171650282     
   4.9679999999999991       0.90145692730306004     
   4.9769999999999994       0.90133912522803517     
   4.9859999999999989       0.90121899561143948     
   4.9949999999999992       0.90115209870169277     
   5.0039999999999996       0.90102778764518732     
   5.0129999999999990       0.90095059685473444     
   5.0219999999999994       0.90078088471558460     
   5.0309999999999997       0.90069530219995209     
   5.0400000000000000       0.90061158637828465     
   5.0489999999999995       0.90057861153999075     
   5.0579999999999998       0.90046940403644016     
   5.0669999999999993       0.90041523191089912     
   5.0759999999999996       0.90025448618069637     
   5.0849999999999991       0.90016714519491581     
   5.0939999999999994       0.90003418749154940     
   5.1029999999999989       0.89995476267624619     
   5.1119999999999992       0.89990370234815142     
   5.1209999999999996       0.89978606032035713     
   5.1299999999999999       0.89967204138864110     
   5.1389999999999993       0.89949566370128919     
   5.1479999999999997       0.89936545270947155     
   5.1569999999999991       0.89926915160779353     
   5.1659999999999995       0.89920377781528549     
   5.1749999999999989       0.89912947682815336     
   5.1839999999999993       0.89893292503059419     
   5.1929999999999987       0.89883659407753147     
   5.2019999999999991       0.89881308309120356     
   5.2109999999999994       0.89868885437074530     
   5.2199999999999998       0.89847905610809853     
   5.2289999999999992       0.89844864457768814     
   5.2379999999999995       0.89841476973684109     
   5.2469999999999990       0.89835680037255883     
   5.2559999999999993       0.89834411678803650     
   5.2649999999999988       0.89835359982896446     
   5.2739999999999991       0.89815654115582078     
   5.2829999999999995       0.89812977790141790     
   5.2919999999999998       0.89806704419409578     
   5.3009999999999993       0.89799414953065093     
   5.3099999999999996       0.89794734852874203     
   5.3189999999999991       0.89784900926961886     
   5.3279999999999994       0.89783778601396991     
   5.3369999999999989       0.89772640541677862     
   5.3459999999999992       0.89754712284316940     
   5.3549999999999986       0.89740072534701554     
   5.3639999999999990       0.89728799175382123     
   5.3729999999999993       0.89725189750801326     
   5.3819999999999997       0.89725916144609141     
   5.3910000000000000       0.89711562688507673     
   5.3999999999999995       0.89709666674283306     
   5.4089999999999998       0.89689653520534396     
   5.4179999999999993       0.89696643795405251     
   5.4269999999999996       0.89676206827512761     
   5.4359999999999991       0.89671756306656569     
   5.4449999999999994       0.89661551807890028     
   5.4539999999999988       0.89661055604428308     
   5.4629999999999992       0.89643808821736781     
   5.4719999999999995       0.89635690766404297     
   5.4809999999999999       0.89626184402831655     
   5.4899999999999993       0.89615979852464589     
   5.4989999999999997       0.89604560547316725     
   5.5079999999999991       0.89601842717124858     
   5.5169999999999995       0.89589795333460787     
   5.5259999999999989       0.89585929956126453     
   5.5349999999999993       0.89578505793667462     
   5.5439999999999987       0.89569214053117907     
   5.5529999999999990       0.89560903462875685     
   5.5619999999999994       0.89554056648329095     
   5.5709999999999997       0.89552943800657525     
   5.5799999999999992       0.89546207942371325     
   5.5889999999999995       0.89539710555404584     
   5.5979999999999990       0.89529859233248665     
   5.6069999999999993       0.89523209311447371     
   5.6159999999999988       0.89516072700065052     
   5.6249999999999991       0.89511469188055415     
   5.6339999999999995       0.89499471778842776     
   5.6429999999999998       0.89493265126134647     
   5.6519999999999992       0.89483075934803946     
   5.6609999999999996       0.89472733137073779     
   5.6699999999999990       0.89462147801381287     
   5.6789999999999994       0.89452750633003930     
   5.6879999999999988       0.89441596302168547     
   5.6969999999999992       0.89439815327942929     
   5.7059999999999986       0.89424969766976081     
   5.7149999999999990       0.89409759975339653     
   5.7239999999999993       0.89400012371008086     
   5.7329999999999997       0.89382527360892816     
   5.7419999999999991       0.89382697814742929     
   5.7509999999999994       0.89376486552486933     
   5.7599999999999998       0.89359673980740262     
   5.7689999999999992       0.89356143927614251     
   5.7779999999999996       0.89352283969616508     
   5.7869999999999990       0.89345505584839957     
   5.7959999999999994       0.89340190853042045     
   5.8049999999999988       0.89328403870937001     
   5.8139999999999992       0.89323033374796101     
   5.8229999999999995       0.89306143357587464     
   5.8319999999999999       0.89295910431568259     
   5.8410000000000002       0.89288827165316065     
   5.8499999999999988       0.89280226173908195     
   5.8589999999999991       0.89272558435356064     
   5.8679999999999994       0.89267702645107894     
   5.8769999999999998       0.89267981150480935     
   5.8859999999999992       0.89256338439274296     
   5.8949999999999987       0.89255756319416835     
   5.9039999999999990       0.89251060505310198     
   5.9129999999999994       0.89240189566346240     
   5.9219999999999988       0.89234710988949117     
   5.9309999999999992       0.89228803656189370     
   5.9399999999999995       0.89232037885618154     
   5.9489999999999998       0.89215324395084938     
   5.9579999999999984       0.89203898236117607     
   5.9669999999999987       0.89197597104778581     
   5.9759999999999991       0.89186920311804574     
   5.9849999999999994       0.89179540193999451     
   5.9939999999999989       0.89174251207399025     
   6.0029999999999992       0.89174032156060967     
   6.0119999999999996       0.89167720191266453     
   6.0209999999999999       0.89160786761107080     
   6.0299999999999985       0.89159262443651111     
   6.0389999999999988       0.89152711260823458     
   6.0479999999999992       0.89145371718355437     
   6.0569999999999995       0.89144067218507184     
   6.0659999999999989       0.89131644831009327     
   6.0749999999999993       0.89123273569334194     
   6.0839999999999996       0.89115949763080493     
   6.0930000000000000       0.89110303680701142     
   6.1019999999999985       0.89104366427882342     
   6.1109999999999989       0.89095037095048102     
   6.1199999999999992       0.89084633445079653     
   6.1289999999999996       0.89082172113715019     
   6.1379999999999990       0.89079759301735506     
   6.1469999999999985       0.89063637760072778     
   6.1559999999999988       0.89064397833928310     
   6.1649999999999991       0.89051025399799077     
   6.1739999999999995       0.89037439675747232     
   6.1829999999999989       0.89028442697475652     
   6.1919999999999993       0.89025744459247236     
   6.2009999999999996       0.89014664286683187     
   6.2100000000000000       0.89004354627626159     
   6.2189999999999985       0.88985694389197056     
   6.2279999999999989       0.88983405439524976     
   6.2369999999999992       0.88980499677504499     
   6.2459999999999996       0.88975697986678481     
   6.2549999999999990       0.88967940762503783     
   6.2639999999999993       0.88966454100783121     
   6.2729999999999997       0.88958311815427282     
   6.2820000000000000       0.88958600594271342     
   6.2909999999999986       0.88951081205038696     
   6.2999999999999989       0.88942698374861207     
   6.3089999999999993       0.88930686665942082     
   6.3179999999999996       0.88919958154570011     
   6.3269999999999991       0.88917103934422526     
   6.3359999999999994       0.88914245953166704     
   6.3449999999999998       0.88902513149743823     
   6.3540000000000001       0.88899573782782204     
   6.3629999999999987       0.88894318587774435     
   6.3719999999999990       0.88896382849697553     
   6.3809999999999993       0.88890895605368792     
   6.3899999999999997       0.88891694926029996     
   6.3989999999999982       0.88883661104014222     
   6.4079999999999986       0.88880924276315376     
   6.4169999999999989       0.88870072287480650     
   6.4259999999999993       0.88867673759973353     
   6.4349999999999987       0.88856163903546093     
   6.4439999999999991       0.88854691383177231     
   6.4529999999999994       0.88860151127389508     
   6.4619999999999997       0.88853409246013948     
   6.4709999999999983       0.88854107484765699     
   6.4799999999999986       0.88845663584376056     
   6.4889999999999990       0.88838872614970243     
   6.4979999999999993       0.88841642512362506     
   6.5069999999999988       0.88838116567898084     
   6.5159999999999991       0.88833136202529150     
   6.5249999999999995       0.88821516114463817     
   6.5339999999999998       0.88809189924323528     
   6.5430000000000001       0.88802445217688586     
   6.5519999999999987       0.88803614224179150     
   6.5609999999999991       0.88793711796495478     
   6.5699999999999994       0.88794487634085739     
   6.5789999999999997       0.88795715173232215     
   6.5879999999999992       0.88785428012296419     
   6.5969999999999995       0.88771265850844250     
   6.6059999999999990       0.88763290164385578     
   6.6149999999999993       0.88757431792710118     
   6.6239999999999988       0.88752480466047068     
   6.6329999999999991       0.88752270659324239     
   6.6419999999999995       0.88751848024819557     
   6.6509999999999998       0.88752639688760970     
   6.6599999999999984       0.88745036302759872     
   6.6689999999999987       0.88735707144247267     
   6.6779999999999990       0.88730351582103795     
   6.6869999999999994       0.88721314272134910     
   6.6959999999999988       0.88711125876886399     
   6.7049999999999992       0.88705688747532618     
   6.7139999999999995       0.88694277190035176     
   6.7229999999999999       0.88681647413512055     
   6.7319999999999984       0.88677791721579124     
   6.7409999999999988       0.88669777165736663     
   6.7499999999999991       0.88664410778699387     
   6.7589999999999995       0.88657793038613786     
   6.7679999999999989       0.88649945571815081     
   6.7769999999999992       0.88640968328615943     
   6.7859999999999996       0.88634710069146772     
   6.7949999999999999       0.88629871587909326     
   6.8039999999999985       0.88636314970533692     
   6.8129999999999988       0.88631648598279988     
   6.8219999999999992       0.88623883298964390     
   6.8309999999999995       0.88615991250167769     
   6.8399999999999990       0.88610256613576166     
   6.8489999999999984       0.88604450583839933     
   6.8579999999999988       0.88601766684167083     
   6.8669999999999991       0.88593876157499285     
   6.8759999999999986       0.88595607611400884     
   6.8849999999999989       0.88592563235243482     
   6.8939999999999992       0.88595720012918899     
   6.9029999999999996       0.88591261387075571     
   6.9119999999999981       0.88586786881921875     
   6.9209999999999985       0.88585626601804324     
   6.9299999999999988       0.88577620439514504     
   6.9389999999999992       0.88565350211733640     
   6.9479999999999995       0.88565873393974359     
   6.9569999999999990       0.88559647777855166     
   6.9659999999999993       0.88556404695543900     
   6.9749999999999996       0.88554722743700442     
   6.9840000000000000       0.88545058282884914     
   6.9929999999999986       0.88538211728890603     
   7.0019999999999989       0.88536004013969938     
   7.0109999999999992       0.88528821969977545     
   7.0199999999999996       0.88519660581806747     
   7.0289999999999990       0.88508693706906894     
   7.0379999999999994       0.88500327598687323     
   7.0469999999999997       0.88488485028900887     
   7.0560000000000000       0.88486687204306946     
   7.0649999999999986       0.88477669867483932     
   7.0739999999999990       0.88466456104705427     
   7.0829999999999993       0.88462291017400363     
   7.0919999999999996       0.88467744934959336     
   7.1009999999999982       0.88469589800931880     
   7.1099999999999985       0.88467546431429689     
   7.1189999999999989       0.88461803027095920     
   7.1279999999999992       0.88457625040267629     
   7.1369999999999987       0.88449603224597373     
   7.1459999999999990       0.88449597662289359     
   7.1549999999999994       0.88441890563869152     
   7.1639999999999997       0.88439522739519705     
   7.1729999999999983       0.88425239278503909     
   7.1819999999999986       0.88418056653440746     
   7.1909999999999989       0.88410215187216346     
   7.1999999999999993       0.88392055039760120     
   7.2089999999999987       0.88393307534779419     
   7.2179999999999991       0.88386528120522145     
   7.2269999999999994       0.88382897070390209     
   7.2359999999999998       0.88369974274301677     
   7.2449999999999983       0.88366955683380188     
   7.2539999999999987       0.88363162096190828     
   7.2629999999999990       0.88356142670551996     
   7.2719999999999994       0.88353381253595076     
   7.2809999999999988       0.88349468051052282     
   7.2899999999999991       0.88350633847524374     
   7.2989999999999995       0.88345543825694373     
   7.3079999999999989       0.88336783165797172     
   7.3169999999999993       0.88331771227866862     
   7.3259999999999987       0.88329266922065564     
   7.3349999999999991       0.88326551846219004     
   7.3439999999999994       0.88330437041780352     
   7.3529999999999998       0.88319398672208804     
   7.3619999999999983       0.88307512376984598     
   7.3709999999999987       0.88300321282449479     
   7.3799999999999990       0.88292872662104271     
   7.3889999999999993       0.88288048509125439     
   7.3979999999999988       0.88282845599016713     
   7.4069999999999991       0.88279092636506007     
   7.4159999999999995       0.88282230625239777     
   7.4249999999999998       0.88280328060018476     
   7.4339999999999984       0.88275588672712324     
   7.4429999999999987       0.88268571603461699     
   7.4519999999999991       0.88264648019408010     
   7.4609999999999994       0.88257150235853332     
   7.4699999999999989       0.88249011756878171     
   7.4789999999999992       0.88243239681102337     
   7.4879999999999995       0.88237544985366190     
   7.4969999999999999       0.88231788655211474     
   7.5059999999999985       0.88223828267687132     
   7.5149999999999988       0.88218789766011907     
   7.5239999999999991       0.88220990148167999     
   7.5329999999999995       0.88217655242454840     
   7.5419999999999989       0.88215601524385856     
   7.5509999999999984       0.88218946034342804     
   7.5599999999999987       0.88213105759158794     
   7.5689999999999991       0.88208646998496987     
   7.5779999999999985       0.88203090380525884     
   7.5869999999999989       0.88200414004339978     
   7.5959999999999992       0.88199499752276478     
   7.6049999999999995       0.88200353801011011     
   7.6139999999999981       0.88193346841894238     
   7.6229999999999984       0.88189950388098348     
   7.6319999999999988       0.88182880714170242     
   7.6409999999999991       0.88185232970496907     
   7.6499999999999986       0.88192194215986142     
   7.6589999999999989       0.88192937496622470     
   7.6679999999999993       0.88195188689301174     
   7.6769999999999996       0.88186922175253535     
   7.6859999999999999       0.88181116447957153     
   7.6949999999999985       0.88181517146448263     
   7.7039999999999988       0.88181158738627563     
   7.7129999999999992       0.88172777906328303     
   7.7219999999999995       0.88168958181338186     
   7.7309999999999990       0.88160913297852439     
   7.7399999999999993       0.88155602810909750     
   7.7489999999999997       0.88161595559561468     
   7.7580000000000000       0.88151178536948138     
   7.7669999999999986       0.88153158333772086     
   7.7759999999999989       0.88157696091814142     
   7.7849999999999993       0.88149922307400264     
   7.7939999999999996       0.88151646026948693     
   7.8029999999999982       0.88149899741056548     
   7.8119999999999985       0.88155097800237459     
   7.8209999999999988       0.88149238178733758     
   7.8299999999999992       0.88137364085104308     
   7.8389999999999986       0.88136964809271490     
   7.8479999999999990       0.88129702890189454     
   7.8569999999999993       0.88131148940584136     
   7.8659999999999997       0.88128042480608582     
   7.8749999999999982       0.88118702463306331     
   7.8839999999999986       0.88115478172486650     
   7.8929999999999989       0.88106327853905331     
   7.9019999999999992       0.88094923557529459     
   7.9109999999999987       0.88091599262961318     
   7.9199999999999990       0.88097780906723233     
   7.9289999999999994       0.88088299199884712     
   7.9379999999999997       0.88080677035580046     
   7.9469999999999983       0.88079887593814088     
   7.9559999999999986       0.88078877625948149     
   7.9649999999999990       0.88074698639030446     
   7.9739999999999993       0.88076336343572725     
   7.9829999999999988       0.88074074987926343     
   7.9919999999999991       0.88068348220665682     
   8.0009999999999994       0.88062151714547676     
   8.0099999999999998       0.88056065577586484     
   8.0189999999999984       0.88051644438588406     
   8.0279999999999987       0.88049748839060504     
   8.0369999999999990       0.88046025868196320     
   8.0459999999999994       0.88041221319791330     
   8.0549999999999979       0.88039235751969314     
   8.0639999999999983       0.88032240549450691     
   8.0729999999999986       0.88026316528856818     
   8.0819999999999990       0.88018274166441701     
   8.0909999999999993       0.88023313816416537     
   8.0999999999999979       0.88018011335446644     
   8.1089999999999982       0.88013627948793549     
   8.1179999999999986       0.88011382439595531     
   8.1269999999999989       0.88004136630846297     
   8.1359999999999992       0.87998559051660519     
   8.1449999999999996       0.87993667051050251     
   8.1539999999999999       0.87991734083984652     
   8.1630000000000003       0.87989360709365316     
   8.1719999999999988       0.87985843023352794     
   8.1809999999999992       0.87982924053202205     
   8.1899999999999995       0.87980477364279408     
   8.1989999999999998       0.87981742061242274     
   8.2079999999999984       0.87974267917117321     
   8.2169999999999987       0.87980546589723596     
   8.2259999999999991       0.87977038234513039     
   8.2349999999999994       0.87974714284622224     
   8.2439999999999980       0.87976907947650251     
   8.2529999999999983       0.87970055792644997     
   8.2619999999999987       0.87967253568904558     
   8.2709999999999990       0.87965371706127404     
   8.2799999999999976       0.87960582430826273     
   8.2889999999999979       0.87959811909143137     
   8.2979999999999983       0.87958494443728774     
   8.3069999999999986       0.87950533386309837     
   8.3159999999999989       0.87947130816298524     
   8.3249999999999993       0.87933613316804116     
   8.3339999999999996       0.87930835419492193     
   8.3430000000000000       0.87926339528191966     
   8.3519999999999985       0.87926470727259221     
   8.3609999999999989       0.87924020886883336     
   8.3699999999999992       0.87915330854234375     
   8.3789999999999996       0.87910990110236908     
   8.3879999999999981       0.87905647516627827     
   8.3969999999999985       0.87904379793114784     
   8.4059999999999988       0.87905289344814697     
   8.4149999999999991       0.87899104379166670     
   8.4239999999999977       0.87892370947827914     
   8.4329999999999981       0.87889634091060453     
   8.4419999999999984       0.87881917899048345     
   8.4509999999999987       0.87872939125846550     
   8.4599999999999991       0.87875231478349447     
   8.4689999999999994       0.87875720818186931     
   8.4779999999999998       0.87872151399699505     
   8.4869999999999983       0.87877270502987936     
   8.4959999999999987       0.87873198060501623     
   8.5049999999999990       0.87873030736011792     
   8.5139999999999993       0.87862077562443230     
   8.5229999999999997       0.87856611647702465     
   8.5320000000000000       0.87847923093425384     
   8.5409999999999986       0.87842264220573130     
   8.5499999999999989       0.87842709201453073     
   8.5589999999999993       0.87839035744228966     
   8.5679999999999996       0.87838771042227015     
   8.5769999999999982       0.87844142948503545     
   8.5859999999999985       0.87837916848565545     
   8.5949999999999989       0.87830437882766887     
   8.6039999999999992       0.87831943999074324     
   8.6129999999999978       0.87826544186852007     
   8.6219999999999981       0.87821428179787853     
   8.6309999999999985       0.87821377476022533     
   8.6399999999999988       0.87817362846863178     
   8.6489999999999991       0.87813329192912259     
   8.6579999999999995       0.87816462596636924     
   8.6669999999999998       0.87811122866259261     
   8.6760000000000002       0.87800020978714055     
   8.6849999999999987       0.87793588437233916     
   8.6939999999999991       0.87790774459648713     
   8.7029999999999994       0.87779483718909068     
   8.7119999999999997       0.87773646567787489     
   8.7209999999999983       0.87774067253057653     
   8.7299999999999986       0.87764980049968033     
   8.7389999999999990       0.87765981013092409     
   8.7479999999999993       0.87765568869119670     
   8.7569999999999979       0.87765852578844383     
   8.7659999999999982       0.87767098749260763     
   8.7749999999999986       0.87767704120945489     
   8.7839999999999989       0.87765946659937122     
   8.7929999999999975       0.87767064183018662     
   8.8019999999999978       0.87768613677197704     
   8.8109999999999982       0.87760374981737987     
   8.8199999999999985       0.87758121405024392     
   8.8289999999999988       0.87756793354702134     
   8.8379999999999992       0.87754574852119860     
   8.8469999999999995       0.87754068255018114     
   8.8559999999999999       0.87751578737048808     
   8.8650000000000002       0.87744872132847163     
   8.8739999999999988       0.87737978110025383     
   8.8829999999999991       0.87739683736632945     
   8.8919999999999995       0.87734787557868910     
   8.9009999999999998       0.87731595411812813     
   8.9099999999999984       0.87728394773546747     
   8.9189999999999987       0.87720775251262806     
   8.9279999999999990       0.87724067785246496     
   8.9369999999999994       0.87725611643881418     
   8.9459999999999980       0.87723447699905233     
   8.9549999999999983       0.87719358997458152     
   8.9639999999999986       0.87721124736233180     
   8.9729999999999990       0.87718516284345494     
   8.9819999999999975       0.87712847983058329     
   8.9909999999999979       0.87711058605512349     
   8.9999999999999982       0.87708546216048999     
   9.0089999999999986       0.87703913299398917     
   9.0179999999999989       0.87707781017024022     
   9.0269999999999992       0.87702956170652502     
   9.0359999999999996       0.87696221943333874     
   9.0449999999999999       0.87691917051865620     
   9.0539999999999985       0.87686414867515627     
   9.0629999999999988       0.87686429786873321     
   9.0719999999999992       0.87678431824068248     
   9.0809999999999995       0.87671903114493910     
   9.0899999999999981       0.87669166497568762     
   9.0989999999999984       0.87657492975416784     
   9.1079999999999988       0.87653410286511046     
   9.1169999999999991       0.87653260221520579     
   9.1259999999999977       0.87650427104782302     
   9.1349999999999980       0.87644369101116681     
   9.1439999999999984       0.87641323595372855     
   9.1529999999999987       0.87638123971241289     
   9.1619999999999990       0.87636399096187922     
   9.1709999999999994       0.87632347668520960     
   9.1799999999999997       0.87626636488429654     
   9.1889999999999983       0.87623979115568074     
   9.1979999999999986       0.87616823157943813     
   9.2069999999999990       0.87617587091328986     
   9.2159999999999993       0.87616872657444578     
   9.2249999999999996       0.87617267453774728     
   9.2340000000000000       0.87617620142899688     
   9.2429999999999986       0.87612708533486328     
   9.2519999999999989       0.87615524354898955     
   9.2609999999999992       0.87608943706122522     
   9.2699999999999996       0.87609167394754550     
   9.2789999999999981       0.87607678944608269     
   9.2879999999999985       0.87605325738707107     
   9.2969999999999988       0.87604449743280599     
   9.3059999999999992       0.87601191429027025     
   9.3149999999999977       0.87596469501026442     
   9.3239999999999981       0.87592853255180703     
   9.3329999999999984       0.87593276258685526     
   9.3419999999999987       0.87597021992476765     
   9.3509999999999991       0.87592532441332005     
   9.3599999999999994       0.87589984154831257     
   9.3689999999999998       0.87584076028762958     
   9.3780000000000001       0.87580957329133780     
   9.3869999999999987       0.87582785271829744     
   9.3959999999999990       0.87584468314434272     
   9.4049999999999994       0.87580160325618450     
   9.4139999999999997       0.87584424878984923     
   9.4229999999999983       0.87581727407565380     
   9.4319999999999986       0.87577698493793632     
   9.4409999999999989       0.87568844855198114     
   9.4499999999999993       0.87568743807227911     
   9.4589999999999979       0.87565709484558252     
   9.4679999999999982       0.87567589820517711     
   9.4769999999999985       0.87568263085787257     
   9.4859999999999989       0.87560435179306983     
   9.4949999999999974       0.87559628275022627     
   9.5039999999999978       0.87564038278103451     
   9.5129999999999981       0.87563483708664447     
   9.5219999999999985       0.87565173785905648     
   9.5309999999999988       0.87568433123745670     
   9.5399999999999991       0.87564949372599499     
   9.5489999999999995       0.87564748574015305     
   9.5579999999999998       0.87561486560423307     
   9.5669999999999984       0.87557168868085433     
   9.5759999999999987       0.87550907546628676     
   9.5849999999999991       0.87545887795109845     
   9.5939999999999994       0.87542240081662459     
   9.6029999999999998       0.87535550345885349     
   9.6119999999999983       0.87540195456376457     
   9.6209999999999987       0.87536187122596909     
   9.6299999999999990       0.87539738403796785     
   9.6389999999999993       0.87534833504252529     
   9.6479999999999979       0.87534274941157453     
   9.6569999999999983       0.87529693812407672     
   9.6659999999999986       0.87528936917342692     
   9.6749999999999989       0.87518165868108189     
   9.6839999999999975       0.87516907855439641     
   9.6929999999999978       0.87514093348249822     
   9.7019999999999982       0.87515928752287397     
   9.7109999999999985       0.87514736967352746     
   9.7199999999999989       0.87505975447853523     
   9.7289999999999992       0.87502866907213250     
   9.7379999999999995       0.87506857153915785     
   9.7469999999999999       0.87495923835998479     
   9.7559999999999985       0.87483628829718041     
   9.7649999999999988       0.87484836364093099     
   9.7739999999999991       0.87481405664120759     
   9.7829999999999995       0.87477811386420912     
   9.7919999999999980       0.87467055916318692     
   9.8009999999999984       0.87456272996142326     
   9.8099999999999987       0.87448763367231619     
   9.8189999999999991       0.87441080693533335     
   9.8279999999999976       0.87437900883789954     
   9.8369999999999980       0.87444033813086386     
   9.8459999999999983       0.87446413152637692     
   9.8549999999999986       0.87441703619522526     
   9.8639999999999990       0.87440883140666226     
   9.8729999999999993       0.87445654975206000     
   9.8819999999999997       0.87446557733161956     
   9.8909999999999982       0.87440569759765707     
   9.8999999999999986       0.87437517328822800     
   9.9089999999999989       0.87434900687144979     
   9.9179999999999993       0.87433643643687553     
   9.9269999999999996       0.87419755824457224     
   9.9359999999999982       0.87414020761140421     
   9.9449999999999985       0.87420945687443419     
   9.9539999999999988       0.87420739853647889     
   9.9629999999999992       0.87414980758079586     
   9.9719999999999978       0.87414857472766994     
   9.9809999999999981       0.87407635798278738     
   9.9899999999999984       0.87409041131000087     
   9.9989999999999988       0.87404273791180676     
   10.007999999999999       0.87402886029447580     
   10.016999999999998       0.87397005436078967     
   10.025999999999998       0.87392788108123010     
   10.034999999999998       0.87386690796572164     
   10.043999999999999       0.87387637638570703     
   10.052999999999999       0.87388433992219694     
   10.061999999999999       0.87382823694882850     
   10.071000000000000       0.87372358783643611     
   10.080000000000000       0.87369007280976441     
   10.088999999999999       0.87366398375249921     
   10.097999999999999       0.87364681589471771     
   10.106999999999999       0.87358723871516342     
   10.116000000000000       0.87356827229669054     
   10.124999999999998       0.87353196503084907     
   10.133999999999999       0.87356925645042793     
   10.142999999999999       0.87355864682241391     
   10.151999999999999       0.87354823519218261     
   10.160999999999998       0.87359433169075196     
   10.169999999999998       0.87362436702509039     
   10.178999999999998       0.87368148302099669     
   10.187999999999999       0.87365457017782067     
   10.196999999999997       0.87364649979589815     
   10.205999999999998       0.87368019566370969     
   10.214999999999998       0.87365580773532492     
   10.223999999999998       0.87367912684889637     
   10.232999999999999       0.87365157956230322     
   10.241999999999999       0.87362407304430856     
   10.250999999999999       0.87367635850625280     
   10.260000000000000       0.87364569202805620     
   10.268999999999998       0.87365555945583706     
   10.277999999999999       0.87373430821894982     
   10.286999999999999       0.87372621688721663     
   10.295999999999999       0.87378054950914830     
   10.304999999999998       0.87379328803140266     
   10.313999999999998       0.87379491408645427     
   10.322999999999999       0.87378184151889782     
   10.331999999999999       0.87383014890255906     
   10.340999999999998       0.87377372590181623     
   10.349999999999998       0.87378516574302489     
   10.358999999999998       0.87368920867238153     
   10.367999999999999       0.87366727381399145     
   10.376999999999999       0.87358926487446975     
   10.385999999999997       0.87360097169744966     
   10.394999999999998       0.87360502097223103     
   10.403999999999998       0.87360282520041399     
   10.412999999999998       0.87357931828651947     
   10.421999999999999       0.87361445461730802     
   10.430999999999999       0.87359136084446332     
   10.440000000000000       0.87364896642267309     
   10.449000000000000       0.87369307023134457     
   10.457999999999998       0.87365082609308065     
   10.466999999999999       0.87361108160107448     
   10.475999999999999       0.87357500503158048     
   10.484999999999999       0.87363021685530551     
   10.493999999999998       0.87362899330125143     
   10.502999999999998       0.87370527279163468     
   10.511999999999999       0.87365211710473123     
   10.520999999999999       0.87369546369323692     
   10.529999999999998       0.87362218997692509     
   10.538999999999998       0.87362379861696138     
   10.547999999999998       0.87361249896930682     
   10.556999999999999       0.87363328787042227     
   10.565999999999999       0.87356757013667918     
   10.574999999999999       0.87357345220618721     
   10.584000000000000       0.87346901280017841     
   10.593000000000000       0.87347947365414769     
   10.601999999999999       0.87344297201109622     
   10.610999999999999       0.87347577571171564     
   10.619999999999999       0.87346890649160958     
   10.629000000000000       0.87348223579624285     
   10.637999999999998       0.87348092085536755     
   10.646999999999998       0.87352292596951342     
   10.655999999999999       0.87354674799909093     
   10.664999999999999       0.87348170282633542     
   10.673999999999998       0.87346914870878978     
   10.682999999999998       0.87347544944907018     
   10.691999999999998       0.87350356268812024     
   10.700999999999999       0.87347160029705884     
   10.709999999999997       0.87347699393228873     
   10.718999999999998       0.87347862489531636     
   10.727999999999998       0.87346276228977726     
   10.736999999999998       0.87343354588185140     
   10.745999999999999       0.87340508409884132     
   10.754999999999999       0.87340616644082003     
   10.763999999999999       0.87341523671804355     
   10.773000000000000       0.87346415887693785     
   10.782000000000000       0.87342663037479029     
   10.790999999999999       0.87338429079240487     
   10.799999999999999       0.87332730832240157     
   10.808999999999999       0.87331380618075127     
   10.818000000000000       0.87326034186374057     
   10.826999999999998       0.87321061017058454     
   10.835999999999999       0.87324876943800378     
   10.844999999999999       0.87323616407839111     
   10.853999999999999       0.87324696636995724     
   10.862999999999998       0.87323435756301437     
   10.871999999999998       0.87322591653996262     
   10.880999999999998       0.87322769353781948     
   10.889999999999999       0.87331070594634352     
   10.898999999999997       0.87327462016879032     
   10.907999999999998       0.87319826281887092     
   10.916999999999998       0.87313774880471096     
   10.925999999999998       0.87314942719051336     
   10.934999999999999       0.87314842470511944     
   10.943999999999999       0.87313041357266552     
   10.952999999999999       0.87311826991389097     
   10.962000000000000       0.87305823785813519     
   10.970999999999998       0.87295179838448889     
   10.979999999999999       0.87294314753863578     
   10.988999999999999       0.87302579382096157     
   10.997999999999999       0.87299141552155668     
   11.006999999999998       0.87299879166366046     
   11.015999999999998       0.87294370847795322     
   11.024999999999999       0.87290653771199800     
   11.033999999999999       0.87301427272377219     
   11.042999999999997       0.87293484173885971     
   11.051999999999998       0.87293727843235935     
   11.060999999999998       0.87288901212600545     
   11.069999999999999       0.87284322965134853     
   11.078999999999999       0.87283055964949385     
   11.087999999999997       0.87284846664831062     
   11.096999999999998       0.87287316341787735     
   11.105999999999998       0.87282961450927110     
   11.114999999999998       0.87281059802915750     
   11.123999999999999       0.87283177030761494     
   11.132999999999999       0.87287271106192343     
   11.141999999999999       0.87290209434126187     
   11.151000000000000       0.87283259193702656     
   11.159999999999998       0.87277389284790374     
   11.168999999999999       0.87273955822890026     
   11.177999999999999       0.87268860372367252     
   11.186999999999999       0.87270004128014589     
   11.195999999999998       0.87269379320697116     
   11.204999999999998       0.87268756463615105     
   11.213999999999999       0.87259105983579188     
   11.222999999999999       0.87254630064190786     
   11.231999999999998       0.87259628370649822     
   11.240999999999998       0.87246577552144444     
   11.249999999999998       0.87246034119099602     
   11.258999999999999       0.87244159787386266     
   11.267999999999999       0.87238131329815038     
   11.276999999999999       0.87235352001192112     
   11.286000000000000       0.87237454567931816     
   11.295000000000000       0.87231109607532231     
   11.303999999999998       0.87226841319378434     
   11.312999999999999       0.87235156133373204     
   11.321999999999999       0.87235203908777514     
   11.331000000000000       0.87233542582342982     
   11.339999999999998       0.87225022416381759     
   11.348999999999998       0.87228756883158298     
   11.357999999999999       0.87228215793614650     
   11.366999999999999       0.87230062446574008     
   11.375999999999998       0.87227474810712791     
   11.384999999999998       0.87220644512809453     
   11.393999999999998       0.87219684335357595     
   11.402999999999999       0.87218044354532498     
   11.411999999999997       0.87215314305000957     
   11.420999999999998       0.87216577501349279     
   11.429999999999998       0.87215473466217008     
   11.438999999999998       0.87219401271957520     
   11.447999999999999       0.87213843557423931     
   11.456999999999999       0.87210469883173058     
   11.465999999999999       0.87203677361372300     
   11.475000000000000       0.87208912281315754     
   11.483999999999998       0.87213288504092890     
   11.492999999999999       0.87207489098372093     
   11.501999999999999       0.87211139553734174     
   11.510999999999999       0.87212536195268109     
   11.520000000000000       0.87209884179273034     
   11.528999999999998       0.87214544878100420     
   11.537999999999998       0.87217500619812416     
   11.546999999999999       0.87218133585559421     
   11.555999999999999       0.87211946722761535     
   11.564999999999998       0.87213229403413950     
   11.573999999999998       0.87213067090074070     
   11.582999999999998       0.87215118108219192     
   11.591999999999999       0.87212985310636504     
   11.600999999999997       0.87207491872989662     
   11.609999999999998       0.87210605978095812     
   11.618999999999998       0.87213232056514278     
   11.627999999999998       0.87210434305424134     
   11.636999999999999       0.87208581796865869     
   11.645999999999999       0.87213000859579259     
   11.654999999999999       0.87214088396950862     
   11.664000000000000       0.87210293508065229     
   11.673000000000000       0.87210617191803252     
   11.682000000000000       0.87209583410968439     
   11.690999999999997       0.87205210140339873     
   11.699999999999998       0.87202596579386660     
   11.708999999999998       0.87204126754846689     
   11.717999999999998       0.87202280753457340     
   11.726999999999999       0.87195898886266110     
   11.735999999999999       0.87199873269617567     
   11.744999999999999       0.87197621683027915     
   11.754000000000000       0.87201625187489118     
   11.762999999999998       0.87200948990344163     
   11.771999999999998       0.87195648036668538     
   11.780999999999999       0.87198155356216522     
   11.789999999999997       0.87203281885540340     
   11.798999999999998       0.87198920335368280     
   11.807999999999998       0.87193425780768008     
   11.816999999999998       0.87193171242746215     
   11.825999999999999       0.87185423232269199     
   11.834999999999997       0.87183745239602672     
   11.843999999999998       0.87176351798328799     
   11.852999999999998       0.87174263496098969     
   11.861999999999998       0.87168216295611711     
   11.870999999999999       0.87168433832458136     
   11.879999999999999       0.87171793279257803     
   11.888999999999999       0.87169525534121750     
   11.898000000000000       0.87170945809759137     
   11.907000000000000       0.87172078106302653     
   11.915999999999997       0.87169664968168470     
   11.924999999999997       0.87168208495736055     
   11.933999999999997       0.87174923367491286     
   11.942999999999998       0.87173253560239339     
   11.951999999999998       0.87171881717452271     
   11.960999999999999       0.87178256425265899     
   11.969999999999999       0.87182218244269116     
   11.978999999999999       0.87181713984433240     
   11.987999999999998       0.87182565752592822     
   11.996999999999998       0.87179447953708877     
   12.005999999999998       0.87186310534991085     
   12.014999999999999       0.87185177455394058     
   12.023999999999999       0.87176434865125541     
   12.032999999999999       0.87175968360066491     
   12.042000000000000       0.87175396953646123     
   12.051000000000000       0.87174761956765978     
   12.059999999999997       0.87176128650696405     
   12.068999999999997       0.87175858998740585     
   12.077999999999998       0.87176169281310611     
   12.086999999999998       0.87179651115543388     
   12.095999999999998       0.87175909650001981     
   12.104999999999999       0.87172818469768132     
   12.113999999999999       0.87170104366984691     
   12.122999999999999       0.87177577945442286     
   12.131999999999998       0.87179862713846856     
   12.140999999999998       0.87178089974961914     
   12.149999999999999       0.87183011705224711     
   12.158999999999999       0.87178136904981451     
   12.167999999999999       0.87173241244748567     
   12.177000000000000       0.87168054500450520     
   12.186000000000000       0.87166108054466640     
   12.195000000000000       0.87163537704597971     
   12.203999999999997       0.87161000454228410     
   12.212999999999997       0.87168227427530143     
   12.221999999999998       0.87160457633740884     
   12.230999999999998       0.87163013123194655     
   12.239999999999998       0.87162284348102226     
   12.248999999999999       0.87166715511048665     
   12.257999999999999       0.87165473475002508     
   12.266999999999999       0.87166056399401948     
   12.275999999999998       0.87161765134875491     
   12.284999999999997       0.87162551645706332     
   12.293999999999997       0.87156915974361981     
   12.302999999999997       0.87158043940641006     
   12.311999999999998       0.87159432268237580     
   12.320999999999998       0.87158412641306127     
   12.329999999999998       0.87157139909809489     
   12.338999999999999       0.87157189733311768     
   12.347999999999999       0.87156993203892230     
   12.356999999999998       0.87160630860883026     
   12.365999999999998       0.87160551341452719     
   12.374999999999998       0.87163080099458090     
   12.383999999999999       0.87161818707461758     
   12.392999999999999       0.87161364373232297     
   12.401999999999999       0.87163632399278868     
   12.411000000000000       0.87161907231182700     
   12.420000000000000       0.87164430905268453     
   12.428999999999997       0.87166350373772039     
   12.437999999999997       0.87165119849423467     
   12.446999999999997       0.87163159889167652     
   12.455999999999998       0.87165198259667176     
   12.464999999999998       0.87169080365351204     
   12.473999999999998       0.87174304343714470     
   12.482999999999999       0.87179128938748907     
   12.491999999999999       0.87182515323977261     
   12.500999999999998       0.87178652040335636     
   12.509999999999998       0.87169906932881025     
   12.518999999999998       0.87172552313551821     
   12.527999999999999       0.87162457861782683     
   12.536999999999999       0.87165474953554845     
   12.545999999999999       0.87165275081596705     
   12.555000000000000       0.87164656544898467     
   12.564000000000000       0.87162776183408808     
   12.572999999999997       0.87172095496651603     
   12.581999999999997       0.87170563521484257     
   12.590999999999998       0.87169615473243955     
   12.599999999999998       0.87161288959414340     
   12.608999999999998       0.87161093723513294     
   12.617999999999999       0.87163029065097786     
   12.626999999999999       0.87163592802997958     
   12.635999999999999       0.87161308188146780     
   12.644999999999998       0.87158657688410024     
   12.653999999999998       0.87163858992362986     
   12.662999999999998       0.87173678564700130     
   12.671999999999999       0.87173675733804079     
   12.680999999999999       0.87172678514715807     
   12.690000000000000       0.87170533218073398     
   12.699000000000000       0.87178624295465379     
   12.708000000000000       0.87177864054278875     
   12.716999999999999       0.87171337005036797     
   12.725999999999997       0.87169466912803450     
   12.734999999999998       0.87164730713492278     
   12.743999999999998       0.87162760755840352     
   12.752999999999998       0.87166246755093857     
   12.761999999999999       0.87167978033915827     
   12.770999999999999       0.87164415731528677     
   12.779999999999999       0.87166324862503208     
   12.789000000000000       0.87163643435460292     
   12.797999999999996       0.87164561678037500     
   12.806999999999997       0.87161300754724069     
   12.815999999999997       0.87166986822248183     
   12.824999999999998       0.87168190748500241     
   12.833999999999998       0.87163579967303917     
   12.842999999999998       0.87155852043292981     
   12.851999999999999       0.87151778472695773     
   12.860999999999999       0.87151363781944324     
   12.869999999999997       0.87152773721931387     
   12.878999999999998       0.87153496160412836     
   12.887999999999998       0.87146386618724136     
   12.896999999999998       0.87142758221263905     
   12.905999999999999       0.87146581030869097     
   12.914999999999999       0.87147907391745683     
   12.923999999999999       0.87143700668094903     
   12.933000000000000       0.87144351250944019     
   12.941999999999997       0.87143614272611902     
   12.950999999999997       0.87143292333156863     
   12.959999999999997       0.87144973341177279     
   12.968999999999998       0.87147125370526024     
   12.977999999999998       0.87149551823652960     
   12.986999999999998       0.87148809974520114     
   12.995999999999999       0.87145664063623696     
   13.004999999999999       0.87150722594463770     
   13.013999999999998       0.87146444624230790     
   13.022999999999998       0.87153633505741668     
   13.031999999999998       0.87148815940980962     
   13.040999999999999       0.87144507037973529     
   13.049999999999999       0.87150991179987181     
   13.058999999999999       0.87150241171581533     
   13.068000000000000       0.87156995064033760     
   13.077000000000000       0.87152034758329733     
   13.086000000000000       0.87153290371873626     
   13.094999999999997       0.87150394445960411     
   13.103999999999997       0.87154043239999446     
   13.112999999999998       0.87156176186225709     
   13.121999999999998       0.87156250689875137     
   13.130999999999998       0.87151763493534384     
   13.139999999999999       0.87152549411300040     
   13.148999999999999       0.87147105608650710     
   13.157999999999999       0.87144773971035827     
   13.166999999999998       0.87144683479604523     
   13.175999999999998       0.87147907560862092     
   13.184999999999999       0.87145516469251194     
   13.193999999999999       0.87138961993358588     
   13.202999999999998       0.87135803620281094     
   13.211999999999998       0.87123275477921358     
   13.220999999999998       0.87119485433843002     
   13.229999999999999       0.87118163595298248     
   13.238999999999997       0.87116567596422134     
   13.247999999999998       0.87114803773678573     
   13.256999999999998       0.87117777268995522     
   13.265999999999998       0.87113691544232130     
   13.274999999999999       0.87111906860307209     
   13.283999999999999       0.87117637073546572     
   13.292999999999999       0.87118186814560195     
   13.302000000000000       0.87115479546585561     
   13.310999999999996       0.87118364536947046     
   13.319999999999997       0.87117450501577987     
   13.328999999999997       0.87118251604119579     
   13.337999999999997       0.87124604949071582     
   13.346999999999998       0.87125914830373563     
   13.355999999999998       0.87127525873880329     
   13.364999999999998       0.87125273855526142     
   13.373999999999999       0.87122612631241281     
   13.382999999999997       0.87121934724073469     
   13.391999999999998       0.87122046810022435     
   13.400999999999998       0.87121910601926500     
   13.409999999999998       0.87123983100270486     
   13.418999999999999       0.87127866791725173     
   13.427999999999999       0.87128604070053739     
   13.436999999999999       0.87123795303010010     
   13.446000000000000       0.87127107151547134     
   13.455000000000000       0.87131344629885044     
   13.463999999999997       0.87138399060506544     
   13.472999999999997       0.87142174701911279     
   13.481999999999998       0.87142318317958056     
   13.490999999999998       0.87148314231740809     
   13.499999999999998       0.87147320357718094     
   13.508999999999999       0.87143278511674194     
   13.517999999999999       0.87148135143104721     
   13.526999999999999       0.87152586951327526     
   13.535999999999998       0.87149013790119167     
   13.544999999999998       0.87140766101328559     
   13.553999999999998       0.87141176340009752     
   13.562999999999999       0.87140746150977577     
   13.571999999999999       0.87137942441201799     
   13.581000000000000       0.87142276338270419     
   13.590000000000000       0.87134614317605807     
   13.599000000000000       0.87137755840384490     
   13.607999999999997       0.87136143015055900     
   13.616999999999997       0.87137984094003773     
   13.625999999999998       0.87134066062401949     
   13.634999999999998       0.87137431141336041     
   13.643999999999998       0.87133046373030010     
   13.652999999999999       0.87135829655883568     
   13.661999999999999       0.87138390827680068     
   13.670999999999999       0.87141188246268175     
   13.679999999999998       0.87141701328195409     
   13.688999999999997       0.87149407871293405     
   13.697999999999997       0.87143919891209731     
   13.706999999999997       0.87143652393842752     
   13.715999999999998       0.87143473845637831     
   13.724999999999998       0.87136680799622535     
   13.733999999999998       0.87138503961969471     
   13.742999999999999       0.87140632267962559     
   13.751999999999997       0.87136590466615926     
   13.760999999999997       0.87141360868988216     
   13.769999999999998       0.87144165122924166     
   13.778999999999998       0.87148583312208905     
   13.787999999999998       0.87153817253025645     
   13.796999999999999       0.87154313460766830     
   13.805999999999999       0.87151887147433649     
   13.815000000000000       0.87149350404308046     
   13.823999999999996       0.87144542123678659     
   13.832999999999997       0.87141375945811073     
   13.841999999999997       0.87143388969158919     
   13.850999999999997       0.87148582299269306     
   13.859999999999998       0.87150458489050964     
   13.868999999999998       0.87151192626575469     
   13.877999999999998       0.87152387202503745     
   13.886999999999999       0.87152908738907031     
   13.895999999999999       0.87149314899155439     
   13.904999999999998       0.87151911835775031     
   13.913999999999998       0.87150870603877340     
   13.922999999999998       0.87137147474131182     
   13.931999999999999       0.87132386672763440     
   13.940999999999999       0.87129088726293735     
   13.949999999999999       0.87127339717647079     
   13.959000000000000       0.87130433300834043     
   13.968000000000000       0.87123797474003872     
   13.976999999999997       0.87120488062558910     
   13.985999999999997       0.87123036445940483     
   13.994999999999997       0.87118114579516992     
   14.003999999999998       0.87122943647534523     
   14.012999999999998       0.87122502457066808     
   14.021999999999998       0.87118686807997980     
   14.030999999999999       0.87116654272391170     
   14.039999999999999       0.87116826886343912     
   14.048999999999998       0.87118152205386357     
   14.057999999999998       0.87117284744953982     
   14.066999999999998       0.87116931686257226     
   14.075999999999999       0.87113658322550003     
   14.084999999999999       0.87114221022197413     
   14.093999999999999       0.87107746728726310     
   14.103000000000000       0.87109857204596630     
   14.112000000000000       0.87113247819562822     
   14.120999999999997       0.87110598046213328     
   14.129999999999997       0.87119178813449161     
   14.138999999999998       0.87115405582129368     
   14.147999999999998       0.87109677605841862     
   14.156999999999998       0.87107960340250723     
   14.165999999999999       0.87109480892273461     
   14.174999999999999       0.87110941935611341     
   14.183999999999999       0.87111036039193823     
   14.192999999999996       0.87116207017671532     
   14.201999999999996       0.87113572742310186     
   14.210999999999997       0.87111826546297488     
   14.219999999999997       0.87118210650843775     
   14.228999999999997       0.87114801078672932     
   14.237999999999998       0.87114752087573066     
   14.246999999999998       0.87117247222023730     
   14.255999999999998       0.87116991010969724     
   14.264999999999999       0.87118122705432577     
   14.273999999999997       0.87118551683299339     
   14.282999999999998       0.87116889130909292     
   14.291999999999998       0.87111202329490478     
   14.300999999999998       0.87114475223787724     
   14.309999999999999       0.87111960946923606     
   14.318999999999999       0.87107964969025764     
   14.327999999999999       0.87106220091642539     
   14.337000000000000       0.87105810060489708     
   14.345999999999997       0.87107116319541578     
   14.354999999999997       0.87105317727191611     
   14.363999999999997       0.87107583091508767     
   14.372999999999998       0.87112945998601155     
   14.381999999999998       0.87115636938602325     
   14.390999999999998       0.87113222334455453     
   14.399999999999999       0.87117927110232163     
   14.408999999999999       0.87121233387987451     
   14.417999999999997       0.87127557858716520     
   14.426999999999998       0.87115871868979156     
   14.435999999999998       0.87114413260937706     
   14.444999999999999       0.87118508541525730     
   14.453999999999999       0.87119349134310764     
   14.462999999999999       0.87124325266592717     
   14.472000000000000       0.87125399627529077     
   14.481000000000000       0.87124209117526641     
   14.489999999999997       0.87126229246919507     
   14.498999999999997       0.87127670130911705     
   14.507999999999997       0.87128906006603701     
   14.516999999999998       0.87124801328790924     
   14.525999999999998       0.87120261680409405     
   14.534999999999998       0.87117877844005309     
   14.543999999999999       0.87113106013944230     
   14.552999999999999       0.87112456538646332     
   14.561999999999998       0.87118501661778791     
   14.570999999999998       0.87116108828372141     
   14.579999999999998       0.87113724994672592     
   14.588999999999999       0.87111940076994820     
   14.597999999999999       0.87115806683289942     
   14.606999999999998       0.87120800017798683     
   14.615999999999998       0.87116038304319554     
   14.624999999999998       0.87114159524009305     
   14.633999999999999       0.87119449460997000     
   14.642999999999997       0.87117949724882782     
   14.651999999999997       0.87117787075050257     
   14.660999999999998       0.87115735552083351     
   14.669999999999998       0.87120798073129302     
   14.678999999999998       0.87122288046230822     
   14.687999999999999       0.87119354378772695     
   14.696999999999999       0.87115507500426670     
   14.706000000000000       0.87116739165070645     
   14.714999999999996       0.87115984892523646     
   14.723999999999997       0.87114433262029156     
   14.732999999999997       0.87111785499973338     
   14.741999999999997       0.87114466658843848     
   14.750999999999998       0.87111067783360463     
   14.759999999999998       0.87108214202269207     
   14.768999999999998       0.87111875293382779     
   14.777999999999999       0.87115043292928063     
   14.786999999999997       0.87110300766406767     
   14.795999999999998       0.87111504931898998     
   14.804999999999998       0.87114638695869251     
   14.813999999999998       0.87118613951904444     
   14.822999999999999       0.87117153055433882     
   14.831999999999999       0.87115619082949602     
   14.840999999999999       0.87111715196335315     
   14.850000000000000       0.87108073458104629     
   14.858999999999996       0.87113235160712321     
   14.867999999999997       0.87114902705981512     
   14.876999999999997       0.87113407703393675     
   14.885999999999997       0.87121064776772905     
   14.894999999999998       0.87124218085823335     
   14.903999999999998       0.87126143036296921     
   14.912999999999998       0.87119919387909850     
   14.921999999999999       0.87120580031494610     
   14.930999999999997       0.87117014791539837     
   14.939999999999998       0.87115833346038085     
   14.948999999999998       0.87107148891639896     
   14.957999999999998       0.87108153924976772     
   14.966999999999999       0.87102058826278950     
   14.975999999999999       0.87100011645748232     
   14.984999999999999       0.87100238580061018     
