   0.0000000000000000       0.99999999999999467     
   5.0000000000000003E-002  0.98346109218245148     
  0.10000000000000001       0.99913606382092002     
  0.14999999999999999       0.99998208724672788     
  0.20000000000000001       0.99749755494038039     
  0.25000000000000006       0.99282457688881753     
  0.29999999999999999       0.98479974001309123     
  0.35000000000000003       0.97943054428560072     
  0.40000000000000002       0.99022412128684434     
  0.45000000000000007       0.98987700787570798     
  0.50000000000000011       0.97754780830296750     
  0.55000000000000004       0.98408368787680800     
  0.59999999999999998       0.98491412324869010     
  0.65000000000000002       0.98803794507752063     
  0.70000000000000007       0.95439444452341404     
  0.75000000000000011       0.91091460432615623     
  0.80000000000000004       0.95192158583351216     
  0.84999999999999998       0.90973920239479911     
  0.90000000000000013       0.91969611896989911     
  0.95000000000000007       0.95100548176618971     
   1.0000000000000002       0.96073186686309120     
   1.0500000000000000       0.95511424158499203     
   1.1000000000000001       0.96578511595317285     
   1.1500000000000001       0.97482008867233549     
   1.2000000000000000       0.97778561807205799     
   1.2500000000000002       0.89650037692193196     
   1.3000000000000000       0.97595324547766915     
   1.3500000000000001       0.97589697058661840     
   1.4000000000000001       0.97335582254780695     
   1.4500000000000000       0.97613093421459762     
   1.5000000000000002       0.96539911794043121     
   1.5500000000000003       0.95915554089086008     
   1.6000000000000001       0.97909395171169011     
   1.6500000000000001       0.96414216231347394     
   1.7000000000000000       0.96130889096974326     
   1.7500000000000002       0.97698402635136583     
   1.8000000000000003       0.97160865466444912     
   1.8500000000000001       0.96930173099232497     
   1.9000000000000001       0.97647661415814913     
   1.9500000000000002       0.97571228926644804     
   2.0000000000000004       0.97189818599077715     
   2.0500000000000003       0.97174910920215385     
   2.1000000000000001       0.96633257909897252     
   2.1500000000000004       0.96766577170822254     
   2.2000000000000002       0.96237551792099307     
   2.2500000000000000       0.96106133429039919     
   2.3000000000000003       0.96372773339351647     
   2.3500000000000001       0.96110892382453350     
   2.3999999999999999       0.96194780673477820     
   2.4500000000000002       0.95766382081456369     
   2.5000000000000004       0.95373327064405999     
   2.5500000000000003       0.95214862320020976     
   2.6000000000000001       0.94850738682187363     
   2.6500000000000004       0.94231517929589770     
   2.7000000000000002       0.93681004510560173     
   2.7500000000000000       0.93312627367996437     
   2.8000000000000003       0.93524809476127357     
   2.8500000000000001       0.92985410023256920     
   2.8999999999999999       0.92669141811181155     
   2.9500000000000006       0.92219895615084757     
   3.0000000000000004       0.91526334945718824     
   3.0500000000000003       0.92079986431501892     
   3.1000000000000005       0.91573900944060771     
   3.1500000000000004       0.91404591180453032     
   3.2000000000000002       0.91889787643331644     
   3.2500000000000004       0.91472246977766625     
   3.3000000000000003       0.90528820458207970     
   3.3500000000000001       0.90312369879366516     
   3.3999999999999999       0.90753717835679115     
   3.4500000000000002       0.89741523180058602     
   3.5000000000000004       0.88825428410333640     
   3.5500000000000003       0.89330733623476510     
   3.6000000000000005       0.88763525669318144     
   3.6500000000000004       0.87422995703712514     
   3.7000000000000002       0.87513197767070761     
   3.7500000000000004       0.87799002103650858     
   3.8000000000000003       0.86500150896043071     
   3.8500000000000001       0.87465207186484994     
   3.9000000000000004       0.88272019946623437     
   3.9500000000000002       0.86972166255307193     
   4.0000000000000009       0.86773387706465244     
   4.0500000000000007       0.87815448030180121     
   4.1000000000000005       0.86295540082743694     
   4.1500000000000004       0.86048599001024351     
   4.2000000000000002       0.86790318360288188     
   4.2500000000000000       0.84789605997552275     
   4.3000000000000007       0.84451383812227387     
   4.3500000000000005       0.85534464153551837     
   4.4000000000000004       0.84163614000728448     
   4.4500000000000002       0.84312500476986385     
   4.5000000000000000       0.85282962058828959     
   4.5499999999999998       0.85414053972039949     
   4.6000000000000005       0.84410996337527822     
   4.6500000000000004       0.85048839177714919     
   4.7000000000000002       0.84125084478531476     
   4.7500000000000000       0.81672380958250579     
   4.7999999999999998       0.82535856335619073     
   4.8500000000000005       0.82163780644711759     
   4.9000000000000004       0.80523237418242566     
   4.9500000000000011       0.81476130836079053     
   5.0000000000000009       0.81593392161565170     
   5.0500000000000007       0.80296194621815176     
   5.1000000000000005       0.80820515987040598     
   5.1500000000000004       0.80326280420942375     
   5.2000000000000002       0.79435998085295856     
   5.2500000000000009       0.78925943110750629     
   5.3000000000000007       0.79427312597753830     
   5.3500000000000005       0.78416404992082156     
   5.4000000000000004       0.77790562229627291     
   5.4500000000000002       0.78745403408895487     
   5.5000000000000000       0.77438438444146940     
   5.5500000000000007       0.77573467708989641     
   5.6000000000000005       0.76861819544985488     
   5.6500000000000004       0.76123359608214269     
   5.7000000000000002       0.76384260326252085     
   5.7500000000000000       0.75588819136166130     
   5.7999999999999998       0.75874455754034842     
   5.8499999999999996       0.76120245801869924     
   5.9000000000000012       0.75169299108182341     
   5.9500000000000011       0.75019805679136831     
   6.0000000000000009       0.75533954036916018     
   6.0500000000000007       0.74602753843170899     
   6.1000000000000005       0.74534040896242282     
   6.1500000000000004       0.74068235364178348     
   6.2000000000000011       0.73037547104512313     
   6.2500000000000009       0.73943594543342439     
   6.3000000000000007       0.73751434278835182     
   6.3500000000000005       0.72027886458626988     
   6.4000000000000004       0.72813731062737452     
   6.4500000000000002       0.73286556203508202     
   6.5000000000000009       0.72714382698379776     
   6.5500000000000007       0.73692809662883618     
   6.6000000000000005       0.73253003911570336     
   6.6500000000000004       0.71640105944419752     
   6.7000000000000002       0.73416811741628518     
   6.7500000000000000       0.75109063132268827     
   6.7999999999999998       0.74923544966250522     
   6.8500000000000005       0.74743969913995734     
   6.9000000000000004       0.75036828889116669     
   6.9500000000000011       0.75726752992671120     
   7.0000000000000009       0.74305915299871150     
   7.0500000000000007       0.74168334070238318     
   7.1000000000000005       0.72941554428761934     
   7.1500000000000012       0.71473157275064136     
   7.2000000000000011       0.73648985161077662     
   7.2500000000000009       0.73050705492553980     
   7.3000000000000007       0.71310926486522164     
   7.3500000000000005       0.72632992675942609     
   7.4000000000000004       0.73220788144140903     
   7.4500000000000011       0.72131628231934364     
   7.5000000000000009       0.71228324793709552     
   7.5500000000000007       0.69805328686766510     
   7.6000000000000005       0.68442875796576053     
   7.6500000000000004       0.68233271752842062     
   7.7000000000000002       0.68921934243626315     
   7.7500000000000000       0.68038757311968401     
   7.8000000000000007       0.68295279698808398     
   7.8500000000000005       0.68174760171891580     
   7.9000000000000004       0.67199678863119328     
   7.9500000000000002       0.64997591595372561     
   8.0000000000000018       0.64753494981161452     
   8.0500000000000007       0.64903692671868507     
   8.1000000000000014       0.64566513688964722     
   8.1500000000000004       0.66435802404382704     
   8.2000000000000011       0.66256111765929337     
   8.2500000000000018       0.64902279888783987     
   8.3000000000000007       0.65098646435517593     
   8.3500000000000014       0.64445498779545896     
   8.4000000000000004       0.64824491140596319     
   8.4500000000000011       0.64458620275209244     
   8.5000000000000000       0.63859718002941368     
   8.5500000000000007       0.61962614070225686     
   8.6000000000000014       0.60231401427185960     
   8.6500000000000004       0.60063523473491964     
   8.7000000000000011       0.60674835310148523     
   8.7500000000000000       0.58857918666795106     
   8.8000000000000007       0.60209301158037853     
   8.8499999999999996       0.61278523387301354     
   8.9000000000000004       0.61664013796356310     
   8.9500000000000011       0.61963136802229701     
   9.0000000000000000       0.63750312551290977     
   9.0500000000000007       0.61785594019784018     
   9.0999999999999996       0.60706367216881374     
   9.1500000000000004       0.62232933322683137     
   9.2000000000000011       0.61054184663661903     
   9.2500000000000000       0.60368922868662178     
   9.3000000000000007       0.62209050391944209     
   9.3499999999999996       0.61056384488255033     
   9.4000000000000004       0.60530123578051276     
   9.4499999999999993       0.63566340334367144     
   9.5000000000000000       0.62943183091083699     
   9.5500000000000007       0.61880047073571298     
   9.5999999999999996       0.63723516989734574     
   9.6500000000000021       0.64245002609300417     
   9.7000000000000011       0.62510459095636861     
   9.7500000000000018       0.60934663900386887     
   9.8000000000000007       0.60025925151759940     
   9.8500000000000014       0.58004440478366670     
   9.9000000000000021       0.58416398962869620     
   9.9500000000000011       0.58931050473345414     
   10.000000000000002       0.57936884872939598     
   10.050000000000001       0.57601812830015819     
   10.100000000000001       0.56354436131621111     
   10.150000000000002       0.57056629300872164     
   10.200000000000001       0.57361675932880185     
   10.250000000000002       0.56119183138359741     
   10.300000000000001       0.56500691922574831     
   10.350000000000001       0.55875202917270927     
   10.400000000000000       0.55800649264526292     
   10.450000000000001       0.56004668031816485     
   10.500000000000002       0.56405620213004881     
   10.550000000000001       0.56824166110218566     
   10.600000000000001       0.56923296869339424     
   10.650000000000000       0.56517140063810145     
   10.700000000000001       0.55414014307517778     
   10.750000000000000       0.56571735872056839     
   10.800000000000001       0.54805261458176502     
   10.850000000000001       0.55164824644516042     
   10.900000000000000       0.54042660883794247     
   10.950000000000001       0.55082436518035005     
   11.000000000000000       0.55663590221219483     
   11.050000000000001       0.54322125214368877     
   11.100000000000001       0.54975485199259166     
   11.150000000000000       0.55105116449296321     
   11.200000000000001       0.56164490703301695     
   11.250000000000000       0.54534010446919889     
   11.300000000000001       0.53775967207923381     
   11.350000000000000       0.53074449030239856     
   11.400000000000000       0.51684707085799797     
   11.450000000000001       0.52978550795870416     
   11.500000000000000       0.52856315015573707     
   11.550000000000001       0.51303388419417362     
   11.600000000000000       0.51760742007929461     
   11.650000000000000       0.50676408535538464     
   11.699999999999999       0.48982294943883276     
   11.750000000000002       0.49708428144900002     
   11.800000000000002       0.48627147090189055     
   11.850000000000001       0.48190748622539037     
   11.900000000000002       0.48017659722990164     
   11.950000000000001       0.47937378739167502     
   12.000000000000002       0.49298968699297924     
   12.050000000000002       0.48586305024692183     
   12.100000000000001       0.45711998309213719     
   12.150000000000002       0.44940331291184982     
   12.200000000000001       0.44688444701635871     
   12.250000000000002       0.43783298997105163     
   12.300000000000001       0.42755493971059866     
   12.350000000000001       0.42060838971164344     
   12.400000000000002       0.40079375902677761     
   12.450000000000001       0.39461960578182437     
   12.500000000000002       0.39657041293223894     
   12.550000000000001       0.38310934777441641     
   12.600000000000001       0.37927182435483531     
   12.650000000000000       0.38477151385547065     
   12.700000000000001       0.39414116767627011     
   12.750000000000002       0.38990301510271425     
   12.800000000000001       0.40777832723736557     
   12.850000000000001       0.40264884598648343     
   12.900000000000000       0.39613770181032293     
   12.950000000000001       0.40276399944200214     
   13.000000000000002       0.39602382644166029     
   13.050000000000001       0.38484496170060434     
   13.100000000000001       0.40020560107927533     
   13.150000000000000       0.38953282182650734     
   13.200000000000001       0.37366841150519109     
   13.250000000000000       0.36442194218352303     
   13.300000000000001       0.36038180035654521     
   13.350000000000001       0.33795021242712675     
   13.400000000000000       0.33794254392549056     
   13.450000000000001       0.34413486241034980     
   13.500000000000000       0.33002471892759661     
   13.550000000000001       0.32306600821852727     
   13.600000000000000       0.32591487668615421     
   13.650000000000000       0.33416699591973154     
   13.700000000000001       0.32817014866411626     
   13.750000000000000       0.32396000155516924     
   13.800000000000001       0.30150980679165518     
   13.850000000000000       0.29347540159179564     
   13.900000000000002       0.29991879285704026     
   13.950000000000003       0.30965788227155694     
   14.000000000000002       0.32070558796041826     
   14.050000000000002       0.32399453682907564     
   14.100000000000001       0.33086302715997856     
   14.150000000000002       0.31990197639640716     
   14.200000000000001       0.31653638883384094     
   14.250000000000002       0.32066039205813074     
   14.300000000000002       0.30210731402435803     
   14.350000000000001       0.30648622910402662     
   14.400000000000002       0.31589249692225513     
   14.450000000000001       0.31362938831304110     
   14.500000000000002       0.30740861120794033     
   14.550000000000001       0.30641327337472452     
   14.600000000000001       0.29589313714816667     
   14.650000000000002       0.27527939726498374     
   14.700000000000001       0.27709421223919423     
   14.750000000000002       0.30381388175424306     
   14.800000000000001       0.30749484236860569     
   14.850000000000001       0.28115316261061207     
   14.900000000000002       0.27639991188708540     
   14.950000000000001       0.27929901361638365     
   15.000000000000002       0.27602891002099800     
   15.050000000000001       0.27887263934377093     
   15.100000000000001       0.27771294713155698     
   15.150000000000000       0.27306869208645373     
   15.200000000000001       0.26097430628646989     
   15.250000000000002       0.23693942652150440     
   15.300000000000001       0.23261697178811172     
   15.350000000000001       0.22598054842997356     
   15.400000000000000       0.21438219451719234     
   15.450000000000001       0.22246782313025609     
   15.500000000000000       0.20749544234796416     
   15.550000000000001       0.20187954392518764     
   15.600000000000001       0.20560232777234597     
   15.650000000000000       0.20733898544563076     
   15.700000000000001       0.20127637497855022     
   15.750000000000000       0.20562708259438048     
   15.800000000000001       0.20898583210907579     
   15.850000000000001       0.22820568856738416     
   15.900000000000000       0.21191740392481553     
   15.950000000000001       0.18704916782697542     
   16.000000000000004       0.19998817251172804     
   16.050000000000001       0.20144645665721303     
   16.100000000000001       0.19686126940393309     
   16.149999999999999       0.18978312574488018     
   16.200000000000003       0.20270657457878763     
   16.250000000000000       0.20556427653828779     
   16.300000000000001       0.23012169195565244     
   16.350000000000001       0.23530445231585842     
   16.400000000000002       0.22457067046587792     
   16.449999999999999       0.21895617619065083     
   16.500000000000004       0.21182267871528621     
   16.550000000000001       0.20840637606848128     
   16.600000000000001       0.20277069046204454     
   16.649999999999999       0.19148853877854083     
   16.700000000000003       0.17958185888149883     
   16.750000000000000       0.17690020044786167     
   16.800000000000001       0.17616764645969596     
   16.850000000000001       0.17767463622708424     
   16.900000000000002       0.17300713556500139     
   16.949999999999999       0.16052484697922756     
   17.000000000000000       0.15780723342445588     
   17.050000000000001       0.16019905443586521     
   17.100000000000001       0.15656623333889588     
   17.150000000000002       0.15506903375069478     
   17.200000000000003       0.16465645921591510     
   17.250000000000004       0.14945303910253224     
   17.300000000000001       0.16208579824257180     
   17.350000000000001       0.16719382369375488     
   17.400000000000002       0.17687107572692512     
   17.450000000000003       0.18957907329543863     
   17.500000000000000       0.21199740855953825     
   17.550000000000004       0.20931182295526940     
   17.600000000000001       0.20383398982390863     
   17.650000000000002       0.19964413159497860     
   17.699999999999999       0.19709348901600621     
   17.750000000000004       0.18197279817577916     
   17.800000000000001       0.17136610708831987     
   17.850000000000001       0.17525311332294422     
   17.900000000000002       0.18042555988334896     
   17.950000000000003       0.19150677733299828     
   18.000000000000000       0.20743455332233099     
   18.050000000000004       0.21424719663411795     
   18.100000000000001       0.21496236040952951     
   18.150000000000002       0.21497377831294526     
   18.199999999999999       0.22408026314975132     
   18.250000000000004       0.21258704513190813     
   18.300000000000001       0.22423692256777017     
   18.350000000000001       0.21227911144463446     
   18.400000000000002       0.20018157968808711     
   18.450000000000003       0.20405992168670672     
   18.500000000000000       0.21232361805244843     
   18.550000000000001       0.22528170958288976     
   18.600000000000001       0.22312649189482872     
   18.650000000000002       0.21403755041860303     
   18.699999999999999       0.22249139002836774     
   18.750000000000004       0.23174167668227488     
   18.800000000000001       0.23096160140702007     
   18.850000000000001       0.23206052175912442     
   18.899999999999999       0.22264967191845816     
   18.950000000000003       0.22663798014002837     
   19.000000000000000       0.22683887785659154     
   19.050000000000001       0.21226862098897248     
   19.100000000000001       0.22819601758506949     
   19.150000000000002       0.23466458630644749     
   19.199999999999999       0.23950168538365993     
   19.250000000000000       0.24174603854761595     
   19.300000000000004       0.24697993437872065     
   19.350000000000001       0.26142156217250284     
   19.400000000000002       0.26274656846207611     
   19.450000000000003       0.26097330661291129     
   19.500000000000004       0.26385777035533353     
   19.550000000000001       0.25607633065092178     
   19.600000000000001       0.24111249593353828     
   19.650000000000002       0.24128937593827485     
   19.700000000000003       0.25515065007861371     
   19.750000000000000       0.24520279203656825     
   19.800000000000004       0.26371012499939478     
   19.850000000000001       0.28113388089611752     
   19.900000000000002       0.27202216149643293     
   19.949999999999999       0.26997880615982400     
   20.000000000000004       0.27878851964271412     
   20.050000000000001       0.27750605599666428     
   20.100000000000001       0.27650866774796079     
   20.150000000000002       0.27429136436050255     
   20.200000000000003       0.27213718214974414     
   20.250000000000000       0.25826606513323996     
   20.300000000000004       0.27338208443505130     
   20.350000000000001       0.29432960283404480     
   20.400000000000002       0.28661367906015750     
   20.449999999999999       0.28499581923049505     
   20.500000000000004       0.27766943452835985     
   20.550000000000001       0.27553940853735681     
   20.600000000000001       0.28772892841851611     
   20.650000000000002       0.30731648632831082     
   20.700000000000003       0.29095136519470260     
   20.750000000000000       0.29372389616300554     
   20.800000000000001       0.30407747260295676     
   20.850000000000001       0.29250816406395375     
   20.900000000000002       0.28268265279992671     
   20.949999999999999       0.30172227806083846     
   21.000000000000004       0.30405399249848142     
   21.050000000000001       0.29381370802139506     
   21.100000000000001       0.30497735053389979     
   21.149999999999999       0.31424509387283728     
   21.200000000000003       0.29409588456158497     
   21.250000000000000       0.30479343065596082     
   21.300000000000001       0.32218547537463971     
   21.350000000000005       0.31639000740334905     
   21.400000000000002       0.33047447445533262     
   21.450000000000003       0.34480073006728601     
   21.500000000000000       0.32899458559984213     
   21.550000000000004       0.32616365325531116     
   21.600000000000001       0.33870562050390873     
   21.650000000000002       0.33688148986829763     
   21.700000000000003       0.33213035084569797     
   21.750000000000004       0.34513127186749054     
   21.800000000000001       0.33979173961871195     
   21.850000000000005       0.33373343125988980     
   21.900000000000002       0.35142982301565234     
   21.950000000000003       0.35119558795426270     
   22.000000000000000       0.34665802288838965     
   22.050000000000004       0.36007727206522111     
   22.100000000000001       0.36859285537587094     
   22.150000000000002       0.36149139526401941     
   22.200000000000003       0.37718514798945002     
   22.250000000000004       0.38782082200851742     
   22.300000000000001       0.38203177383067166     
   22.350000000000001       0.38658617508134480     
   22.400000000000002       0.39865593904483582     
   22.450000000000003       0.39783803385400252     
   22.500000000000000       0.38347309454019157     
   22.550000000000004       0.39723962668057339     
   22.600000000000001       0.39110477760123996     
   22.650000000000002       0.38035021695153559     
   22.699999999999999       0.40014056370176820     
   22.750000000000004       0.40532100405700211     
   22.800000000000001       0.39164593773619921     
   22.850000000000001       0.40398189940382961     
   22.900000000000002       0.41475237033775453     
   22.950000000000003       0.40717622261489100     
   23.000000000000000       0.40710281377819840     
   23.050000000000001       0.40822518510013656     
   23.100000000000001       0.40631390444364124     
   23.150000000000002       0.41110902232695190     
   23.199999999999999       0.42495088590832986     
   23.250000000000004       0.42781659842386277     
   23.300000000000001       0.42531069363873120     
   23.350000000000001       0.43783869807396253     
   23.399999999999999       0.44511446411316014     
   23.450000000000003       0.44422129136763949     
   23.500000000000004       0.46065988538593544     
   23.550000000000001       0.46964218854895728     
   23.600000000000005       0.46259163803278808     
   23.650000000000002       0.46991353773389338     
   23.700000000000003       0.47352403219518296     
   23.750000000000004       0.47470475581644039     
   23.800000000000004       0.47888626496864123     
   23.850000000000001       0.48249260060983296     
   23.900000000000002       0.48827681141279411     
   23.950000000000003       0.48973085744652706     
   24.000000000000004       0.49686158409208903     
   24.050000000000001       0.49348691568876618     
   24.100000000000005       0.48654501706827613     
   24.150000000000002       0.50252883970264395     
   24.200000000000003       0.50195143559684585     
   24.250000000000000       0.49877967625342740     
   24.300000000000004       0.51213883175790020     
   24.350000000000001       0.51522494374262717     
   24.400000000000002       0.51246567432769619     
   24.450000000000003       0.52138882746451121     
   24.500000000000004       0.52295896601873826     
   24.550000000000001       0.51979098635607202     
   24.600000000000001       0.52991767599665696     
   24.650000000000002       0.53322694486003452     
   24.700000000000003       0.53162315747469890     
   24.750000000000000       0.53221906050994050     
   24.800000000000004       0.53574249919091876     
   24.850000000000001       0.53676148158511072     
   24.900000000000002       0.53670990420234099     
   24.949999999999999       0.54980423950286572     
   25.000000000000004       0.54854085823981968     
   25.050000000000001       0.54981640995559811     
   25.100000000000001       0.56120889098166116     
   25.150000000000002       0.56352369729921481     
   25.200000000000003       0.55688716231127156     
   25.250000000000000       0.56432153968864551     
   25.300000000000001       0.56810039093809050     
   25.350000000000001       0.56774446952476432     
   25.400000000000002       0.57391807326268285     
   25.449999999999999       0.57532441683561775     
   25.500000000000004       0.57669155493871360     
   25.550000000000001       0.57886386381995369     
   25.600000000000001       0.58454261764823001     
   25.650000000000006       0.58649096980560822     
   25.700000000000003       0.59078697240763089     
   25.750000000000004       0.59849939775457650     
   25.800000000000001       0.60477120913947091     
   25.850000000000005       0.60412645634297180     
   25.900000000000002       0.60605558657130931     
   25.950000000000003       0.60740653027048574     
   26.000000000000004       0.59903510983849262     
   26.050000000000004       0.61173804496938988     
   26.100000000000001       0.61334877153680101     
   26.150000000000002       0.60590712869041252     
   26.200000000000003       0.61805479135503105     
   26.250000000000004       0.61662664938969514     
   26.300000000000001       0.61381587570296059     
   26.350000000000005       0.61652669064673060     
   26.400000000000002       0.61659984041139360     
   26.450000000000003       0.61426122671408379     
   26.500000000000000       0.61079674071565093     
   26.550000000000004       0.62180537905941913     
   26.600000000000001       0.62313063572528038     
   26.650000000000002       0.61861372480482946     
   26.700000000000003       0.62733323362985771     
   26.750000000000004       0.62923113447618506     
   26.800000000000001       0.62272203400880055     
   26.850000000000001       0.63110395294537547     
   26.900000000000002       0.63765786771603616     
   26.950000000000003       0.62452491760017548     
   27.000000000000000       0.62846141922814802     
   27.050000000000004       0.62951988033710682     
   27.100000000000001       0.62533249383388168     
   27.150000000000002       0.62478211901336000     
   27.199999999999999       0.62336241448773977     
   27.250000000000004       0.61988140171422224     
   27.300000000000001       0.61862192590109166     
   27.350000000000001       0.62278273181209198     
   27.400000000000002       0.61576062445437174     
   27.450000000000003       0.60941461780507022     
   27.500000000000000       0.61692404482947949     
   27.550000000000004       0.61610915878913342     
   27.600000000000001       0.60684179632140556     
   27.650000000000002       0.61332213556066706     
   27.699999999999999       0.60890196896377102     
   27.750000000000004       0.60306356789156412     
   27.800000000000004       0.60478278396903518     
   27.850000000000001       0.60304808282031630     
   27.900000000000006       0.59805057434884801     
   27.950000000000003       0.59905923230370051     
   28.000000000000004       0.59916421205063186     
   28.050000000000001       0.59321638847810720     
   28.100000000000005       0.59003992727279597     
   28.150000000000002       0.59151836678515179     
   28.200000000000003       0.58800198957995098     
   28.250000000000004       0.58246967987336806     
   28.300000000000004       0.58565152639259321     
   28.350000000000001       0.58081267228059541     
   28.400000000000002       0.57326448176808387     
   28.450000000000003       0.57685385833803760     
   28.500000000000004       0.57590562906722831     
   28.550000000000001       0.56542945502853303     
   28.600000000000005       0.57063146301364331     
   28.650000000000002       0.57144937771692872     
   28.700000000000003       0.56453053138109777     
   28.750000000000000       0.56885276651364391     
   28.800000000000004       0.56733791317822868     
   28.850000000000001       0.56285939184465084     
   28.900000000000002       0.55837554096964714     
   28.950000000000003       0.55950176964627951     
   29.000000000000004       0.55409561751482972     
   29.050000000000001       0.54851981630017621     
   29.100000000000001       0.55243257049442485     
   29.150000000000002       0.55192845144667624     
   29.200000000000003       0.54361633377945640     
   29.250000000000000       0.54691389249456013     
   29.300000000000004       0.54243781533677771     
   29.350000000000001       0.52937257295093332     
   29.400000000000002       0.53154631181744416     
   29.449999999999999       0.53423914723509736     
   29.500000000000004       0.52536474773059116     
   29.550000000000001       0.52991083377383619     
   29.600000000000001       0.52640680908101978     
   29.650000000000002       0.51500125148079179     
   29.700000000000003       0.51078533282403871     
   29.750000000000000       0.51147989762374013     
   29.800000000000004       0.50717827597112108     
   29.850000000000001       0.49539630539976670     
   29.900000000000002       0.49890178622993281     
   29.950000000000003       0.49186519674262369     
   30.000000000000004       0.48608615208809830     
   30.050000000000004       0.49134681288120258     
   30.100000000000001       0.49512493454603329     
   30.150000000000006       0.48108259700822681     
   30.200000000000003       0.48269052302429694     
   30.250000000000004       0.47935273340823226     
   30.300000000000001       0.46799069443067093     
   30.350000000000005       0.47340562243000939     
   30.400000000000002       0.47586431611074931     
   30.450000000000003       0.47164521626835559     
   30.500000000000004       0.46786849067590752     
   30.550000000000004       0.47366166336644983     
   30.600000000000001       0.47026699472613703     
   30.650000000000002       0.45789016725528275     
   30.700000000000003       0.46465010184599564     
   30.750000000000004       0.46414019238209175     
   30.800000000000001       0.45390934176002978     
   30.850000000000005       0.45787552664328213     
   30.900000000000002       0.45239790283596848     
   30.950000000000003       0.44735620089255601     
   31.000000000000000       0.45233830204938635     
   31.050000000000004       0.45377294406055307     
   31.100000000000001       0.45037698770510576     
   31.150000000000002       0.44679070225060946     
   31.200000000000003       0.44772685989188077     
   31.250000000000004       0.43755134972995474     
   31.300000000000001       0.43914013886298586     
   31.350000000000005       0.43658941440956855     
   31.400000000000002       0.43218185617947275     
   31.450000000000003       0.42350562872716280     
   31.500000000000000       0.42594738128189974     
   31.550000000000004       0.42289964455370682     
   31.600000000000001       0.41754535437734330     
   31.650000000000002       0.41464971509184528     
   31.700000000000003       0.41364655505755660     
   31.750000000000004       0.40274117720242530     
   31.800000000000001       0.39651872112031411     
   31.850000000000001       0.39092530428855388     
   31.900000000000002       0.38510823360483626     
   31.950000000000003       0.38152324813641925     
   32.000000000000007       0.37658400223128663     
   32.050000000000004       0.36517688757434380     
   32.100000000000001       0.36123676759129481     
   32.150000000000006       0.36004115082465221     
   32.200000000000003       0.34469583362868034     
   32.250000000000000       0.34348020988973738     
   32.299999999999997       0.34216763202252676     
   32.350000000000001       0.33826620472655067     
   32.400000000000006       0.33638622416717351     
   32.450000000000003       0.33899506529780327     
   32.500000000000000       0.33623550522805262     
   32.550000000000004       0.33237384535967224     
   32.600000000000001       0.33427944576979618     
   32.650000000000006       0.33147401462132992     
   32.700000000000003       0.32248887591799591     
   32.750000000000000       0.31988406095775779     
   32.800000000000004       0.32257209828135758     
   32.850000000000009       0.31015402909998158     
   32.899999999999999       0.30946596090502032     
   32.950000000000003       0.31306501127071329     
   33.000000000000007       0.29608054881435886     
   33.050000000000004       0.29037715960508365     
   33.100000000000001       0.28713884323442534     
   33.149999999999999       0.28686093589307377     
   33.200000000000003       0.27639551748791730     
   33.250000000000007       0.28196075051682401     
   33.299999999999997       0.28411296268592762     
   33.350000000000001       0.26954265745460193     
   33.400000000000006       0.27492304698042902     
   33.450000000000003       0.27312074546471138     
   33.500000000000000       0.25966223078026940     
   33.550000000000004       0.25875288771185434     
   33.600000000000001       0.25833874833074749     
   33.650000000000006       0.24553358532754402     
   33.700000000000003       0.24619326791733090     
   33.750000000000000       0.25312971926691330     
   33.800000000000004       0.24661634913014382     
   33.850000000000001       0.24390344844282835     
   33.899999999999999       0.24816985274243314     
   33.950000000000003       0.24709414438269983     
   34.000000000000000       0.24426679476418495     
   34.050000000000004       0.24696096504224674     
   34.100000000000001       0.24175590709258177     
   34.149999999999999       0.23266474772707724     
   34.200000000000003       0.24398608831588006     
   34.250000000000007       0.24822755787462195     
   34.300000000000004       0.23542863913481021     
   34.350000000000001       0.23890363641469359     
   34.400000000000006       0.23588605666270201     
   34.450000000000003       0.22223761731206640     
   34.500000000000007       0.21473069260525585     
   34.550000000000004       0.21408713875859395     
   34.600000000000001       0.21546792288609809     
   34.650000000000006       0.20867175998557819     
   34.700000000000003       0.21507696805851328     
   34.750000000000000       0.20636338229655785     
   34.800000000000004       0.20411250261086508     
   34.850000000000001       0.21381236288879377     
   34.900000000000006       0.20798162292818420     
   34.950000000000003       0.20831249214489775     
   35.000000000000000       0.20995312249583328     
   35.050000000000004       0.20046164430493821     
   35.100000000000009       0.18292029429895215     
   35.149999999999999       0.18322398916180563     
   35.200000000000003       0.18685400720557516     
   35.250000000000007       0.18208915951240087     
   35.300000000000004       0.18366465999482198     
   35.350000000000001       0.18744196365734378     
   35.399999999999999       0.18190594685067679     
   35.450000000000003       0.18145263652504293     
   35.500000000000007       0.17050221643175190     
   35.549999999999997       0.17228214666650030     
   35.600000000000001       0.17255921387115922     
   35.650000000000006       0.17018731515308186     
   35.700000000000003       0.16602004694890746     
   35.750000000000000       0.15957874611748343     
   35.800000000000004       0.16481877599314770     
   35.850000000000001       0.15611572292264231     
   35.900000000000006       0.15574613944622498     
   35.950000000000003       0.16025871956676949     
   36.000000000000000       0.15756601400313863     
   36.050000000000004       0.14875855139301739     
   36.100000000000009       0.13744963204171728     
   36.149999999999999       0.12681671257016816     
   36.200000000000003       0.13282999201751322     
   36.250000000000000       0.13914099705255381     
   36.300000000000004       0.13384253189279977     
   36.350000000000009       0.14092565863131987     
   36.399999999999999       0.13645057795545734     
   36.450000000000003       0.13165482899777101     
   36.500000000000007       0.12601971827221065     
   36.550000000000004       0.12237971963543447     
   36.600000000000001       0.11706377643890885     
   36.650000000000006       0.11175280853652553     
   36.700000000000003       0.11835565293253342     
   36.750000000000007       0.11434520558467035     
   36.800000000000004       0.10112633646199594     
   36.850000000000001       0.10417568176053670     
   36.900000000000006       0.10106641988821377     
   36.950000000000003        9.6149284155142484E-002
   37.000000000000000       0.10287062157698949     
   37.050000000000004        9.1119458745084009E-002
   37.100000000000001        8.5111541381888853E-002
   37.150000000000006        9.2658388384686319E-002
   37.200000000000003        8.3850822713977799E-002
   37.250000000000000        7.0506564464976551E-002
   37.300000000000004        7.0175403621359822E-002
   37.350000000000009        7.3790233260829272E-002
   37.399999999999999        7.0833922609429070E-002
   37.450000000000003        6.3506981160082826E-002
   37.500000000000007        7.8351304496753163E-002
   37.550000000000004        6.8170850092274984E-002
   37.600000000000001        6.1054915756268875E-002
   37.649999999999999        5.0949371599146691E-002
   37.700000000000003        4.6673179257854143E-002
   37.750000000000007        4.0902194955642381E-002
   37.799999999999997        5.6790361172432982E-002
   37.850000000000001        6.5073562485993899E-002
   37.900000000000006        4.8977653838347852E-002
   37.950000000000003        5.8986314798684790E-002
   38.000000000000000        4.1690913761216454E-002
   38.050000000000004        4.7817407950323333E-002
   38.100000000000001        3.7476111971223955E-002
   38.150000000000006        3.7991891372281733E-002
   38.200000000000003        5.3270482009291721E-002
   38.250000000000000        4.8494500461905489E-002
   38.300000000000004        5.7208935851662257E-002
   38.350000000000009        5.5607996310762450E-002
   38.399999999999999        5.4165319646644422E-002
   38.450000000000003        6.3364240775523883E-002
   38.500000000000000        6.2252549166921141E-002
   38.550000000000004        5.6741101748982399E-002
   38.600000000000009        5.5266288429089337E-002
   38.649999999999999        5.7649125989661300E-002
   38.700000000000003        4.8601019253666257E-002
   38.750000000000007        3.8810779224023921E-002
   38.800000000000004        2.5089270190711062E-002
   38.850000000000001        2.5542545490817019E-002
   38.900000000000006        2.9332293271463330E-002
   38.950000000000003        3.3791527475703187E-002
   39.000000000000007        2.0987775227526248E-002
   39.050000000000004        2.7233664469219775E-002
   39.100000000000001        3.1590747163385918E-002
   39.150000000000006        2.2756313947478977E-002
   39.200000000000003        1.6878055569294823E-002
   39.250000000000000        2.3927188574778803E-002
   39.300000000000004        4.3063819426571399E-002
   39.350000000000001        6.0035376064483337E-002
   39.400000000000006        6.2033937743985787E-002
   39.450000000000003        7.0638281900589045E-002
   39.500000000000000        6.7395676620074826E-002
   39.550000000000004        8.0757447049573480E-002
   39.600000000000009        8.8703930103769896E-002
   39.649999999999999        7.0268739885166354E-002
   39.700000000000003        8.0691854406612376E-002
   39.750000000000007        7.4059962643768906E-002
   39.800000000000004        6.6615440263833314E-002
   39.850000000000001        7.1091656554740132E-002
   39.899999999999999        6.7987173004448689E-002
   39.950000000000003        5.8025862871709355E-002
