   0.0000000000000000       0.99999999999998546     
   7.0000000000000007E-002  0.99618888880494938     
  0.14000000000000001       0.98508631902470867     
  0.20999999999999999       0.96847604560268208     
  0.28000000000000003       0.97505458724902949     
  0.35000000000000003       0.99852472719839536     
  0.41999999999999998       0.99663120856567677     
  0.49000000000000005       0.99972277201151694     
  0.56000000000000005       0.99575702737027916     
  0.63000000000000012       0.99875608004893823     
  0.70000000000000007       0.99988394253708179     
  0.77000000000000002       0.99588954120996120     
  0.83999999999999997       0.99841847560758346     
  0.91000000000000014       0.99959314080462225     
  0.98000000000000009       0.99813213650205213     
   1.0500000000000000       0.99936013627340492     
   1.1200000000000001       0.99987478182711809     
   1.1899999999999999       0.99970343279924523     
   1.2600000000000002       0.99961779354572178     
   1.3300000000000001       0.99961232305447689     
   1.4000000000000001       0.99963911134066674     
   1.4700000000000002       0.99954085208600385     
   1.5400000000000000       0.99954687635622885     
   1.6100000000000001       0.99957165195383024     
   1.6799999999999999       0.99974525318739171     
   1.7500000000000002       0.99800557269033641     
   1.8200000000000003       0.99920501567698994     
   1.8900000000000001       0.99867543250220370     
   1.9600000000000002       0.99949757679967810     
   2.0300000000000002       0.99812809658246315     
   2.1000000000000001       0.99434166703146998     
   2.1700000000000004       0.99537600979203222     
   2.2400000000000002       0.99961343152403515     
   2.3100000000000001       0.99948430295555601     
   2.3799999999999999       0.99940434428948532     
   2.4500000000000002       0.99930243982638689     
   2.5200000000000005       0.99929869015938189     
   2.5900000000000003       0.99965785481281444     
   2.6600000000000001       0.99947947329879450     
   2.7300000000000000       0.99762646032826718     
   2.8000000000000003       0.99957705430411792     
   2.8700000000000006       0.99888787355972619     
   2.9400000000000004       0.99945511504950735     
   3.0100000000000002       0.99898501862090938     
   3.0800000000000001       0.99938466489737687     
   3.1499999999999999       0.99867240058655926     
   3.2200000000000002       0.99213701479383265     
   3.2900000000000000       0.99915227468810408     
   3.3599999999999999       0.99707820166191519     
   3.4300000000000006       0.99820442093806305     
   3.5000000000000004       0.99898249892852087     
   3.5700000000000003       0.99949639513272170     
   3.6400000000000006       0.99870746607880367     
   3.7100000000000004       0.99943558263779364     
   3.7800000000000002       0.99797700160658853     
   3.8500000000000001       0.99958416933936023     
   3.9200000000000004       0.99924825272079887     
   3.9900000000000002       0.99961550406000921     
   4.0600000000000005       0.99825077692365194     
   4.1300000000000008       0.99810917409413724     
   4.2000000000000002       0.99951727757092190     
   4.2700000000000005       0.99874814241394816     
   4.3400000000000007       0.99929153782543945     
   4.4100000000000001       0.99905777821378705     
   4.4800000000000004       0.99832525658967830     
   4.5500000000000007       0.99879001390413202     
   4.6200000000000001       0.99926161755775378     
   4.6900000000000004       0.99875746839641166     
   4.7599999999999998       0.99708915920940433     
   4.8300000000000001       0.99845760964496244     
   4.9000000000000004       0.99927401071841659     
   4.9700000000000006       0.99878982152557039     
   5.0400000000000009       0.99926493649075077     
   5.1100000000000003       0.99899860523179618     
   5.1800000000000006       0.99676238818133867     
   5.2500000000000000       0.99771996396986495     
   5.3200000000000003       0.99949255997442799     
   5.3900000000000006       0.99684906490153402     
   5.4600000000000000       0.99725079449870446     
   5.5300000000000002       0.99948927259093356     
   5.6000000000000005       0.99832540816875603     
   5.6700000000000008       0.99898162733557794     
   5.7400000000000011       0.99748238295738401     
   5.8100000000000005       0.99586849948728207     
   5.8800000000000008       0.99930789352569260     
   5.9500000000000002       0.99919476569703136     
   6.0200000000000005       0.99827278088036209     
   6.0900000000000007       0.99927613522330905     
   6.1600000000000001       0.99596510102899227     
   6.2300000000000004       0.99807052829365073     
   6.2999999999999998       0.99750144864071066     
   6.3700000000000001       0.99600711371663975     
   6.4400000000000004       0.99892899475914798     
   6.5099999999999998       0.99585125154160281     
   6.5800000000000001       0.99756673584674638     
   6.6500000000000004       0.99822041884976864     
   6.7199999999999998       0.99817218010607522     
   6.7900000000000009       0.99888587211908275     
   6.8600000000000012       0.99769657636332343     
   6.9300000000000006       0.99470901923187527     
   7.0000000000000009       0.99679681299059419     
   7.0700000000000012       0.99672692701223808     
   7.1400000000000006       0.99860048800752188     
   7.2100000000000009       0.99911418236964111     
   7.2800000000000011       0.99742023297417270     
   7.3500000000000005       0.99906290713533297     
   7.4200000000000008       0.99666701815468550     
   7.4900000000000002       0.99620882619467710     
   7.5600000000000005       0.99882593860047986     
   7.6300000000000008       0.99930405157751423     
   7.7000000000000002       0.99896287750498725     
   7.7700000000000005       0.99943379558598888     
   7.8400000000000007       0.99851985171499980     
   7.9100000000000001       0.99936861365588381     
   7.9800000000000004       0.99894043075771777     
   8.0500000000000007       0.99868679270345662     
   8.1200000000000010       0.99942202481173448     
   8.1899999999999995       0.99834866385051180     
   8.2600000000000016       0.99838382417411975     
   8.3300000000000018       0.99916717064087401     
   8.4000000000000004       0.99925655736885854     
   8.4700000000000006       0.99945115414727681     
   8.5400000000000009       0.99872767463723999     
   8.6100000000000012       0.99902768196571967     
   8.6800000000000015       0.99641941610311446     
   8.7500000000000018       0.99861747156133973     
   8.8200000000000003       0.99897165468794680     
   8.8900000000000006       0.99911542424971989     
   8.9600000000000009       0.99954234574485723     
   9.0300000000000011       0.99902689296934533     
   9.1000000000000014       0.99861160767509316     
   9.1699999999999999       0.99921317510762508     
   9.2400000000000002       0.99853557448904740     
   9.3100000000000005       0.99687688246340789     
   9.3800000000000008       0.99786001446184081     
   9.4500000000000011       0.99759913602007788     
   9.5199999999999996       0.99817384903471029     
   9.5899999999999999       0.99799949051188375     
   9.6600000000000001       0.99960605078987363     
   9.7300000000000022       0.99854492378384729     
   9.8000000000000007       0.99952760993938339     
   9.8700000000000010       0.99901715087632259     
   9.9400000000000013       0.99896052238871746     
   10.010000000000002       0.99942394843522686     
   10.080000000000002       0.99949375412534802     
   10.150000000000000       0.99920003688816295     
   10.220000000000001       0.99937629232573344     
   10.290000000000001       0.99940821051127882     
   10.360000000000001       0.99867198520311939     
   10.430000000000001       0.99949887636263857     
   10.500000000000000       0.99905940633318735     
   10.570000000000000       0.99937637495159914     
   10.640000000000001       0.99878529457648146     
   10.710000000000001       0.99924688310558185     
   10.780000000000001       0.99923545257210755     
   10.850000000000001       0.99968320797338583     
   10.920000000000000       0.99908831814477517     
   10.990000000000000       0.99925406256501370     
   11.060000000000000       0.99895488874678939     
   11.130000000000001       0.99953566351161616     
   11.200000000000001       0.99921901964733861     
   11.270000000000001       0.99925778802551346     
   11.340000000000002       0.99687936465184634     
   11.410000000000002       0.99946093185001894     
   11.480000000000002       0.99947168692929300     
   11.550000000000001       0.99960506223239087     
   11.620000000000001       0.99877039103892917     
   11.690000000000001       0.99871064628007544     
   11.760000000000002       0.99878556114788430     
   11.830000000000002       0.99948087786474138     
   11.900000000000000       0.99918128640784387     
   11.970000000000001       0.99953428606028261     
   12.040000000000001       0.99945909562635360     
   12.110000000000001       0.99943445566810130     
   12.180000000000001       0.99942829937665578     
   12.250000000000000       0.99904880048087119     
   12.320000000000000       0.99925981707196421     
   12.390000000000001       0.99882402564020389     
   12.460000000000001       0.99847958074220633     
   12.530000000000001       0.99925042168644840     
   12.600000000000000       0.99879681757426775     
   12.670000000000000       0.99931245387769929     
   12.740000000000000       0.99909611081114613     
   12.810000000000000       0.99914731398972889     
   12.880000000000001       0.99843148977405616     
   12.950000000000001       0.99908815777784332     
   13.020000000000000       0.99965068191433826     
   13.090000000000000       0.99963948178167428     
   13.160000000000000       0.99956394533350745     
   13.230000000000000       0.99928826283868144     
   13.300000000000001       0.99941280287729495     
   13.369999999999999       0.99910004989715939     
   13.440000000000000       0.99930973826804315     
   13.510000000000002       0.99942227594545707     
   13.580000000000002       0.99956830808190711     
   13.650000000000002       0.99921913244960836     
   13.720000000000002       0.99940677640543996     
   13.790000000000003       0.99946043645988258     
   13.860000000000001       0.99681328445085793     
   13.930000000000001       0.99938981256066273     
   14.000000000000002       0.99888835664722120     
   14.070000000000002       0.99959326934667481     
   14.140000000000002       0.99921872412161750     
   14.210000000000003       0.99855288679137388     
   14.280000000000001       0.99952163962312857     
   14.350000000000001       0.99951620949684827     
   14.420000000000002       0.99952069051262316     
   14.490000000000002       0.99934899135096544     
   14.560000000000002       0.99891087961854619     
   14.630000000000001       0.99966952426876365     
   14.700000000000001       0.99966219285908609     
   14.770000000000001       0.99915385549530567     
   14.840000000000002       0.99807898926555783     
   14.910000000000002       0.99945127793069444     
   14.980000000000000       0.99955308479101268     
   15.050000000000001       0.99929669973000690     
   15.120000000000001       0.99969251798684089     
   15.190000000000001       0.99958096350789594     
   15.260000000000002       0.99853763891552427     
   15.330000000000002       0.99962906621182279     
   15.400000000000000       0.99919594885310081     
   15.470000000000001       0.99941788826036959     
   15.540000000000001       0.99954983423106913     
   15.610000000000001       0.99883160292292550     
   15.680000000000001       0.99839625606891558     
   15.750000000000000       0.99913892333739907     
   15.820000000000000       0.99911596719292373     
   15.890000000000001       0.99929751294206670     
   15.960000000000001       0.99932949864211384     
   16.030000000000001       0.99964545174842578     
   16.100000000000001       0.99958029039999774     
   16.170000000000002       0.99957661003653397     
   16.240000000000002       0.99869102888504835     
   16.309999999999999       0.99960761180151070     
   16.379999999999999       0.99934473657910716     
   16.450000000000003       0.99830656023316167     
   16.520000000000003       0.99878223783352915     
   16.590000000000003       0.99948518471336323     
   16.660000000000004       0.99952275831477666     
   16.730000000000004       0.99901781813684520     
   16.800000000000001       0.99923771598615074     
   16.870000000000001       0.99959624388360269     
   16.940000000000001       0.99957358357312198     
   17.010000000000002       0.99966522801374402     
   17.080000000000002       0.99956897418671020     
   17.150000000000002       0.99929653799603391     
   17.220000000000002       0.99951403130103034     
   17.290000000000003       0.99958677693615150     
   17.360000000000003       0.99933628502043614     
   17.430000000000003       0.99965388322723658     
   17.500000000000004       0.99944155017300240     
   17.570000000000000       0.99963811575433092     
   17.640000000000001       0.99850910185711717     
   17.710000000000001       0.99975487100086946     
   17.780000000000001       0.99960115027280116     
   17.850000000000001       0.99951576535312692     
   17.920000000000002       0.99953166764245249     
   17.990000000000002       0.99898482810695099     
   18.060000000000002       0.99946905088954374     
   18.130000000000003       0.99851214655194287     
   18.200000000000003       0.99956637827930117     
   18.270000000000000       0.99946059818275956     
   18.340000000000000       0.99908070449669995     
   18.410000000000000       0.99965897044552432     
   18.480000000000000       0.99825127212973830     
   18.550000000000001       0.99928060915988903     
   18.620000000000001       0.99947896109118417     
   18.690000000000001       0.99914809936554871     
   18.760000000000002       0.99950545299463334     
   18.830000000000002       0.99955533414385889     
   18.900000000000002       0.99968310903491553     
   18.970000000000002       0.99942556266049543     
   19.039999999999999       0.99960817640714217     
   19.109999999999999       0.99968156832514787     
   19.180000000000000       0.99920297780440437     
   19.250000000000000       0.99939725850745353     
   19.320000000000000       0.99955815435246920     
   19.390000000000001       0.99961677199392285     
   19.460000000000004       0.99899134826271918     
   19.530000000000001       0.99825045710742211     
   19.600000000000001       0.99958936250025998     
   19.670000000000002       0.99951246630597934     
   19.740000000000002       0.99953704220285755     
   19.810000000000002       0.99958454891849557     
   19.880000000000003       0.99820849252255928     
   19.950000000000003       0.99941212554154712     
   20.020000000000003       0.99944208526298794     
   20.090000000000003       0.99933681387267592     
   20.160000000000004       0.99934622771413884     
   20.230000000000004       0.99944776509303290     
   20.300000000000001       0.99936128005501734     
   20.370000000000001       0.99908092299653994     
   20.440000000000001       0.99926946631274272     
   20.510000000000002       0.99955072849407600     
   20.580000000000002       0.99949632558833168     
   20.650000000000002       0.99930748550800996     
   20.720000000000002       0.99942691090769376     
   20.790000000000003       0.99904994008353132     
   20.860000000000003       0.99933036661706465     
   20.930000000000003       0.99948980421772371     
   21.000000000000000       0.99888335966319386     
   21.070000000000000       0.99943208117065918     
   21.140000000000001       0.99944704259260164     
   21.210000000000001       0.99957251771904265     
   21.280000000000001       0.99958177695124861     
   21.350000000000001       0.99954073440669577     
   21.420000000000002       0.99944374586285067     
   21.490000000000002       0.99949447423759141     
   21.560000000000002       0.99950940443572445     
   21.630000000000003       0.99893743193288442     
   21.700000000000003       0.99951782718502025     
   21.770000000000000       0.99949686539133764     
   21.840000000000000       0.99920478479971220     
   21.910000000000000       0.99934568776930666     
   21.980000000000000       0.99959141745124380     
   22.050000000000001       0.99942560638951627     
   22.120000000000001       0.99947724933060844     
   22.190000000000001       0.99933804704453411     
   22.260000000000002       0.99937272379925013     
   22.330000000000002       0.99927487174100860     
   22.400000000000002       0.99937653250200997     
   22.470000000000002       0.99953084453738317     
   22.540000000000003       0.99935914525235414     
   22.609999999999999       0.99914238871294325     
   22.680000000000003       0.99904967961690294     
   22.750000000000000       0.99945025429032697     
   22.820000000000004       0.99962265069291523     
   22.890000000000001       0.99959033208100645     
   22.960000000000004       0.99944554128601248     
   23.030000000000001       0.99959074003199289     
   23.100000000000001       0.99922186072016816     
   23.170000000000002       0.99893138925607516     
   23.240000000000002       0.99914853362933398     
   23.309999999999999       0.99931472355711393     
   23.380000000000003       0.99935034093223885     
   23.449999999999999       0.99951766964685196     
   23.520000000000003       0.99893501424992037     
   23.590000000000000       0.99956058101242584     
   23.660000000000004       0.99930550004563434     
   23.730000000000000       0.99911160883804773     
   23.800000000000001       0.99968437623912654     
   23.870000000000001       0.99917314316570016     
   23.940000000000001       0.99968773470145156     
   24.010000000000005       0.99882737554240364     
   24.080000000000002       0.99895235798128135     
   24.150000000000006       0.99869373535999173     
   24.220000000000002       0.99803376303992042     
   24.290000000000003       0.99914383161296771     
   24.360000000000003       0.99934403070341815     
   24.430000000000003       0.99960063468600202     
   24.500000000000000       0.99921609291202951     
   24.570000000000004       0.99953903501568186     
   24.640000000000001       0.99947029348931926     
   24.710000000000004       0.99945992040823817     
   24.780000000000001       0.99957571008861545     
   24.850000000000005       0.99961993321704123     
   24.920000000000002       0.99934823817105045     
   24.990000000000002       0.99939588502357002     
   25.060000000000002       0.99965999592307297     
   25.130000000000003       0.99943078694731757     
   25.199999999999999       0.99928530928946657     
   25.270000000000003       0.99949204400524749     
   25.340000000000000       0.99955666196998072     
   25.410000000000004       0.99967201899038660     
   25.480000000000000       0.99954324984670662     
   25.550000000000004       0.99955333579376049     
   25.620000000000001       0.99954626422778114     
   25.690000000000005       0.99931421121619057     
   25.760000000000002       0.99898688834943639     
   25.830000000000002       0.99946625049372528     
   25.900000000000002       0.99841119638272779     
   25.970000000000002       0.99954115599493509     
   26.039999999999999       0.99948493271021255     
   26.110000000000003       0.99946355318640234     
   26.180000000000000       0.99959195253743172     
   26.250000000000004       0.99916680070104180     
   26.320000000000000       0.99933956950157932     
   26.390000000000004       0.99952565178402664     
   26.460000000000001       0.99952859353734824     
   26.530000000000001       0.99948201886511845     
   26.600000000000001       0.99948137414467031     
   26.670000000000002       0.99940042202184831     
   26.739999999999998       0.99935811134230257     
   26.810000000000002       0.99949681224502551     
   26.879999999999999       0.99908970079336901     
   26.950000000000003       0.99878211430949404     
   27.020000000000003       0.99918152660364989     
   27.090000000000003       0.99927578990890609     
   27.160000000000004       0.99956235738185573     
   27.230000000000000       0.99944646005024385     
   27.300000000000004       0.99933249773848576     
   27.370000000000001       0.99942049066234939     
   27.440000000000005       0.99946532629963691     
   27.510000000000002       0.99924577648301771     
   27.580000000000005       0.99931587441988690     
   27.650000000000002       0.99922073755689766     
   27.720000000000002       0.99935555848531787     
   27.790000000000003       0.99942155288219514     
   27.860000000000003       0.99916262307564008     
   27.930000000000000       0.99955191048289238     
   28.000000000000004       0.99893679984231620     
   28.070000000000000       0.99918455626129610     
   28.140000000000004       0.99926199904951352     
   28.210000000000001       0.99939354484979659     
   28.280000000000005       0.99952557490357663     
   28.350000000000001       0.99941315559415977     
   28.420000000000005       0.99951940102059433     
   28.490000000000002       0.99939065775868152     
   28.560000000000002       0.99945769414774455     
   28.630000000000003       0.99893917679323563     
   28.700000000000003       0.99948021507130880     
   28.770000000000000       0.99954285928847642     
   28.840000000000003       0.99932952532781805     
   28.910000000000000       0.99947849287420543     
   28.980000000000004       0.99906715028656545     
   29.050000000000001       0.99935706568583327     
   29.120000000000005       0.99949283872766692     
   29.190000000000001       0.99946984959312501     
   29.260000000000002       0.99950403330655413     
   29.330000000000002       0.99951436159718321     
   29.400000000000002       0.99930806882885459     
   29.469999999999999       0.99900066045363733     
   29.540000000000003       0.99949340802620501     
   29.609999999999999       0.99941046300619385     
   29.680000000000003       0.99880747331575548     
   29.750000000000000       0.99889874688370206     
   29.820000000000004       0.99932572438622702     
   29.890000000000004       0.99928887477396477     
   29.960000000000001       0.99934009053328476     
   30.030000000000005       0.99914060916648628     
   30.100000000000001       0.99929883706115885     
   30.170000000000005       0.99938721357169624     
   30.240000000000002       0.99909022166962069     
   30.310000000000006       0.99909104468306265     
   30.380000000000003       0.99919912303796288     
   30.450000000000003       0.99941271485179550     
   30.520000000000003       0.99925044168765986     
   30.590000000000003       0.99927348428552454     
   30.660000000000004       0.99929845734997946     
   30.730000000000004       0.99957052128424340     
   30.800000000000001       0.99893741706084560     
   30.870000000000005       0.99925364879431378     
   30.940000000000001       0.99879478967949697     
   31.010000000000005       0.99911472633323195     
   31.080000000000002       0.99922033788455267     
   31.150000000000006       0.99953710262164486     
   31.220000000000002       0.99943020439271513     
   31.290000000000003       0.99925716820669441     
   31.360000000000003       0.99916243345075995     
   31.430000000000003       0.99938437867371854     
   31.500000000000000       0.99956370573849052     
   31.570000000000004       0.99927306646208724     
   31.640000000000001       0.99914697890703985     
   31.710000000000004       0.99901534719570650     
   31.780000000000001       0.99935784755332047     
   31.850000000000005       0.99894952921234315     
   31.920000000000002       0.99956915612918451     
   31.990000000000002       0.99925504660739217     
   32.060000000000002       0.99937961105694062     
   32.130000000000003       0.99940491466627634     
   32.200000000000003       0.99944673762532354     
   32.270000000000003       0.99916848483512388     
   32.340000000000003       0.99932241057305538     
   32.410000000000004       0.99929855206179541     
   32.480000000000004       0.99948176809795941     
   32.550000000000004       0.99903617492279906     
   32.619999999999997       0.99922516153398966     
   32.690000000000005       0.99931547920296016     
   32.759999999999998       0.99938395544316228     
   32.830000000000005       0.99948491345322277     
   32.900000000000006       0.99955854589653315     
   32.970000000000006       0.99940490088621836     
   33.040000000000006       0.99930451487374838     
   33.109999999999999       0.99918641568849920     
   33.180000000000007       0.99946968802734881     
   33.250000000000000       0.99950365331726176     
   33.320000000000007       0.99916960630047225     
   33.390000000000001       0.99943835150642146     
   33.460000000000008       0.99954160295797279     
   33.530000000000001       0.99945395048842933     
   33.600000000000001       0.99906314282124209     
   33.670000000000002       0.99907348398530449     
   33.740000000000002       0.99956570588923932     
   33.810000000000002       0.99941922883207968     
   33.880000000000003       0.99911954305994533     
   33.950000000000003       0.99930846971373366     
   34.020000000000003       0.99889348939580291     
   34.090000000000003       0.99922050995674572     
   34.160000000000004       0.99944543300647282     
   34.230000000000004       0.99921568632124758     
   34.300000000000004       0.99925244267371149     
   34.370000000000005       0.99919539475582153     
   34.440000000000005       0.99947967729355436     
   34.509999999999998       0.99956950082384199     
   34.580000000000005       0.99951191328003419     
   34.649999999999999       0.99950033220856693     
   34.720000000000006       0.99972195853355550     
   34.789999999999999       0.99957737715705774     
   34.860000000000007       0.99920371935325270     
   34.930000000000000       0.99933222574406066     
   35.000000000000007       0.99948422649105551     
   35.070000000000000       0.99947997338491068     
   35.140000000000001       0.99958630572064844     
   35.210000000000001       0.99929543169964419     
   35.280000000000001       0.99926174950715663     
   35.350000000000001       0.99930475477665692     
   35.420000000000002       0.99948501461740613     
   35.490000000000002       0.99953873973689689     
   35.560000000000002       0.99936277302214971     
   35.630000000000003       0.99902578794303432     
   35.700000000000003       0.99923852524616719     
   35.770000000000003       0.99922648725171082     
   35.840000000000003       0.99963475549159930     
   35.910000000000004       0.99929976426623546     
   35.980000000000004       0.99937634651451124     
   36.050000000000004       0.99928977743324732     
   36.120000000000005       0.99942784055019840     
   36.190000000000005       0.99926981287229488     
   36.260000000000005       0.99930922306614889     
   36.330000000000005       0.99904727696260331     
   36.400000000000006       0.99930308229313347     
   36.470000000000006       0.99946833958562786     
   36.539999999999999       0.99916793238593260     
   36.610000000000007       0.99912250549231696     
   36.680000000000000       0.99933453828858132     
   36.750000000000007       0.99919200729946278     
   36.820000000000000       0.99924788297872591     
   36.890000000000008       0.99953656611984121     
   36.960000000000001       0.99898330854017048     
   37.030000000000001       0.99928750865773242     
   37.100000000000001       0.99929558759912385     
   37.170000000000002       0.99913749079106617     
   37.240000000000002       0.99948614737350905     
   37.310000000000002       0.99961463389669725     
   37.380000000000003       0.99937585630643333     
   37.450000000000003       0.99920861792966098     
   37.520000000000003       0.99940722809218607     
   37.590000000000003       0.99916179565282448     
   37.660000000000004       0.99949248924020329     
   37.730000000000004       0.99887447715854738     
   37.800000000000004       0.99915285455861447     
   37.870000000000005       0.99938969293681834     
   37.940000000000005       0.99931327950099591     
   38.010000000000005       0.99930387524946074     
   38.079999999999998       0.99899097414072668     
   38.150000000000006       0.99893510962591225     
   38.219999999999999       0.99947271317566766     
   38.290000000000006       0.99869958015551674     
   38.359999999999999       0.99924649079149219     
   38.430000000000007       0.99935564479468786     
   38.500000000000000       0.99918799176989259     
   38.570000000000000       0.99941906540749148     
   38.640000000000001       0.99958835497661158     
   38.710000000000001       0.99926057694544701     
   38.780000000000001       0.99945390542428525     
   38.850000000000001       0.99950530480189193     
   38.920000000000009       0.99956240028423560     
   38.990000000000002       0.99931018142993500     
   39.060000000000002       0.99942313148390294     
   39.130000000000003       0.99932194607126312     
   39.200000000000003       0.99922239639298061     
   39.270000000000003       0.99927839099315707     
   39.340000000000003       0.99951826555926804     
   39.410000000000004       0.99927584957607796     
   39.480000000000004       0.99914409549465855     
   39.550000000000004       0.99931664665359698     
   39.620000000000005       0.99950088385490610     
   39.690000000000005       0.99929268892571466     
   39.760000000000005       0.99937485861403619     
   39.830000000000005       0.99938633709271130     
   39.900000000000006       0.99947618594271181     
   39.970000000000006       0.99941699301115028     
   40.040000000000006       0.99915296080627913     
   40.109999999999999       0.99922899851490188     
   40.180000000000007       0.99938442797701044     
   40.250000000000000       0.99940023272962664     
   40.320000000000007       0.99954684992993370     
   40.390000000000001       0.99951849721093444     
   40.460000000000008       0.99941406314977788     
   40.530000000000001       0.99920970881152582     
   40.600000000000001       0.99923390706933957     
   40.670000000000002       0.99926028107973175     
   40.740000000000002       0.99916151852343049     
   40.810000000000002       0.99934159412697621     
   40.880000000000003       0.99929866228602449     
   40.950000000000003       0.99914068337139761     
   41.020000000000003       0.99911779999218275     
   41.090000000000003       0.99938289631078547     
   41.160000000000004       0.99913446777346093     
   41.230000000000004       0.99930276484220482     
   41.300000000000004       0.99932270996337247     
   41.370000000000005       0.99940076892941232     
   41.440000000000005       0.99957401596862672     
   41.509999999999998       0.99952816142317547     
   41.580000000000005       0.99933130467295916     
   41.649999999999999       0.99909450100638608     
   41.720000000000006       0.99937702400861284     
   41.789999999999999       0.99927019731869771     
   41.860000000000007       0.99941258094993113     
   41.930000000000007       0.99914878268605889     
   42.000000000000000       0.99948871662403083     
   42.070000000000007       0.99915533407629709     
   42.140000000000001       0.99923451617224257     
   42.210000000000008       0.99926862990089227     
   42.280000000000001       0.99951017105967277     
   42.350000000000009       0.99945788445417694     
   42.420000000000002       0.99906227411744908     
   42.490000000000009       0.99917914520357443     
   42.560000000000002       0.99939152108114360     
   42.630000000000003       0.99923658578931285     
   42.700000000000003       0.99919076492629644     
   42.770000000000003       0.99929438592585385     
   42.840000000000003       0.99905917182813631     
   42.910000000000004       0.99910846960349486     
   42.980000000000004       0.99876430450237985     
   43.050000000000004       0.99927861986709976     
   43.120000000000005       0.99910406812013741     
   43.190000000000005       0.99920334465961413     
   43.260000000000005       0.99959490753549929     
   43.330000000000005       0.99950332000897046     
   43.400000000000006       0.99944034321552444     
   43.470000000000006       0.99896949083045228     
   43.539999999999999       0.99946160606204182     
   43.610000000000007       0.99921046057580043     
   43.680000000000000       0.99895840685832449     
   43.750000000000007       0.99919389488726063     
   43.820000000000000       0.99931614848716777     
   43.890000000000008       0.99950831449672095     
   43.960000000000001       0.99929051278430425     
   44.030000000000001       0.99898096120664792     
   44.100000000000001       0.99956701616844001     
   44.170000000000002       0.99925312244318298     
   44.240000000000002       0.99920077840118571     
   44.310000000000002       0.99916141006313908     
   44.380000000000003       0.99915834391222802     
   44.450000000000003       0.99927973997163611     
   44.520000000000003       0.99920462510318653     
   44.590000000000003       0.99919811968355932     
   44.660000000000004       0.99948514972636526     
   44.730000000000004       0.99941533379266012     
   44.800000000000004       0.99917903817796205     
   44.870000000000005       0.99922863474959100     
   44.940000000000005       0.99938501846145700     
   45.010000000000005       0.99903924253136644     
   45.080000000000005       0.99823179335427958     
   45.150000000000006       0.99926890668518809     
   45.219999999999999       0.99896364392863046     
   45.290000000000006       0.99931491466407185     
   45.360000000000007       0.99910166503044817     
   45.430000000000007       0.99924863608062875     
   45.500000000000000       0.99930279071717265     
   45.570000000000000       0.99925164291874680     
   45.640000000000008       0.99880795847734416     
   45.710000000000008       0.99933128317453068     
   45.780000000000001       0.99895764307853507     
   45.850000000000001       0.99900923625487625     
   45.920000000000009       0.99914617109379833     
   45.990000000000009       0.99881158414797899     
   46.060000000000002       0.99918163420825556     
   46.130000000000003       0.99913514636469780     
   46.200000000000003       0.99915556190468691     
   46.270000000000010       0.99917051580515437     
   46.340000000000003       0.99932251474732914     
   46.410000000000004       0.99912519759932028     
   46.480000000000004       0.99929579651211253     
   46.550000000000004       0.99911373525064051     
   46.619999999999997       0.99892358309829921     
   46.690000000000005       0.99930618603703536     
   46.760000000000005       0.99919231032707201     
   46.830000000000005       0.99922008416711039     
   46.899999999999999       0.99915273764929191     
   46.969999999999999       0.99953389657248470     
   47.040000000000006       0.99914246434371179     
   47.110000000000007       0.99858350347629599     
   47.180000000000000       0.99923643724738520     
   47.250000000000000       0.99936673684705135     
   47.320000000000007       0.99945282914551037     
   47.390000000000008       0.99929139153746704     
   47.460000000000001       0.99927291407141750     
   47.530000000000001       0.99914549854184964     
   47.600000000000001       0.99922661543160873     
   47.670000000000009       0.99926750637831452     
   47.740000000000002       0.99933247302254891     
   47.810000000000002       0.99930020406601949     
   47.880000000000003       0.99936657550438268     
   47.950000000000010       0.99907122969488760     
   48.020000000000010       0.99915675792665359     
   48.090000000000003       0.99923734732907710     
   48.160000000000004       0.99903534754790602     
   48.230000000000004       0.99922685328691485     
   48.300000000000011       0.99928298579044583     
   48.370000000000005       0.99922003437447837     
   48.440000000000005       0.99935723912534480     
   48.510000000000005       0.99927639919542499     
   48.580000000000005       0.99935003712824977     
   48.649999999999999       0.99907069888665734     
   48.720000000000006       0.99935668572540715     
   48.790000000000006       0.99923072465483753     
   48.860000000000007       0.99902344949978239     
   48.930000000000000       0.99913372579912962     
   49.000000000000000       0.99915065985506113     
   49.070000000000007       0.99913969652075252     
   49.140000000000008       0.99922593327491693     
   49.210000000000001       0.99933003517575814     
   49.280000000000001       0.99893444802589704     
   49.350000000000009       0.99886209114015179     
   49.420000000000009       0.99848142188181332     
   49.490000000000002       0.99890824003129186     
   49.560000000000002       0.99954563601702562     
   49.630000000000003       0.99923700562385875     
   49.700000000000010       0.99912377177661460     
   49.770000000000003       0.99906948948860119     
   49.840000000000003       0.99903519233177762     
   49.910000000000004       0.99953442847487584     
   49.980000000000004       0.99915197440750658     
   50.049999999999997       0.99963290425698836     
   50.120000000000005       0.99915127425858186     
   50.190000000000005       0.99892025094893488     
   50.260000000000005       0.99933354703072019     
   50.329999999999998       0.99913096259395651     
   50.399999999999999       0.99920716515773433     
   50.470000000000006       0.99911176086056197     
   50.540000000000006       0.99926345487930635     
   50.609999999999999       0.99931566489272217     
   50.680000000000000       0.99948286644727280     
   50.750000000000007       0.99922273177751741     
   50.820000000000007       0.99898082903977492     
   50.890000000000008       0.99912019442722944     
   50.960000000000001       0.99916285207868161     
   51.030000000000001       0.99915880430340021     
   51.100000000000009       0.99929085446797783     
   51.170000000000009       0.99894933202232095     
   51.240000000000002       0.99904378162621277     
   51.310000000000002       0.99929770130057860     
   51.380000000000010       0.99934827645745405     
   51.450000000000010       0.99914774360162595     
   51.520000000000003       0.99930134725761033     
   51.590000000000003       0.99947004720481836     
   51.660000000000004       0.99929830976261957     
   51.730000000000011       0.99894729911286351     
   51.800000000000004       0.99910973015693660     
   51.870000000000005       0.99946276768858189     
   51.940000000000005       0.99943422745962418     
   52.010000000000005       0.99913648534232191     
   52.079999999999998       0.99931469752594049     
   52.150000000000006       0.99914401572273992     
   52.220000000000006       0.99854935755971685     
   52.290000000000006       0.99898641269821076     
   52.359999999999999       0.99916270385142980     
   52.430000000000000       0.99950677116195741     
   52.500000000000007       0.99922857579810931     
   52.570000000000007       0.99918162006723421     
   52.640000000000001       0.99930835388195605     
   52.710000000000001       0.99921919535662329     
   52.780000000000008       0.99918819028986228     
   52.850000000000009       0.99920003175454097     
   52.920000000000002       0.99876425418145498     
   52.990000000000002       0.99941374934576632     
   53.060000000000002       0.99925966525507615     
   53.130000000000010       0.99883542618322130     
   53.200000000000003       0.99905002363427953     
   53.270000000000003       0.99906034537895261     
   53.340000000000003       0.99913819714555985     
   53.410000000000011       0.99920495487900840     
   53.479999999999997       0.99914335194840420     
   53.550000000000004       0.99912393164144953     
   53.620000000000005       0.99951459855415070     
   53.690000000000005       0.99923216249229652     
   53.759999999999998       0.99923588149751441     
   53.830000000000005       0.99914330602522605     
   53.900000000000006       0.99940609128905045     
   53.970000000000006       0.99917174338527692     
   54.040000000000006       0.99926624984609480     
   54.109999999999999       0.99939919955425804     
   54.180000000000007       0.99933911147127941     
   54.250000000000007       0.99939479115723018     
   54.320000000000007       0.99911794598728076     
   54.390000000000001       0.99911959237948322     
   54.460000000000001       0.99937088174757838     
   54.530000000000008       0.99915204676018832     
   54.600000000000009       0.99923248140889753     
   54.670000000000002       0.99944209569910736     
   54.740000000000002       0.99914958977002510     
   54.810000000000009       0.99919418259928916     
   54.880000000000010       0.99928218129147695     
   54.950000000000003       0.99938663426899244     
   55.020000000000003       0.99903432918664536     
   55.090000000000003       0.99919254288602022     
   55.160000000000011       0.99939302424954135     
   55.230000000000004       0.99931088516008038     
   55.300000000000004       0.99905443168710784     
   55.370000000000005       0.99924281021271477     
   55.440000000000005       0.99899281300300269     
   55.509999999999998       0.99904403820769894     
   55.580000000000005       0.99940244103199627     
   55.650000000000006       0.99911740815990813     
   55.720000000000006       0.99945058144452148     
   55.789999999999999       0.99916270030591814     
   55.859999999999999       0.99889534230568000     
   55.930000000000007       0.99933685193536459     
   56.000000000000007       0.99913438002251775     
   56.070000000000000       0.99880413728529538     
   56.140000000000001       0.99926802486267319     
   56.210000000000008       0.99877704187117955     
   56.280000000000008       0.99941022368161270     
   56.350000000000001       0.99903615862411332     
   56.420000000000002       0.99922662206235413     
   56.490000000000002       0.99928870946698489     
   56.560000000000009       0.99905991525236459     
   56.630000000000003       0.99929870823913425     
   56.700000000000003       0.99902519668662171     
   56.770000000000003       0.99935243314494582     
   56.840000000000011       0.99923754146428190     
   56.910000000000011       0.99932631820413420     
   56.980000000000004       0.99927126079863760     
   57.050000000000004       0.99899665341158461     
   57.120000000000005       0.99937538945061344     
   57.190000000000012       0.99913393673396889     
   57.260000000000005       0.99876878786993872     
   57.330000000000005       0.99908353456456511     
   57.400000000000006       0.99891964588790416     
   57.470000000000006       0.99903607628113855     
   57.539999999999999       0.99914304760126094     
   57.610000000000007       0.99923436662001408     
   57.680000000000007       0.99882349826263916     
   57.750000000000007       0.99898631734679044     
   57.820000000000000       0.99921485084033024     
   57.890000000000001       0.99922543207592340     
   57.960000000000008       0.99916850366532728     
   58.030000000000008       0.99907771661043887     
   58.100000000000001       0.99932662078296419     
   58.170000000000002       0.99923207796601232     
   58.240000000000009       0.99907733856261283     
   58.310000000000009       0.99910501217867742     
   58.380000000000003       0.99917057505823470     
   58.450000000000003       0.99937225332319279     
   58.520000000000003       0.99904162822171128     
   58.590000000000011       0.99910265127477293     
   58.660000000000004       0.99927263471373251     
   58.730000000000004       0.99878879974845503     
   58.800000000000004       0.99897042905160138     
   58.870000000000012       0.99918370713389193     
   58.939999999999998       0.99904101301140069     
   59.010000000000005       0.99922264746303080     
   59.080000000000005       0.99884221196764689     
   59.150000000000006       0.99940146182769396     
   59.219999999999999       0.99908019302794993     
   59.290000000000006       0.99913110748096645     
   59.360000000000007       0.99919566081688116     
   59.430000000000007       0.99958405514928206     
   59.500000000000000       0.99920735077094713     
   59.570000000000000       0.99879032205391882     
   59.640000000000008       0.99897371632870313     
   59.710000000000008       0.99904560554081612     
   59.780000000000008       0.99898944896503694     
   59.850000000000001       0.99897287803003942     
   59.920000000000002       0.99931786165451686     
   59.990000000000009       0.99913097922885941     
   60.060000000000009       0.99930464771413630     
   60.130000000000003       0.99927239372361898     
   60.200000000000003       0.99922113488775377     
   60.270000000000010       0.99900129513178604     
   60.340000000000011       0.99922419360797565     
   60.410000000000004       0.99926723518479221     
   60.480000000000004       0.99893382086338345     
   60.550000000000004       0.99936954105904630     
   60.620000000000012       0.99895202733808541     
   60.690000000000005       0.99906971716076443     
   60.760000000000005       0.99911930722639530     
   60.830000000000005       0.99866116183781795     
   60.900000000000006       0.99892333319719717     
   60.969999999999999       0.99872405594462410     
   61.040000000000006       0.99906555905878125     
   61.110000000000007       0.99868019554391652     
   61.180000000000007       0.99931006403288469     
   61.250000000000000       0.99925854205854170     
   61.320000000000007       0.99933180201272231     
   61.390000000000008       0.99891454156632509     
   61.460000000000008       0.99915806364692061     
   61.530000000000001       0.99911727881919832     
   61.600000000000001       0.99953470945029155     
   61.670000000000009       0.99922673504755877     
   61.740000000000009       0.99901606877472282     
   61.810000000000002       0.99940849754057881     
   61.880000000000003       0.99936977806592253     
   61.950000000000003       0.99912718851088078     
   62.020000000000010       0.99937702827694086     
   62.090000000000003       0.99909538132814080     
   62.160000000000004       0.99884994466165244     
   62.230000000000004       0.99902255934145612     
   62.300000000000011       0.99930019972524142     
   62.369999999999997       0.99939263261496725     
   62.440000000000005       0.99925904971097246     
   62.510000000000005       0.99907077764411700     
   62.580000000000005       0.99917630854327455     
   62.649999999999999       0.99918023439541026     
   62.720000000000006       0.99910750512707669     
   62.790000000000006       0.99925782687566045     
   62.860000000000007       0.99890824852163862     
   62.930000000000007       0.99870460465967348     
   63.000000000000000       0.99927447985048312     
   63.070000000000007       0.99934898969362507     
   63.140000000000008       0.99928917039168141     
   63.210000000000008       0.99917512564361577     
   63.280000000000001       0.99907836425944629     
   63.350000000000001       0.99887469444657162     
   63.420000000000009       0.99938152656845014     
   63.490000000000009       0.99916745185700351     
   63.560000000000002       0.99931199984402419     
   63.630000000000003       0.99913846522612437     
   63.700000000000010       0.99913147135735059     
   63.770000000000010       0.99933115725417787     
   63.840000000000003       0.99883949366392022     
   63.910000000000004       0.99946305525993240     
   63.980000000000004       0.99924310217878221     
   64.050000000000011       0.99927849763318632     
   64.120000000000005       0.99934131665170123     
   64.189999999999998       0.99912710363847779     
   64.260000000000005       0.99902449453051290     
   64.330000000000013       0.99926457536516622     
   64.400000000000006       0.99925049052498160     
   64.469999999999999       0.99888223499436091     
   64.540000000000006       0.99926087676756703     
   64.610000000000014       0.99901571643355203     
   64.680000000000007       0.99940506214538027     
   64.750000000000000       0.99900681182831574     
   64.820000000000007       0.99914434245897066     
   64.890000000000015       0.99903085016172932     
   64.960000000000008       0.99900973221966349     
   65.030000000000001       0.99915374692074999     
   65.100000000000009       0.99899630125548700     
   65.170000000000002       0.99907700203520655     
   65.239999999999995       0.99938860397825824     
   65.310000000000002       0.99919421799516306     
   65.380000000000010       0.99940609518885704     
   65.450000000000003       0.99929016520429059     
   65.519999999999996       0.99932646583588447     
   65.590000000000003       0.99901907256216271     
   65.660000000000011       0.99915359103305834     
   65.730000000000004       0.99930404738483236     
   65.800000000000011       0.99924586353568234     
   65.870000000000005       0.99921883361386321     
   65.940000000000012       0.99941355872917315     
   66.010000000000005       0.99940708804576728     
   66.080000000000013       0.99924191177329547     
   66.150000000000006       0.99895153761094246     
   66.219999999999999       0.99917186846875383     
   66.290000000000006       0.99942405968178682     
   66.360000000000014       0.99954418422042102     
   66.430000000000007       0.99922986043330297     
   66.500000000000000       0.99936098749100433     
   66.570000000000007       0.99901604252691190     
   66.640000000000015       0.99941928176743466     
   66.710000000000008       0.99932959951447475     
   66.780000000000001       0.99924040183910734     
   66.850000000000009       0.99929928644005395     
   66.920000000000016       0.99913729126827777     
   66.990000000000009       0.99911254813279760     
   67.060000000000002       0.99919450162965195     
   67.130000000000010       0.99939205386676522     
   67.200000000000003       0.99896670374625385     
   67.269999999999996       0.99934131932521608     
   67.340000000000003       0.99918926032910271     
   67.410000000000011       0.99892631395814968     
   67.480000000000004       0.99932603858010149     
   67.549999999999997       0.99900464193679817     
   67.620000000000005       0.99913806218646151     
   67.690000000000012       0.99911323201208313     
   67.760000000000005       0.99938260526179912     
   67.829999999999998       0.99921679807206509     
   67.900000000000006       0.99946383155709284     
   67.970000000000013       0.99936852454881220     
   68.040000000000006       0.99905946600853179     
   68.109999999999999       0.99963438571646657     
   68.180000000000007       0.99922502987665174     
   68.250000000000000       0.99922981511115949     
   68.320000000000007       0.99937649691090580     
   68.390000000000001       0.99942247677674934     
   68.460000000000008       0.99943678515251877     
   68.530000000000001       0.99921351247655366     
   68.600000000000009       0.99928417753972776     
   68.670000000000002       0.99916691833395288     
   68.740000000000009       0.99904615432528865     
   68.810000000000002       0.99894693688055269     
   68.880000000000010       0.99909110377676669     
   68.950000000000017       0.99903479106822823     
   69.019999999999996       0.99909451545747330     
   69.090000000000003       0.99909186536823880     
   69.160000000000011       0.99931579284438077     
   69.230000000000004       0.99910537242807818     
   69.299999999999997       0.99905283325907590     
   69.370000000000005       0.99895409915707967     
   69.440000000000012       0.99900481754935522     
   69.510000000000005       0.99898574916061911     
   69.579999999999998       0.99948817292725645     
   69.650000000000006       0.99873088031069457     
   69.720000000000013       0.99917482450670980     
   69.790000000000006       0.99898125991155551     
   69.859999999999999       0.99927741646395796     
   69.930000000000007       0.99915071498256980     
   70.000000000000014       0.99917296069433137     
   70.070000000000007       0.99907789183777307     
   70.140000000000001       0.99918149514118948     
   70.210000000000008       0.99884413963906615     
   70.280000000000001       0.99930392427417780     
   70.350000000000009       0.99906157839870735     
   70.420000000000002       0.99912653112424532     
   70.490000000000009       0.99889298791422865     
   70.560000000000002       0.99929400034622418     
   70.630000000000010       0.99939792662478721     
   70.700000000000003       0.99921734701272513     
   70.770000000000010       0.99904039635132069     
   70.840000000000003       0.99927281219497099     
   70.910000000000011       0.99903763173689408     
   70.980000000000004       0.99910868910384310     
   71.049999999999997       0.99889300124095348     
   71.120000000000005       0.99930656217447622     
   71.190000000000012       0.99900713339463398     
   71.260000000000005       0.99903999670221988     
   71.329999999999998       0.99900922669204073     
   71.400000000000006       0.99903901682114871     
   71.470000000000013       0.99899164445970878     
   71.540000000000006       0.99881779742646171     
   71.609999999999999       0.99903365892538210     
   71.680000000000007       0.99940010867596907     
   71.750000000000014       0.99925076479441577     
   71.820000000000007       0.99899376030869613     
   71.890000000000001       0.99926251763512330     
   71.960000000000008       0.99910292323096461     
   72.030000000000015       0.99900298199820248     
   72.100000000000009       0.99866795081025539     
   72.170000000000002       0.99931106050296192     
   72.240000000000009       0.99927678920743046     
   72.310000000000002       0.99942334256292742     
   72.380000000000010       0.99895550380359210     
   72.450000000000003       0.99918358413958908     
   72.520000000000010       0.99910670803754709     
   72.590000000000003       0.99893081295215547     
   72.660000000000011       0.99938847445302559     
   72.730000000000004       0.99869379782694634     
   72.800000000000011       0.99894228800795493     
   72.870000000000005       0.99912543089462325     
   72.940000000000012       0.99933577997312950     
   73.010000000000005       0.99933332290129273     
   73.079999999999998       0.99903561352473713     
   73.150000000000006       0.99924728728130052     
   73.220000000000013       0.99906778224228110     
   73.290000000000006       0.99898816967786142     
   73.359999999999999       0.99917327750958673     
   73.430000000000007       0.99938747589197097     
   73.500000000000014       0.99954811943197053     
   73.570000000000007       0.99899821012345147     
   73.640000000000001       0.99914751510506561     
   73.710000000000008       0.99925356808698140     
   73.780000000000015       0.99938665866834508     
   73.850000000000009       0.99917631177781274     
   73.920000000000002       0.99919567444039137     
   73.990000000000009       0.99936392304104404     
   74.060000000000002       0.99904839611337826     
   74.129999999999995       0.99887128430928551     
   74.200000000000003       0.99915798279945500     
   74.270000000000010       0.99926374296872189     
   74.340000000000003       0.99879182051269855     
   74.409999999999997       0.99883920330203035     
   74.480000000000004       0.99920724393378879     
   74.550000000000011       0.99943496003727694     
   74.620000000000005       0.99902078766514324     
   74.690000000000012       0.99872655289918388     
   74.760000000000005       0.99918931411441503     
   74.830000000000013       0.99930578708761386     
   74.900000000000006       0.99940848935540150     
   74.970000000000013       0.99914522296394981     
   75.040000000000006       0.99894189663733091     
   75.109999999999999       0.99943325728328181     
   75.180000000000007       0.99923499434152219     
   75.250000000000014       0.99911949919680521     
   75.320000000000007       0.99915156429362395     
   75.390000000000001       0.99917505567316689     
   75.460000000000008       0.99913946384655195     
   75.530000000000015       0.99926784564455695     
   75.600000000000009       0.99900626572232187     
   75.670000000000002       0.99900074365797931     
   75.740000000000009       0.99909259778107284     
   75.810000000000016       0.99897631151198862     
   75.880000000000010       0.99922568571694459     
   75.950000000000003       0.99955122299663857     
   76.020000000000010       0.99929481971937317     
   76.090000000000003       0.99917410988191191     
   76.159999999999997       0.99900392891813339     
   76.230000000000004       0.99936362822730562     
   76.300000000000011       0.99932084823155343     
   76.370000000000005       0.99906955124333741     
   76.439999999999998       0.99940739167444803     
   76.510000000000005       0.99909428065251782     
   76.580000000000013       0.99887506327846798     
   76.650000000000006       0.99941003659182492     
   76.719999999999999       0.99931539560495930     
   76.790000000000006       0.99892565591003313     
   76.860000000000014       0.99916784571884443     
   76.930000000000007       0.99931411336284270     
   77.000000000000000       0.99902270318080755     
   77.070000000000007       0.99914854568797584     
   77.140000000000001       0.99942417551001805     
   77.210000000000008       0.99933831635941672     
   77.280000000000001       0.99917332182275553     
   77.350000000000009       0.99915423364355260     
   77.420000000000002       0.99952604165143766     
   77.490000000000009       0.99902551308514187     
   77.560000000000002       0.99925535204586968     
   77.630000000000010       0.99922054569851126     
   77.700000000000003       0.99943229395432009     
   77.770000000000010       0.99913323900334416     
   77.840000000000018       0.99894482197872658     
   77.910000000000011       0.99910197945853096     
   77.980000000000004       0.99931086869401875     
   78.050000000000011       0.99917243549817636     
   78.120000000000005       0.99862770769332088     
   78.189999999999998       0.99918794011437095     
   78.260000000000005       0.99944281267899104     
   78.330000000000013       0.99917084589042626     
   78.400000000000006       0.99938595933874053     
   78.469999999999999       0.99877135106541537     
   78.540000000000006       0.99915276167287859     
   78.610000000000014       0.99914470517252651     
   78.680000000000007       0.99911264465454186     
   78.750000000000000       0.99929918704022802     
   78.820000000000007       0.99889429780830485     
   78.890000000000015       0.99927572118690766     
   78.960000000000008       0.99909185662498889     
   79.030000000000001       0.99898749358515371     
   79.100000000000009       0.99912473661953338     
   79.170000000000002       0.99920421486995492     
   79.240000000000009       0.99864788499909463     
   79.310000000000002       0.99887005481039159     
   79.380000000000010       0.99948753442093197     
   79.450000000000003       0.99909958982123803     
   79.520000000000010       0.99898300177255461     
   79.590000000000003       0.99913725719993596     
   79.660000000000011       0.99942335008829575     
   79.730000000000004       0.99912409755045184     
   79.800000000000011       0.99921527135101729     
   79.870000000000005       0.99892558638279561     
   79.940000000000012       0.99905536755705693     
   80.010000000000005       0.99925591657649948     
   80.080000000000013       0.99905121466217872     
   80.150000000000006       0.99806854656242439     
   80.219999999999999       0.99872309668644832     
   80.290000000000006       0.99904115573410690     
   80.360000000000014       0.99888147174089981     
   80.430000000000007       0.99878577912880850     
   80.500000000000000       0.99910397688557884     
   80.570000000000007       0.99867952523384018     
   80.640000000000015       0.99924515774676248     
   80.710000000000008       0.99910599863464866     
   80.780000000000001       0.99888599487807117     
   80.850000000000009       0.99889365522005691     
   80.920000000000016       0.99917249269392905     
   80.990000000000009       0.99941426048759130     
   81.060000000000002       0.99889611747342011     
   81.130000000000010       0.99902472970439082     
   81.200000000000003       0.99932341882967002     
   81.270000000000010       0.99920452848266883     
   81.340000000000003       0.99928864953345586     
   81.410000000000011       0.99912816273591409     
   81.480000000000004       0.99915592066520087     
   81.550000000000011       0.99944116406413308     
   81.620000000000005       0.99886627981907172     
   81.690000000000012       0.99943379913216290     
   81.760000000000005       0.99925766139760719     
   81.830000000000013       0.99927083073004153     
   81.900000000000006       0.99907263650827338     
   81.969999999999999       0.99910534429137021     
   82.040000000000006       0.99933313963769743     
   82.110000000000014       0.99920431929276199     
   82.180000000000007       0.99890706589627676     
   82.250000000000000       0.99911918171054970     
   82.320000000000007       0.99924999173897200     
   82.390000000000015       0.99896156565136018     
   82.460000000000008       0.99909774427828746     
   82.530000000000001       0.99877072927636523     
   82.600000000000009       0.99908890497070346     
   82.670000000000016       0.99917791632994013     
   82.740000000000009       0.99933202413380395     
   82.810000000000002       0.99912254211895890     
   82.880000000000010       0.99931899992261042     
   82.950000000000017       0.99889614503133395     
   83.019999999999996       0.99903676714430167     
   83.090000000000003       0.99901305263858342     
   83.160000000000011       0.99912822959477521     
   83.230000000000004       0.99929833499839105     
   83.299999999999997       0.99898441198796228     
   83.370000000000005       0.99905450202627621     
   83.440000000000012       0.99885039923615693     
   83.510000000000005       0.99897661117764525     
   83.579999999999998       0.99886115439575252     
   83.650000000000006       0.99895271664665075     
   83.720000000000013       0.99929650314425889     
   83.790000000000006       0.99873788788899898     
   83.860000000000014       0.99850253236258590     
   83.930000000000007       0.99917982700313401     
   84.000000000000000       0.99903385966521341     
   84.070000000000007       0.99913228379784336     
   84.140000000000015       0.99927690256572110     
   84.210000000000008       0.99920038324091209     
   84.280000000000001       0.99937640872761357     
   84.350000000000009       0.99895001970039021     
   84.420000000000016       0.99931037004497891     
   84.490000000000009       0.99901099741360910     
   84.560000000000002       0.99890164183600116     
   84.630000000000010       0.99936849787562509     
   84.700000000000017       0.99888657999924513     
   84.770000000000010       0.99905545914702509     
   84.840000000000003       0.99911203048223685     
   84.910000000000011       0.99914072239241558     
   84.980000000000018       0.99911970205023526     
   85.049999999999997       0.99921019554929180     
   85.120000000000005       0.99883929347179601     
   85.190000000000012       0.99879465389743205     
   85.260000000000005       0.99950525345613606     
   85.329999999999998       0.99895046484543670     
   85.400000000000006       0.99918157000727659     
   85.470000000000013       0.99897290648019288     
   85.540000000000006       0.99858866957661896     
   85.609999999999999       0.99920162166197424     
   85.680000000000007       0.99894076465760973     
   85.750000000000014       0.99928645133470428     
   85.820000000000007       0.99916628563824328     
   85.890000000000001       0.99920814991840401     
   85.960000000000008       0.99927451071321605     
   86.030000000000001       0.99887370814163068     
   86.100000000000009       0.99934311886917915     
   86.170000000000002       0.99918287630032376     
   86.240000000000009       0.99899473591472621     
   86.310000000000002       0.99915633720964570     
   86.380000000000010       0.99904810782985654     
   86.450000000000003       0.99933834486814399     
   86.520000000000010       0.99893435660180241     
   86.590000000000003       0.99888564440240146     
   86.660000000000011       0.99920385472807194     
   86.730000000000018       0.99899402005845450     
   86.800000000000011       0.99881786229510339     
   86.870000000000005       0.99881241960437173     
   86.940000000000012       0.99853002559299819     
   87.010000000000005       0.99880238694487178     
   87.079999999999998       0.99894178513179521     
   87.150000000000006       0.99879873911036987     
   87.220000000000013       0.99898186226077690     
   87.290000000000006       0.99891152766444258     
   87.359999999999999       0.99882497655169533     
   87.430000000000007       0.99872372727400527     
   87.500000000000014       0.99888851949746482     
   87.570000000000007       0.99926599166559493     
   87.640000000000001       0.99887050440901115     
   87.710000000000008       0.99902393150514079     
   87.780000000000015       0.99892862691324957     
   87.850000000000009       0.99923521795057602     
   87.920000000000002       0.99894049840421761     
   87.990000000000009       0.99918050404268022     
   88.060000000000002       0.99907075706612680     
   88.130000000000010       0.99924302091769790     
   88.200000000000003       0.99860442478141753     
   88.270000000000010       0.99915613895582400     
   88.340000000000003       0.99888996615243530     
   88.410000000000011       0.99854016106756371     
   88.480000000000004       0.99919856687105346     
   88.550000000000011       0.99897582911204075     
   88.620000000000005       0.99900699255441439     
   88.690000000000012       0.99936508507440214     
   88.760000000000005       0.99909481601681815     
   88.830000000000013       0.99914930692858694     
   88.900000000000006       0.99910982330056486     
   88.970000000000013       0.99936115172258877     
   89.040000000000006       0.99897658137801970     
   89.109999999999999       0.99922900675425586     
   89.180000000000007       0.99919455644729904     
   89.250000000000014       0.99925009888949923     
   89.320000000000007       0.99847879098159897     
   89.390000000000001       0.99888424910188578     
   89.460000000000008       0.99935365838395074     
   89.530000000000015       0.99892993227074778     
   89.600000000000009       0.99938731767576217     
   89.670000000000002       0.99867917893947999     
   89.740000000000009       0.99861583509534602     
   89.810000000000016       0.99932240756441992     
   89.880000000000010       0.99897753156757518     
   89.950000000000003       0.99876704774163050     
   90.020000000000010       0.99936258394233946     
   90.090000000000003       0.99939217512318612     
   90.160000000000011       0.99884504974797073     
   90.230000000000004       0.99882107073043847     
   90.300000000000011       0.99896508714221077     
   90.370000000000005       0.99929722057889026     
   90.439999999999998       0.99888299129281866     
   90.510000000000005       0.99918864635616556     
   90.580000000000013       0.99915592517913598     
   90.650000000000006       0.99907190616410801     
   90.720000000000013       0.99934943728097281     
   90.790000000000020       0.99918731496490298     
   90.860000000000014       0.99939121812585574     
   90.929999999999993       0.99904153205478718     
   91.000000000000000       0.99919588604976262     
   91.070000000000007       0.99897332916469450     
   91.140000000000001       0.99905658135226150     
   91.210000000000008       0.99905302685605757     
   91.280000000000015       0.99903137031274680     
   91.350000000000009       0.99892289419312574     
   91.420000000000016       0.99881808275426653     
   91.489999999999995       0.99901809853477097     
   91.560000000000002       0.99888062691974866     
   91.630000000000010       0.99927645922585007     
   91.700000000000003       0.99914421203353943     
   91.770000000000010       0.99900574576572443     
   91.840000000000018       0.99878414043935781     
   91.910000000000011       0.99922091283605241     
   91.980000000000018       0.99900510939222653     
   92.049999999999997       0.99900726658845773     
   92.120000000000005       0.99887917101708656     
   92.189999999999998       0.99916358814496486     
   92.260000000000005       0.99884904556791454     
   92.330000000000013       0.99913742441004383     
   92.400000000000006       0.99861532231491157     
   92.470000000000013       0.99903203632673010     
   92.540000000000020       0.99924575926810044     
   92.610000000000014       0.99930131288742885     
   92.680000000000007       0.99907099605833305     
   92.750000000000000       0.99906654005993667     
   92.820000000000007       0.99863609373275930     
   92.890000000000001       0.99892889317637090     
   92.960000000000008       0.99922951759606082     
   93.030000000000015       0.99914379073258275     
   93.100000000000009       0.99881422723821478     
   93.170000000000016       0.99869247498518465     
   93.239999999999995       0.99894586944542330     
   93.310000000000002       0.99886647955754448     
   93.380000000000010       0.99900866821479350     
   93.450000000000003       0.99917013918892816     
   93.520000000000010       0.99798292677171485     
   93.590000000000018       0.99913428135387750     
   93.660000000000011       0.99879101433162565     
   93.730000000000018       0.99886282323787801     
   93.799999999999997       0.99946094820645082     
   93.870000000000005       0.99877503097074771     
   93.939999999999998       0.99926696699689310     
   94.010000000000005       0.99891351367283032     
   94.080000000000013       0.99902537218687559     
   94.150000000000006       0.99880043003017682     
   94.220000000000013       0.99882765769723614     
   94.290000000000020       0.99921765896476999     
   94.359999999999999       0.99924055377806442     
   94.430000000000007       0.99908980159836114     
   94.500000000000000       0.99880725536866732     
   94.570000000000007       0.99910004733780611     
   94.640000000000015       0.99849252488978546     
   94.710000000000008       0.99877634298934048     
   94.780000000000015       0.99881206920702181     
   94.850000000000023       0.99859643065268078     
   94.920000000000002       0.99926960706920154     
   94.989999999999995       0.99866079895135762     
   95.060000000000002       0.99888855543576860     
   95.130000000000010       0.99902646241532045     
   95.200000000000003       0.99854465225987721     
   95.270000000000010       0.99862546016208587     
   95.340000000000018       0.99834409031681792     
   95.410000000000011       0.99908808113378578     
   95.480000000000004       0.99913189892390863     
   95.549999999999997       0.99883772173364493     
   95.620000000000005       0.99859428460045063     
   95.690000000000012       0.99920030054494458     
   95.760000000000005       0.99903620593209741     
   95.830000000000013       0.99885128750636398     
   95.900000000000020       0.99888291439490329     
   95.970000000000013       0.99919571339021751     
   96.040000000000020       0.99792201112220658     
   96.109999999999999       0.99894007657864869     
   96.180000000000007       0.99874101570149376     
   96.250000000000000       0.99937694870778271     
   96.320000000000007       0.99871313271198559     
   96.390000000000015       0.99850510596760345     
   96.460000000000008       0.99903491682999246     
   96.530000000000015       0.99919208544122251     
   96.600000000000023       0.99924187056772418     
   96.670000000000002       0.99903569181047869     
   96.740000000000009       0.99940575592316372     
   96.810000000000002       0.99892881502954767     
   96.880000000000010       0.99871166629652330     
   96.950000000000003       0.99873958376578686     
   97.020000000000010       0.99883281222180165     
   97.090000000000018       0.99876797211436952     
   97.160000000000011       0.99857322575738261     
   97.230000000000004       0.99894963463396835     
   97.299999999999997       0.99912232400033585     
   97.370000000000005       0.99900032899061142     
   97.440000000000012       0.99923088187024078     
   97.510000000000005       0.99883328432794527     
   97.580000000000013       0.99886089071011952     
   97.650000000000020       0.99915339636981215     
   97.720000000000013       0.99905675816672557     
   97.789999999999992       0.99926008819750034     
   97.859999999999999       0.99876021014487648     
   97.930000000000007       0.99914078819588803     
   98.000000000000000       0.99930904742889648     
   98.070000000000007       0.99908365821857192     
   98.140000000000015       0.99899954545806247     
   98.210000000000008       0.99859120098838727     
   98.280000000000015       0.99911614160008000     
   98.349999999999994       0.99851487928321114     
   98.420000000000002       0.99882585237434052     
   98.490000000000009       0.99917461866443602     
   98.560000000000002       0.99883876116374082     
   98.630000000000010       0.99910544373760712     
   98.700000000000017       0.99896118425422520     
   98.770000000000010       0.99918898897269948     
   98.840000000000018       0.99864697147123749     
   98.910000000000025       0.99909010521941510     
   98.980000000000004       0.99864788059957166     
   99.049999999999997       0.99922005459837426     
   99.120000000000005       0.99908317935817914     
   99.190000000000012       0.99899698886010302     
   99.260000000000005       0.99911691025258320     
   99.330000000000013       0.99907623368675180     
   99.400000000000020       0.99911855781438896     
   99.470000000000013       0.99931405584404143     
   99.540000000000006       0.99937614040209954     
   99.609999999999999       0.99898016715634597     
   99.680000000000007       0.99876702853311339     
   99.750000000000014       0.99898759335987397     
   99.820000000000007       0.99909140253845863     
   99.890000000000015       0.99893809532537303     
