   0.0000000000000000        1.0000000000008771     
   8.9999999999999993E-003  0.98274165936707691     
   1.7999999999999999E-002  0.99960934320376149     
   2.6999999999999993E-002  0.99953124971708152     
   3.5999999999999997E-002  0.99939205084196148     
   4.4999999999999998E-002  0.99927075996557413     
   5.3999999999999986E-002  0.99913906779180284     
   6.2999999999999987E-002  0.99900144596221629     
   7.1999999999999995E-002  0.99883277391897085     
   8.0999999999999989E-002  0.99867602771465913     
   8.9999999999999997E-002  0.99851060374730227     
   9.8999999999999991E-002  0.99832263173834912     
  0.10799999999999997       0.99810846126978936     
  0.11699999999999999       0.99793266647975509     
  0.12599999999999997       0.99774441515945544     
  0.13499999999999998       0.99754512292166986     
  0.14399999999999999       0.99729903056915448     
  0.15299999999999997       0.99713097311746346     
  0.16199999999999998       0.99679794254856191     
  0.17099999999999999       0.99654305389837572     
  0.17999999999999999       0.99631380295624405     
  0.18899999999999997       0.99609858761739956     
  0.19799999999999998       0.99584304288361269     
  0.20699999999999996       0.99554766497628511     
  0.21599999999999994       0.99525149794003265     
  0.22499999999999998       0.99496133242490703     
  0.23399999999999999       0.99463512205947424     
  0.24299999999999997       0.99435250124419139     
  0.25199999999999995       0.99398219358762196     
  0.26099999999999995       0.99365476939283925     
  0.26999999999999996       0.99327609909950154     
  0.27899999999999997       0.99296289630569268     
  0.28799999999999998       0.99270021072275572     
  0.29699999999999993       0.99238160783505847     
  0.30599999999999994       0.99207311162695733     
  0.31500000000000000       0.99169855275767316     
  0.32399999999999995       0.99136191068864976     
  0.33299999999999996       0.99086476254208156     
  0.34199999999999997       0.99055067884513615     
  0.35099999999999992       0.99020562894892739     
  0.35999999999999999       0.98972147896167484     
  0.36899999999999994       0.98931452462548441     
  0.37799999999999995       0.98883135667117783     
  0.38699999999999996       0.98845021880800776     
  0.39599999999999996       0.98816213920375051     
  0.40499999999999992       0.98769935037856338     
  0.41399999999999992       0.98723854187130422     
  0.42299999999999993       0.98683710844862416     
  0.43199999999999988       0.98644867257613478     
  0.44100000000000000       0.98607576353519144     
  0.44999999999999996       0.98564048032128526     
  0.45899999999999996       0.98521956780924158     
  0.46799999999999997       0.98473576359791437     
  0.47699999999999992       0.98428088501344957     
  0.48599999999999993       0.98384816116109253     
  0.49499999999999994       0.98348732120154714     
  0.50399999999999989       0.98317601139056365     
  0.51299999999999990       0.98284456026639022     
  0.52199999999999991       0.98249054034910899     
  0.53099999999999992       0.98227542976703408     
  0.53999999999999992       0.98201173048505896     
  0.54899999999999993       0.98176199656084373     
  0.55799999999999994       0.98169612228120129     
  0.56699999999999995       0.98160903620275985     
  0.57599999999999996       0.98156443302601115     
  0.58499999999999996       0.98157213946752053     
  0.59399999999999986       0.98158956794780827     
  0.60299999999999987       0.98159316378015460     
  0.61199999999999988       0.98166389912094987     
  0.62099999999999989       0.98174925273577740     
  0.63000000000000000       0.98188186795628807     
  0.63899999999999990       0.98210895287083999     
  0.64799999999999991       0.98222632020332634     
  0.65699999999999992       0.98235324135393132     
  0.66599999999999993       0.98247951543548950     
  0.67499999999999993       0.98256238476951785     
  0.68399999999999994       0.98266145068822153     
  0.69299999999999984       0.98270451398730219     
  0.70199999999999985       0.98277820481844025     
  0.71099999999999985       0.98280773662755727     
  0.71999999999999997       0.98288482513915476     
  0.72899999999999998       0.98295836348106636     
  0.73799999999999988       0.98289924504855075     
  0.74699999999999989       0.98294520490247561     
  0.75599999999999989       0.98299986327103872     
  0.76499999999999990       0.98296273672452039     
  0.77399999999999991       0.98288926965194878     
  0.78299999999999992       0.98282047073759127     
  0.79199999999999993       0.98271845313081052     
  0.80099999999999982       0.98263532981516799     
  0.80999999999999983       0.98255585524774758     
  0.81899999999999984       0.98238215388379635     
  0.82799999999999985       0.98219325325996776     
  0.83699999999999986       0.98204363217473256     
  0.84599999999999986       0.98184642028550861     
  0.85499999999999987       0.98171401694425453     
  0.86399999999999977       0.98152823221270524     
  0.87300000000000000       0.98134748892159984     
  0.88200000000000001       0.98118361929943732     
  0.89099999999999990       0.98099047450018007     
  0.89999999999999991       0.98076763994172145     
  0.90899999999999992       0.98051377410700957     
  0.91799999999999993       0.98035690394204211     
  0.92699999999999994       0.98016658340413998     
  0.93599999999999994       0.97994733183675031     
  0.94499999999999984       0.97976091135967835     
  0.95399999999999985       0.97954723404868782     
  0.96299999999999986       0.97932724127731186     
  0.97199999999999986       0.97908033932492433     
  0.98099999999999987       0.97890434820786854     
  0.98999999999999988       0.97865895908108724     
  0.99899999999999989       0.97843935605190913     
   1.0079999999999998       0.97819544742973052     
   1.0169999999999999       0.97791371840486208     
   1.0259999999999998       0.97770660644829255     
   1.0349999999999997       0.97742394834056445     
   1.0439999999999998       0.97720180594506523     
   1.0529999999999997       0.97698296630965520     
   1.0619999999999998       0.97672132037852277     
   1.0710000000000000       0.97642580603723439     
   1.0799999999999998       0.97614836448856224     
   1.0890000000000000       0.97588619332762849     
   1.0979999999999999       0.97563917589550930     
   1.1070000000000000       0.97538844178789019     
   1.1159999999999999       0.97515299158257263     
   1.1249999999999998       0.97490599523327692     
   1.1339999999999999       0.97464314890163695     
   1.1429999999999998       0.97439845852870044     
   1.1519999999999999       0.97411414683566655     
   1.1609999999999998       0.97384592934691117     
   1.1699999999999999       0.97354982898924247     
   1.1789999999999998       0.97325175254896601     
   1.1879999999999997       0.97296937572468500     
   1.1969999999999998       0.97265077063293937     
   1.2059999999999997       0.97234438652303257     
   1.2149999999999999       0.97207354510890931     
   1.2239999999999998       0.97178716923168462     
   1.2329999999999999       0.97153942718451869     
   1.2419999999999998       0.97122036664127298     
   1.2509999999999999       0.97099910189497352     
   1.2600000000000000       0.97074775933636315     
   1.2689999999999999       0.97048638998690151     
   1.2779999999999998       0.97018767522645499     
   1.2869999999999999       0.96992984772566238     
   1.2959999999999998       0.96964608316650125     
   1.3049999999999999       0.96940506562463602     
   1.3139999999999998       0.96911843376330076     
   1.3230000000000000       0.96884053593024966     
   1.3319999999999999       0.96851955087883090     
   1.3409999999999997       0.96829380138267629     
   1.3499999999999999       0.96792849408789083     
   1.3589999999999998       0.96761798856689152     
   1.3679999999999999       0.96735942855518986     
   1.3769999999999998       0.96705887714558447     
   1.3859999999999997       0.96675676643826847     
   1.3949999999999998       0.96642120842656865     
   1.4039999999999997       0.96613053574535557     
   1.4129999999999998       0.96583454168247884     
   1.4219999999999997       0.96558204515297907     
   1.4309999999999998       0.96535746919462651     
   1.4399999999999999       0.96506123682282086     
   1.4489999999999998       0.96473208170084912     
   1.4580000000000000       0.96445689825016145     
   1.4669999999999999       0.96420200249505539     
   1.4759999999999998       0.96387278265084775     
   1.4849999999999999       0.96354648897190998     
   1.4939999999999998       0.96322699517148336     
   1.5029999999999999       0.96294057476521044     
   1.5119999999999998       0.96267130591783101     
   1.5209999999999999       0.96236136704544828     
   1.5299999999999998       0.96205544065379711     
   1.5389999999999997       0.96178658000267236     
   1.5479999999999998       0.96149381850033355     
   1.5569999999999997       0.96118172747294817     
   1.5659999999999998       0.96086877228232914     
   1.5749999999999997       0.96057341226333559     
   1.5839999999999999       0.96025102372960247     
   1.5929999999999997       0.95996893575869435     
   1.6019999999999996       0.95968518267124059     
   1.6109999999999998       0.95943726230577964     
   1.6199999999999997       0.95907100885681962     
   1.6289999999999998       0.95882154783012341     
   1.6379999999999997       0.95851288063677509     
   1.6469999999999998       0.95825551614430693     
   1.6559999999999997       0.95796857863654439     
   1.6649999999999996       0.95766411640819404     
   1.6739999999999997       0.95734798654652875     
   1.6829999999999996       0.95705014304163760     
   1.6919999999999997       0.95681223337387078     
   1.7009999999999996       0.95644771768744763     
   1.7099999999999997       0.95613450671183231     
   1.7189999999999996       0.95585437560999253     
   1.7279999999999995       0.95554357571999682     
   1.7369999999999999       0.95522831727823543     
   1.7460000000000000       0.95487307358761186     
   1.7549999999999999       0.95458402432664258     
   1.7640000000000000       0.95424583078668235     
   1.7729999999999999       0.95395282000985593     
   1.7819999999999998       0.95368383837572690     
   1.7909999999999999       0.95337603837679108     
   1.7999999999999998       0.95301225042717275     
   1.8089999999999999       0.95274018617271172     
   1.8179999999999998       0.95237686132498589     
   1.8269999999999997       0.95211717829719633     
   1.8359999999999999       0.95179703589371534     
   1.8449999999999998       0.95143797163859112     
   1.8539999999999999       0.95116293316175138     
   1.8629999999999998       0.95086318574023243     
   1.8719999999999999       0.95050180792804495     
   1.8809999999999998       0.95015887447897185     
   1.8899999999999997       0.94982975869388941     
   1.8989999999999998       0.94949768163801251     
   1.9079999999999997       0.94924062324422120     
   1.9169999999999998       0.94900411491347081     
   1.9259999999999997       0.94867160341968682     
   1.9349999999999998       0.94834094214964859     
   1.9439999999999997       0.94799149572590957     
   1.9529999999999996       0.94766263589941113     
   1.9619999999999997       0.94734602050333183     
   1.9709999999999996       0.94711950957731883     
   1.9799999999999998       0.94674494033090617     
   1.9889999999999997       0.94648308375737999     
   1.9979999999999998       0.94612738785317740     
   2.0069999999999997       0.94582253236525426     
   2.0159999999999996       0.94550695553661590     
   2.0249999999999995       0.94522958971943494     
   2.0339999999999998       0.94495771864920519     
   2.0429999999999997       0.94463782063969959     
   2.0519999999999996       0.94434932657991955     
   2.0609999999999995       0.94399537628356611     
   2.0699999999999994       0.94372551260075033     
   2.0789999999999997       0.94341155015032985     
   2.0879999999999996       0.94307185271970606     
   2.0969999999999995       0.94278925199512542     
   2.1059999999999994       0.94249883744452634     
   2.1149999999999998       0.94209839297065778     
   2.1239999999999997       0.94174758930630031     
   2.1330000000000000       0.94148722766742898     
   2.1419999999999999       0.94123366187033242     
   2.1509999999999998       0.94088213176264124     
   2.1599999999999997       0.94047473174718599     
   2.1690000000000000       0.94017367907227600     
   2.1779999999999999       0.93986620682648847     
   2.1869999999999998       0.93953595791690681     
   2.1959999999999997       0.93929242502825894     
   2.2049999999999996       0.93904217398391543     
   2.2140000000000000       0.93876423899703554     
   2.2229999999999999       0.93845611483849756     
   2.2319999999999998       0.93815062691814743     
   2.2409999999999997       0.93782723259090439     
   2.2499999999999996       0.93758463293789540     
   2.2589999999999999       0.93726611211085287     
   2.2679999999999998       0.93692455748486314     
   2.2769999999999997       0.93659998691043367     
   2.2859999999999996       0.93628815316914082     
   2.2949999999999999       0.93594565226098525     
   2.3039999999999998       0.93560797905636051     
   2.3129999999999997       0.93532864313117570     
   2.3219999999999996       0.93506705746965346     
   2.3309999999999995       0.93473959523328976     
   2.3399999999999999       0.93449875670960825     
   2.3489999999999998       0.93420624513952844     
   2.3579999999999997       0.93393554243775911     
   2.3669999999999995       0.93359075558513982     
   2.3759999999999994       0.93332273718427694     
   2.3849999999999998       0.93305301356658343     
   2.3939999999999997       0.93275185850996389     
   2.4029999999999996       0.93249554839463711     
   2.4119999999999995       0.93218513822711224     
   2.4209999999999994       0.93187642558693662     
   2.4299999999999997       0.93154836722965595     
   2.4389999999999996       0.93132787504710446     
   2.4479999999999995       0.93103874545403009     
   2.4569999999999994       0.93074193446482734     
   2.4659999999999997       0.93047144232041068     
   2.4749999999999996       0.93015486556614380     
   2.4839999999999995       0.92985676566364528     
   2.4929999999999994       0.92956418201530400     
   2.5019999999999998       0.92935665021894398     
   2.5109999999999997       0.92910178386934661     
   2.5200000000000000       0.92879075520231202     
   2.5289999999999999       0.92851498644976860     
   2.5379999999999998       0.92828519306366419     
   2.5469999999999997       0.92791155608038756     
   2.5559999999999996       0.92761534120149647     
   2.5649999999999999       0.92730898604834278     
   2.5739999999999998       0.92700959653938919     
   2.5829999999999997       0.92668877906016256     
   2.5919999999999996       0.92652542877115807     
   2.6009999999999995       0.92623630709186433     
   2.6099999999999999       0.92598638437073644     
   2.6189999999999998       0.92568535265024532     
   2.6279999999999997       0.92544825035853973     
   2.6369999999999996       0.92510999314124998     
   2.6459999999999999       0.92476995662937767     
   2.6549999999999998       0.92444496027148593     
   2.6639999999999997       0.92421600955988104     
   2.6729999999999996       0.92398356581307284     
   2.6819999999999995       0.92368265846813924     
   2.6909999999999998       0.92335504544555591     
   2.6999999999999997       0.92310869788363159     
   2.7089999999999996       0.92286456345868351     
   2.7179999999999995       0.92256462937773542     
   2.7269999999999994       0.92219020606190694     
   2.7359999999999998       0.92198797173655489     
   2.7449999999999997       0.92170902684344125     
   2.7539999999999996       0.92148111920644915     
   2.7629999999999995       0.92122303468363242     
   2.7719999999999994       0.92091308443739051     
   2.7809999999999997       0.92064809740387099     
   2.7899999999999996       0.92033556607847700     
   2.7989999999999995       0.92002197803240648     
   2.8079999999999994       0.91986262451071066     
   2.8169999999999997       0.91953679733775828     
   2.8259999999999996       0.91925842290097348     
   2.8349999999999995       0.91897771501851688     
   2.8439999999999994       0.91870456786387089     
   2.8529999999999993       0.91843126545741904     
   2.8619999999999997       0.91809388243652357     
   2.8709999999999996       0.91781048857196568     
   2.8799999999999999       0.91761639467276801     
   2.8889999999999998       0.91731959377560268     
   2.8979999999999997       0.91697035578758368     
   2.9069999999999996       0.91671307668425017     
   2.9159999999999999       0.91642202220287650     
   2.9249999999999994       0.91618622228828595     
   2.9339999999999997       0.91591500784261692     
   2.9429999999999996       0.91571499275014467     
   2.9519999999999995       0.91540616088495519     
   2.9609999999999994       0.91514000590845868     
   2.9699999999999998       0.91481886950031954     
   2.9789999999999992       0.91451659209001424     
   2.9879999999999995       0.91426386480517086     
   2.9969999999999994       0.91394997709008297     
   3.0059999999999998       0.91365449991370373     
   3.0149999999999992       0.91335367172399196     
   3.0239999999999996       0.91306629051425137     
   3.0329999999999995       0.91281704514577866     
   3.0419999999999998       0.91252685785928056     
   3.0509999999999993       0.91222329502063582     
   3.0599999999999996       0.91193525193813951     
   3.0689999999999995       0.91172510107999827     
   3.0779999999999994       0.91145549319297059     
   3.0869999999999997       0.91131195583033731     
   3.0959999999999996       0.91109725961883958     
   3.1050000000000000       0.91078891742553625     
   3.1139999999999994       0.91055311754598445     
   3.1229999999999998       0.91026300376677338     
   3.1319999999999997       0.90997393663627169     
   3.1410000000000000       0.90969732542743054     
   3.1499999999999995       0.90948280834615236     
   3.1589999999999998       0.90921693160773098     
   3.1679999999999997       0.90894363546253265     
   3.1770000000000000       0.90864939290801428     
   3.1859999999999995       0.90838188879433546     
   3.1949999999999998       0.90812123943254153     
   3.2039999999999993       0.90785181361057443     
   3.2129999999999996       0.90762143076876234     
   3.2219999999999995       0.90734351685298520     
   3.2309999999999999       0.90704076764703334     
   3.2399999999999993       0.90682016263368892     
   3.2489999999999997       0.90652683269893530     
   3.2579999999999996       0.90629411883283351     
   3.2669999999999999       0.90606682785542703     
   3.2759999999999994       0.90577989847676221     
   3.2849999999999997       0.90556103359365747     
   3.2939999999999996       0.90538120790753562     
   3.3029999999999995       0.90514082262058693     
   3.3119999999999994       0.90489106868512259     
   3.3209999999999997       0.90455298218457159     
   3.3299999999999992       0.90424127959234135     
   3.3389999999999995       0.90406877446263756     
   3.3479999999999994       0.90383204611070977     
   3.3569999999999998       0.90357195697798054     
   3.3659999999999992       0.90342351761742246     
   3.3749999999999996       0.90327867631007208     
   3.3839999999999995       0.90303686511899139     
   3.3929999999999998       0.90285501492892328     
   3.4019999999999992       0.90263475212905464     
   3.4109999999999996       0.90237548599506134     
   3.4199999999999995       0.90211135304177537     
   3.4289999999999994       0.90189852868303766     
   3.4379999999999993       0.90165523952867155     
   3.4469999999999996       0.90137624035606823     
   3.4559999999999991       0.90109047585596180     
   3.4649999999999994       0.90082176409563885     
   3.4739999999999998       0.90061949126894159     
   3.4829999999999997       0.90039851432092077     
   3.4920000000000000       0.90017080359302248     
   3.5009999999999994       0.89997670447593536     
   3.5099999999999998       0.89966917023625226     
   3.5189999999999997       0.89944073376386280     
   3.5280000000000000       0.89918208881155148     
   3.5369999999999995       0.89897289414863368     
   3.5459999999999998       0.89867398494923489     
   3.5549999999999993       0.89845727056636893     
   3.5639999999999996       0.89813705165806934     
   3.5729999999999995       0.89791223692283273     
   3.5819999999999999       0.89767858619369578     
   3.5909999999999993       0.89740512233306891     
   3.5999999999999996       0.89718819223826285     
   3.6089999999999995       0.89687824091076562     
   3.6179999999999999       0.89666701400143323     
   3.6269999999999993       0.89637912807007547     
   3.6359999999999997       0.89617429494834544     
   3.6449999999999996       0.89600159077877761     
   3.6539999999999995       0.89577189560127624     
   3.6629999999999994       0.89556721755108082     
   3.6719999999999997       0.89531984329580194     
   3.6809999999999992       0.89503767901902942     
   3.6899999999999995       0.89483065562200315     
   3.6989999999999994       0.89460774453139258     
   3.7079999999999997       0.89437929972889141     
   3.7169999999999992       0.89416114415324077     
   3.7259999999999995       0.89393994715685243     
   3.7349999999999994       0.89370115934660321     
   3.7439999999999998       0.89349355628158122     
   3.7529999999999992       0.89327204882872724     
   3.7619999999999996       0.89307062593935660     
   3.7709999999999995       0.89280799699810998     
   3.7799999999999994       0.89247826927790608     
   3.7889999999999993       0.89219491427671260     
   3.7979999999999996       0.89198150506741747     
   3.8069999999999991       0.89182139011702222     
   3.8159999999999994       0.89160446855901698     
   3.8249999999999993       0.89130834533283809     
   3.8339999999999996       0.89108658980421429     
   3.8430000000000000       0.89090211912179951     
   3.8519999999999994       0.89075437468819307     
   3.8609999999999998       0.89060045236688568     
   3.8699999999999997       0.89047868359258231     
   3.8790000000000000       0.89028408558914218     
   3.8879999999999995       0.89009263376972880     
   3.8969999999999998       0.88990659681654416     
   3.9059999999999993       0.88977224036079350     
   3.9149999999999996       0.88955863741877672     
   3.9239999999999995       0.88932186437276883     
   3.9329999999999998       0.88906683883903603     
   3.9419999999999993       0.88875677037951339     
   3.9509999999999996       0.88857444452071777     
   3.9599999999999995       0.88833205321371789     
   3.9689999999999999       0.88809143144635416     
   3.9779999999999993       0.88780313414518619     
   3.9869999999999997       0.88751843863319813     
   3.9959999999999996       0.88728471763217187     
   4.0049999999999999       0.88719158936383957     
   4.0139999999999993       0.88697136709575664     
   4.0229999999999997       0.88677447509882368     
   4.0319999999999991       0.88657531801750356     
   4.0409999999999995       0.88642245569888489     
   4.0499999999999989       0.88615996737149982     
   4.0589999999999993       0.88595254142456648     
   4.0679999999999996       0.88575356835063013     
   4.0770000000000000       0.88557459331674504     
   4.0859999999999994       0.88539450249158003     
   4.0949999999999998       0.88514924413579865     
   4.1039999999999992       0.88489286160554748     
   4.1129999999999995       0.88470907233272356     
   4.1219999999999990       0.88450128534542460     
   4.1309999999999993       0.88439597090453759     
   4.1399999999999988       0.88421243570779373     
   4.1489999999999991       0.88407842990737606     
   4.1579999999999995       0.88385703182353137     
   4.1669999999999998       0.88363092735713911     
   4.1759999999999993       0.88348282691611146     
   4.1849999999999996       0.88331479032985660     
   4.1939999999999991       0.88315341497327682     
   4.2029999999999994       0.88299841286376579     
   4.2119999999999989       0.88282091852303768     
   4.2209999999999992       0.88259886456086456     
   4.2299999999999995       0.88244128045169690     
   4.2389999999999999       0.88220418004128365     
   4.2479999999999993       0.88206032101582932     
   4.2569999999999997       0.88194593469945215     
   4.2660000000000000       0.88162009805397212     
   4.2749999999999995       0.88138082515985294     
   4.2839999999999998       0.88118808355156975     
   4.2929999999999993       0.88103285145815935     
   4.3019999999999996       0.88089842321486123     
   4.3109999999999991       0.88061047102517664     
   4.3199999999999994       0.88037192831610389     
   4.3289999999999997       0.88021025067598291     
   4.3380000000000001       0.88001731494525226     
   4.3469999999999995       0.87983289925034935     
   4.3559999999999999       0.87972199091130476     
   4.3649999999999993       0.87947124898818985     
   4.3739999999999997       0.87927600124748784     
   4.3829999999999991       0.87913419055405539     
   4.3919999999999995       0.87894496948429190     
   4.4009999999999989       0.87877586777162653     
   4.4099999999999993       0.87856754858171093     
   4.4189999999999996       0.87844087310571106     
   4.4279999999999999       0.87827363961078331     
   4.4369999999999994       0.87800801944884477     
   4.4459999999999997       0.87778334718681361     
   4.4549999999999992       0.87761265525021559     
   4.4639999999999995       0.87740697464558548     
   4.4729999999999990       0.87723166228651595     
   4.4819999999999993       0.87702434043199062     
   4.4909999999999988       0.87681300424423081     
   4.4999999999999991       0.87662179502937143     
   4.5089999999999995       0.87644277484123356     
   4.5179999999999998       0.87631145745024008     
   4.5269999999999992       0.87617274965546843     
   4.5359999999999996       0.87604116669326104     
   4.5449999999999990       0.87591575296635149     
   4.5539999999999994       0.87572312900746219     
   4.5629999999999988       0.87560181739125020     
   4.5719999999999992       0.87541265977210436     
   4.5809999999999995       0.87524398089999600     
   4.5899999999999999       0.87512466357859575     
   4.5989999999999993       0.87494924521998707     
   4.6079999999999997       0.87481138284181892     
   4.6170000000000000       0.87457116494145082     
   4.6259999999999994       0.87439198421747044     
   4.6349999999999998       0.87426919792326030     
   4.6439999999999992       0.87419711336955785     
   4.6529999999999996       0.87397096974512989     
   4.6619999999999990       0.87374827228574903     
   4.6709999999999994       0.87357618334669573     
   4.6799999999999997       0.87330611883515263     
   4.6890000000000001       0.87315259844635584     
   4.6979999999999995       0.87302646562545450     
   4.7069999999999999       0.87288164406734936     
   4.7159999999999993       0.87268982714553400     
   4.7249999999999996       0.87249515276397505     
   4.7339999999999991       0.87231549205698333     
   4.7429999999999994       0.87218212842416520     
   4.7519999999999989       0.87202207770997431     
   4.7609999999999992       0.87180147441552347     
   4.7699999999999996       0.87158809065642306     
   4.7789999999999999       0.87152330949584522     
   4.7879999999999994       0.87127982195631426     
   4.7969999999999997       0.87110382042296075     
   4.8059999999999992       0.87093174947383400     
   4.8149999999999995       0.87073262530375828     
   4.8239999999999990       0.87058117190245354     
   4.8329999999999993       0.87033896489446083     
   4.8419999999999987       0.87022146628580854     
   4.8509999999999991       0.87000832097651293     
   4.8599999999999994       0.86984673115815281     
   4.8689999999999998       0.86967724964563531     
   4.8779999999999992       0.86948661172618069     
   4.8869999999999996       0.86928695363435782     
   4.8959999999999990       0.86917509192678721     
   4.9049999999999994       0.86900474369220626     
   4.9139999999999988       0.86883936931664829     
   4.9229999999999992       0.86867575118598139     
   4.9319999999999995       0.86849436982529293     
   4.9409999999999998       0.86836591289463871     
   4.9499999999999993       0.86820232705734501     
   4.9589999999999996       0.86805092556643371     
   4.9679999999999991       0.86791657493670427     
   4.9769999999999994       0.86773035981342550     
   4.9859999999999989       0.86763674398445856     
   4.9949999999999992       0.86749101035844212     
   5.0039999999999996       0.86730942463872052     
   5.0129999999999990       0.86718039236753208     
   5.0219999999999994       0.86702359110895688     
   5.0309999999999997       0.86674458951133637     
   5.0400000000000000       0.86660720823810822     
   5.0489999999999995       0.86645564968957423     
   5.0579999999999998       0.86626996484548036     
   5.0669999999999993       0.86606952968746664     
   5.0759999999999996       0.86590822807597434     
   5.0849999999999991       0.86579349297878905     
   5.0939999999999994       0.86565358778067125     
   5.1029999999999989       0.86550292625016068     
   5.1119999999999992       0.86531552482565277     
   5.1209999999999996       0.86517275074814604     
   5.1299999999999999       0.86500308398519521     
   5.1389999999999993       0.86487101508396591     
   5.1479999999999997       0.86472282485826923     
   5.1569999999999991       0.86453436688420771     
   5.1659999999999995       0.86437969236493861     
   5.1749999999999989       0.86425691026473173     
   5.1839999999999993       0.86410513092210017     
   5.1929999999999987       0.86395905362067205     
   5.2019999999999991       0.86377915744302058     
   5.2109999999999994       0.86367413351899991     
   5.2199999999999998       0.86355418393815853     
   5.2289999999999992       0.86332846653688844     
   5.2379999999999995       0.86322749002956511     
   5.2469999999999990       0.86310640164422425     
   5.2559999999999993       0.86300857416842558     
   5.2649999999999988       0.86286648520509934     
   5.2739999999999991       0.86268699513925584     
   5.2829999999999995       0.86254551248150224     
   5.2919999999999998       0.86232508529125118     
   5.3009999999999993       0.86218822034448017     
   5.3099999999999996       0.86201932942832937     
   5.3189999999999991       0.86177484405693938     
   5.3279999999999994       0.86167017253461875     
   5.3369999999999989       0.86154960879268561     
   5.3459999999999992       0.86139677138233783     
   5.3549999999999986       0.86121580079104731     
   5.3639999999999990       0.86109390471074165     
   5.3729999999999993       0.86101551290787648     
   5.3819999999999997       0.86084196399094581     
   5.3910000000000000       0.86079581846205144     
   5.3999999999999995       0.86067221604899002     
   5.4089999999999998       0.86048978774376794     
   5.4179999999999993       0.86036529696669062     
   5.4269999999999996       0.86024018587506057     
   5.4359999999999991       0.86015848382100213     
   5.4449999999999994       0.86004265888470821     
   5.4539999999999988       0.85989632165491825     
   5.4629999999999992       0.85976773253790739     
   5.4719999999999995       0.85953902489070455     
   5.4809999999999999       0.85942373021533858     
   5.4899999999999993       0.85929816801354009     
   5.4989999999999997       0.85912680922740237     
   5.5079999999999991       0.85901959545113171     
   5.5169999999999995       0.85888527636707512     
   5.5259999999999989       0.85875047334396293     
   5.5349999999999993       0.85859472782704249     
   5.5439999999999987       0.85845078889878712     
   5.5529999999999990       0.85827357793349146     
   5.5619999999999994       0.85816096826361932     
   5.5709999999999997       0.85799507282015353     
   5.5799999999999992       0.85780204198058529     
   5.5889999999999995       0.85781420839371536     
   5.5979999999999990       0.85772078476197344     
   5.6069999999999993       0.85763326038201326     
   5.6159999999999988       0.85749774693437775     
   5.6249999999999991       0.85735365929915419     
   5.6339999999999995       0.85723295444870184     
   5.6429999999999998       0.85714243536525192     
   5.6519999999999992       0.85701172352009558     
   5.6609999999999996       0.85685910041264124     
   5.6699999999999990       0.85674675809028544     
   5.6789999999999994       0.85661583224086157     
   5.6879999999999988       0.85647679608178640     
   5.6969999999999992       0.85640171903132922     
   5.7059999999999986       0.85627573775384158     
   5.7149999999999990       0.85613554270338355     
   5.7239999999999993       0.85593511827297830     
   5.7329999999999997       0.85581611767068333     
   5.7419999999999991       0.85571815525554451     
   5.7509999999999994       0.85557967750948083     
   5.7599999999999998       0.85538153438141906     
   5.7689999999999992       0.85528614347781529     
   5.7779999999999996       0.85519908012845403     
   5.7869999999999990       0.85508988672936226     
   5.7959999999999994       0.85495407851501115     
   5.8049999999999988       0.85486170710387888     
   5.8139999999999992       0.85474480282417475     
   5.8229999999999995       0.85469660504805667     
   5.8319999999999999       0.85463152014709831     
   5.8410000000000002       0.85451312397112977     
   5.8499999999999988       0.85440299296772104     
   5.8589999999999991       0.85435243240675940     
   5.8679999999999994       0.85421714857992848     
   5.8769999999999998       0.85398623004028540     
   5.8859999999999992       0.85382547356303728     
   5.8949999999999987       0.85365189286564092     
   5.9039999999999990       0.85346046900021177     
   5.9129999999999994       0.85340080576197452     
   5.9219999999999988       0.85333410450434422     
   5.9309999999999992       0.85321963419331592     
   5.9399999999999995       0.85305840690377477     
   5.9489999999999998       0.85294158645340779     
   5.9579999999999984       0.85283184422512182     
   5.9669999999999987       0.85274980030220682     
   5.9759999999999991       0.85258740436146563     
   5.9849999999999994       0.85248006780522501     
   5.9939999999999989       0.85242753296150009     
   6.0029999999999992       0.85233441232385998     
   6.0119999999999996       0.85223917033754515     
   6.0209999999999999       0.85209203248991017     
   6.0299999999999985       0.85200027527715250     
   6.0389999999999988       0.85189275112662366     
   6.0479999999999992       0.85177499061841522     
   6.0569999999999995       0.85165354195260501     
   6.0659999999999989       0.85152062863329425     
   6.0749999999999993       0.85144857721924616     
   6.0839999999999996       0.85130970417298335     
   6.0930000000000000       0.85120386959683925     
   6.1019999999999985       0.85110149719131967     
   6.1109999999999989       0.85098596543596228     
   6.1199999999999992       0.85083382844578426     
   6.1289999999999996       0.85078906101410123     
   6.1379999999999990       0.85069042033030784     
   6.1469999999999985       0.85058595071356036     
   6.1559999999999988       0.85045017831515868     
   6.1649999999999991       0.85032822335070701     
   6.1739999999999995       0.85018642740292871     
   6.1829999999999989       0.85004055298099990     
   6.1919999999999993       0.84989258477784735     
   6.2009999999999996       0.84979128023580874     
   6.2100000000000000       0.84969170147479123     
   6.2189999999999985       0.84958124076808383     
   6.2279999999999989       0.84953674294414938     
   6.2369999999999992       0.84944152632610381     
   6.2459999999999996       0.84930221723749200     
   6.2549999999999990       0.84921948478804277     
   6.2639999999999993       0.84916677321249812     
   6.2729999999999997       0.84900896490133182     
   6.2820000000000000       0.84891686565945546     
   6.2909999999999986       0.84880320923191233     
   6.2999999999999989       0.84863008124306949     
   6.3089999999999993       0.84859180961483949     
   6.3179999999999996       0.84851595311027672     
   6.3269999999999991       0.84843208584977148     
   6.3359999999999994       0.84836100796644409     
   6.3449999999999998       0.84827387067549864     
   6.3540000000000001       0.84817849551073199     
   6.3629999999999987       0.84811976488445273     
   6.3719999999999990       0.84807305155963808     
   6.3809999999999993       0.84795144397134625     
   6.3899999999999997       0.84784778419435802     
   6.3989999999999982       0.84777611734071889     
   6.4079999999999986       0.84766249956891515     
   6.4169999999999989       0.84754137249452310     
   6.4259999999999993       0.84748282856923984     
   6.4349999999999987       0.84736152390198372     
   6.4439999999999991       0.84727204838997372     
   6.4529999999999994       0.84716499507494769     
   6.4619999999999997       0.84709570522313915     
   6.4709999999999983       0.84690497626966443     
   6.4799999999999986       0.84676785167198854     
   6.4889999999999990       0.84664081081483056     
   6.4979999999999993       0.84656412442590157     
   6.5069999999999988       0.84643050159938116     
   6.5159999999999991       0.84638398668313164     
   6.5249999999999995       0.84625714092166870     
   6.5339999999999998       0.84608700710252638     
   6.5430000000000001       0.84600107977751282     
   6.5519999999999987       0.84589090262720235     
   6.5609999999999991       0.84575415897283113     
   6.5699999999999994       0.84563839055672574     
   6.5789999999999997       0.84553938554822727     
   6.5879999999999992       0.84545148606871823     
   6.5969999999999995       0.84536474680203666     
   6.6059999999999990       0.84532608105668805     
   6.6149999999999993       0.84527382093613579     
   6.6239999999999988       0.84522741000162316     
   6.6329999999999991       0.84513107198908199     
   6.6419999999999995       0.84500005507856024     
   6.6509999999999998       0.84485085317497832     
   6.6599999999999984       0.84476331327403820     
   6.6689999999999987       0.84463597651823907     
   6.6779999999999990       0.84456178872166165     
   6.6869999999999994       0.84454243454450462     
   6.6959999999999988       0.84440506493188860     
   6.7049999999999992       0.84437947550905335     
   6.7139999999999995       0.84431336515047828     
   6.7229999999999999       0.84418121705927918     
   6.7319999999999984       0.84406997899081293     
   6.7409999999999988       0.84394155509700153     
   6.7499999999999991       0.84390483417577566     
   6.7589999999999995       0.84376790239370514     
   6.7679999999999989       0.84365039655422447     
   6.7769999999999992       0.84357293802510214     
   6.7859999999999996       0.84350207421841461     
   6.7949999999999999       0.84346061723543519     
   6.8039999999999985       0.84331702235656125     
   6.8129999999999988       0.84330910167747064     
   6.8219999999999992       0.84313363963776977     
   6.8309999999999995       0.84304064900192266     
   6.8399999999999990       0.84287115764709453     
   6.8489999999999984       0.84282768573298161     
   6.8579999999999988       0.84280150983158852     
   6.8669999999999991       0.84269432449488524     
   6.8759999999999986       0.84259051057508039     
   6.8849999999999989       0.84244469600031480     
   6.8939999999999992       0.84229798888994467     
   6.9029999999999996       0.84219360509899632     
   6.9119999999999981       0.84212536819988049     
   6.9209999999999985       0.84204515329320950     
   6.9299999999999988       0.84200385353001928     
   6.9389999999999992       0.84191313935676448     
   6.9479999999999995       0.84179854915932917     
   6.9569999999999990       0.84182077238944841     
   6.9659999999999993       0.84174187662770095     
   6.9749999999999996       0.84172601327051999     
   6.9840000000000000       0.84167540059559631     
   6.9929999999999986       0.84164156802280654     
   7.0019999999999989       0.84156698473281577     
   7.0109999999999992       0.84150568164936557     
   7.0199999999999996       0.84145064575879425     
   7.0289999999999990       0.84136297509847557     
   7.0379999999999994       0.84124561099621642     
   7.0469999999999997       0.84114423170103325     
   7.0560000000000000       0.84101698497709654     
   7.0649999999999986       0.84093234725455257     
   7.0739999999999990       0.84084960576275458     
   7.0829999999999993       0.84087275938618045     
   7.0919999999999996       0.84079274909096535     
   7.1009999999999982       0.84072210999896180     
   7.1099999999999985       0.84061685351909421     
   7.1189999999999989       0.84053356172679994     
   7.1279999999999992       0.84042902008345521     
   7.1369999999999987       0.84033141667889399     
   7.1459999999999990       0.84028936002568699     
   7.1549999999999994       0.84024082668503797     
   7.1639999999999997       0.84012837777877580     
   7.1729999999999983       0.83998809124510376     
   7.1819999999999986       0.83991147059425497     
   7.1909999999999989       0.83988092050994634     
   7.1999999999999993       0.83982566630036493     
   7.2089999999999987       0.83972286591685175     
   7.2179999999999991       0.83965300695178957     
   7.2269999999999994       0.83959598241361566     
   7.2359999999999998       0.83950421706514566     
   7.2449999999999983       0.83944325822640076     
   7.2539999999999987       0.83938685938593405     
   7.2629999999999990       0.83928445201446666     
   7.2719999999999994       0.83918097712701489     
   7.2809999999999988       0.83916529594384059     
   7.2899999999999991       0.83912606562636483     
   7.2989999999999995       0.83902320154408194     
   7.3079999999999989       0.83899478586007459     
   7.3169999999999993       0.83889544208067524     
   7.3259999999999987       0.83874085715012603     
   7.3349999999999991       0.83863604732718444     
   7.3439999999999994       0.83851704456391418     
   7.3529999999999998       0.83841254222303563     
   7.3619999999999983       0.83829181007156772     
   7.3709999999999987       0.83824942629837551     
   7.3799999999999990       0.83810728647874477     
   7.3889999999999993       0.83806431437206697     
   7.3979999999999988       0.83800940676768076     
   7.4069999999999991       0.83794791256180101     
   7.4159999999999995       0.83792841365933179     
   7.4249999999999998       0.83789968265091852     
   7.4339999999999984       0.83779752830646825     
   7.4429999999999987       0.83776590146839558     
   7.4519999999999991       0.83765517215790020     
   7.4609999999999994       0.83759241696736031     
   7.4699999999999989       0.83754781553057089     
   7.4789999999999992       0.83755548834917826     
   7.4879999999999995       0.83748211566016328     
   7.4969999999999999       0.83742587533326518     
   7.5059999999999985       0.83730762735540010     
   7.5149999999999988       0.83725349449020703     
   7.5239999999999991       0.83722674015170451     
   7.5329999999999995       0.83716910245772147     
   7.5419999999999989       0.83711039816505795     
   7.5509999999999984       0.83706136663677921     
   7.5599999999999987       0.83700663984747936     
   7.5689999999999991       0.83697423364202128     
   7.5779999999999985       0.83689323855228281     
   7.5869999999999989       0.83682356732043317     
   7.5959999999999992       0.83675828351057047     
   7.6049999999999995       0.83672145852631197     
   7.6139999999999981       0.83671278307327701     
   7.6229999999999984       0.83661989996838060     
   7.6319999999999988       0.83652436840500100     
   7.6409999999999991       0.83643190328692874     
   7.6499999999999986       0.83634268417759483     
   7.6589999999999989       0.83622303150303601     
   7.6679999999999993       0.83618418739277967     
   7.6769999999999996       0.83619070666389284     
   7.6859999999999999       0.83616865177975264     
   7.6949999999999985       0.83615990903054627     
   7.7039999999999988       0.83609285423142954     
   7.7129999999999992       0.83599694604039765     
   7.7219999999999995       0.83596750904333439     
   7.7309999999999990       0.83598431784090121     
   7.7399999999999993       0.83596165240108200     
   7.7489999999999997       0.83578563875963718     
   7.7580000000000000       0.83570701301038075     
   7.7669999999999986       0.83573562524183931     
   7.7759999999999989       0.83564040536313733     
   7.7849999999999993       0.83559310118786978     
   7.7939999999999996       0.83546609975014929     
   7.8029999999999982       0.83541737876307431     
   7.8119999999999985       0.83540803839669298     
   7.8209999999999988       0.83533880520927195     
   7.8299999999999992       0.83531376328400420     
   7.8389999999999986       0.83525681793051465     
   7.8479999999999990       0.83529185723222776     
   7.8569999999999993       0.83514108975626844     
   7.8659999999999997       0.83504257875666954     
   7.8749999999999982       0.83493701559899713     
   7.8839999999999986       0.83490044300766419     
   7.8929999999999989       0.83487275050611820     
   7.9019999999999992       0.83487456475716826     
   7.9109999999999987       0.83481447128530162     
   7.9199999999999990       0.83478567674550264     
   7.9289999999999994       0.83465293076157543     
   7.9379999999999997       0.83457783816040665     
   7.9469999999999983       0.83453505997109367     
   7.9559999999999986       0.83455863526271101     
   7.9649999999999990       0.83452346980916958     
   7.9739999999999993       0.83452139949606330     
   7.9829999999999988       0.83444899835367381     
   7.9919999999999991       0.83440774126253781     
   8.0009999999999994       0.83438784808654143     
   8.0099999999999998       0.83435649474921370     
   8.0189999999999984       0.83431741526394820     
   8.0279999999999987       0.83420457440299400     
   8.0369999999999990       0.83410925803361746     
   8.0459999999999994       0.83411092209297966     
   8.0549999999999979       0.83406069131210991     
   8.0639999999999983       0.83405779343081143     
   8.0729999999999986       0.83396637538599772     
   8.0819999999999990       0.83387335228661863     
   8.0909999999999993       0.83378473167854061     
   8.0999999999999979       0.83370937226656383     
   8.1089999999999982       0.83367197648011737     
   8.1179999999999986       0.83363756736547623     
   8.1269999999999989       0.83365892316325896     
   8.1359999999999992       0.83354110866369668     
   8.1449999999999996       0.83351571644212252     
   8.1539999999999999       0.83348618141369046     
   8.1630000000000003       0.83338786242577811     
   8.1719999999999988       0.83333935876680898     
   8.1809999999999992       0.83326895735280793     
   8.1899999999999995       0.83318830907679475     
   8.1989999999999998       0.83316462336314401     
   8.2079999999999984       0.83313725456216614     
   8.2169999999999987       0.83300062433754796     
   8.2259999999999991       0.83293420588920530     
   8.2349999999999994       0.83290216550424034     
   8.2439999999999980       0.83285230382915654     
   8.2529999999999983       0.83285018051817206     
   8.2619999999999987       0.83273793340272573     
   8.2709999999999990       0.83266590852985300     
   8.2799999999999976       0.83258399507843095     
   8.2889999999999979       0.83254488257192094     
   8.2979999999999983       0.83247821304312386     
   8.3069999999999986       0.83240403115603456     
   8.3159999999999989       0.83232021708231041     
   8.3249999999999993       0.83222326564913018     
   8.3339999999999996       0.83216631607626546     
   8.3430000000000000       0.83209880117309221     
   8.3519999999999985       0.83210742708114194     
   8.3609999999999989       0.83202288494098231     
   8.3699999999999992       0.83190387223661433     
   8.3789999999999996       0.83182732249449109     
   8.3879999999999981       0.83178807576064262     
   8.3969999999999985       0.83179342302738946     
   8.4059999999999988       0.83177060721269702     
   8.4149999999999991       0.83173827516887289     
   8.4239999999999977       0.83168446690761388     
   8.4329999999999981       0.83166280354530031     
   8.4419999999999984       0.83160155107978495     
   8.4509999999999987       0.83152913926887018     
   8.4599999999999991       0.83148210356801833     
   8.4689999999999994       0.83144311507624913     
   8.4779999999999998       0.83139646097128339     
   8.4869999999999983       0.83137070330710960     
   8.4959999999999987       0.83133824008655788     
   8.5049999999999990       0.83129207057161458     
   8.5139999999999993       0.83127960897938569     
   8.5229999999999997       0.83121850753561521     
   8.5320000000000000       0.83114738263069698     
   8.5409999999999986       0.83116547293010767     
   8.5499999999999989       0.83117309679789908     
   8.5589999999999993       0.83116312286640381     
   8.5679999999999996       0.83108398765358593     
   8.5769999999999982       0.83101262630410144     
   8.5859999999999985       0.83101659421774310     
   8.5949999999999989       0.83100055371892234     
   8.6039999999999992       0.83097552653944973     
   8.6129999999999978       0.83092277951352422     
   8.6219999999999981       0.83081849405957786     
   8.6309999999999985       0.83076469183415613     
   8.6399999999999988       0.83075068293890686     
   8.6489999999999991       0.83066307636050873     
   8.6579999999999995       0.83062082507664836     
   8.6669999999999998       0.83061552034567199     
   8.6760000000000002       0.83061473432404886     
   8.6849999999999987       0.83057322535683364     
   8.6939999999999991       0.83053365418142799     
   8.7029999999999994       0.83046282584121223     
   8.7119999999999997       0.83040003076042845     
   8.7209999999999983       0.83026115059777317     
   8.7299999999999986       0.83015032763657093     
   8.7389999999999990       0.83015706889507657     
   8.7479999999999993       0.83016843669242302     
   8.7569999999999979       0.83007113763167950     
   8.7659999999999982       0.83009248909066902     
   8.7749999999999986       0.83001980763412297     
   8.7839999999999989       0.83001064206619868     
   8.7929999999999975       0.82998125299028380     
   8.8019999999999978       0.82989756634421885     
   8.8109999999999982       0.82980497275269027     
   8.8199999999999985       0.82973345412762978     
   8.8289999999999988       0.82968689889182046     
   8.8379999999999992       0.82960235794837878     
   8.8469999999999995       0.82956147183303341     
   8.8559999999999999       0.82957524483378875     
   8.8650000000000002       0.82954051089773762     
   8.8739999999999988       0.82953695680399819     
   8.8829999999999991       0.82947095985623820     
   8.8919999999999995       0.82939828816514416     
   8.9009999999999998       0.82937663837560871     
   8.9099999999999984       0.82927968593482870     
   8.9189999999999987       0.82919509036254679     
   8.9279999999999990       0.82920131117650131     
   8.9369999999999994       0.82908823017947975     
   8.9459999999999980       0.82908431707681052     
   8.9549999999999983       0.82907500229649411     
   8.9639999999999986       0.82909201696558610     
   8.9729999999999990       0.82903341299500122     
   8.9819999999999975       0.82901410981570556     
   8.9909999999999979       0.82890837025013586     
   8.9999999999999982       0.82883531124260701     
   9.0089999999999986       0.82881962928494102     
   9.0179999999999989       0.82871069001172926     
   9.0269999999999992       0.82866476781879739     
   9.0359999999999996       0.82867275285073649     
   9.0449999999999999       0.82865561855589354     
   9.0539999999999985       0.82863267725697720     
   9.0629999999999988       0.82859589358043162     
   9.0719999999999992       0.82864055457494068     
   9.0809999999999995       0.82866802206489809     
   9.0899999999999981       0.82856000081352577     
   9.0989999999999984       0.82856279993793980     
   9.1079999999999988       0.82854551444881586     
   9.1169999999999991       0.82846655337688513     
   9.1259999999999977       0.82842159798065407     
   9.1349999999999980       0.82837108654327307     
   9.1439999999999984       0.82830598637658404     
   9.1529999999999987       0.82823301673160277     
   9.1619999999999990       0.82818912453363969     
   9.1709999999999994       0.82811526673436453     
   9.1799999999999997       0.82809880549603276     
   9.1889999999999983       0.82806723213352740     
   9.1979999999999986       0.82801707302257233     
   9.2069999999999990       0.82795919490186498     
   9.2159999999999993       0.82787212042657154     
   9.2249999999999996       0.82786139297212991     
   9.2340000000000000       0.82785204321427042     
   9.2429999999999986       0.82789071159296690     
   9.2519999999999989       0.82784741233711101     
   9.2609999999999992       0.82782142478259813     
   9.2699999999999996       0.82773950706172850     
   9.2789999999999981       0.82762576631085927     
   9.2879999999999985       0.82758673112015457     
   9.2969999999999988       0.82751158321505169     
   9.3059999999999992       0.82745554779185493     
   9.3149999999999977       0.82738657130111026     
   9.3239999999999981       0.82736983009711362     
   9.3329999999999984       0.82735444589176710     
   9.3419999999999987       0.82735785542810913     
   9.3509999999999991       0.82732725735602741     
   9.3599999999999994       0.82727087010211797     
   9.3689999999999998       0.82718696551051418     
   9.3780000000000001       0.82719786492912795     
   9.3869999999999987       0.82713121305520076     
   9.3959999999999990       0.82709140848196350     
   9.4049999999999994       0.82700102805007591     
   9.4139999999999997       0.82695919088735992     
   9.4229999999999983       0.82687556586770661     
   9.4319999999999986       0.82682062512643528     
   9.4409999999999989       0.82684417729836657     
   9.4499999999999993       0.82679729892868981     
   9.4589999999999979       0.82675347113589048     
   9.4679999999999982       0.82669728592234826     
   9.4769999999999985       0.82660970872328543     
   9.4859999999999989       0.82655773431019919     
   9.4949999999999974       0.82655626517795466     
   9.5039999999999978       0.82650206886707256     
   9.5129999999999981       0.82645187486942873     
   9.5219999999999985       0.82645870616483097     
   9.5309999999999988       0.82643213807781613     
   9.5399999999999991       0.82637617954860365     
   9.5489999999999995       0.82632890432951700     
   9.5579999999999998       0.82634085028389381     
   9.5669999999999984       0.82629215475073758     
   9.5759999999999987       0.82628252597847185     
   9.5849999999999991       0.82623730564215292     
   9.5939999999999994       0.82616025925113934     
   9.6029999999999998       0.82610674218539826     
   9.6119999999999983       0.82604611863482491     
   9.6209999999999987       0.82599632537216205     
   9.6299999999999990       0.82596373944498513     
   9.6389999999999993       0.82601262820387822     
   9.6479999999999979       0.82591713415245760     
   9.6569999999999983       0.82592154280663632     
   9.6659999999999986       0.82591262754013728     
   9.6749999999999989       0.82590297932624601     
   9.6839999999999975       0.82591341659399298     
   9.6929999999999978       0.82585834189433394     
   9.7019999999999982       0.82578087774389153     
   9.7109999999999985       0.82578504527458463     
   9.7199999999999989       0.82574230266608539     
   9.7289999999999992       0.82561917241483784     
   9.7379999999999995       0.82566565501250555     
   9.7469999999999999       0.82563693276278827     
   9.7559999999999985       0.82556749315253364     
   9.7649999999999988       0.82555700964527190     
   9.7739999999999991       0.82547686667162434     
   9.7829999999999995       0.82546416179331772     
   9.7919999999999980       0.82547232273600313     
   9.8009999999999984       0.82542815801185976     
   9.8099999999999987       0.82540840827928474     
   9.8189999999999991       0.82536736020456647     
   9.8279999999999976       0.82542369566282559     
   9.8369999999999980       0.82538212281524903     
   9.8459999999999983       0.82532205005857884     
   9.8549999999999986       0.82523931126625683     
   9.8639999999999990       0.82518701842549291     
   9.8729999999999993       0.82513452522957853     
   9.8819999999999997       0.82512115028871991     
   9.8909999999999982       0.82514031497635953     
   9.8999999999999986       0.82509524263959688     
   9.9089999999999989       0.82507384586522481     
   9.9179999999999993       0.82497407816768542     
   9.9269999999999996       0.82488274275261697     
   9.9359999999999982       0.82487047037598527     
   9.9449999999999985       0.82486997663167583     
   9.9539999999999988       0.82483849540748944     
   9.9629999999999992       0.82484447483734968     
   9.9719999999999978       0.82478927424586912     
   9.9809999999999981       0.82480343949796009     
   9.9899999999999984       0.82477562001667593     
   9.9989999999999988       0.82472498875502120     
   10.007999999999999       0.82468087248821398     
   10.016999999999998       0.82468139528534246     
   10.025999999999998       0.82463183409523699     
   10.034999999999998       0.82460769350615815     
   10.043999999999999       0.82455226515044411     
   10.052999999999999       0.82452238689200019     
   10.061999999999999       0.82449905673078028     
   10.071000000000000       0.82456631983170026     
   10.080000000000000       0.82451266385943778     
   10.088999999999999       0.82452958826265854     
   10.097999999999999       0.82448315045985832     
   10.106999999999999       0.82450378150762316     
   10.116000000000000       0.82448706670209992     
   10.124999999999998       0.82449373104554202     
   10.133999999999999       0.82452001446987155     
   10.142999999999999       0.82450108453422033     
   10.151999999999999       0.82445518865864087     
   10.160999999999998       0.82451933949548872     
   10.169999999999998       0.82450447127903426     
   10.178999999999998       0.82448210960751311     
   10.187999999999999       0.82447180719235436     
   10.196999999999997       0.82442266494716676     
   10.205999999999998       0.82440376233316526     
   10.214999999999998       0.82437617343796121     
   10.223999999999998       0.82440052170417166     
   10.232999999999999       0.82432832862317573     
   10.241999999999999       0.82426408580568045     
   10.250999999999999       0.82419151887839759     
   10.260000000000000       0.82416625467798599     
   10.268999999999998       0.82412496428042448     
   10.277999999999999       0.82409266771335365     
   10.286999999999999       0.82410735541598112     
   10.295999999999999       0.82407505678352189     
   10.304999999999998       0.82407628400507982     
   10.313999999999998       0.82405107017629775     
   10.322999999999999       0.82405787023256016     
   10.331999999999999       0.82402606428482172     
   10.340999999999998       0.82396090634202979     
   10.349999999999998       0.82398113749930035     
   10.358999999999998       0.82394270372297174     
   10.367999999999999       0.82396244313469891     
   10.376999999999999       0.82405649026490901     
   10.385999999999997       0.82406655641510074     
   10.394999999999998       0.82406833141163738     
   10.403999999999998       0.82403190595812781     
   10.412999999999998       0.82400852721059148     
   10.421999999999999       0.82398314837275721     
   10.430999999999999       0.82399574137638087     
   10.440000000000000       0.82401272309488793     
   10.449000000000000       0.82396429834269658     
   10.457999999999998       0.82394573256055226     
   10.466999999999999       0.82392189745148647     
   10.475999999999999       0.82387316641572583     
   10.484999999999999       0.82389451442280404     
   10.493999999999998       0.82383259181384261     
   10.502999999999998       0.82381277313337864     
   10.511999999999999       0.82379109641010984     
   10.520999999999999       0.82375608648562959     
   10.529999999999998       0.82370967509892434     
   10.538999999999998       0.82368633102974054     
   10.547999999999998       0.82372356519970857     
   10.556999999999999       0.82370553850350225     
   10.565999999999999       0.82374088545264024     
   10.574999999999999       0.82371942715096558     
   10.584000000000000       0.82368192667103068     
   10.593000000000000       0.82367709118618115     
   10.601999999999999       0.82372467749072764     
   10.610999999999999       0.82373120919338583     
   10.619999999999999       0.82368345388029884     
   10.629000000000000       0.82367783219072555     
   10.637999999999998       0.82365632483174156     
   10.646999999999998       0.82365129654060798     
   10.655999999999999       0.82364338117112934     
   10.664999999999999       0.82367972637134645     
   10.673999999999998       0.82362615820274210     
   10.682999999999998       0.82361010754603992     
   10.691999999999998       0.82361061035302796     
   10.700999999999999       0.82359887075156080     
   10.709999999999997       0.82352964086395763     
   10.718999999999998       0.82360090445510925     
   10.727999999999998       0.82354953581707091     
   10.736999999999998       0.82351508759418646     
   10.745999999999999       0.82353688567526628     
   10.754999999999999       0.82354516621677398     
   10.763999999999999       0.82350016874253429     
   10.773000000000000       0.82354651474811891     
   10.782000000000000       0.82353817624294479     
   10.790999999999999       0.82348588077639961     
   10.799999999999999       0.82349649994121177     
   10.808999999999999       0.82344468785752267     
   10.818000000000000       0.82337833551941297     
   10.826999999999998       0.82338869607179355     
   10.835999999999999       0.82331190295240597     
   10.844999999999999       0.82331190735652759     
   10.853999999999999       0.82329606623887852     
   10.862999999999998       0.82328309099890373     
   10.871999999999998       0.82328298333817640     
   10.880999999999998       0.82324968364043383     
   10.889999999999999       0.82324758221429273     
   10.898999999999997       0.82326353830987409     
   10.907999999999998       0.82329590623395199     
   10.916999999999998       0.82334009154271193     
   10.925999999999998       0.82330848026474091     
   10.934999999999999       0.82333375721275115     
   10.943999999999999       0.82330358429065198     
   10.952999999999999       0.82332077690426653     
   10.962000000000000       0.82324804210618496     
   10.970999999999998       0.82325220667200205     
   10.979999999999999       0.82329647934775607     
   10.988999999999999       0.82328671566967915     
   10.997999999999999       0.82330236325045447     
   11.006999999999998       0.82326535654424737     
   11.015999999999998       0.82325551636405303     
   11.024999999999999       0.82325584078309588     
   11.033999999999999       0.82328072317774237     
   11.042999999999997       0.82321436138587856     
   11.051999999999998       0.82319502001243094     
   11.060999999999998       0.82319364209377832     
   11.069999999999999       0.82314877918862517     
   11.078999999999999       0.82316444235098496     
   11.087999999999997       0.82312458800545318     
   11.096999999999998       0.82314077491969695     
   11.105999999999998       0.82313661940944749     
   11.114999999999998       0.82306736775563472     
   11.123999999999999       0.82301734347256683     
   11.132999999999999       0.82304433843543645     
   11.141999999999999       0.82301031990771989     
   11.151000000000000       0.82297293975938046     
   11.159999999999998       0.82297557518668052     
   11.168999999999999       0.82288845989290949     
   11.177999999999999       0.82286745278855811     
   11.186999999999999       0.82279520887646540     
   11.195999999999998       0.82272177637758903     
   11.204999999999998       0.82275641684787260     
   11.213999999999999       0.82278360555200269     
   11.222999999999999       0.82278100888801342     
   11.231999999999998       0.82275354874563122     
   11.240999999999998       0.82270998330787226     
   11.249999999999998       0.82269373607318053     
   11.258999999999999       0.82266381811209555     
   11.267999999999999       0.82272332614854038     
   11.276999999999999       0.82264357518850628     
   11.286000000000000       0.82264540124458652     
   11.295000000000000       0.82258112537336636     
   11.303999999999998       0.82249309583178398     
   11.312999999999999       0.82248600740317357     
   11.321999999999999       0.82248663498630303     
   11.331000000000000       0.82239386447533291     
   11.339999999999998       0.82236301133193701     
   11.348999999999998       0.82237089334421509     
   11.357999999999999       0.82236798136965850     
   11.366999999999999       0.82241011057905977     
   11.375999999999998       0.82236615089649534     
   11.384999999999998       0.82234931387946431     
   11.393999999999998       0.82231960648807823     
   11.402999999999999       0.82234622125436330     
   11.411999999999997       0.82227887178194492     
   11.420999999999998       0.82220024895952060     
   11.429999999999998       0.82216851590645312     
   11.438999999999998       0.82220243943635030     
   11.447999999999999       0.82216923140630938     
   11.456999999999999       0.82218241142768167     
   11.465999999999999       0.82212809082487182     
   11.475000000000000       0.82212557334572922     
   11.483999999999998       0.82211808046444435     
   11.492999999999999       0.82206616760869788     
   11.501999999999999       0.82197748358444600     
   11.510999999999999       0.82188486291035479     
   11.520000000000000       0.82185634699006549     
   11.528999999999998       0.82182061961821395     
   11.537999999999998       0.82172828148113208     
   11.546999999999999       0.82177771742796868     
   11.555999999999999       0.82176607203010099     
   11.564999999999998       0.82180075030370248     
   11.573999999999998       0.82178826401813987     
   11.582999999999998       0.82173775587849340     
   11.591999999999999       0.82177257346559562     
   11.600999999999997       0.82182241485585439     
   11.609999999999998       0.82189984615059397     
   11.618999999999998       0.82185256500255655     
   11.627999999999998       0.82177445244121150     
   11.636999999999999       0.82170513665386735     
   11.645999999999999       0.82164952120475065     
   11.654999999999999       0.82163266557826842     
   11.664000000000000       0.82162690581758246     
   11.673000000000000       0.82167193076903422     
   11.682000000000000       0.82166269660892177     
   11.690999999999997       0.82165106536837196     
   11.699999999999998       0.82164284048758596     
   11.708999999999998       0.82155918608566025     
   11.717999999999998       0.82148392948410420     
   11.726999999999999       0.82141807719062310     
   11.735999999999999       0.82140041786407569     
   11.744999999999999       0.82133924012004300     
   11.754000000000000       0.82136654290805677     
   11.762999999999998       0.82137638886597164     
   11.771999999999998       0.82133896058904865     
   11.780999999999999       0.82135021000249053     
   11.789999999999997       0.82134671012881211     
   11.798999999999998       0.82134820202222059     
   11.807999999999998       0.82132701818689113     
   11.816999999999998       0.82124927814823245     
   11.825999999999999       0.82120255027188904     
   11.834999999999997       0.82113714527385750     
   11.843999999999998       0.82115671968833126     
   11.852999999999998       0.82115324524845779     
   11.861999999999998       0.82114708298935002     
   11.870999999999999       0.82118575951101791     
   11.879999999999999       0.82111275084826596     
   11.888999999999999       0.82101730983198051     
   11.898000000000000       0.82100989845075312     
   11.907000000000000       0.82107264305931327     
   11.915999999999997       0.82106948838571148     
   11.924999999999997       0.82104552082843896     
   11.933999999999997       0.82100969962658676     
   11.942999999999998       0.82100120854780723     
   11.951999999999998       0.82095508154669428     
   11.960999999999999       0.82093373361256849     
   11.969999999999999       0.82094899292359291     
   11.978999999999999       0.82096358456853780     
   11.987999999999998       0.82094576707165468     
   11.996999999999998       0.82095104087806503     
   12.005999999999998       0.82096276864666018     
   12.014999999999999       0.82091680117074628     
   12.023999999999999       0.82093391121962700     
   12.032999999999999       0.82089452949892638     
   12.042000000000000       0.82092049002638445     
   12.051000000000000       0.82093519628130052     
   12.059999999999997       0.82098511388319895     
   12.068999999999997       0.82095880832577572     
   12.077999999999998       0.82097992449291546     
   12.086999999999998       0.82089203191580762     
   12.095999999999998       0.82090180514995048     
   12.104999999999999       0.82090273070346742     
   12.113999999999999       0.82090154861314535     
   12.122999999999999       0.82089650175596129     
   12.131999999999998       0.82092766029165032     
   12.140999999999998       0.82096355750291372     
   12.149999999999999       0.82088545718390593     
   12.158999999999999       0.82089834674882622     
   12.167999999999999       0.82086650473654221     
   12.177000000000000       0.82087332581843553     
   12.186000000000000       0.82081106833579598     
   12.195000000000000       0.82077956604476565     
   12.203999999999997       0.82070676328728642     
   12.212999999999997       0.82070206475109886     
   12.221999999999998       0.82074874856730862     
   12.230999999999998       0.82075232038239754     
   12.239999999999998       0.82075463847424457     
   12.248999999999999       0.82074750522330087     
   12.257999999999999       0.82071244538305255     
   12.266999999999999       0.82069935919123094     
   12.275999999999998       0.82065543589452283     
   12.284999999999997       0.82064487920196694     
   12.293999999999997       0.82057589920463359     
   12.302999999999997       0.82058125408690119     
   12.311999999999998       0.82055058009893311     
   12.320999999999998       0.82053808109287707     
   12.329999999999998       0.82051180793070910     
   12.338999999999999       0.82050023766416158     
   12.347999999999999       0.82053706748104638     
   12.356999999999998       0.82049744137281300     
   12.365999999999998       0.82050230307789518     
   12.374999999999998       0.82043507806139460     
   12.383999999999999       0.82038938607662582     
   12.392999999999999       0.82041281445872138     
   12.401999999999999       0.82044475791746974     
   12.411000000000000       0.82043826906856354     
   12.420000000000000       0.82043987309689637     
   12.428999999999997       0.82049945931394253     
   12.437999999999997       0.82054610116074056     
   12.446999999999997       0.82062459094059104     
   12.455999999999998       0.82060905102954707     
   12.464999999999998       0.82057267816342827     
   12.473999999999998       0.82055977221820053     
   12.482999999999999       0.82058388414800687     
   12.491999999999999       0.82059736926318949     
   12.500999999999998       0.82063654476369885     
   12.509999999999998       0.82062602344578406     
   12.518999999999998       0.82066282408470836     
   12.527999999999999       0.82071946917915362     
   12.536999999999999       0.82066629077131203     
   12.545999999999999       0.82068976325446141     
   12.555000000000000       0.82065601752541584     
   12.564000000000000       0.82065062961089330     
   12.572999999999997       0.82058567145942829     
   12.581999999999997       0.82051779797130953     
   12.590999999999998       0.82048819234034531     
   12.599999999999998       0.82050599398692992     
   12.608999999999998       0.82054804515283830     
   12.617999999999999       0.82056511620976813     
   12.626999999999999       0.82052229627898088     
   12.635999999999999       0.82049611869349370     
   12.644999999999998       0.82050349318449445     
   12.653999999999998       0.82055288046650854     
   12.662999999999998       0.82055760113990983     
   12.671999999999999       0.82056254270266249     
   12.680999999999999       0.82056074914241361     
   12.690000000000000       0.82049454275799161     
   12.699000000000000       0.82048263737082738     
   12.708000000000000       0.82042496465929560     
   12.716999999999999       0.82039307861775812     
   12.725999999999997       0.82034417557693051     
   12.734999999999998       0.82036218707605990     
   12.743999999999998       0.82033957656217371     
   12.752999999999998       0.82029834818484015     
   12.761999999999999       0.82033993328953203     
   12.770999999999999       0.82030973405091767     
   12.779999999999999       0.82033617137951986     
   12.789000000000000       0.82036207541771833     
   12.797999999999996       0.82037785491876170     
   12.806999999999997       0.82035046547482049     
   12.815999999999997       0.82034508099933190     
   12.824999999999998       0.82031888292018140     
   12.833999999999998       0.82027919321224341     
   12.842999999999998       0.82034265710344156     
   12.851999999999999       0.82032121835869654     
   12.860999999999999       0.82036028260431193     
   12.869999999999997       0.82037520159005073     
   12.878999999999998       0.82036479205384860     
   12.887999999999998       0.82040556780846996     
   12.896999999999998       0.82038551112576896     
   12.905999999999999       0.82036474930681746     
   12.914999999999999       0.82034755502721945     
   12.923999999999999       0.82034673105864131     
   12.933000000000000       0.82030897108116518     
   12.941999999999997       0.82027729522435422     
   12.950999999999997       0.82023961467260165     
   12.959999999999997       0.82021173089536115     
   12.968999999999998       0.82024132886375212     
   12.977999999999998       0.82022438831746736     
   12.986999999999998       0.82026340257477537     
   12.995999999999999       0.82025301611193113     
   13.004999999999999       0.82029836376113707     
   13.013999999999998       0.82023669262910226     
   13.022999999999998       0.82023947397149732     
   13.031999999999998       0.82017092435219840     
   13.040999999999999       0.82010297636034180     
   13.049999999999999       0.82013076971428456     
   13.058999999999999       0.82011437942491461     
   13.068000000000000       0.82008607927158950     
   13.077000000000000       0.82004664190118615     
   13.086000000000000       0.82006727007493641     
   13.094999999999997       0.82008734619541446     
   13.103999999999997       0.82009898224209032     
   13.112999999999998       0.82013301755350643     
   13.121999999999998       0.82012525629349853     
   13.130999999999998       0.82009762376559103     
   13.139999999999999       0.82017152763218926     
   13.148999999999999       0.82012396308883562     
   13.157999999999999       0.82010823486168360     
   13.166999999999998       0.82010685629754165     
   13.175999999999998       0.82009389679948252     
   13.184999999999999       0.82007865547591807     
   13.193999999999999       0.82006617001247617     
   13.202999999999998       0.82008237908242532     
   13.211999999999998       0.82003306289657119     
   13.220999999999998       0.82002079343306178     
   13.229999999999999       0.82000220385608025     
   13.238999999999997       0.81999457554778743     
   13.247999999999998       0.81999489591748242     
   13.256999999999998       0.81997593794019719     
   13.265999999999998       0.81988373407909532     
   13.274999999999999       0.81987625587442559     
   13.283999999999999       0.81993646351102545     
   13.292999999999999       0.81992271159544783     
   13.302000000000000       0.81988678940099402     
   13.310999999999996       0.81995268017692036     
   13.319999999999997       0.81990820645413620     
   13.328999999999997       0.81991625849230154     
   13.337999999999997       0.81987684146440554     
   13.346999999999998       0.81987858434870176     
   13.355999999999998       0.81989084629808351     
   13.364999999999998       0.81989635493602286     
   13.373999999999999       0.81993349986608444     
   13.382999999999997       0.81987664408589789     
   13.391999999999998       0.81985514725440622     
   13.400999999999998       0.81986991770576712     
   13.409999999999998       0.81992235360322918     
   13.418999999999999       0.81994015236111883     
   13.427999999999999       0.81990135961761912     
   13.436999999999999       0.81987688337955500     
   13.446000000000000       0.81988854731430716     
   13.455000000000000       0.81991844640740963     
   13.463999999999997       0.81988193565008483     
   13.472999999999997       0.81984482570358230     
   13.481999999999998       0.81984691081696359     
   13.490999999999998       0.81986963417459524     
   13.499999999999998       0.81978601931612738     
   13.508999999999999       0.81976291519038891     
   13.517999999999999       0.81973354982684865     
   13.526999999999999       0.81975627549445618     
   13.535999999999998       0.81973514893636290     
   13.544999999999998       0.81975443811031068     
   13.553999999999998       0.81979803043470834     
   13.562999999999999       0.81976437649793810     
   13.571999999999999       0.81971572173739293     
   13.581000000000000       0.81974395540633704     
   13.590000000000000       0.81974118533615437     
   13.599000000000000       0.81974375593397164     
   13.607999999999997       0.81981631424325785     
   13.616999999999997       0.81977235974682439     
   13.625999999999998       0.81975991113580970     
   13.634999999999998       0.81971594918122592     
   13.643999999999998       0.81969311563577862     
   13.652999999999999       0.81969122909839376     
   13.661999999999999       0.81969023585075540     
   13.670999999999999       0.81968782872569845     
   13.679999999999998       0.81964741111830630     
   13.688999999999997       0.81961983783652703     
   13.697999999999997       0.81962274295190363     
   13.706999999999997       0.81958099387091554     
   13.715999999999998       0.81955480277114179     
   13.724999999999998       0.81958537275913479     
   13.733999999999998       0.81965096435931950     
   13.742999999999999       0.81966185177980677     
   13.751999999999997       0.81962962965011954     
   13.760999999999997       0.81959441236873043     
   13.769999999999998       0.81956470791513658     
   13.778999999999998       0.81955397475749292     
   13.787999999999998       0.81955064485375273     
   13.796999999999999       0.81957400649695133     
   13.805999999999999       0.81957419895462336     
   13.815000000000000       0.81960119082531890     
   13.823999999999996       0.81957791668929625     
   13.832999999999997       0.81955160677341832     
   13.841999999999997       0.81950954062724979     
   13.850999999999997       0.81949477428915174     
   13.859999999999998       0.81950010789350691     
   13.868999999999998       0.81952704123586606     
   13.877999999999998       0.81951831828859723     
   13.886999999999999       0.81954371260083514     
   13.895999999999999       0.81953063797957582     
   13.904999999999998       0.81955031761782793     
   13.913999999999998       0.81952299297884568     
   13.922999999999998       0.81947016581012799     
   13.931999999999999       0.81945168092002607     
   13.940999999999999       0.81943515361816777     
   13.949999999999999       0.81945368449636902     
   13.959000000000000       0.81945426889632855     
   13.968000000000000       0.81946574733113153     
   13.976999999999997       0.81947486556597338     
   13.985999999999997       0.81943683203553741     
   13.994999999999997       0.81947274161519468     
   14.003999999999998       0.81949839074364139     
   14.012999999999998       0.81952661156866657     
   14.021999999999998       0.81947517843189799     
   14.030999999999999       0.81942544794906280     
   14.039999999999999       0.81938206998685970     
   14.048999999999998       0.81940497419051894     
   14.057999999999998       0.81937455771902112     
   14.066999999999998       0.81933325712189575     
   14.075999999999999       0.81930376110347425     
   14.084999999999999       0.81929909935723411     
   14.093999999999999       0.81929275246279865     
   14.103000000000000       0.81929260365662393     
   14.112000000000000       0.81930920931939855     
   14.120999999999997       0.81930029708368124     
   14.129999999999997       0.81931492510047521     
   14.138999999999998       0.81923609888506022     
   14.147999999999998       0.81920886559491668     
   14.156999999999998       0.81916402010494271     
   14.165999999999999       0.81914405305958393     
   14.174999999999999       0.81915756850594712     
   14.183999999999999       0.81916381376201042     
   14.192999999999996       0.81913455641227140     
   14.201999999999996       0.81913215058581268     
   14.210999999999997       0.81917865130322076     
   14.219999999999997       0.81921218742745061     
   14.228999999999997       0.81923089703263374     
   14.237999999999998       0.81925725802958516     
   14.246999999999998       0.81925748594360537     
   14.255999999999998       0.81920781421721078     
   14.264999999999999       0.81921649840882560     
   14.273999999999997       0.81922792780304476     
   14.282999999999998       0.81920940811198584     
   14.291999999999998       0.81918351944772316     
   14.300999999999998       0.81922816920654151     
   14.309999999999999       0.81926892078545677     
   14.318999999999999       0.81924123924324743     
   14.327999999999999       0.81923886160027326     
   14.337000000000000       0.81920784264330582     
   14.345999999999997       0.81924456339327512     
   14.354999999999997       0.81920570749151411     
   14.363999999999997       0.81918803632757642     
   14.372999999999998       0.81919293705959406     
   14.381999999999998       0.81916933906223055     
   14.390999999999998       0.81916307392537024     
   14.399999999999999       0.81913575278555495     
   14.408999999999999       0.81910009789525295     
   14.417999999999997       0.81905333188534624     
   14.426999999999998       0.81903654329755560     
   14.435999999999998       0.81904555782825406     
   14.444999999999999       0.81899417330463120     
   14.453999999999999       0.81904145637634918     
   14.462999999999999       0.81905784209216959     
   14.472000000000000       0.81905879003195436     
   14.481000000000000       0.81903272034189245     
   14.489999999999997       0.81906018399618563     
   14.498999999999997       0.81901857789673616     
   14.507999999999997       0.81901119982678106     
   14.516999999999998       0.81900958349053476     
   14.525999999999998       0.81904692508817356     
   14.534999999999998       0.81905117416299877     
   14.543999999999999       0.81905487361986062     
   14.552999999999999       0.81904876081277900     
   14.561999999999998       0.81907092948535265     
   14.570999999999998       0.81907446913395721     
   14.579999999999998       0.81906328422893726     
   14.588999999999999       0.81906747793009704     
   14.597999999999999       0.81905385060003810     
   14.606999999999998       0.81905999102495974     
   14.615999999999998       0.81904318059910497     
   14.624999999999998       0.81903531376675787     
   14.633999999999999       0.81902411822924515     
   14.642999999999997       0.81897970267116271     
   14.651999999999997       0.81904560004447535     
   14.660999999999998       0.81901068569616509     
   14.669999999999998       0.81901653048821932     
   14.678999999999998       0.81903334566179420     
   14.687999999999999       0.81904189391322213     
   14.696999999999999       0.81902941439525079     
   14.706000000000000       0.81906287710486914     
   14.714999999999996       0.81902642461210429     
   14.723999999999997       0.81900670797892905     
   14.732999999999997       0.81900483018562331     
   14.741999999999997       0.81898258818621905     
   14.750999999999998       0.81903454086529381     
   14.759999999999998       0.81902618901579094     
   14.768999999999998       0.81907418017471079     
   14.777999999999999       0.81906375551704891     
   14.786999999999997       0.81898123593398808     
   14.795999999999998       0.81894788323275802     
   14.804999999999998       0.81896222466044288     
   14.813999999999998       0.81897597741849482     
   14.822999999999999       0.81898139841390183     
   14.831999999999999       0.81900268840832702     
   14.840999999999999       0.81899100945546366     
   14.850000000000000       0.81896431545677706     
   14.858999999999996       0.81898531337817593     
   14.867999999999997       0.81901368715802580     
   14.876999999999997       0.81896642381061813     
   14.885999999999997       0.81896987438380930     
   14.894999999999998       0.81898444724682218     
   14.903999999999998       0.81896341598195921     
   14.912999999999998       0.81893217940063512     
   14.921999999999999       0.81886440092940671     
   14.930999999999997       0.81889037595955450     
   14.939999999999998       0.81887651283419560     
   14.948999999999998       0.81887674617940942     
   14.957999999999998       0.81883186665006646     
   14.966999999999999       0.81885939407001485     
   14.975999999999999       0.81889157679918079     
   14.984999999999999       0.81891631033570433     
