   0.0000000000000000       0.99999999999991596     
   8.0000000000000002E-002  0.18527057141147515     
  0.16000000000000000      -0.11066620163984883     
  0.23999999999999999       -3.2181910464900608E-004
  0.32000000000000001      -0.13178983973772401     
  0.40000000000000008       -9.9047840637836351E-002
  0.47999999999999998       -7.0975088270686576E-002
  0.56000000000000005       -9.2157474912474571E-002
  0.64000000000000001       -7.2096918833748538E-002
  0.72000000000000008       -7.3054483113027938E-002
  0.80000000000000016       -7.7251773004811966E-002
  0.88000000000000000       -4.8616034137530968E-002
  0.95999999999999996       -7.4217730227407699E-002
   1.0400000000000000       -6.7622541004377368E-002
   1.1200000000000001       -6.6858522685980762E-002
   1.2000000000000002       -7.0399655343199266E-002
   1.2800000000000000       -4.8765380777638326E-002
   1.3600000000000001       -5.9770772464282820E-002
   1.4400000000000002       -6.7270583702788045E-002
   1.5200000000000000       -7.9822054093509662E-002
   1.6000000000000003       -7.2422850697361194E-002
   1.6800000000000002       -3.8006527740646237E-002
   1.7600000000000000       -6.0709570856283042E-002
   1.8400000000000001       -6.7795186988489020E-002
   1.9199999999999999       -5.9808900602854327E-002
   2.0000000000000004       -6.7569212770172804E-002
   2.0800000000000001       -3.4126519906220204E-002
   2.1600000000000001       -5.0649250237129531E-002
   2.2400000000000002       -4.8399934472001027E-002
   2.3199999999999998       -3.9976336076804307E-002
   2.4000000000000004       -5.2369133358728344E-002
   2.4800000000000004       -5.1457523600558330E-002
   2.5600000000000001       -5.8033618908510880E-002
   2.6400000000000001       -4.7842899038315144E-002
   2.7200000000000002       -5.5762294763219790E-002
   2.8000000000000003       -4.4329984322953292E-002
   2.8800000000000003       -6.5645030498924950E-002
   2.9600000000000004       -5.1901606564194312E-002
   3.0400000000000000       -5.5576330547255227E-002
   3.1200000000000001       -4.7182197851044404E-002
   3.2000000000000006       -4.8684352441677278E-002
   3.2800000000000002       -5.6846709985393748E-002
   3.3600000000000003       -4.6035259314807876E-002
   3.4400000000000004       -5.0965766384907206E-002
   3.5200000000000000       -5.5589231312014771E-002
   3.6000000000000001       -5.2137224015335257E-002
   3.6800000000000002       -4.3800481449742634E-002
   3.7600000000000002       -5.2815432643536789E-002
   3.8399999999999999       -3.7906683724435335E-002
   3.9200000000000008       -4.6558954481513135E-002
   4.0000000000000009       -5.9015630871430629E-002
   4.0800000000000001       -4.3274190643317841E-002
   4.1600000000000001       -6.2338326015878853E-002
   4.2400000000000002       -4.4405797282067068E-002
   4.3200000000000003       -5.5608212899609245E-002
   4.4000000000000004       -4.4326069709005683E-002
   4.4800000000000004       -5.4587744314985233E-002
   4.5600000000000005       -2.1304072889089552E-002
   4.6399999999999997       -4.4076504333520700E-002
   4.7200000000000006       -3.6099188008588384E-002
   4.8000000000000007       -3.5767518574804640E-002
   4.8800000000000008       -2.2098243299758208E-002
   4.9600000000000009       -3.3460829818347158E-002
   5.0400000000000009       -5.0242635519737483E-002
   5.1200000000000001       -4.9566245268133989E-002
   5.2000000000000002       -4.5854630499730979E-002
   5.2800000000000002       -4.8768022441797759E-002
   5.3600000000000003       -2.4440727289758876E-002
   5.4400000000000004       -3.8045140211067877E-002
   5.5200000000000005       -4.6879590322838095E-002
   5.6000000000000005       -2.6731422126401880E-002
   5.6800000000000006       -4.1542784961726031E-002
   5.7600000000000007       -3.4238903737670773E-002
   5.8400000000000007       -5.0553722499182593E-002
   5.9200000000000008       -5.2357311422588176E-002
   6.0000000000000009       -4.0674363486827278E-002
   6.0800000000000001       -1.1845641299906435E-002
   6.1600000000000001       -4.0088805957762597E-002
   6.2400000000000002       -1.3618518434166282E-002
   6.3200000000000003       -3.7833547888104002E-002
   6.4000000000000012       -5.4872526692129097E-003
   6.4800000000000004       -4.7354537230311300E-002
   6.5600000000000005       -2.5789838272197368E-002
   6.6400000000000006       -2.8339880326490909E-002
   6.7200000000000006       -3.7948385025771178E-002
   6.8000000000000007       -5.5791714300998038E-002
   6.8800000000000008       -5.0597939563906055E-002
   6.9600000000000009       -3.5520128693199218E-002
   7.0400000000000000       -2.1382369962226488E-002
   7.1200000000000001       -2.0392655731386874E-002
   7.2000000000000002       -3.7588612922713927E-002
   7.2800000000000002       -2.4507452635539256E-002
   7.3600000000000003       -2.9645091043260307E-002
   7.4400000000000004       -2.7877344038229758E-002
   7.5200000000000005       -1.9749838401683505E-002
   7.5999999999999996       -3.1913983706199280E-002
   7.6799999999999997       -2.7227583100848749E-002
   7.7600000000000016       -2.2724242249167019E-002
   7.8400000000000016       -2.2703258367710831E-002
   7.9200000000000008       -1.0737834410782380E-002
   8.0000000000000018       -2.2875148573970282E-002
   8.0800000000000018       -2.3516894091388973E-002
   8.1600000000000001       -3.0072910826537309E-002
   8.2400000000000002       -2.5908282857283940E-002
   8.3200000000000003       -2.4096973962112116E-002
   8.4000000000000004       -4.5226545244777802E-002
   8.4800000000000004       -3.7281928965044710E-002
   8.5600000000000005       -3.8475200642597900E-002
   8.6400000000000006       -3.5000827501136339E-002
   8.7200000000000006       -3.7689506285052334E-002
   8.8000000000000007       -3.3549828157037283E-002
   8.8800000000000008       -3.1976923763990132E-002
   8.9600000000000009       -3.4309460334889776E-002
   9.0400000000000009       -3.8211477910583935E-002
   9.1200000000000010       -4.3001047847653143E-002
   9.2000000000000011       -4.1421152890837788E-002
   9.2799999999999994       -3.2290347930848187E-002
   9.3599999999999994       -2.2988013466743215E-002
   9.4400000000000013       -3.5315754395235786E-002
   9.5200000000000014       -3.0185876946441134E-002
   9.6000000000000014       -4.6337289988505774E-002
   9.6800000000000015       -4.8891426297887883E-002
   9.7600000000000016       -7.9891725066883971E-003
   9.8400000000000016       -2.3464863144910617E-002
