   0.0000000000000000       0.99999997672901775     
   5.0000000000000001E-003  0.99021269298267367     
   1.0000000000000000E-002  0.98073917813814149     
   1.4999999999999999E-002  0.99045305170407993     
   2.0000000000000000E-002  0.98956846269303256     
   2.5000000000000005E-002  0.98310216390843530     
   2.9999999999999999E-002  0.97760809097478230     
   3.5000000000000003E-002  0.97344847332882056     
   4.0000000000000001E-002  0.96990928332969284     
   4.5000000000000005E-002  0.96670951605138400     
   5.0000000000000010E-002  0.96379135984303865     
   5.5000000000000000E-002  0.96139370442580696     
   5.9999999999999998E-002  0.96013644933538289     
   6.5000000000000002E-002  0.95923664572453848     
   7.0000000000000007E-002  0.95875065729418529     
   7.5000000000000011E-002  0.95754765266078978     
   8.0000000000000002E-002  0.95630541124013102     
   8.5000000000000006E-002  0.95497215745582076     
   9.0000000000000011E-002  0.95427802188486166     
   9.5000000000000001E-002  0.95419329300830724     
  0.10000000000000002       0.95443166646786082     
  0.10500000000000001       0.95405877806475670     
  0.11000000000000000       0.95411787865355602     
  0.11500000000000000       0.95416910445057967     
  0.12000000000000000       0.95408415702274074     
  0.12500000000000003       0.95378751518340743     
  0.13000000000000000       0.95375295556376771     
  0.13500000000000001       0.95381518863836900     
  0.14000000000000001       0.95441687916629703     
  0.14499999999999999       0.95460467566693818     
  0.15000000000000002       0.95474488592189954     
  0.15500000000000003       0.95556984210139939     
  0.16000000000000000       0.95591457395643886     
  0.16500000000000001       0.95596459652662946     
  0.17000000000000001       0.95629431267119835     
  0.17500000000000002       0.95727506013784747     
  0.18000000000000002       0.95793770851900628     
  0.18500000000000003       0.95889630851029506     
  0.19000000000000000       0.95914226696517402     
  0.19500000000000001       0.95955773543737199     
  0.20000000000000004       0.96040745747095679     
  0.20500000000000002       0.96097903883986147     
  0.21000000000000002       0.96164763467303416     
  0.21500000000000002       0.96220674379754367     
  0.22000000000000000       0.96262466699758187     
  0.22500000000000001       0.96356579643940077     
  0.23000000000000001       0.96421972889224439     
  0.23500000000000001       0.96489374195708699     
  0.23999999999999999       0.96550324083382255     
  0.24500000000000005       0.96601844693613259     
  0.25000000000000006       0.96667971839439848     
  0.25500000000000000       0.96747845184975956     
  0.26000000000000001       0.96763591487765965     
  0.26500000000000001       0.96834142332971895     
  0.27000000000000002       0.96877437995162619     
  0.27500000000000002       0.96901143850686788     
  0.28000000000000003       0.96922004324857314     
  0.28500000000000003       0.96965220861685519     
  0.28999999999999998       0.96994821813586418     
  0.29500000000000004       0.97042296159429753     
  0.30000000000000004       0.97053807530243286     
  0.30500000000000005       0.97097709848582636     
  0.31000000000000005       0.97113392533460396     
  0.31500000000000006       0.97140105575527191     
  0.32000000000000001       0.97157819730922168     
  0.32500000000000001       0.97117894013033257     
  0.33000000000000002       0.97132461516919177     
  0.33500000000000002       0.97138163311526082     
  0.34000000000000002       0.97116544424651186     
  0.34500000000000003       0.97089811538713433     
  0.35000000000000003       0.97052648005634035     
  0.35500000000000004       0.97038317363221172     
  0.36000000000000004       0.97017820430510515     
  0.36500000000000005       0.97017938551970406     
  0.37000000000000005       0.96963366367976178     
  0.37500000000000006       0.96973874084600653     
  0.38000000000000000       0.96954551964008895     
  0.38500000000000001       0.96966477834546971     
  0.39000000000000001       0.96964229921296829     
  0.39500000000000002       0.96957222896259665     
  0.40000000000000008       0.96945180264635133     
  0.40500000000000003       0.96928208381679615     
  0.41000000000000003       0.96924852197823874     
  0.41500000000000004       0.96938180022224207     
  0.42000000000000004       0.96924912567804455     
  0.42500000000000004       0.96901596451496730     
  0.43000000000000005       0.96904412018271613     
  0.43500000000000005       0.96877359749617831     
  0.44000000000000000       0.96837712395005116     
  0.44500000000000001       0.96796444681869476     
  0.45000000000000001       0.96755928541831604     
  0.45500000000000002       0.96729000726920167     
  0.46000000000000002       0.96665122122003544     
  0.46500000000000002       0.96607641216181617     
  0.47000000000000003       0.96562367651065595     
  0.47499999999999998       0.96485081164017361     
  0.47999999999999998       0.96414102360018461     
  0.48500000000000010       0.96381699660077724     
  0.49000000000000010       0.96328612406023062     
  0.49500000000000005       0.96293684172791871     
  0.50000000000000011       0.96224720982882683     
  0.50500000000000012       0.96169462975276643     
  0.51000000000000001       0.96105098383319132     
  0.51500000000000001       0.96050312916761216     
  0.52000000000000002       0.95975804409848786     
  0.52500000000000002       0.95910756013079768     
  0.53000000000000003       0.95872120362058200     
  0.53500000000000003       0.95797941534938180     
  0.54000000000000004       0.95742780528427940     
  0.54500000000000004       0.95695071551114075     
  0.55000000000000004       0.95668284030915052     
  0.55500000000000005       0.95567441173402334     
  0.56000000000000005       0.95458860739892404     
  0.56500000000000006       0.95395632352027515     
  0.57000000000000006       0.95325406977748572     
  0.57500000000000007       0.95254840317136147     
  0.57999999999999996       0.95132165481468345     
  0.58499999999999996       0.95087537202672812     
  0.59000000000000008       0.95012941143056218     
  0.59500000000000008       0.94925495201831522     
  0.60000000000000009       0.94828176318452240     
  0.60500000000000009       0.94782417400626073     
  0.61000000000000010       0.94693290581764944     
  0.61500000000000010       0.94608161489994913     
  0.62000000000000011       0.94564929884342241     
  0.62500000000000011       0.94456527336643847     
  0.63000000000000012       0.94370734892180408     
  0.63500000000000001       0.94272875166673986     
  0.64000000000000001       0.94215951757492200     
  0.64500000000000002       0.94141496046888784     
  0.65000000000000002       0.94014283649039321     
  0.65500000000000003       0.93931986424801650     
  0.66000000000000003       0.93833396556127480     
  0.66500000000000004       0.93735188906935218     
  0.67000000000000004       0.93608528832975313     
  0.67500000000000004       0.93469660031842927     
  0.68000000000000005       0.93364386070069594     
  0.68500000000000005       0.93307605313127950     
  0.69000000000000006       0.93170840976811031     
  0.69500000000000006       0.93025676689755288     
  0.70000000000000007       0.92934499319252206     
  0.70500000000000007       0.92791477507026643     
  0.71000000000000008       0.92725333619524009     
  0.71500000000000008       0.92576382204745966     
  0.72000000000000008       0.92431043374302768     
  0.72500000000000009       0.92323079413018894     
  0.73000000000000009       0.92169257670019911     
  0.73500000000000010       0.92063868324120013     
  0.74000000000000010       0.91950586176002869     
  0.74500000000000011       0.91810814004208474     
  0.75000000000000011       0.91654549436459742     
  0.75500000000000000       0.91528182074571673     
  0.76000000000000001       0.91471126945818015     
  0.76500000000000001       0.91314783981937198     
  0.77000000000000002       0.91209199266861252     
  0.77500000000000002       0.91013648751628684     
  0.78000000000000003       0.90894870082894819     
  0.78500000000000003       0.90770280605860498     
  0.79000000000000004       0.90628275632390998     
  0.79500000000000004       0.90476904031154226     
  0.80000000000000016       0.90342721614118893     
  0.80500000000000016       0.90205865870531865     
  0.81000000000000005       0.90077358056035295     
  0.81500000000000006       0.89955269667998838     
  0.82000000000000006       0.89822832650677831     
  0.82500000000000007       0.89654299262198511     
  0.83000000000000007       0.89531643979410869     
  0.83500000000000008       0.89347907035358787     
  0.84000000000000008       0.89263737649983255     
  0.84500000000000008       0.89095552984098048     
  0.85000000000000009       0.88978854807702701     
  0.85500000000000009       0.88886469589786554     
  0.86000000000000010       0.88777318605396249     
  0.86500000000000010       0.88613245604334556     
  0.87000000000000011       0.88462164997233883     
  0.87500000000000011       0.88385830020505785     
  0.88000000000000000       0.88229450231037954     
  0.88500000000000001       0.88097905235009877     
  0.89000000000000001       0.87918272254024232     
  0.89500000000000002       0.87731409905164004     
  0.90000000000000002       0.87622454963784768     
  0.90500000000000003       0.87499385823985354     
  0.91000000000000003       0.87330277275898571     
  0.91500000000000004       0.87234625287641487     
  0.92000000000000004       0.87117340928592424     
  0.92500000000000004       0.87035186491842687     
  0.93000000000000005       0.86923392147178313     
  0.93500000000000005       0.86840981689525465     
  0.94000000000000006       0.86691650663553554     
  0.94499999999999995       0.86546555674508729     
  0.94999999999999996       0.86471175460157612     
  0.95499999999999996       0.86335230847926725     
  0.95999999999999996       0.86175736992380114     
  0.96500000000000019       0.86034161437803336     
  0.97000000000000020       0.85913825843268243     
  0.97500000000000020       0.85793962935159851     
  0.98000000000000020       0.85633677004037667     
  0.98500000000000010       0.85560756864445431     
  0.99000000000000010       0.85433245592940388     
  0.99500000000000011       0.85287833090655873     
   1.0000000000000002       0.85193046700819741     
   1.0050000000000001       0.85054420952345899     
   1.0100000000000002       0.84946207641906535     
   1.0150000000000001       0.84791822577900455     
   1.0200000000000000       0.84649493049417068     
   1.0250000000000001       0.84539321363866271     
   1.0300000000000000       0.84384264415948396     
   1.0350000000000001       0.84296084737321197     
   1.0400000000000000       0.84156887217305743     
   1.0450000000000002       0.83894183046622151     
   1.0500000000000000       0.83786927435553715     
   1.0550000000000002       0.83671988201164726     
   1.0600000000000001       0.83524096009644255     
   1.0650000000000002       0.83373620546800953     
   1.0700000000000001       0.83267992175107552     
   1.0750000000000002       0.83118929693596766     
   1.0800000000000001       0.82931727638244190     
   1.0850000000000002       0.82812526473157233     
   1.0900000000000001       0.82683387949880982     
   1.0950000000000000       0.82643826881995031     
   1.1000000000000001       0.82509600844146447     
   1.1050000000000000       0.82460145391909467     
   1.1100000000000001       0.82379407851869346     
   1.1150000000000000       0.82235905311436386     
   1.1200000000000001       0.82141596726309385     
   1.1250000000000000       0.82033001892882673     
   1.1300000000000001       0.81867594522986864     
   1.1350000000000000       0.81691414145303987     
   1.1400000000000001       0.81526381897868683     
   1.1450000000000000       0.81371581605204213     
   1.1500000000000001       0.81269626246648941     
   1.1550000000000000       0.81104834691521377     
   1.1599999999999999       0.81011227395111696     
   1.1650000000000000       0.80936822459993585     
   1.1699999999999999       0.80796593241499171     
   1.1750000000000003       0.80742104530639824     
   1.1800000000000002       0.80644372976673129     
   1.1850000000000003       0.80514727195691416     
   1.1900000000000002       0.80409396281695045     
   1.1950000000000001       0.80347261241501111     
   1.2000000000000002       0.80208970687751602     
   1.2050000000000001       0.80169209447888690     
   1.2100000000000002       0.80073934240269407     
   1.2150000000000001       0.80005923378965493     
   1.2200000000000002       0.79963091068874792     
   1.2250000000000001       0.79914282823923699     
   1.2300000000000002       0.79841574840282492     
   1.2350000000000001       0.79738688840695227     
   1.2400000000000002       0.79621037642664017     
   1.2450000000000001       0.79528231446666287     
   1.2500000000000002       0.79437672134189286     
   1.2550000000000001       0.79313841705284593     
   1.2600000000000002       0.79254068759748120     
   1.2650000000000001       0.79151611733903693     
   1.2700000000000000       0.79028649380658189     
   1.2750000000000001       0.78918942962744387     
   1.2800000000000000       0.78800210527172132     
   1.2850000000000001       0.78765139934297734     
   1.2900000000000000       0.78673490784023303     
   1.2950000000000002       0.78663272196154610     
   1.3000000000000000       0.78602283010904517     
   1.3050000000000002       0.78555571121278867     
   1.3100000000000001       0.78469366627330306     
   1.3150000000000002       0.78436118097446306     
   1.3200000000000001       0.78386031884266016     
   1.3250000000000002       0.78335124012494228     
   1.3300000000000001       0.78281309528107479     
   1.3350000000000000       0.78204735032752859     
   1.3400000000000001       0.78119905666932887     
   1.3450000000000000       0.78006275652097956     
   1.3500000000000001       0.77942812764039626     
   1.3550000000000000       0.77830496752279565     
   1.3600000000000001       0.77780893723917865     
   1.3650000000000000       0.77730703605481022     
   1.3700000000000001       0.77663067436017585     
   1.3750000000000000       0.77599614520235660     
   1.3800000000000001       0.77614955964994459     
   1.3850000000000000       0.77593808776478346     
   1.3900000000000001       0.77574818814924673     
   1.3950000000000002       0.77503206354968801     
   1.4000000000000001       0.77486236627646232     
   1.4050000000000002       0.77492128601310994     
   1.4100000000000001       0.77497336196247057     
   1.4150000000000003       0.77419717594183790     
   1.4200000000000002       0.77367237111346188     
   1.4250000000000003       0.77246289716578143     
   1.4300000000000002       0.77176512409853026     
   1.4350000000000003       0.77148013422038553     
   1.4400000000000002       0.77072579432058785     
   1.4450000000000001       0.77083698046714566     
   1.4500000000000002       0.77045398070095772     
   1.4550000000000001       0.76992195218283355     
   1.4600000000000002       0.76979552332245427     
   1.4650000000000001       0.76916207149075411     
   1.4700000000000002       0.76825997773121035     
   1.4750000000000001       0.76735575951681478     
   1.4800000000000002       0.76712929721707512     
   1.4850000000000001       0.76681586310049754     
   1.4900000000000002       0.76647122299059012     
   1.4950000000000001       0.76645507060355045     
   1.5000000000000002       0.76621476049557380     
   1.5050000000000001       0.76647750618139110     
   1.5100000000000000       0.76656834115622785     
   1.5150000000000001       0.76662978715966978     
   1.5200000000000000       0.76659747874667894     
   1.5250000000000001       0.76602196021182112     
   1.5300000000000000       0.76614081579021398     
   1.5350000000000001       0.76639008089975946     
   1.5400000000000000       0.76651724806937993     
   1.5450000000000002       0.76597310756076609     
   1.5500000000000000       0.76635552114343064     
   1.5550000000000002       0.76623233947357006     
   1.5600000000000001       0.76541695266476439     
   1.5650000000000002       0.76469449095611197     
   1.5700000000000001       0.76454232151341250     
   1.5750000000000000       0.76500863459789958     
   1.5800000000000001       0.76472947515037126     
   1.5850000000000000       0.76487998588099737     
   1.5900000000000001       0.76517760670744794     
   1.5950000000000000       0.76498538295004381     
   1.6000000000000003       0.76476998225378789     
   1.6050000000000002       0.76459937088151086     
   1.6100000000000003       0.76483427068672039     
   1.6150000000000000       0.76499155310014744     
   1.6200000000000001       0.76477558427355274     
   1.6250000000000000       0.76463858777508475     
   1.6300000000000001       0.76477779777013410     
   1.6350000000000000       0.76487629441007077     
   1.6400000000000001       0.76516687640026437     
   1.6450000000000000       0.76516119465995946     
   1.6500000000000001       0.76541844875776610     
   1.6550000000000000       0.76525527679569383     
   1.6600000000000001       0.76510274206535145     
   1.6650000000000000       0.76535193945698043     
   1.6700000000000002       0.76520289804517483     
   1.6750000000000000       0.76515741966345097     
   1.6800000000000002       0.76569589586980069     
   1.6850000000000001       0.76582341862763736     
   1.6900000000000002       0.76615189633765191     
   1.6950000000000001       0.76526914836634941     
   1.7000000000000002       0.76531908067949794     
   1.7050000000000001       0.76529650982249120     
   1.7100000000000002       0.76509549727503678     
   1.7150000000000003       0.76558925065560057     
   1.7200000000000002       0.76553128010558469     
   1.7250000000000003       0.76633494382407552     
   1.7300000000000002       0.76661982779935911     
   1.7350000000000003       0.76599632490342606     
   1.7400000000000002       0.76553066574242867     
   1.7450000000000003       0.76585620952149691     
   1.7500000000000002       0.76525797774439330     
   1.7550000000000003       0.76540140325529182     
   1.7600000000000000       0.76511232444351795     
   1.7650000000000003       0.76483498306198894     
   1.7700000000000000       0.76573701927178917     
   1.7750000000000004       0.76617698879146023     
   1.7800000000000000       0.76602452698047852     
   1.7850000000000004       0.76601773462057521     
   1.7900000000000000       0.76643598776400457     
   1.7950000000000002       0.76671887197350075     
   1.8000000000000000       0.76729875609300824     
   1.8050000000000002       0.76793209178777055     
   1.8100000000000001       0.76756345866681042     
   1.8150000000000002       0.76820733477170466     
   1.8200000000000001       0.76827829040707496     
   1.8250000000000002       0.76882753705548423     
   1.8300000000000001       0.76858696918431235     
   1.8350000000000002       0.76937850342772873     
   1.8400000000000001       0.76960431626628512     
   1.8450000000000002       0.76931940407760913     
   1.8500000000000001       0.76935881778151627     
   1.8550000000000002       0.76927411016000946     
   1.8600000000000001       0.76924858761417436     
   1.8650000000000002       0.76955449213069393     
   1.8700000000000001       0.77033087054227423     
   1.8750000000000002       0.77060945498423739     
   1.8800000000000001       0.77108571266366177     
   1.8850000000000002       0.77097511660745099     
   1.8899999999999999       0.77144353581064495     
   1.8950000000000002       0.77189082320684732     
   1.8999999999999999       0.77170946862459566     
   1.9050000000000002       0.77218799880720246     
   1.9099999999999999       0.77272096433793425     
   1.9150000000000003       0.77308248675326108     
   1.9199999999999999       0.77330755114668959     
   1.9250000000000003       0.77317437526908839     
   1.9300000000000004       0.77401927106807900     
   1.9350000000000001       0.77439929758209214     
   1.9400000000000004       0.77451875447824092     
   1.9450000000000001       0.77491202542961568     
   1.9500000000000004       0.77588900600531685     
   1.9550000000000001       0.77672209460584185     
   1.9600000000000004       0.77729818628187064     
   1.9650000000000001       0.77792669484659249     
   1.9700000000000002       0.77829637514109695     
   1.9750000000000001       0.77885201112879388     
   1.9800000000000002       0.77882256420562457     
   1.9850000000000001       0.77856975794280925     
   1.9900000000000002       0.77905950143863767     
