   0.0000000000000000       0.99999999999998257     
   8.9999999999999993E-003  0.99993269162310705     
   1.7999999999999999E-002  0.99973263728862038     
   2.6999999999999993E-002  0.99941337096148741     
   3.5999999999999997E-002  0.99901324348215637     
   4.4999999999999998E-002  0.99861360645089847     
   5.3999999999999986E-002  0.99831064034657357     
   6.2999999999999987E-002  0.99817617775327061     
   7.1999999999999995E-002  0.99821966602877821     
   8.0999999999999989E-002  0.99838790149907497     
   8.9999999999999997E-002  0.99860492778766041     
   9.8999999999999991E-002  0.99880206150883721     
  0.10799999999999997       0.99893320859143309     
  0.11699999999999999       0.99897073483112331     
  0.12599999999999997       0.99889476430879742     
  0.13499999999999998       0.99868161359160412     
  0.14399999999999999       0.99830450746203492     
  0.15299999999999997       0.99773654834795389     
  0.16199999999999998       0.99699115569114616     
  0.17099999999999999       0.99609542086215286     
  0.17999999999999999       0.99511311928109636     
  0.18899999999999997       0.99409267090026598     
  0.19799999999999998       0.99312294458845618     
  0.20699999999999996       0.99223353811339010     
  0.21599999999999994       0.99148543386277765     
  0.22499999999999998       0.99094837606469677     
  0.23399999999999999       0.99064685839475264     
  0.24299999999999997       0.99055609932826749     
  0.25199999999999995       0.99062443922550625     
  0.26099999999999995       0.99076284140244786     
  0.26999999999999996       0.99083140774132694     
  0.27899999999999997       0.99080736136891623     
  0.28799999999999998       0.99061275620163147     
  0.29699999999999993       0.99026602758908711     
  0.30599999999999994       0.98975379070500136     
  0.31500000000000000       0.98911313700950632     
  0.32399999999999995       0.98835028003546532     
  0.33299999999999996       0.98747461386278279     
  0.34199999999999997       0.98654478267469736     
  0.35099999999999992       0.98560671158373836     
  0.35999999999999999       0.98467826604094377     
  0.36899999999999994       0.98385402758054852     
  0.37799999999999995       0.98318464631480285     
  0.38699999999999996       0.98272816888322068     
  0.39599999999999996       0.98240298659288339     
  0.40499999999999992       0.98222665830948763     
  0.41399999999999992       0.98209530845820947     
  0.42299999999999993       0.98198048703555996     
  0.43199999999999988       0.98177851074289191     
  0.44100000000000000       0.98140676778432367     
  0.44999999999999996       0.98077122484564505     
  0.45899999999999996       0.97986506294229891     
  0.46799999999999997       0.97872206317855603     
  0.47699999999999992       0.97734013436644773     
  0.48599999999999993       0.97596128102016977     
  0.49499999999999994       0.97465480860785036     
  0.50399999999999989       0.97359309860805410     
  0.51299999999999990       0.97285003676916537     
  0.52199999999999991       0.97259288725264870     
  0.53099999999999992       0.97275746249225059     
  0.53999999999999992       0.97336217717277485     
  0.54899999999999993       0.97429806691353160     
  0.55799999999999994       0.97541391823924828     
  0.56699999999999995       0.97645978070627093     
  0.57599999999999996       0.97731306671618356     
  0.58499999999999996       0.97781100269731636     
  0.59399999999999986       0.97801071912834037     
  0.60299999999999987       0.97771863170619733     
  0.61199999999999988       0.97698029030255129     
  0.62099999999999989       0.97571135257025277     
  0.63000000000000000       0.97404397064863069     
  0.63899999999999990       0.97202101028718357     
  0.64799999999999991       0.96990120120819123     
  0.65699999999999992       0.96773891295965619     
  0.66599999999999993       0.96591598755170593     
  0.67499999999999993       0.96479891957235286     
  0.68399999999999994       0.96443150783574105     
  0.69299999999999984       0.96492527597007915     
  0.70199999999999985       0.96634540655404066     
  0.71099999999999985       0.96856357942543225     
  0.71999999999999997       0.97158477270501187     
  0.72899999999999998       0.97467664415707078     
  0.73799999999999988       0.97802386587858658     
  0.74699999999999989       0.98116186388722049     
  0.75599999999999989       0.98394690072158664     
  0.76499999999999990       0.98622254293515565     
  0.77399999999999991       0.98794757738546302     
  0.78299999999999992       0.98919616238070285     
  0.79199999999999993       0.99002842668677427     
  0.80099999999999982       0.99029598456713719     
  0.80999999999999983       0.99022840888001151     
  0.81899999999999984       0.98984200899984776     
  0.82799999999999985       0.98915792858458185     
  0.83699999999999986       0.98844768096505620     
  0.84599999999999986       0.98784234308779173     
  0.85499999999999987       0.98745253348676665     
  0.86399999999999977       0.98736169306206190     
  0.87300000000000000       0.98778904246008303     
  0.88200000000000001       0.98849114560693030     
  0.89099999999999990       0.98939762142219645     
  0.89999999999999991       0.99055753030306637     
  0.90899999999999992       0.99176054743595998     
  0.91799999999999993       0.99288398867027483     
  0.92699999999999994       0.99388396560172942     
  0.93599999999999994       0.99456999843508376     
  0.94499999999999984       0.99511818223804038     
  0.95399999999999985       0.99544089165338068     
  0.96299999999999986       0.99550872133734103     
  0.97199999999999986       0.99541804900565167     
  0.98099999999999987       0.99513565693249595     
  0.98999999999999988       0.99471326464741261     
  0.99899999999999989       0.99419174806849087     
   1.0079999999999998       0.99360964962398324     
   1.0169999999999999       0.99312970204269002     
   1.0259999999999998       0.99279606120603037     
   1.0349999999999997       0.99276568204298943     
   1.0439999999999998       0.99292535419889749     
   1.0529999999999997       0.99330637133638366     
   1.0619999999999998       0.99407415449680037     
   1.0710000000000000       0.99482207470872608     
   1.0799999999999998       0.99561529213007416     
   1.0890000000000000       0.99640663082823244     
   1.0979999999999999       0.99712770883252577     
   1.1070000000000000       0.99766491969112392     
   1.1159999999999999       0.99806335487672138     
   1.1249999999999998       0.99846078679465899     
   1.1339999999999999       0.99872714721278610     
   1.1429999999999998       0.99889410929874067     
   1.1519999999999999       0.99904386327759964     
   1.1609999999999998       0.99917998360312688     
   1.1699999999999999       0.99927197302695481     
   1.1789999999999998       0.99935811482969827     
   1.1879999999999997       0.99944304052780530     
   1.1969999999999998       0.99949613104278001     
   1.2059999999999997       0.99951999681488923     
   1.2149999999999999       0.99947357678650550     
   1.2239999999999998       0.99937549082654642     
   1.2329999999999999       0.99919911149280727     
   1.2419999999999998       0.99898498789912205     
   1.2509999999999999       0.99880534890864348     
   1.2600000000000000       0.99861509806546334     
   1.2689999999999999       0.99847758161277644     
   1.2779999999999998       0.99839768975124288     
   1.2869999999999999       0.99840852009551173     
   1.2959999999999998       0.99851455412682866     
   1.3049999999999999       0.99868995275972028     
   1.3139999999999998       0.99886664569286243     
   1.3230000000000000       0.99900279322627450     
   1.3319999999999999       0.99907872589141988     
   1.3409999999999997       0.99910855940087795     
   1.3499999999999999       0.99909912885749352     
   1.3589999999999998       0.99903443479826115     
   1.3679999999999999       0.99894095773576308     
   1.3769999999999998       0.99874129283949409     
   1.3859999999999997       0.99846017147833388     
   1.3949999999999998       0.99806531575328983     
   1.4039999999999997       0.99760976881124619     
   1.4129999999999998       0.99718978330063801     
   1.4219999999999997       0.99694142633984184     
   1.4309999999999998       0.99690643805059065     
   1.4399999999999999       0.99709759058867786     
   1.4489999999999998       0.99739960141307782     
   1.4580000000000000       0.99776439912714676     
   1.4669999999999999       0.99814063701828937     
   1.4759999999999998       0.99849333731869228     
   1.4849999999999999       0.99882272892598656     
   1.4939999999999998       0.99911675855281046     
   1.5029999999999999       0.99932313622657254     
   1.5119999999999998       0.99945020029521969     
   1.5209999999999999       0.99950331519114188     
   1.5299999999999998       0.99948338297448358     
   1.5389999999999997       0.99938024433145545     
   1.5479999999999998       0.99913181034068255     
   1.5569999999999997       0.99870423468550185     
   1.5659999999999998       0.99809987928054833     
   1.5749999999999997       0.99738794085639249     
   1.5839999999999999       0.99671234212567039     
   1.5929999999999997       0.99622203396630693     
   1.6019999999999996       0.99597685863781227     
   1.6109999999999998       0.99601725980959355     
   1.6199999999999997       0.99628302286524950     
   1.6289999999999998       0.99675160406139185     
   1.6379999999999997       0.99732010447691344     
   1.6469999999999998       0.99789420862806122     
   1.6559999999999997       0.99841832032575373     
   1.6649999999999996       0.99885948540268898     
   1.6739999999999997       0.99917585408904330     
   1.6829999999999996       0.99938420801306393     
   1.6919999999999997       0.99950456039144076     
   1.7009999999999996       0.99955626564800037     
   1.7099999999999997       0.99954919246872875     
   1.7189999999999996       0.99947886434923705     
   1.7279999999999995       0.99934089093381639     
   1.7369999999999999       0.99913035112997273     
   1.7460000000000000       0.99885146778049894     
   1.7549999999999999       0.99855341196576997     
   1.7640000000000000       0.99831018405323102     
   1.7729999999999999       0.99816607539440472     
   1.7819999999999998       0.99816711663693602     
   1.7909999999999999       0.99829740222547803     
   1.7999999999999998       0.99853012701115218     
   1.8089999999999999       0.99883420168538595     
   1.8179999999999998       0.99915604370435285     
   1.8269999999999997       0.99944212991169845     
   1.8359999999999999       0.99965449363629511     
   1.8449999999999998       0.99978048240812745     
   1.8539999999999999       0.99983011380762132     
   1.8629999999999998       0.99983544884720343     
   1.8719999999999999       0.99982601118809866     
   1.8809999999999998       0.99982137638077528     
   1.8899999999999997       0.99982852747534023     
   1.8989999999999998       0.99983634741268501     
   1.9079999999999997       0.99984432039233362     
   1.9169999999999998       0.99984445998179483     
   1.9259999999999997       0.99984285127553096     
   1.9349999999999998       0.99984284697161707     
   1.9439999999999997       0.99984199569701471     
   1.9529999999999996       0.99982872648203069     
   1.9619999999999997       0.99978546251999589     
   1.9709999999999996       0.99970635052704715     
   1.9799999999999998       0.99960085776723240     
   1.9889999999999997       0.99947273930764102     
   1.9979999999999998       0.99933375791854118     
   2.0069999999999997       0.99920089894122133     
   2.0159999999999996       0.99907317804860740     
   2.0249999999999995       0.99896842916953632     
   2.0339999999999998       0.99890310878249655     
   2.0429999999999997       0.99890543687918654     
   2.0519999999999996       0.99896377655808655     
   2.0609999999999995       0.99906382803934957     
   2.0699999999999994       0.99917586168256267     
   2.0789999999999997       0.99926266997628910     
   2.0879999999999996       0.99930813684892572     
   2.0969999999999995       0.99930289791725091     
   2.1059999999999994       0.99923888149322537     
   2.1149999999999998       0.99908003132338630     
   2.1239999999999997       0.99880708443152699     
   2.1330000000000000       0.99839761545902783     
   2.1419999999999999       0.99786474191540298     
   2.1509999999999998       0.99728263610524370     
   2.1599999999999997       0.99676259246911048     
   2.1690000000000000       0.99642734122597754     
   2.1779999999999999       0.99634363351096988     
   2.1869999999999998       0.99649415452197443     
   2.1959999999999997       0.99683216885981751     
   2.2049999999999996       0.99724784549650181     
   2.2140000000000000       0.99768417585581415     
   2.2229999999999999       0.99813217713881786     
   2.2319999999999998       0.99856833228614927     
   2.2409999999999997       0.99895663875088847     
   2.2499999999999996       0.99925120708156034     
   2.2589999999999999       0.99943261826481666     
   2.2679999999999998       0.99949244874356558     
   2.2769999999999997       0.99945736117413642     
   2.2859999999999996       0.99930024607384482     
   2.2949999999999999       0.99902778047894203     
   2.3039999999999998       0.99865762295525540     
   2.3129999999999997       0.99822854962384144     
   2.3219999999999996       0.99778257168366447     
   2.3309999999999995       0.99736352307031229     
   2.3399999999999999       0.99700931774529300     
   2.3489999999999998       0.99673764441278134     
   2.3579999999999997       0.99658603246815558     
   2.3669999999999995       0.99655698749708121     
   2.3759999999999994       0.99670454656289664     
   2.3849999999999998       0.99701518178703408     
   2.3939999999999997       0.99746425233517511     
   2.4029999999999996       0.99797370408668529     
   2.4119999999999995       0.99840875935369500     
   2.4209999999999994       0.99873939289473390     
   2.4299999999999997       0.99895677091291513     
   2.4389999999999996       0.99903848821767860     
   2.4479999999999995       0.99901292491340943     
   2.4569999999999994       0.99889268368113882     
   2.4659999999999997       0.99870572014975001     
   2.4749999999999996       0.99841415673439970     
   2.4839999999999995       0.99802042988513295     
   2.4929999999999994       0.99758394871527523     
   2.5019999999999998       0.99715326091322087     
   2.5109999999999997       0.99678570357249585     
   2.5200000000000000       0.99655860830818399     
   2.5289999999999999       0.99651808326564806     
   2.5379999999999998       0.99657408401056746     
   2.5469999999999997       0.99675808232108676     
   2.5559999999999996       0.99700651488693970     
   2.5649999999999999       0.99730789750311488     
   2.5739999999999998       0.99762439778777512     
   2.5829999999999997       0.99789907125942967     
   2.5919999999999996       0.99809172352161313     
   2.6009999999999995       0.99820096659984736     
   2.6099999999999999       0.99820553909273368     
   2.6189999999999998       0.99812999522681412     
   2.6279999999999997       0.99798686170948414     
   2.6369999999999996       0.99779720495363522     
   2.6459999999999999       0.99760893377199444     
   2.6549999999999998       0.99749649202527102     
   2.6639999999999997       0.99745982702034941     
   2.6729999999999996       0.99748011072608911     
   2.6819999999999995       0.99754354408689028     
   2.6909999999999998       0.99765583680841563     
   2.6999999999999997       0.99779528929757066     
   2.7089999999999996       0.99794373575021200     
   2.7179999999999995       0.99805883762201764     
   2.7269999999999994       0.99816992351729295     
   2.7359999999999998       0.99820888392050278     
   2.7449999999999997       0.99818401794783573     
   2.7539999999999996       0.99809605901435805     
   2.7629999999999995       0.99794135056323741     
   2.7719999999999994       0.99774971107755861     
   2.7809999999999997       0.99750506251311022     
   2.7899999999999996       0.99721270274606433     
   2.7989999999999995       0.99687365695312224     
   2.8079999999999994       0.99648194785203326     
   2.8169999999999997       0.99604538186563918     
   2.8259999999999996       0.99563877170315307     
   2.8349999999999995       0.99533080706082477     
   2.8439999999999994       0.99509560904108196     
   2.8529999999999993       0.99501800501457505     
   2.8619999999999997       0.99508883978175566     
   2.8709999999999996       0.99523847441159996     
   2.8799999999999999       0.99549858697122773     
   2.8889999999999998       0.99574106309121757     
   2.8979999999999997       0.99580567848812851     
   2.9069999999999996       0.99570195432875486     
   2.9159999999999999       0.99538509845350387     
   2.9249999999999994       0.99479323600541902     
   2.9339999999999997       0.99387250526325976     
   2.9429999999999996       0.99269874769307154     
   2.9519999999999995       0.99123480212713821     
   2.9609999999999994       0.98941331922136011     
   2.9699999999999998       0.98733709070332842     
   2.9789999999999992       0.98507713581478373     
   2.9879999999999995       0.98270042243341438     
