   0.0000000000000000       0.99999999999998679     
   5.0000000000000001E-003  0.99878941376316033     
   1.0000000000000000E-002  0.99527971754811140     
   1.4999999999999999E-002  0.98976049204285099     
   2.0000000000000000E-002  0.98269970314695676     
   2.5000000000000005E-002  0.97480458445977480     
   2.9999999999999999E-002  0.96698092665747370     
   3.5000000000000003E-002  0.96009853445626292     
   4.0000000000000001E-002  0.95502849744570861     
   4.5000000000000005E-002  0.95240682840305879     
   5.0000000000000010E-002  0.95262720726267025     
   5.5000000000000000E-002  0.95559921559785721     
   5.9999999999999998E-002  0.96095405911246234     
   6.5000000000000002E-002  0.96792300309401225     
   7.0000000000000007E-002  0.97565204724457755     
   7.5000000000000011E-002  0.98321535870002097     
   8.0000000000000002E-002  0.98980508812043422     
   8.5000000000000006E-002  0.99488121601974866     
   9.0000000000000011E-002  0.99818638041600982     
   9.5000000000000001E-002  0.99972516588393090     
  0.10000000000000002       0.99978487596582444     
  0.10500000000000001       0.99879566107386131     
  0.11000000000000000       0.99733105415391177     
  0.11500000000000000       0.99590544449047402     
  0.12000000000000000       0.99495268746157695     
  0.12500000000000003       0.99473932957754851     
  0.13000000000000000       0.99527668108075973     
  0.13500000000000001       0.99644774892601340     
  0.14000000000000001       0.99793044302771605     
  0.14499999999999999       0.99913181747836211     
  0.15000000000000002       0.99947843622124699     
  0.15500000000000003       0.99819078045409859     
  0.16000000000000000       0.99457437667159687     
  0.16500000000000001       0.98831613762289106     
  0.17000000000000001       0.97926960229334437     
  0.17500000000000002       0.96773629709592313     
  0.18000000000000002       0.95495355029354789     
  0.18500000000000003       0.94055022251271836     
  0.19000000000000000       0.92609922056127558     
  0.19500000000000001       0.91303954435760426     
  0.20000000000000004       0.90193171364755542     
  0.20500000000000002       0.89333519309497811     
  0.21000000000000002       0.88849482425194326     
  0.21500000000000002       0.88721978244331967     
  0.22000000000000000       0.88881928692552714     
  0.22500000000000001       0.89473662817420907     
  0.23000000000000001       0.90269732106893208     
  0.23500000000000001       0.91371969590928326     
  0.23999999999999999       0.92491536886064896     
  0.24500000000000005       0.93608441499133355     
  0.25000000000000006       0.94707962665197054     
  0.25500000000000000       0.95721373716841118     
  0.26000000000000001       0.96627252846249667     
  0.26500000000000001       0.97304800778161871     
  0.27000000000000002       0.97834250536522538     
  0.27500000000000002       0.98233632195978449     
  0.28000000000000003       0.98485134917018446     
  0.28500000000000003       0.98518864499065761     
  0.28999999999999998       0.98583021256708658     
  0.29500000000000004       0.98467911779202522     
  0.30000000000000004       0.98336961758681918     
  0.30500000000000005       0.97973323434618642     
  0.31000000000000005       0.97586955485693827     
  0.31500000000000006       0.96828630188981257     
  0.32000000000000001       0.96112187174058150     
  0.32500000000000001       0.95120116390237952     
  0.33000000000000002       0.93835949601441571     
  0.33500000000000002       0.92331253375559397     
  0.34000000000000002       0.90686495193727257     
  0.34500000000000003       0.89169935493683827     
  0.35000000000000003       0.87436403286380238     
  0.35500000000000004       0.85879989226992592     
  0.36000000000000004       0.84627360692759013     
  0.36500000000000005       0.83370566479036612     
  0.37000000000000005       0.82397092946091854     
  0.37500000000000006       0.82066671941049008     
  0.38000000000000000       0.81920495912316138     
  0.38500000000000001       0.81991249303665115     
  0.39000000000000001       0.82527492342786180     
  0.39500000000000002       0.83317789662334496     
  0.40000000000000008       0.84154054725879424     
  0.40500000000000003       0.85459618314830166     
  0.41000000000000003       0.86621641087834900     
  0.41500000000000004       0.87692070872281380     
  0.42000000000000004       0.88716079906835832     
  0.42500000000000004       0.89981169767986868     
  0.43000000000000005       0.91259437370808705     
  0.43500000000000005       0.91862952007928766     
  0.44000000000000000       0.92111979079365569     
  0.44500000000000001       0.92189588650210341     
  0.45000000000000001       0.91964675922141148     
  0.45500000000000002       0.91727363485473334     
  0.46000000000000002       0.91186707179406223     
  0.46500000000000002       0.90728031948731680     
  0.47000000000000003       0.89951291389877930     
  0.47499999999999998       0.88618066626866987     
  0.47999999999999998       0.87463946395902126     
  0.48500000000000010       0.85628201909275370     
  0.49000000000000010       0.84185904821866875     
  0.49500000000000005       0.82101589048204793     
  0.50000000000000011       0.79847952285593993     
  0.50500000000000012       0.77622846282927982     
  0.51000000000000001       0.75927637708547580     
  0.51500000000000001       0.73150072178597680     
  0.52000000000000002       0.71167793542409674     
  0.52500000000000002       0.70072733739657833     
  0.53000000000000003       0.69074354209654143     
  0.53500000000000003       0.68223033404790390     
  0.54000000000000004       0.68084607995431179     
  0.54500000000000004       0.67927277394633301     
  0.55000000000000004       0.67662942792769432     
  0.55500000000000005       0.69173961950064733     
  0.56000000000000005       0.70563581776748308     
  0.56500000000000006       0.73095909856655306     
  0.57000000000000006       0.74679458665104226     
  0.57500000000000007       0.75927165838502064     
  0.57999999999999996       0.77816817182496334     
  0.58499999999999996       0.78839390729397862     
  0.59000000000000008       0.80338812720776920     
  0.59500000000000008       0.80860006950573804     
  0.60000000000000009       0.81805638181336038     
  0.60500000000000009       0.82435135285706840     
  0.61000000000000010       0.83193273269926338     
  0.61500000000000010       0.83312893903103713     
  0.62000000000000011       0.83521815277923461     
  0.62500000000000011       0.82451823926488843     
  0.63000000000000012       0.80636989396367065     
  0.63500000000000001       0.79833816600689500     
  0.64000000000000001       0.78283286230095017     
  0.64500000000000002       0.77437102437267546     
  0.65000000000000002       0.76230348938458892     
  0.65500000000000003       0.74399394120370677     
  0.66000000000000003       0.72619044514459419     
  0.66500000000000004       0.70772756062416364     
  0.67000000000000004       0.67877218344365153     
  0.67500000000000004       0.66004054289377179     
  0.68000000000000005       0.63723925860374397     
  0.68500000000000005       0.61979617648602403     
  0.69000000000000006       0.61454321604450945     
  0.69500000000000006       0.60197603178064019     
  0.70000000000000007       0.60391952624575829     
  0.70500000000000007       0.60835417197650943     
  0.71000000000000008       0.61710560718657004     
  0.71500000000000008       0.61922054873216847     
  0.72000000000000008       0.63646707347915032     
  0.72500000000000009       0.64313339226272048     
  0.73000000000000009       0.65307383276414455     
  0.73500000000000010       0.66653145607684661     
  0.74000000000000010       0.68179780217752961     
  0.74500000000000011       0.69566683891513648     
  0.75000000000000011       0.72255132060828664     
  0.75500000000000000       0.73889396272303154     
  0.76000000000000001       0.74317597479501640     
  0.76500000000000001       0.76826111397845531     
  0.77000000000000002       0.76766132004212795     
  0.77500000000000002       0.76742916925503679     
  0.78000000000000003       0.77272093044471035     
  0.78500000000000003       0.78459520487930579     
  0.79000000000000004       0.77846647657224066     
  0.79500000000000004       0.77506247319619970     
  0.80000000000000016       0.78290312346794355     
  0.80500000000000016       0.77303232785770704     
  0.81000000000000005       0.75297819124213383     
  0.81500000000000006       0.74941039789292929     
  0.82000000000000006       0.73955156042826620     
  0.82500000000000007       0.72572662003761901     
  0.83000000000000007       0.72650946244631920     
  0.83500000000000008       0.70643210192799410     
  0.84000000000000008       0.69306222211052937     
  0.84500000000000008       0.67933696047041747     
  0.85000000000000009       0.67290525061103235     
  0.85500000000000009       0.65717554219557439     
  0.86000000000000010       0.65309696147917995     
  0.86500000000000010       0.65703387851762707     
  0.87000000000000011       0.64601380376828965     
  0.87500000000000011       0.65074335758683621     
  0.88000000000000000       0.65791125552363694     
  0.88500000000000001       0.66540742230884753     
  0.89000000000000001       0.67365478569250925     
  0.89500000000000002       0.69579256488617680     
  0.90000000000000002       0.70894345034646433     
  0.90500000000000003       0.72956677527783353     
  0.91000000000000003       0.74179463538411183     
  0.91500000000000004       0.77279042809030529     
  0.92000000000000004       0.78089092413561134     
  0.92500000000000004       0.78009133059061764     
  0.93000000000000005       0.79790328915765785     
  0.93500000000000005       0.79262082886519758     
  0.94000000000000006       0.79680090695497119     
  0.94499999999999995       0.78326773161131447     
  0.94999999999999996       0.78474296959909595     
  0.95499999999999996       0.78008410599189060     
  0.95999999999999996       0.79404503876603882     
  0.96500000000000019       0.79390463801086075     
  0.97000000000000020       0.78646194992732832     
  0.97500000000000020       0.79182590244696394     
  0.98000000000000020       0.79333050683359396     
  0.98500000000000010       0.79123941301942602     
  0.99000000000000010       0.77497558102680209     
  0.99500000000000011       0.77368058122578875     
   1.0000000000000002       0.76342174156127862     
   1.0050000000000001       0.74859523335407729     
   1.0100000000000002       0.74453006350287687     
   1.0150000000000001       0.72610046760315861     
   1.0200000000000000       0.72991755751706999     
   1.0250000000000001       0.72100503566467100     
   1.0300000000000000       0.72496824733179710     
   1.0350000000000001       0.70338471277107650     
   1.0400000000000000       0.71219528222741335     
   1.0450000000000002       0.72229018295496261     
   1.0500000000000000       0.71873916490384770     
   1.0550000000000002       0.73109407563270290     
   1.0600000000000001       0.74065289909845078     
   1.0650000000000002       0.74567001296620106     
   1.0700000000000001       0.75978085894612823     
   1.0750000000000002       0.76780255603910585     
   1.0800000000000001       0.75199405438667277     
   1.0850000000000002       0.76601972635468751     
   1.0900000000000001       0.76898398800679479     
   1.0950000000000000       0.79242184777070723     
   1.1000000000000001       0.78591083464251943     
   1.1050000000000000       0.75839251390446061     
   1.1100000000000001       0.76919993979315127     
   1.1150000000000000       0.75354929423827177     
   1.1200000000000001       0.78301174650387639     
   1.1250000000000000       0.77966698297883408     
   1.1300000000000001       0.75241251938052622     
   1.1350000000000000       0.77042836858816022     
   1.1400000000000001       0.75303718874159109     
   1.1450000000000000       0.76137670439434424     
   1.1500000000000001       0.73665700833158565     
   1.1550000000000000       0.71744927184267471     
   1.1599999999999999       0.71305744540119231     
   1.1650000000000000       0.73452299375568375     
   1.1699999999999999       0.70847792580447622     
   1.1750000000000003       0.70347360023112115     
   1.1800000000000002       0.67124513847459044     
   1.1850000000000003       0.64765878018409528     
   1.1900000000000002       0.64935041709530517     
   1.1950000000000001       0.61413534313720064     
   1.2000000000000002       0.66246113572864573     
   1.2050000000000001       0.63000800714734873     
   1.2100000000000002       0.60546022360843510     
   1.2150000000000001       0.59444171452073147     
   1.2200000000000002       0.62055356386803329     
   1.2250000000000001       0.60672493803549832     
   1.2300000000000002       0.58917185131424854     
   1.2350000000000001       0.55343704082904577     
   1.2400000000000002       0.57540836644895366     
   1.2450000000000001       0.63082610858435051     
   1.2500000000000002       0.62732491615082175     
   1.2550000000000001       0.58231445849868724     
   1.2600000000000002       0.57514525475825196     
   1.2650000000000001       0.59852866837930241     
   1.2700000000000000       0.62232091891820274     
   1.2750000000000001       0.50777629045028627     
   1.2800000000000000       0.52562268731181094     
   1.2850000000000001       0.48781176237388196     
   1.2900000000000000       0.55370710881407215     
   1.2950000000000002       0.51288587364816463     
   1.3000000000000000       0.53027510584712423     
   1.3050000000000002       0.48257352286494914     
   1.3100000000000001       0.48768514018924802     
   1.3150000000000002       0.45683263576172373     
   1.3200000000000001       0.44304753066558994     
   1.3250000000000002       0.43858306484437731     
   1.3300000000000001       0.39017661154045286     
   1.3350000000000000       0.30530611926516621     
   1.3400000000000001       0.39728537682237230     
   1.3450000000000000       0.34037465858348653     
   1.3500000000000001       0.34314304385434719     
   1.3550000000000000       0.39138485137337642     
   1.3600000000000001       0.32714346574196806     
   1.3650000000000000       0.29267070983719307     
   1.3700000000000001       0.25987241428613589     
   1.3750000000000000       0.28770427461633707     
   1.3800000000000001       0.22397246672434998     
   1.3850000000000000       0.20740919638389965     
   1.3900000000000001       0.26048073847549852     
   1.3950000000000002       0.22925999824372356     
   1.4000000000000001       0.26711012139161355     
   1.4050000000000002       0.18037471723735987     
   1.4100000000000001       0.16993175666807173     
   1.4150000000000003       0.22535506086986692     
   1.4200000000000002       0.19468049669987358     
   1.4250000000000003       0.24983822526731639     
   1.4300000000000002       0.15371857046486334     
   1.4350000000000003       0.16703080101163584     
   1.4400000000000002       0.13407718646771308     
   1.4450000000000001        8.1936995215310518E-002
   1.4500000000000002       0.16373910437387262     
   1.4550000000000001        7.6833983872589093E-002
   1.4600000000000002       0.16740869520113463     
   1.4650000000000001       0.16870479268952862     
   1.4700000000000002       0.17406504113538154     
   1.4750000000000001        8.9048118533632620E-002
   1.4800000000000002        7.9776550372939015E-002
   1.4850000000000001        4.2910847867952455E-002
   1.4900000000000002        7.9960614438179242E-002
   1.4950000000000001        3.3112849476650358E-002
   1.5000000000000002       0.11220718727746819     
   1.5050000000000001        7.7775893836471599E-002
   1.5100000000000000       0.16777713731985627     
   1.5150000000000001        4.8173759110825928E-002
   1.5200000000000000       0.12405182994812426     
   1.5250000000000001        7.7165211511117202E-002
   1.5300000000000000       0.11190720574135966     
   1.5350000000000001        2.1525426277744068E-002
   1.5400000000000000        4.5313470395286388E-002
   1.5450000000000002       -2.5590511082654265E-002
   1.5500000000000000       0.11081409847475650     
   1.5550000000000002        8.0818796665976231E-002
   1.5600000000000001        7.0180123589490398E-002
   1.5650000000000002        8.2305028473551617E-002
   1.5700000000000001        7.9382364337724332E-002
   1.5750000000000000        4.3433649740702095E-002
   1.5800000000000001        8.9140362022575526E-002
   1.5850000000000000        8.5306345501893505E-002
   1.5900000000000001        3.7835460335720467E-002
   1.5950000000000000        5.6022806664154573E-002
   1.6000000000000003        6.5404093237501862E-002
   1.6050000000000002        5.8587178203599460E-002
   1.6100000000000003        3.4147780134007599E-002
   1.6150000000000000       0.10528070494728804     
   1.6200000000000001        6.2488803077289379E-002
   1.6250000000000000        1.5694696075069878E-002
   1.6300000000000001        1.4026520788171952E-002
   1.6350000000000000        6.5163381462721437E-002
   1.6400000000000001       -1.4584305973297934E-002
   1.6450000000000000       -1.9463150857801138E-002
   1.6500000000000001        4.2096666040555203E-002
   1.6550000000000000        2.1377287817097489E-002
   1.6600000000000001       -9.1660053180939224E-003
   1.6650000000000000       -8.0555124150496083E-003
   1.6700000000000002        4.3627217140440135E-002
   1.6750000000000000        4.2036122510279716E-002
   1.6800000000000002        7.2015510503410183E-003
   1.6850000000000001       -4.7412345820217479E-002
   1.6900000000000002       -7.3324632726071731E-002
   1.6950000000000001        5.8327508186408221E-003
   1.7000000000000002       -2.0720237316150886E-002
   1.7050000000000001        5.4092503749935038E-002
   1.7100000000000002       -4.8434540115092746E-002
   1.7150000000000003        3.1779104969860396E-002
   1.7200000000000002        1.5967499497230246E-002
   1.7250000000000003       -3.2349307438391012E-002
   1.7300000000000002       -7.2676564402075284E-003
   1.7350000000000003        3.8677807790038335E-002
   1.7400000000000002       -1.2694316158047093E-002
   1.7450000000000003        8.0023102632385601E-002
   1.7500000000000002        8.1295487076339115E-002
   1.7550000000000003       -4.4970908368417196E-002
   1.7600000000000000        7.0463676593051500E-002
   1.7650000000000003        6.6750781688639967E-003
   1.7700000000000000        6.3569835055163976E-002
   1.7750000000000004        8.9126173206071649E-002
   1.7800000000000000        6.1838734538367725E-002
   1.7850000000000004       -3.0493048148383869E-002
   1.7900000000000000       -1.6336541456627430E-002
   1.7950000000000002        6.8817803021876426E-003
   1.8000000000000000       -4.8765647928504380E-002
   1.8050000000000002        3.3394243612885260E-002
   1.8100000000000001        2.4684438607040608E-002
   1.8150000000000002        2.1798599119905653E-002
   1.8200000000000001        3.9903343231575295E-002
   1.8250000000000002        4.3292108665762351E-002
   1.8300000000000001        3.4123232698654957E-002
   1.8350000000000002       -5.3179952400045959E-003
   1.8400000000000001       -3.4917174621590857E-002
   1.8450000000000002        1.8921262744254281E-002
   1.8500000000000001       -2.0957907152209139E-002
   1.8550000000000002       -5.0896565098561143E-002
   1.8600000000000001        1.7042333892724387E-002
   1.8650000000000002       -1.5503269542065870E-002
   1.8700000000000001        1.2664283076487233E-002
   1.8750000000000002        7.1844817774527531E-002
   1.8800000000000001        4.9012537714433063E-003
   1.8850000000000002        3.9318418544637940E-002
   1.8899999999999999       -1.0741629747659793E-002
   1.8950000000000002       -6.7599959766696041E-002
   1.8999999999999999        5.7792489882790947E-002
   1.9050000000000002       -2.8786878584513419E-002
   1.9099999999999999       -7.1780475282360756E-002
   1.9150000000000003       -6.8422134261448900E-003
   1.9199999999999999        2.4948513633844677E-002
   1.9250000000000003       -4.1346125892933128E-002
   1.9300000000000004        2.7531673241752798E-002
   1.9350000000000001        2.2899888584642283E-002
   1.9400000000000004       -8.8423628954381842E-002
   1.9450000000000001       -6.7118566645346767E-002
   1.9500000000000004       -2.1163856562925357E-002
   1.9550000000000001       -1.5174496146620219E-002
   1.9600000000000004       -1.7189266804493338E-002
   1.9650000000000001       -2.9559520993656514E-002
   1.9700000000000002        3.7777271312389928E-002
   1.9750000000000001        2.7749415850190091E-002
   1.9800000000000002       -8.0176054411866635E-002
   1.9850000000000001        3.5950608908247757E-002
   1.9900000000000002        6.9933271309862613E-002
   1.9950000000000001       -7.7446112692497555E-003
   2.0000000000000004       -4.9775478997169005E-002
   2.0049999999999999       -1.9258401170983670E-002
   2.0100000000000002        9.6715401447711402E-002
   2.0150000000000001        8.8149687499280274E-002
   2.0200000000000005       -3.1287613864657234E-002
   2.0249999999999999        8.4432324562055863E-002
   2.0300000000000002       -1.1839462986901644E-002
   2.0350000000000001       -2.0756101246348042E-002
   2.0400000000000000        3.0798325597480705E-002
   2.0449999999999999       -1.1349044575109560E-002
   2.0500000000000003       -2.5880891359231841E-004
   2.0550000000000002        1.2925521477919972E-002
   2.0600000000000001       -8.6250074786002606E-003
   2.0649999999999999       -5.8224228558750091E-002
   2.0700000000000003       -5.3555765928171829E-002
   2.0750000000000002       0.12519008269913920     
   2.0800000000000001        2.6585037105313972E-002
   2.0850000000000000       -1.0938815186064019E-003
   2.0900000000000003       -3.6516728090206306E-002
   2.0950000000000002        2.2948022982129664E-002
   2.1000000000000001        2.3441712983644825E-002
   2.1050000000000000       -4.7179029329246093E-002
   2.1100000000000003       -7.6617794312403398E-002
   2.1150000000000002        1.8531775795138920E-002
   2.1200000000000001       -2.3554847403063250E-002
   2.1250000000000000       -2.4077664512452260E-002
   2.1300000000000003       -2.7853332212128098E-002
   2.1350000000000002        1.6204501960583602E-002
   2.1400000000000001       -7.2720131278773290E-002
   2.1450000000000005       -5.1906083772429917E-002
   2.1500000000000004       -3.1617495214868660E-002
   2.1550000000000002       -7.1621483589522084E-003
   2.1600000000000001        4.9450958139112287E-002
   2.1650000000000005        8.1144983967958759E-002
   2.1700000000000004       -3.0088018750087854E-002
   2.1750000000000003        4.7621940280914127E-002
   2.1800000000000002        4.6949155546971311E-003
   2.1850000000000005        3.8761796839573571E-004
   2.1899999999999999       -4.4211079859031242E-002
   2.1950000000000003       -4.4883052143890836E-002
   2.2000000000000002        6.2820223223276142E-002
   2.2050000000000005       -3.5870492537104198E-002
   2.2100000000000000       -3.6783312730371109E-002
   2.2150000000000003        2.4978468263983117E-002
   2.2200000000000002       -3.9048993541293603E-003
   2.2250000000000001       -2.2695331356831518E-002
   2.2300000000000000       -1.7994574601044661E-002
   2.2350000000000003       -9.8665022442679731E-003
   2.2400000000000002        1.5193112112867257E-002
   2.2450000000000001        3.2175249821244593E-003
   2.2500000000000000       -7.0024043894959642E-002
   2.2550000000000003        1.9528638215159270E-002
   2.2600000000000002       -7.1545349974273309E-002
   2.2650000000000001        9.1219697161717666E-003
   2.2700000000000000        1.8607152446819705E-002
   2.2750000000000004        1.6421812029581772E-002
   2.2800000000000002       -2.0797276885342376E-002
   2.2850000000000001        2.0042194394256370E-002
   2.2900000000000000        1.0418902589200618E-002
   2.2950000000000004       -3.0608962729428354E-002
   2.3000000000000003        6.3399237829958001E-003
   2.3050000000000002       -3.0046773643671351E-002
   2.3100000000000001        4.0557746799453238E-003
   2.3150000000000004       -1.5593949900954498E-002
   2.3199999999999998       -5.4150438960201143E-002
   2.3250000000000002       -5.0364381507561192E-003
   2.3300000000000001       -1.8388705124807992E-003
   2.3350000000000004        6.3623047006679229E-002
   2.3399999999999999        2.5765007313146614E-003
   2.3450000000000002        3.3030498472826027E-002
   2.3500000000000005       -7.7445833414629725E-002
   2.3550000000000000       -2.1565167097922430E-002
   2.3600000000000003       -9.0413801855814435E-002
   2.3650000000000002       -1.0976673243844128E-002
   2.3700000000000006        1.6278361371769138E-002
   2.3750000000000000        4.8934886590400774E-003
   2.3800000000000003        9.6845398142830871E-002
   2.3850000000000002        6.8003522105089240E-002
   2.3900000000000001       -5.3748538680980534E-002
   2.3950000000000000       -7.7737035714234215E-003
   2.4000000000000004        4.1638952781095501E-003
   2.4050000000000002       -1.3630304689247282E-002
   2.4100000000000001        4.5667620094679846E-002
   2.4150000000000000       -1.9311072744586943E-002
   2.4200000000000004        3.7545376658454858E-002
   2.4250000000000003        1.5106129382996610E-002
   2.4300000000000002        1.6690899779115264E-002
   2.4350000000000001       -4.9085391475994847E-002
   2.4400000000000004       -7.9287989564704758E-002
   2.4450000000000003        1.0350512165065403E-002
   2.4500000000000002        2.3136251500848466E-003
   2.4550000000000001       -3.6195960165055503E-002
   2.4600000000000004       -2.0780715632556714E-002
   2.4650000000000003        2.6200708482822892E-002
   2.4700000000000002        2.2404494721258196E-002
   2.4750000000000001       -4.9889189305224201E-002
   2.4800000000000004        4.6469769746854371E-003
   2.4849999999999999       -2.3790299517731268E-003
   2.4900000000000002       -5.1686981119581595E-002
   2.4950000000000001       -2.4758136372016393E-002
   2.5000000000000004       -1.8367451923407756E-002
   2.5049999999999999        5.1158381693146751E-002
   2.5100000000000002        1.4243425422721319E-002
   2.5150000000000001        5.9052434462294350E-002
   2.5200000000000005        3.3014263487451394E-002
   2.5249999999999999       -7.1861244461981499E-002
   2.5300000000000002       -1.2359508693204504E-002
   2.5350000000000001       -4.0043452915291253E-002
   2.5400000000000000       -3.7936847322161245E-002
   2.5449999999999999       -5.3693491408354929E-002
   2.5500000000000003       -7.7512601248408225E-002
   2.5550000000000002        6.9707674565707006E-002
   2.5600000000000001       -4.0309531560588141E-002
   2.5650000000000004        3.0139012463202261E-002
   2.5700000000000003        3.5012800839103607E-003
   2.5750000000000002        8.4000859914939524E-002
   2.5800000000000001       -1.6115801147946123E-002
   2.5850000000000004       -2.9094479915803780E-002
   2.5900000000000003        3.7221506132527724E-003
   2.5950000000000002       -2.1233015818234884E-003
   2.6000000000000001        4.2287720492144444E-002
   2.6050000000000004       -1.2894977984194440E-002
   2.6100000000000003        3.9859976189462604E-003
   2.6150000000000002       -1.0763127329056720E-002
   2.6200000000000001        2.7309567253323331E-002
   2.6250000000000004        2.6889674677581198E-002
   2.6300000000000003       -3.7303855110054074E-002
   2.6350000000000002        1.8209869503368625E-002
   2.6400000000000001       -2.0423593400188886E-002
   2.6450000000000005       -3.0208508510319375E-003
   2.6500000000000004        3.9896790526052980E-002
   2.6550000000000002        3.1052706231724961E-002
   2.6600000000000001       -4.5091958024670302E-002
   2.6650000000000005        2.4847196164321197E-002
   2.6699999999999999        3.3811089408923835E-002
   2.6750000000000003        6.5249365340883769E-002
   2.6800000000000002       -1.1760599990373237E-002
   2.6850000000000005        1.9405396610356455E-002
   2.6899999999999999        2.8765704087510169E-002
   2.6950000000000003       -1.4450387855406826E-002
   2.7000000000000002        1.7395883697118111E-002
   2.7050000000000001       -1.0336035182499608E-002
   2.7100000000000000       -4.0487339805907026E-002
   2.7150000000000003       -2.2846561871508578E-002
   2.7200000000000002        1.3620996927717755E-002
   2.7250000000000001        5.0233849043819279E-002
   2.7300000000000000        5.1219196476624804E-002
   2.7350000000000003        2.6375901366453183E-003
   2.7400000000000002       -4.6426856748122317E-002
   2.7450000000000001        4.2665457584408666E-003
   2.7500000000000000       -6.1449238131127439E-002
   2.7550000000000003       -1.3998097171114788E-002
   2.7600000000000002       -4.3465983247966626E-002
   2.7650000000000001        1.7742436000848971E-002
   2.7700000000000000       -2.3498435260740649E-002
   2.7750000000000004        9.3128842587862394E-003
   2.7800000000000002       -3.4571198007508817E-002
   2.7850000000000001        1.0679168636512483E-002
   2.7900000000000005       -1.3958084620503186E-002
   2.7950000000000004        2.3018026642409598E-002
   2.8000000000000003        5.7765284315901735E-002
   2.8050000000000002        4.0848178660344492E-003
   2.8100000000000005       -5.7827219820470489E-002
   2.8150000000000004       -1.7589284408251554E-002
   2.8200000000000003        2.2301307558947648E-002
   2.8250000000000002       -2.2323296037711389E-002
   2.8300000000000005        5.1056228352678298E-002
   2.8350000000000004        1.1984937526660999E-002
   2.8400000000000003        2.0150980002832643E-002
   2.8450000000000002        5.2361313177847063E-002
   2.8500000000000005       -3.2604468294343901E-002
   2.8550000000000000        3.8157384049350311E-002
   2.8600000000000003       -8.8623324400229186E-002
   2.8650000000000002       -1.6991135183245604E-002
   2.8700000000000006       -7.0536794922632165E-003
   2.8750000000000000       -5.3102587588760098E-003
   2.8800000000000003        1.5773468668768807E-002
   2.8850000000000002       -8.2243915953533787E-003
   2.8900000000000001       -4.0666798728707799E-002
   2.8950000000000000       -4.7420471677075580E-003
   2.9000000000000004       -6.7562574335005440E-002
   2.9050000000000002        2.3589297908581549E-002
   2.9100000000000001       -6.3141301570340203E-002
   2.9150000000000000       -4.6159452951053496E-002
   2.9200000000000004       -3.8504367258096091E-002
   2.9250000000000003       -1.2007206538760713E-002
   2.9300000000000002       -3.6388186927545370E-002
   2.9350000000000001       -4.6130259065778507E-002
   2.9400000000000004       -4.0995209312475085E-003
   2.9450000000000003       -4.1423364008545994E-002
   2.9500000000000002        5.0936726679307556E-002
   2.9550000000000001        4.9460487117045461E-002
   2.9600000000000004        3.1203175942122019E-002
   2.9650000000000003        4.8056302726902280E-003
   2.9700000000000002       -2.8029339898108026E-002
   2.9750000000000001        5.7560856628192221E-002
   2.9800000000000004        1.7190540803900402E-002
   2.9849999999999999        5.3014775357906788E-002
   2.9900000000000002        2.9040516249530201E-002
   2.9950000000000006        1.3297704510003243E-002
   3.0000000000000004      -0.11139293661673257     
   3.0050000000000003        1.1458687762199245E-002
   3.0100000000000002       -4.4668253257313634E-002
   3.0150000000000006        4.8412832045367588E-002
   3.0200000000000000       -1.4183133529275445E-002
   3.0250000000000004       -2.3551554245065311E-002
   3.0300000000000002        1.9528219149778914E-002
   3.0350000000000006      -0.11111435463635012     
   3.0400000000000000      -0.10257459867754903     
   3.0450000000000004        7.2330733953536444E-003
   3.0500000000000003       -6.1654554034744631E-002
   3.0550000000000002        6.2650007973923866E-002
   3.0600000000000001       -2.8147369401700359E-002
   3.0650000000000004        1.0433973494627111E-002
   3.0700000000000003       -3.5931124317528228E-002
   3.0750000000000002        2.4234973676106251E-002
   3.0800000000000001        2.4187673881297393E-002
   3.0850000000000004        5.6319906602723450E-002
   3.0900000000000003        2.4017524478547127E-002
   3.0950000000000002       -6.4835076924408073E-003
   3.1000000000000001        6.0424678185937138E-003
   3.1050000000000004       -4.6888673716035049E-002
   3.1100000000000003        1.6793670586806187E-002
   3.1150000000000002       -1.4209028400507515E-002
   3.1200000000000001        2.6205736530286062E-002
   3.1250000000000004        1.4233447600103991E-002
   3.1300000000000003       -6.9134690592748569E-003
   3.1350000000000002        1.2370068131171464E-002
   3.1400000000000001        3.5575548817169317E-002
   3.1450000000000005       -1.3473606269840829E-002
   3.1499999999999999        3.4261189470405823E-002
   3.1550000000000002        5.2960096805525554E-002
   3.1600000000000001       -1.2662600911132700E-002
   3.1650000000000005        6.0848065711253656E-003
   3.1699999999999999       -5.9073530250568419E-002
   3.1750000000000003       -4.1107290445087069E-002
   3.1800000000000002       0.11088196808346908     
   3.1850000000000005       -1.4380763910788066E-002
   3.1899999999999999       -4.3495010460551209E-002
   3.1950000000000003        7.7385950080262949E-005
   3.2000000000000006        1.1642163027997750E-002
   3.2050000000000001        5.7892359737036846E-002
   3.2100000000000004        7.8631909686141912E-004
   3.2150000000000003        1.4555778793747549E-002
   3.2200000000000006       -2.0906878121392389E-002
   3.2250000000000001        7.5509991518819874E-002
   3.2300000000000000        2.4739785770324641E-002
   3.2350000000000003       -3.0858745607698856E-002
   3.2400000000000002        4.4756481412405180E-002
   3.2450000000000006       -4.3034816900755717E-002
   3.2500000000000000       -9.2153748736829980E-002
   3.2550000000000003        8.1044915194251714E-003
   3.2600000000000002        2.0024316300881445E-002
   3.2650000000000006        4.1663164636324482E-003
   3.2700000000000000        3.0208140074168489E-002
   3.2750000000000004        5.2047117316330785E-002
   3.2800000000000002       -6.9289195030906043E-003
   3.2850000000000006        3.0651193905602944E-002
   3.2900000000000000       -4.8619857936969886E-002
   3.2950000000000004       -4.6549686217026397E-002
   3.3000000000000003        4.8664811768132830E-002
   3.3050000000000006        4.2683086218376409E-002
   3.3100000000000001        8.6361851645403234E-003
   3.3150000000000004       -7.8870963792269343E-003
   3.3200000000000003        5.7405030804895417E-002
   3.3250000000000006       -3.2814283323029630E-002
   3.3300000000000001        2.0668791388657834E-002
   3.3350000000000000       -5.7482654128060383E-003
   3.3400000000000003        1.3409608083184527E-002
   3.3450000000000006        5.6371219289314933E-002
   3.3500000000000001        2.7340008922955340E-002
   3.3550000000000000        5.6508621188972388E-002
   3.3600000000000003       -3.4688076300194950E-002
   3.3650000000000007        9.4926560782491124E-003
   3.3700000000000001        3.3668944390000427E-002
   3.3750000000000000       -2.0108068012721574E-002
   3.3800000000000003        2.6190195996810259E-002
   3.3850000000000007       -2.8531157329321849E-002
   3.3900000000000001       -4.3558837170308068E-003
   3.3950000000000000       -3.1298877635967975E-002
   3.4000000000000004       -1.5233593432096250E-002
   3.4050000000000007       -3.3106696652193614E-003
   3.4100000000000001       -3.6768240985612127E-002
   3.4150000000000000       -3.1059480024632153E-003
   3.4200000000000004       -2.8955417700737195E-002
   3.4250000000000003       -3.0688226262383531E-002
   3.4300000000000006       -4.8320837703826780E-002
   3.4350000000000001       -2.8317899977754350E-002
   3.4400000000000004        4.2408014951711454E-002
   3.4450000000000003       -8.5204938326380250E-003
   3.4500000000000006        2.6090340086235581E-003
   3.4550000000000001        4.1852691132783816E-002
   3.4600000000000004        2.4399458096478300E-002
   3.4650000000000003       -2.2662246896174375E-002
   3.4700000000000006       -2.6739150580611126E-003
   3.4750000000000001        1.5378726238029550E-002
   3.4800000000000004        3.4806631137178329E-002
   3.4850000000000003        4.7999334921354248E-002
   3.4900000000000007       -7.2558337039627385E-002
   3.4950000000000001       -5.3723684623682405E-002
   3.5000000000000004        1.2275463098425180E-002
   3.5050000000000003        2.6835474838282237E-002
   3.5100000000000007       -1.7058640461825043E-002
   3.5150000000000001        3.3546734736986931E-002
   3.5200000000000000        7.2769199342111707E-002
   3.5250000000000004        1.4163294837804275E-002
   3.5300000000000007       -1.3351744189634699E-002
   3.5350000000000001       -4.0873916836619568E-002
   3.5400000000000000       -3.9371137649112549E-002
   3.5450000000000004        2.4301353628973534E-002
   3.5500000000000007        3.4318005244974484E-002
   3.5550000000000002       -1.6881644599891627E-002
   3.5600000000000001        1.6452862274000103E-002
   3.5650000000000004        8.5000547077640834E-002
   3.5700000000000007        1.5295045489689088E-003
   3.5750000000000002       -1.2334497848722471E-002
   3.5800000000000001       -1.9874024639870438E-002
   3.5850000000000004       -6.8183836552955138E-002
   3.5900000000000003       -2.8132388994156259E-002
   3.5950000000000002        5.6664909927092673E-002
   3.6000000000000001        3.3748665177380844E-005
   3.6050000000000004       -3.3379191444887137E-002
   3.6100000000000003        2.1139162539325341E-002
   3.6149999999999998       -1.4168876751172834E-002
   3.6200000000000001       -1.5733272861556791E-002
   3.6250000000000004       -4.9185406990506421E-002
   3.6300000000000003        3.5073457404039894E-002
   3.6350000000000007        6.3506391064141285E-002
   3.6400000000000001      -0.10226236003903356     
   3.6450000000000005       -8.4096670019129724E-002
   3.6500000000000004        1.4724196723172323E-002
   3.6550000000000007        6.8196206765177778E-002
   3.6600000000000001        3.9573370351658355E-003
   3.6650000000000005        5.7152919364986787E-002
   3.6700000000000004       -2.6011654152859619E-002
   3.6750000000000007       -7.8067455020866761E-002
   3.6800000000000002        6.1097006581349138E-002
   3.6850000000000001       -3.2077390200640321E-002
   3.6900000000000004        7.7382342498959505E-002
   3.6950000000000007        4.4275499955830057E-002
   3.7000000000000002       -8.1991245385421657E-002
   3.7050000000000001       -1.3175116270608246E-002
   3.7100000000000004        3.7252795662885363E-002
   3.7150000000000007        2.7413131379229226E-003
   3.7200000000000002       -6.1971000865309166E-003
   3.7250000000000001        4.9576145106810611E-002
   3.7300000000000004        2.8447995566235999E-002
   3.7350000000000008        1.6126142077900574E-002
   3.7400000000000002        7.1289479152901545E-003
   3.7450000000000001        3.6334117301197170E-002
   3.7500000000000004       -4.8845989646995130E-002
   3.7550000000000008        1.9365580341095246E-002
   3.7600000000000002       -8.4088284647637471E-002
   3.7650000000000001        7.7110271444191400E-002
   3.7700000000000005       -9.4797157837329740E-002
   3.7750000000000004        7.4686472829939898E-002
   3.7799999999999998       -3.1942709189936705E-002
   3.7850000000000001       -7.2403897056630834E-002
   3.7900000000000005       -2.5128032904716199E-002
   3.7950000000000004        6.5149393855263180E-002
   3.7999999999999998       -4.0577894774714449E-002
   3.8050000000000002       -6.3962802751325848E-002
   3.8100000000000005       -2.4454179713480916E-002
   3.8150000000000004       -2.2896187907286154E-002
   3.8199999999999998       -3.7833892522338271E-002
   3.8250000000000002       -1.1557322983981372E-002
   3.8300000000000005       -4.5401526662451758E-002
   3.8350000000000004        3.5387896263874646E-002
   3.8399999999999999        2.1542279202807709E-002
   3.8450000000000002       -8.1979715295311534E-002
   3.8500000000000005       -6.3704417751520243E-003
   3.8550000000000004        6.0388368463817454E-002
   3.8600000000000008       -5.5012174074410364E-002
   3.8650000000000002        4.3011508502386858E-002
   3.8700000000000001        3.2546920900483702E-002
   3.8750000000000004        9.6842494491070560E-003
   3.8800000000000008        3.9100869059746940E-002
   3.8850000000000002        7.0536095243261523E-004
   3.8900000000000001        3.5551210503259580E-002
   3.8950000000000005        3.8331718927345659E-002
   3.9000000000000008        4.9142826842799000E-003
   3.9050000000000002        2.3656210841725565E-002
   3.9100000000000001       -6.0200879179007991E-003
   3.9150000000000005        3.3290424770024994E-002
   3.9200000000000008       -3.9760922780684528E-002
   3.9250000000000003        3.3977131226216456E-002
   3.9300000000000002        6.2363620449698592E-002
   3.9350000000000005        4.0538896894216400E-002
   3.9400000000000004        6.0360380988826443E-002
   3.9450000000000003       -2.0998369215284533E-002
   3.9500000000000002       0.10292899804510250     
   3.9550000000000005       -9.1120344017150828E-003
   3.9600000000000004       -5.9889773822488730E-002
   3.9649999999999999       -4.8619825108023595E-003
   3.9700000000000002       -1.1919352672262349E-002
   3.9750000000000005        1.2063709157986206E-002
   3.9800000000000004        9.1029338013170299E-002
   3.9849999999999999        2.1416911268874527E-002
   3.9900000000000002       -5.0458616518323932E-003
   3.9950000000000006        4.8564306236651797E-002
   4.0000000000000009        1.9295501246599240E-003
   4.0049999999999999       -7.1040041260533333E-003
   4.0099999999999998        5.6826743878745901E-002
   4.0150000000000006        6.8584300354656680E-002
   4.0200000000000005        4.4221548347406860E-002
   4.0250000000000004       -3.7011618313235101E-002
   4.0300000000000002       -2.8457600758571209E-002
   4.0350000000000001       -1.6869952083192015E-003
   4.0400000000000009       -9.8039927237632152E-003
   4.0449999999999999       -7.4946611424512189E-003
   4.0499999999999998        2.5738047503030097E-002
   4.0550000000000006        6.5809934010098631E-002
   4.0600000000000005       -6.2896756809855139E-002
   4.0650000000000004        7.9897367079026834E-003
   4.0700000000000003        3.9105786397933204E-002
   4.0750000000000002        1.1913930385917147E-002
   4.0800000000000001        3.5290259039362962E-002
   4.0850000000000009       -5.6399225371873432E-002
   4.0899999999999999        7.3728986705970372E-003
   4.0950000000000006       -2.5181321937786463E-002
   4.1000000000000005       -3.1188881230990288E-002
   4.1050000000000004       -1.1591605834600964E-002
   4.1100000000000003        4.6400405769584110E-002
   4.1150000000000002       -3.1597244096410591E-002
   4.1200000000000001       -4.9171613266176611E-002
   4.1250000000000009        2.5889574478034326E-002
   4.1299999999999999       -3.1624943369359296E-002
   4.1350000000000007        1.8268977571664256E-002
   4.1400000000000006        1.2054117181938001E-002
   4.1450000000000005       -4.7000426334108170E-002
   4.1500000000000004       -2.5114773012518564E-004
   4.1550000000000002       -1.4024781566358861E-002
   4.1600000000000001        7.0868064692047811E-003
   4.1650000000000009        3.0649777378937537E-002
   4.1699999999999999        5.5988194947771519E-002
   4.1749999999999998        2.2544840602536639E-002
   4.1800000000000006       -6.7447733196989365E-002
   4.1850000000000005        1.9112724080567105E-003
   4.1900000000000004       -2.6457331783303763E-002
   4.1950000000000003        6.8325186907795071E-002
   4.2000000000000002        4.9517367952544980E-002
   4.2050000000000010        1.6876363944439126E-002
   4.2100000000000000        4.7451232992660415E-002
   4.2149999999999999       -1.7529552927821684E-003
   4.2200000000000006       -6.3479537011561379E-002
   4.2250000000000005        4.0220431911600067E-002
   4.2300000000000004       -2.3854867857249811E-002
   4.2350000000000003       -1.9007515177274049E-002
   4.2400000000000002       -6.0507107783840323E-002
   4.2450000000000010       -6.3390682197156725E-002
   4.2500000000000000        2.7319629456080945E-002
   4.2549999999999999        1.9273381267118982E-002
   4.2600000000000007       -2.7544454588310931E-002
   4.2650000000000006       -6.7314678348050381E-003
   4.2700000000000005        1.5682258535157664E-003
   4.2750000000000004        3.5435316718279368E-002
   4.2800000000000002      -0.10281888746380878     
   4.2850000000000001       -5.9178371250977933E-002
   4.2900000000000009       -9.9433281755295089E-002
   4.2949999999999999        2.0536492454572702E-002
   4.3000000000000007        7.5845720925259735E-002
   4.3050000000000006       -1.2305740432956021E-002
   4.3100000000000005        4.1073968553551256E-002
   4.3150000000000004       -9.8555059131343048E-003
   4.3200000000000003        4.2866620316823131E-003
   4.3250000000000002       -1.3762017144313120E-002
   4.3300000000000010       -6.1030911913436047E-003
   4.3350000000000000       -2.2401731637499984E-002
   4.3400000000000007       -2.5146650504311443E-002
   4.3450000000000006        6.9562546350552057E-003
   4.3500000000000005        5.8926250168698470E-003
   4.3550000000000004        2.0981588866206460E-002
   4.3600000000000003        2.3532646705379462E-003
   4.3650000000000002       -2.0119148429572106E-003
   4.3700000000000010       -1.4123495394667078E-002
   4.3750000000000000       -9.5653405406201611E-002
   4.3799999999999999        5.9467925553346887E-002
   4.3850000000000007        8.2004518544974477E-003
   4.3900000000000006       -2.7730113535578056E-003
   4.3950000000000005        2.7789702314484341E-002
   4.4000000000000004        2.7181997609309894E-002
   4.4050000000000002       -6.4637853251742336E-003
   4.4100000000000010        1.8354224707834391E-002
   4.4150000000000000       -2.5988866411832061E-002
   4.4199999999999999       -2.4108784065337955E-002
   4.4250000000000007        7.5373420242288930E-003
   4.4300000000000006        5.4158823062081370E-002
   4.4350000000000005       -7.6072322330371769E-002
   4.4400000000000004       -6.6579679348726981E-002
   4.4450000000000003        3.8529133174753979E-003
   4.4500000000000002       -5.6466714538227748E-002
   4.4550000000000001       -4.5357654377082453E-002
   4.4600000000000000        1.5897361605656964E-002
   4.4650000000000007        3.6177458099302763E-002
   4.4700000000000006        9.0520353843564511E-003
   4.4749999999999996        4.0861129629264352E-002
   4.4800000000000004       -1.0492215049433894E-002
   4.4850000000000003        2.0852448450021415E-002
   4.4900000000000002        3.5211562098220205E-003
   4.4950000000000010        1.8284485546169623E-002
   4.5000000000000000        5.8135791681730529E-003
   4.5050000000000008        2.7188080369837470E-002
   4.5100000000000007        3.7715414114497338E-002
   4.5150000000000006        2.2038271273792789E-002
   4.5200000000000005       -2.5337301730256306E-002
   4.5250000000000004        9.8843444073342859E-003
   4.5300000000000002        3.0162258735506660E-002
   4.5350000000000010        7.7909277230242607E-003
   4.5400000000000000       -2.1878580343967721E-002
   4.5449999999999999       -2.6522773008525530E-002
   4.5500000000000007        6.2958098199945425E-002
   4.5550000000000006       -8.3338802020111304E-004
   4.5600000000000005       0.11172080548620207     
   4.5650000000000004       -5.0759390960768043E-002
   4.5700000000000003        6.6130567882482991E-002
   4.5750000000000011       -3.6768656668443596E-002
   4.5800000000000001        3.4943343352603351E-002
   4.5850000000000000       -3.0531380872723447E-004
   4.5900000000000007       -1.0628381527022937E-002
   4.5950000000000006       -3.7214034303410540E-002
   4.6000000000000005        1.4671300564626396E-002
   4.6050000000000004       -4.7345374681211181E-004
   4.6100000000000003        6.4031773887330149E-003
   4.6150000000000002        9.7413414983838403E-002
   4.6200000000000001       -3.4336942441685357E-002
   4.6250000000000000        1.8423018305573639E-002
   4.6300000000000008       -4.7832666071192305E-002
   4.6350000000000007        6.0421322561121676E-002
   4.6399999999999997       -4.4594682253658820E-002
   4.6450000000000005        7.1545475037608948E-003
   4.6500000000000004        5.3476785964407546E-002
   4.6550000000000002        1.0025925771895792E-002
   4.6600000000000001        2.5010771602625742E-002
   4.6650000000000000        6.4883385261405916E-005
   4.6700000000000008       -4.2598577393671178E-002
   4.6750000000000007       -3.8527034829742561E-002
   4.6799999999999997       -8.8976850636794218E-003
   4.6850000000000005       -3.5795541804957719E-002
   4.6900000000000004        4.6065546632398917E-002
   4.6950000000000003        4.2848772207606196E-002
   4.7000000000000011       -5.0422402655890090E-002
   4.7050000000000001       0.11981718246761863     
   4.7100000000000000       -8.0868777946178517E-003
   4.7150000000000007        5.3905046005685096E-002
   4.7200000000000006       -1.2960729551665173E-002
   4.7250000000000005        7.7461687284618320E-003
   4.7300000000000004       -1.4113459944602202E-002
   4.7350000000000003        5.1521688031438112E-002
   4.7400000000000011        5.8218225056920272E-002
   4.7450000000000001       -5.3024325685577089E-003
   4.7500000000000000        6.3583747270146485E-002
   4.7550000000000008        4.5323040763385149E-002
   4.7600000000000007        2.1946422228714759E-002
   4.7650000000000006        5.1564945399408167E-002
   4.7700000000000005        3.4318960602673414E-002
   4.7750000000000004       -3.3007670521017961E-002
   4.7800000000000002       -1.5629528003937392E-002
   4.7850000000000001       -1.4605063437092541E-002
   4.7900000000000000       -3.7472093650480717E-003
   4.7950000000000008       -1.6651819640750083E-002
   4.8000000000000007       -8.2816352461597270E-003
   4.8049999999999997       -4.6877573202025062E-002
   4.8100000000000005       -4.0627722913265919E-002
   4.8150000000000004       -6.4462419596165277E-002
   4.8200000000000003        1.0519236889059126E-002
   4.8250000000000002        4.4237595466347444E-002
   4.8300000000000001       -4.4462771655971477E-002
   4.8350000000000009       -5.9025832539175906E-002
   4.8400000000000007       -4.3654000299781066E-002
   4.8449999999999998       -6.1732610238800553E-003
   4.8500000000000005       -9.4546801766277541E-003
   4.8550000000000004       -5.2842554767377724E-003
   4.8600000000000003       -2.5899423927447384E-002
   4.8650000000000002       -2.8794879339377858E-002
   4.8700000000000001       -1.8640874894078223E-002
   4.8750000000000000        6.2885546430620620E-003
   4.8800000000000008       -5.1740616615485555E-002
   4.8849999999999998       -3.7386298622622556E-002
   4.8900000000000006       -1.3596016767622945E-002
   4.8950000000000005        4.5100548754973054E-002
   4.9000000000000004       -1.7270301049112948E-003
   4.9050000000000002       -4.3311699151530346E-002
   4.9100000000000001        1.1714262893933163E-002
   4.9150000000000000       -2.1656281781345488E-002
   4.9200000000000008        3.5991771364150799E-002
   4.9250000000000007       0.10367648632566696     
   4.9300000000000006       -4.7864643767569354E-003
   4.9350000000000005        9.8512978744324537E-003
   4.9400000000000004       -5.3876100988014597E-002
   4.9450000000000012       -2.6031457583739000E-003
   4.9500000000000002       -1.5831098859268963E-002
   4.9550000000000001        5.1671156716353389E-002
   4.9600000000000009       -3.6286786159929214E-003
   4.9650000000000007       -4.3430509626271555E-002
   4.9699999999999998        2.6451501998801244E-004
   4.9750000000000005       -1.2923254283606482E-002
   4.9800000000000004       -1.2582448958627130E-002
   4.9850000000000003       -1.4006538287876636E-002
   4.9900000000000002       -2.5277080608989378E-003
   4.9950000000000001        3.6081524226415557E-002
   5.0000000000000009       -1.0319750515692320E-002
   5.0050000000000008        2.8700043514682597E-002
   5.0099999999999998        2.3266666040562024E-002
   5.0150000000000006        1.3931376589732328E-002
   5.0200000000000005        5.3945627415690152E-002
   5.0250000000000004       -4.9361061157277251E-002
   5.0300000000000002        1.1966238228887064E-002
   5.0350000000000001        1.7917053696435117E-002
   5.0400000000000009        1.2493996913750865E-002
   5.0450000000000008        4.7516207967608831E-002
   5.0499999999999998       0.10678518317033212     
   5.0550000000000006       -6.4069596549374171E-003
   5.0600000000000005        2.1398884534508104E-002
   5.0650000000000004       -5.7948472746542981E-002
   5.0700000000000003        7.6810400650611080E-002
   5.0750000000000002       -8.2279859091602514E-002
   5.0800000000000001       -2.5867554123617010E-002
   5.0850000000000009       -5.0891356910597284E-003
   5.0899999999999999       -4.3322294103290263E-002
   5.0950000000000006       -2.0618542282066533E-002
   5.1000000000000005       -3.9795892795210980E-002
   5.1050000000000004        1.7814547765055793E-002
   5.1100000000000003       -3.4625226331068078E-002
   5.1150000000000002       -1.3927018418227754E-002
   5.1200000000000001        3.1382880281146185E-002
   5.1250000000000009       -7.4682327293974005E-002
   5.1300000000000008       -1.5037946236924572E-002
   5.1350000000000007        6.2913701878335093E-003
   5.1400000000000006       -1.4750786186501230E-003
   5.1450000000000005       -1.2476155317803489E-002
   5.1500000000000004        2.5954446166351203E-002
   5.1550000000000002        3.4765853002373826E-003
   5.1600000000000001       -7.7856464749142878E-005
   5.1650000000000009       0.10310858585496285     
   5.1700000000000008        1.4827660790162877E-002
   5.1749999999999998       -3.6150283698921093E-002
   5.1800000000000006       -3.9239061313213933E-002
   5.1850000000000005        1.1421509135161394E-002
   5.1900000000000004        4.8126883408286428E-002
   5.1950000000000003       -2.7514856109492093E-002
   5.2000000000000002       -5.6067486636128157E-002
   5.2050000000000010       -1.2230414148382850E-002
   5.2100000000000009        1.8776238480705202E-003
   5.2149999999999999        6.4394586438713830E-004
   5.2200000000000006       -1.2595302185474857E-003
   5.2250000000000005        3.8857386714270845E-002
   5.2300000000000004        4.7429641371104912E-002
   5.2350000000000003       -1.1437797213025024E-002
   5.2400000000000002       -1.0234848777800065E-002
   5.2450000000000001        6.8270478069482707E-002
   5.2500000000000009        7.5663282529967638E-002
   5.2549999999999999        9.5694122300924153E-002
   5.2600000000000007        7.7692836329859613E-002
   5.2650000000000006        5.2768277388666018E-002
   5.2700000000000005       -3.5442940734545160E-002
   5.2750000000000004        3.5319082294450958E-002
   5.2800000000000002        2.7967075558368210E-002
   5.2850000000000001       -2.1502958104929300E-002
   5.2900000000000009       -1.8306775992124540E-002
   5.2949999999999999        6.0860261100189203E-002
   5.3000000000000007        7.1625502393073498E-002
   5.3050000000000006       -2.4779765534665890E-002
   5.3100000000000005       -3.5688550972676841E-002
   5.3150000000000004       -1.1660743678406376E-002
   5.3200000000000003        3.7261331241850659E-002
   5.3250000000000002       -1.3838762494754426E-002
   5.3300000000000010       -3.0506496264305410E-003
   5.3350000000000009       -1.5974354746707577E-002
   5.3399999999999999      -0.12086265291800623     
   5.3450000000000006        3.4377594559926831E-002
   5.3500000000000005       -1.5348652682943952E-002
   5.3550000000000004        2.9877575947865977E-002
   5.3600000000000003      -0.11168031394844397     
   5.3650000000000002       -3.3957243459279494E-002
   5.3700000000000010        3.7120109696412982E-003
   5.3750000000000009       -4.7264200611914969E-002
   5.3799999999999999       -1.3102655384356083E-003
   5.3850000000000007        6.5075708584604430E-002
   5.3900000000000006        2.3765780551718380E-002
   5.3950000000000005        3.3444901410857861E-002
   5.4000000000000004        3.9639860315406193E-002
   5.4050000000000002        7.0355647640861468E-002
   5.4100000000000001        2.9100495443573064E-002
   5.4150000000000009        1.3700803720584537E-002
   5.4199999999999999        1.7809515071746284E-002
   5.4250000000000007       -3.9102657180881635E-002
   5.4300000000000006       -3.2814634593722490E-002
   5.4350000000000005       -2.1727106303507323E-002
   5.4400000000000004        1.7562165636014444E-002
   5.4450000000000003       -2.4955332407186656E-002
   5.4500000000000002        7.7088606391715386E-002
   5.4550000000000010        3.0898467257056517E-002
   5.4600000000000000        1.2435783552452555E-002
   5.4650000000000007       -6.6988054770987819E-003
   5.4700000000000006        2.7157965088775816E-002
   5.4750000000000005        3.3102703629081021E-002
   5.4800000000000004       -1.2604295501922404E-002
   5.4850000000000003       -4.7894479497730388E-002
   5.4900000000000002        9.2961486339377133E-002
   5.4950000000000010       -6.4280822161321537E-003
   5.5000000000000000       -1.9892394946689387E-002
   5.5049999999999999       -3.3010968646072350E-002
   5.5100000000000007       -3.2773124896735520E-002
   5.5150000000000006        1.7708888358494570E-002
   5.5200000000000005        4.2705676357439458E-002
   5.5250000000000004       -1.4822214513909917E-002
   5.5300000000000002        3.3476320153588819E-002
   5.5350000000000010        3.4394544377347513E-002
   5.5400000000000000       -3.4179329398632677E-002
   5.5449999999999999       -7.6009961195063630E-004
   5.5500000000000007       -2.2710391215060460E-003
   5.5550000000000006        3.3458921237709623E-003
   5.5600000000000005        8.4412668044774139E-002
   5.5650000000000004       -1.8765694093640699E-002
   5.5700000000000003        3.9388301356506672E-002
   5.5750000000000011       -5.5158147312874405E-002
   5.5800000000000010       -5.8428261206690556E-002
   5.5850000000000000        6.3975869946925903E-002
   5.5900000000000007        3.4163402864476567E-003
   5.5950000000000006       -5.0825809992978740E-002
   5.6000000000000005        9.9027806436646926E-003
   5.6050000000000004        5.3691224603515567E-002
   5.6100000000000003       -5.0181311027153043E-002
   5.6150000000000002       -1.8884317633539600E-002
   5.6200000000000010       -7.8246618360901438E-002
   5.6250000000000000        1.7327091719021550E-002
   5.6300000000000008       -5.6555600194731553E-003
   5.6350000000000007        1.3335818294625386E-002
   5.6400000000000006        2.0377877786605082E-002
   5.6450000000000005        3.3982045405665622E-002
   5.6500000000000004       -3.0100554410120068E-002
   5.6550000000000002        7.1824888036871620E-002
   5.6600000000000010        9.6148303599054401E-003
   5.6650000000000000        2.5979797339624099E-002
   5.6700000000000008        5.7592291520891237E-002
   5.6750000000000007       -1.6750504671939288E-002
   5.6800000000000006       -2.4289501354027975E-002
   5.6850000000000005       -9.1571947847552695E-004
   5.6900000000000004       -8.5121735630384276E-002
   5.6950000000000003       -5.1269677918469737E-002
   5.7000000000000011       -4.8756662487114286E-002
   5.7050000000000001       -2.9677210026920350E-003
   5.7100000000000000        4.7053227025446391E-002
   5.7150000000000007        4.8548460014151508E-002
   5.7200000000000006        8.5288065331036320E-002
   5.7250000000000005       -7.1371392736829534E-002
   5.7300000000000004        6.1608131679533738E-002
   5.7350000000000003        3.2701570833482671E-002
   5.7400000000000011        6.9752938806693962E-002
   5.7450000000000001       -9.0818314780364701E-003
   5.7500000000000000        8.3570907088315494E-002
   5.7550000000000008        4.5534398440827101E-002
   5.7600000000000007        7.4199195965281260E-003
   5.7650000000000006        6.0980630961459607E-002
   5.7700000000000005       -1.7897985687420914E-002
   5.7750000000000004        1.5452844866759371E-002
   5.7800000000000002        5.0342964283466261E-002
   5.7850000000000010       -7.5873919466909199E-003
   5.7900000000000000        2.6020849060707049E-002
   5.7950000000000008       -9.1240543766400034E-002
   5.8000000000000007       -6.5667023388189638E-002
   5.8050000000000006        5.0945097986901722E-002
   5.8100000000000005       -1.9011795709025441E-002
   5.8150000000000004        7.1424917484434206E-002
   5.8200000000000003       -6.0657549838699309E-002
   5.8250000000000011        1.1420105089012055E-002
   5.8300000000000001        4.7189535008692477E-003
   5.8350000000000009        5.4654582728280152E-002
   5.8400000000000007       -4.9923263620402503E-002
   5.8450000000000006        6.7411389957361484E-002
   5.8500000000000005       -4.8175318546270097E-003
   5.8550000000000004       -1.8117077554069511E-002
   5.8600000000000003        2.4725751262207385E-002
   5.8650000000000011        3.2816474603002500E-002
   5.8700000000000001        6.9381560575517628E-002
   5.8750000000000000       -5.0823302811221965E-002
   5.8800000000000008        5.6127182385145172E-003
   5.8850000000000007        5.5897985587751796E-002
   5.8900000000000006       -7.5464249578906569E-003
   5.8950000000000005        3.0637869043677667E-002
   5.9000000000000004        7.7303293484083768E-002
   5.9050000000000011        1.0072683132670478E-002
   5.9100000000000001        1.2063406658103475E-002
   5.9150000000000000        7.5392978240441680E-002
   5.9200000000000008       -5.9809226142485379E-003
   5.9250000000000007       -1.4339640263106525E-002
   5.9300000000000006        4.4679562984677672E-002
   5.9350000000000005        8.6357083434369496E-003
   5.9400000000000004       -1.0251326349514643E-002
   5.9450000000000003       -3.4503496206969561E-002
   5.9500000000000002       -1.6342796153595518E-002
   5.9550000000000001        1.2138704562382854E-002
   5.9600000000000009       -2.2625037595818387E-003
   5.9650000000000007       -1.0048424062199725E-002
   5.9699999999999998        5.0134944054049467E-002
   5.9750000000000005        6.9750309523198412E-002
   5.9800000000000004        1.8213287865624154E-002
   5.9850000000000003       -5.6411529124265489E-002
   5.9900000000000011       -7.0502957659060062E-002
   5.9950000000000001        2.0194459238238757E-002
   6.0000000000000009        9.2847670260541623E-002
   6.0050000000000008        5.0255714879019288E-002
   6.0100000000000007        1.8383001611058474E-002
   6.0150000000000006        3.5937004118932692E-002
   6.0200000000000005        9.5497196614652030E-002
   6.0250000000000004        1.3940482059210059E-002
   6.0300000000000011       -7.8845404849848047E-003
   6.0350000000000001       -2.8307982412060107E-002
   6.0400000000000000       -3.3146624267432284E-002
   6.0450000000000008       -7.6384427467836233E-002
   6.0500000000000007       -2.6844132714463967E-002
   6.0550000000000006        1.5450851226336297E-002
   6.0600000000000005       -6.9663739986688816E-002
   6.0650000000000004        8.6511857437594181E-002
   6.0700000000000012        1.3871585468754503E-002
   6.0750000000000002       -6.6781786431324236E-002
   6.0800000000000001       -3.8214461648997534E-002
   6.0850000000000009       -5.4246418884203312E-002
   6.0900000000000007       -1.4162246012137449E-002
   6.0950000000000006       -1.7580090115670032E-002
   6.1000000000000005        1.0264855447104288E-003
   6.1050000000000004        1.7998588139972783E-002
   6.1100000000000003       -4.7500003438563081E-002
   6.1150000000000002        1.3213052490193788E-002
   6.1200000000000001        3.4360949466545568E-002
   6.1250000000000009       -1.5871057093645540E-002
   6.1300000000000008       -1.2007677818823215E-002
   6.1349999999999998       -8.1732558899366128E-004
   6.1400000000000006       -4.5471038628323357E-002
   6.1450000000000005        7.6888859178939187E-002
   6.1500000000000004       -1.0445685679581089E-002
   6.1550000000000002        7.9900814870790204E-002
   6.1600000000000001        3.0824607047628626E-003
   6.1650000000000009        5.7618738557105323E-002
   6.1700000000000008       -4.6788508196295717E-003
   6.1749999999999998       -5.2040337977129949E-003
   6.1800000000000006        3.7668771699538840E-002
   6.1850000000000005        2.5627442088678367E-002
   6.1900000000000004        4.1886196934676052E-002
   6.1950000000000012       -2.8226771483119018E-002
   6.2000000000000002        5.5027201825888486E-003
   6.2050000000000001        4.2255196924788865E-002
   6.2100000000000009        9.7564661110773445E-004
   6.2150000000000007        4.4382953469409840E-002
   6.2200000000000006        9.8871624356200848E-003
   6.2250000000000005        2.9867633690466196E-003
   6.2300000000000004       0.10643675086444196     
   6.2350000000000012        3.1038813713773136E-002
   6.2400000000000002       -4.3765899016262669E-002
   6.2450000000000001        5.5398840424334947E-002
   6.2500000000000009        2.7481109196153909E-002
   6.2550000000000008        6.8203636933156106E-002
   6.2600000000000007       -5.4540287284319124E-002
   6.2650000000000006       -3.2779192357799344E-002
   6.2700000000000005       -2.4700867620916819E-002
   6.2750000000000012        2.8103416398928452E-002
   6.2800000000000002       -2.8429239988266845E-002
   6.2850000000000001        4.2325458948382473E-002
   6.2900000000000009        4.6636907608514772E-003
   6.2950000000000008        1.7234125590205691E-003
   6.2999999999999998        1.9527472759395124E-002
   6.3050000000000006        7.4707990173658007E-002
   6.3100000000000005        2.4899023038844972E-002
   6.3150000000000004        1.4239185277042885E-002
   6.3200000000000003       -2.6337713465490228E-002
   6.3250000000000002        6.9489445872232561E-002
   6.3300000000000010       -7.4128018576223073E-002
   6.3350000000000009       -7.2720658619470843E-003
   6.3399999999999999        4.9518271461572110E-002
   6.3450000000000006        5.8954026556409543E-002
   6.3500000000000005        1.8131953540121253E-002
   6.3550000000000004       0.11602054895926235     
   6.3600000000000003       -5.4669320087344982E-003
   6.3650000000000002       -3.9634475910336406E-002
   6.3700000000000010        4.7005791747292145E-003
   6.3750000000000009        8.9156230093453498E-002
   6.3799999999999999       -4.2852129414225809E-002
   6.3850000000000007        1.2421817289901179E-002
   6.3900000000000006       -4.1157072719015676E-002
   6.3950000000000005        7.4206885337017608E-002
   6.4000000000000012       -4.7829452668149267E-002
   6.4050000000000002       -4.6166806016646848E-002
   6.4100000000000001        6.8054019591129774E-003
   6.4150000000000009        8.8196019744896062E-002
   6.4200000000000008       -9.1156515523524960E-003
   6.4250000000000007       -2.7055316825133017E-002
   6.4300000000000006       -3.7431644056726596E-002
   6.4350000000000005        2.6011802511215768E-002
   6.4400000000000013        8.3316054999082734E-003
   6.4450000000000003        6.3738354564391491E-003
   6.4500000000000002        1.5936149839882632E-002
   6.4550000000000010       -6.5163881030786935E-002
   6.4600000000000000        9.7508110194601455E-002
   6.4650000000000007        2.3380494547433305E-002
   6.4700000000000006        1.5410043465999449E-002
   6.4750000000000005        7.9527767773997834E-004
   6.4800000000000004       -6.0595700559701038E-002
   6.4850000000000012        9.0449361035183862E-002
   6.4900000000000011        1.4551582165909188E-002
   6.4950000000000001        2.6257919374207048E-002
   6.5000000000000000       0.11272500689413505     
   6.5049999999999999        1.8816914056651621E-002
   6.5100000000000007       -3.0851201039897463E-003
   6.5150000000000006        1.2542880925044084E-002
   6.5200000000000005       -3.8836678075415534E-002
   6.5250000000000012       -5.6297533469791217E-002
   6.5300000000000011       -1.0936282703102188E-002
   6.5350000000000001       -4.6993327176112820E-002
   6.5400000000000000       -4.9531583346506924E-002
   6.5449999999999999        2.8126026584478010E-003
   6.5500000000000007        4.2387759472268041E-002
   6.5550000000000006       -5.0752492363983923E-002
   6.5600000000000005        6.7182434397537211E-002
   6.5650000000000013        4.1820370444086610E-002
   6.5700000000000012       -3.0961086058525888E-002
   6.5750000000000002       -4.0508422317678386E-002
   6.5800000000000001        5.4998264711824840E-002
   6.5850000000000000       -5.0763538114817222E-002
   6.5900000000000007       -3.9992062570372813E-002
   6.5950000000000006       -1.7165310873506579E-002
   6.6000000000000005       -1.6476765030543249E-002
   6.6050000000000013        1.2645455475964724E-002
   6.6100000000000012       -1.4606313627812654E-002
   6.6150000000000011      -0.11548363109208271     
   6.6200000000000001        1.4864662569156938E-002
   6.6250000000000000       -3.7446356041856914E-002
   6.6300000000000008        1.4789763918510277E-002
   6.6350000000000007       -5.3263985333371108E-002
   6.6400000000000006       -9.6726078427233440E-003
   6.6450000000000005        1.7783568253805219E-002
   6.6500000000000012        8.5070062713185596E-002
   6.6550000000000011        2.5443490513062824E-002
   6.6600000000000001        5.5769134604651355E-002
   6.6650000000000000        1.9371979165514403E-003
   6.6699999999999999       -2.4688125040841977E-002
   6.6750000000000007       -8.5317620999986479E-002
   6.6800000000000006        3.1468130147214182E-002
   6.6850000000000005        3.3178328904843821E-003
   6.6900000000000013        3.8805170556727692E-002
   6.6950000000000012       -1.0298386860214627E-002
   6.7000000000000002       -1.7699931612143581E-002
   6.7050000000000001        4.3124932799696793E-002
   6.7100000000000000        4.7391932592173704E-002
   6.7150000000000007       -5.4092876580057936E-003
   6.7200000000000006        7.4715506062407344E-002
   6.7250000000000005        1.3808767627281204E-002
   6.7300000000000013        1.8958090823265508E-002
   6.7350000000000012        7.7491125047297688E-002
   6.7400000000000002        6.7326663382143062E-002
   6.7450000000000001        5.6747896412513155E-002
   6.7500000000000000       -4.1232107945532420E-002
   6.7550000000000008       -7.8190965248253197E-003
   6.7600000000000007        5.3990107985614870E-002
   6.7650000000000006       -4.8058993009279160E-003
   6.7700000000000014       -4.2666642663330395E-002
   6.7750000000000012       -2.4565747860765975E-002
   6.7800000000000002        7.7057986478281465E-002
   6.7850000000000001       -4.3139482671703304E-002
   6.7900000000000000        1.5099109376043057E-002
   6.7950000000000008        4.7416579239740762E-002
   6.8000000000000007        3.7703472771446866E-002
   6.8050000000000006       -4.9188992531284469E-002
   6.8100000000000014       -8.0255617616235383E-002
   6.8150000000000013       -4.0968517062579840E-002
   6.8200000000000003        8.9496725629044566E-002
   6.8250000000000002       -6.5021350062265046E-002
   6.8300000000000001        1.9079474226971441E-002
   6.8350000000000000       -3.4094126371571505E-002
   6.8400000000000007       -1.4898591376129427E-002
   6.8450000000000006       -5.3376408091203300E-003
   6.8500000000000005        5.6962878025334654E-003
   6.8550000000000013        1.5049513543787739E-002
   6.8600000000000012        2.6199991671997307E-002
   6.8650000000000002        3.6595223770339073E-002
   6.8700000000000001        2.5507944946666808E-003
   6.8750000000000000        1.3788055701897084E-002
   6.8800000000000008        6.5276092162786861E-002
   6.8850000000000007        8.0724486208478608E-004
   6.8900000000000006        2.5341162235153238E-003
   6.8950000000000014       -2.2444751721916859E-002
   6.9000000000000012        1.4171095966884647E-002
   6.9050000000000002        5.8479240553568290E-002
   6.9100000000000001       -7.2346621553777829E-002
   6.9150000000000000      -0.10378665642016477     
   6.9200000000000008        6.7229315336513338E-003
   6.9250000000000007       -3.8744427583688769E-002
   6.9300000000000006       -8.5659807048365302E-003
   6.9350000000000014        5.1972705025885219E-002
   6.9400000000000013        1.2435515585927974E-002
   6.9450000000000003       -1.0011899677831582E-002
   6.9500000000000002        6.7575502210784150E-002
   6.9550000000000001       -3.0423402530075958E-002
   6.9600000000000009      -0.11624177294515547     
   6.9650000000000007       -1.6885563764817271E-002
   6.9700000000000006        3.6090682026957289E-002
   6.9750000000000014        4.5162670656038281E-002
   6.9800000000000013       -9.3314402707998061E-003
   6.9850000000000003        5.4761947369784030E-003
   6.9900000000000002       -1.4112667057376845E-002
   6.9950000000000001        9.4148253331673495E-003
   7.0000000000000009        6.7290340012151437E-002
   7.0050000000000008        4.0708982268059281E-002
   7.0100000000000007       -1.4853490989379025E-004
   7.0150000000000006        1.3587657954780561E-002
   7.0200000000000014        5.3264750285199121E-002
   7.0249999999999995        2.4224785974691319E-003
   7.0300000000000002       -4.4780972371983509E-002
   7.0350000000000001        7.8065892577061967E-003
   7.0400000000000000        4.8099655886396850E-002
   7.0450000000000008        3.1364069108037074E-002
   7.0500000000000007       -2.6637823870073934E-002
   7.0550000000000006       -1.1823409303461379E-002
   7.0600000000000014       -7.7619812742731054E-002
   7.0650000000000013       -2.9957671013019216E-002
   7.0700000000000003        4.6237545772270040E-004
   7.0750000000000002       -5.8725059774613854E-003
   7.0800000000000001       -6.3247421269167478E-002
   7.0850000000000009       -5.7181419670365943E-005
   7.0900000000000007       -2.6088484430922064E-002
   7.0950000000000006       -1.2257667865118638E-002
   7.1000000000000014        1.6822378045032199E-002
   7.1050000000000013       -1.4421432582848490E-002
   7.1100000000000003        1.3740297007431544E-003
   7.1150000000000002        2.7813900400723347E-003
   7.1200000000000001        4.6053740657482266E-002
   7.1250000000000009       -6.0402176386408366E-002
   7.1300000000000008        2.2697863409554143E-002
   7.1350000000000007        1.4728611410255740E-002
   7.1400000000000015        3.4890853033860338E-002
   7.1450000000000014        5.2993862147797346E-002
   7.1500000000000004       -9.2741779565008980E-002
   7.1550000000000002        6.9291228038444438E-002
   7.1600000000000001       -1.0248352867366355E-002
   7.1650000000000009        7.6024889858512220E-003
   7.1700000000000008       -4.5979517629545316E-002
   7.1750000000000007        5.4057534908093188E-002
   7.1800000000000006        6.3059024755902179E-002
   7.1850000000000014        3.1143636144958672E-002
   7.1900000000000004       -1.4735116249677162E-002
   7.1950000000000003        5.6413506373297284E-002
   7.2000000000000002       -4.2096899930147459E-002
   7.2050000000000001       -1.0849823457417716E-002
   7.2100000000000009        5.2318310915977280E-002
   7.2150000000000007       -2.9105415637363512E-002
   7.2200000000000006       -4.3509490815737760E-002
   7.2250000000000014       -1.5486779801335596E-003
   7.2299999999999995        3.7409799802491067E-002
   7.2350000000000003       0.11490405228159509     
   7.2400000000000002       -3.9317187932853791E-003
   7.2450000000000001       -1.0312883684675898E-002
   7.2500000000000009        1.1476148051391775E-002
   7.2550000000000008        4.6252910999472777E-002
   7.2600000000000007        1.1560256533833704E-002
   7.2650000000000015        2.8718165551726324E-003
   7.2700000000000014       -2.2762223999853566E-002
   7.2750000000000004        8.5447111719373650E-002
   7.2800000000000002       -2.8002512913545368E-002
   7.2850000000000001       -3.4112808381651559E-002
   7.2900000000000009       -4.5776926795627233E-002
   7.2950000000000008        8.4281935807451913E-002
   7.3000000000000007       -2.1403636075518026E-002
   7.3050000000000015        5.3214970738709649E-002
   7.3100000000000014       -2.2626979954024413E-002
   7.3150000000000004       -1.1477562102381409E-003
   7.3200000000000003        6.6322408365068933E-002
   7.3250000000000002       -5.3303752230916684E-002
   7.3300000000000010        1.5471073539416839E-002
   7.3350000000000009        9.8756748555404450E-003
   7.3400000000000007       -1.3477364374455380E-002
   7.3450000000000015       -3.7258406436469875E-002
   7.3500000000000014        3.7579769539423678E-002
   7.3550000000000004       -1.9845095111891205E-002
   7.3600000000000003        5.6695101222628053E-002
   7.3650000000000002        4.8874605829930702E-002
   7.3700000000000001       -2.2301540407564307E-002
   7.3750000000000009        1.1041267607039572E-002
   7.3800000000000008       -4.3171151091208844E-002
   7.3850000000000007       -2.0715454521705541E-002
   7.3900000000000015       -1.1916616492670411E-002
   7.3949999999999996       -1.2956248621648831E-002
   7.4000000000000004       -2.8431910209702163E-002
   7.4050000000000002        1.6570718069641801E-002
   7.4100000000000001        1.0961854609922057E-002
   7.4150000000000009       -5.0466756731614881E-002
   7.4200000000000008        6.9007583250663973E-002
   7.4250000000000007       -5.8604039331273415E-002
   7.4300000000000015        2.6225950010380094E-002
   7.4349999999999996        3.5676236440059080E-002
   7.4400000000000004        1.7100254397735454E-002
   7.4450000000000003       -1.3734665881976020E-002
   7.4500000000000002        1.7520349328686402E-003
   7.4550000000000010        9.7883054451441860E-003
   7.4600000000000009       -4.4305789717435130E-002
   7.4650000000000007       -9.9847740189285931E-003
   7.4700000000000015       -6.9876792048195163E-002
   7.4750000000000014       -5.7841484276035263E-002
   7.4800000000000004       -4.8351838224640516E-003
   7.4850000000000003       -6.3656718713619789E-002
   7.4900000000000002        4.3845119247914031E-002
   7.4950000000000010       -1.2654635469462697E-002
   7.5000000000000009       -4.9921184646897366E-003
   7.5050000000000008       -1.2365988155454973E-002
   7.5100000000000016       -1.5036787099473035E-002
   7.5150000000000015        5.3166312859205332E-002
   7.5200000000000005       -2.5905571018451951E-002
   7.5250000000000004        2.1339932834773086E-002
   7.5300000000000002        2.1435883293797097E-002
   7.5350000000000001       -4.2916118336206968E-002
   7.5400000000000009       -5.8174882761155428E-002
   7.5450000000000008       -2.3434196512402503E-002
   7.5500000000000007        1.2106858180553565E-003
   7.5550000000000015       -6.6367127372030418E-002
   7.5599999999999996       -3.8103540719687287E-002
   7.5650000000000004        1.3372936696555914E-002
   7.5700000000000003        3.8717669281405735E-003
   7.5750000000000002        5.8975113017758832E-002
   7.5800000000000010       -8.8370518095227963E-003
   7.5850000000000009        2.9401592890293655E-003
   7.5900000000000007       -7.7409704942593943E-002
   7.5950000000000015        2.3180881360674026E-002
   7.5999999999999996        5.6066122123755592E-002
   7.6050000000000004       -6.0148534153841360E-002
   7.6100000000000003        8.0813992277779592E-003
   7.6150000000000002       -7.2134514397298746E-002
   7.6200000000000010        6.6952390223499719E-002
   7.6250000000000009        5.7490650457607546E-002
   7.6300000000000008       -2.3192226497140405E-003
   7.6350000000000016        1.2525897118056076E-002
   7.6399999999999997       -8.2304048683750103E-002
   7.6450000000000005       -2.2015725711097077E-002
   7.6500000000000004       -2.3420364564506416E-002
   7.6550000000000002        1.4952514922025574E-002
   7.6600000000000010       -2.0513562335378665E-002
   7.6650000000000009       -1.6916912593186787E-002
   7.6700000000000008       -3.2882768157186694E-002
   7.6750000000000016       -1.9445115850260729E-002
   7.6799999999999997        5.7695409773872823E-002
   7.6850000000000005        5.7189576770383291E-002
   7.6900000000000004       -4.8565580716079297E-002
   7.6950000000000003        3.0056058578387251E-002
   7.7000000000000011       -4.2936968111303681E-002
   7.7050000000000010       -3.5026117597513283E-003
   7.7100000000000009        4.4856135531505026E-002
   7.7150000000000007       -5.2998325896946898E-002
   7.7200000000000015       0.11650404836454187     
   7.7249999999999996        1.9951385785312747E-002
   7.7300000000000004       -8.9050004733393744E-003
   7.7350000000000003        3.8941177912795661E-003
   7.7400000000000002       -7.2741974120786076E-002
   7.7450000000000010        3.9533560123875249E-003
   7.7500000000000009        4.0677810906721269E-002
   7.7550000000000008        2.4606420293234423E-002
   7.7600000000000016        8.4993299595270341E-002
   7.7649999999999997       -1.6792245103190283E-002
   7.7700000000000005        5.6451367444341899E-002
   7.7750000000000004        8.1642882819390167E-002
   7.7800000000000002        1.9451924982229047E-002
   7.7850000000000010       -3.0295465259850930E-002
   7.7900000000000009       -1.1630692100952387E-002
   7.7950000000000008        3.5347497780977337E-002
   7.8000000000000016       -1.5811722365299367E-002
   7.8049999999999997       -9.0536135002176009E-004
   7.8100000000000005        2.0884334558042596E-002
   7.8150000000000004        5.7928195063635963E-003
   7.8200000000000003       -2.7340678709287053E-002
   7.8250000000000011        1.7223136779898063E-004
   7.8300000000000010        2.9354870190889011E-002
   7.8350000000000009        7.4803499555704228E-002
   7.8400000000000016        4.7470520703184013E-002
   7.8449999999999998       -1.7472170239796893E-002
   7.8500000000000005       -3.4731317642167678E-002
   7.8550000000000004        3.9904172307737171E-002
   7.8600000000000003        4.6861465188212407E-003
   7.8650000000000011       -9.2050254123750164E-003
   7.8700000000000010        4.2857444306223583E-002
   7.8750000000000009        3.9214068041338986E-002
   7.8800000000000008        6.7927851980049657E-003
   7.8849999999999998       -3.5048303039930742E-003
   7.8900000000000006        2.6979050929644286E-002
   7.8950000000000005       -2.1967295454701195E-002
   7.9000000000000004       -8.3979413003189132E-002
   7.9050000000000002        1.3123529619349593E-002
   7.9100000000000010       -3.9955857788731584E-002
   7.9150000000000009        2.2329855589023416E-002
   7.9200000000000008        2.7487436070362848E-002
   7.9250000000000016       -8.2023915263953695E-002
   7.9299999999999997       -1.3328585586348380E-002
   7.9350000000000005        1.3707994960082345E-002
   7.9400000000000004       -1.9610017044653566E-002
   7.9450000000000003        4.3469239347465556E-002
   7.9500000000000011        9.4111174263530106E-002
   7.9550000000000010       -9.7257035847935218E-004
   7.9600000000000009       -3.6174523161919964E-002
   7.9650000000000016       -1.1199329784203052E-003
   7.9699999999999998       -6.0857794374071246E-002
   7.9750000000000005       -5.7241319322473033E-002
   7.9800000000000004        2.5835832066026681E-003
   7.9850000000000003        1.7704086554742687E-002
   7.9900000000000011        2.4468897804822556E-002
