   0.0000000000000000        1.0000000000001228     
   8.9999999999999993E-003  0.98245412757090156     
   1.7999999999999999E-002  0.99963203021288183     
   2.6999999999999993E-002  0.99951099629393925     
   3.5999999999999997E-002  0.99949407492113862     
   4.4999999999999998E-002  0.99982970028270413     
   5.3999999999999986E-002  0.99992140462641210     
   6.2999999999999987E-002  0.99990317760165248     
   7.1999999999999995E-002  0.99988621276761280     
   8.0999999999999989E-002  0.99986728126062419     
   8.9999999999999997E-002  0.99984356406865138     
   9.8999999999999991E-002  0.99981014417051728     
  0.10799999999999997       0.99977086159155693     
  0.11699999999999999       0.99972608221493786     
  0.12599999999999997       0.99968524027430949     
  0.13499999999999998       0.99963515002816739     
  0.14399999999999999       0.99958503444000124     
  0.15299999999999997       0.99954004341703784     
  0.16199999999999998       0.99948729387393642     
  0.17099999999999999       0.99942676614259718     
  0.17999999999999999       0.99937207721148813     
  0.18899999999999997       0.99928609276526903     
  0.19799999999999998       0.99921429349105895     
  0.20699999999999996       0.99914247594600281     
  0.21599999999999994       0.99906733018675198     
  0.22499999999999998       0.99900985660544805     
  0.23399999999999999       0.99891764284531659     
  0.24299999999999997       0.99884911516993458     
  0.25199999999999995       0.99872161472701504     
  0.26099999999999995       0.99861430947115892     
  0.26999999999999996       0.99846398663491964     
  0.27899999999999997       0.99839637354361088     
  0.28799999999999998       0.99828085475564743     
  0.29699999999999993       0.99813910210008450     
  0.30599999999999994       0.99801163934419579     
  0.31500000000000000       0.99785597568661966     
  0.32399999999999995       0.99769917927645224     
  0.33299999999999996       0.99755809856294919     
  0.34199999999999997       0.99743128756109189     
  0.35099999999999992       0.99729805421469542     
  0.35999999999999999       0.99717599693205305     
  0.36899999999999994       0.99705452793406746     
  0.37799999999999995       0.99691501204238153     
  0.38699999999999996       0.99678859616462800     
  0.39599999999999996       0.99666362164984768     
  0.40499999999999992       0.99649211287496819     
  0.41399999999999992       0.99630307595593492     
  0.42299999999999993       0.99620041218896360     
  0.43199999999999988       0.99596763544887901     
  0.44100000000000000       0.99582733708559745     
  0.44999999999999996       0.99571750120392355     
  0.45899999999999996       0.99553942152525388     
  0.46799999999999997       0.99548070047748638     
  0.47699999999999992       0.99533438570411048     
  0.48599999999999993       0.99515919499448202     
  0.49499999999999994       0.99498751067034363     
  0.50399999999999989       0.99489098504391271     
  0.51299999999999990       0.99484912951344751     
  0.52199999999999991       0.99472671478769270     
  0.53099999999999992       0.99450157775856229     
  0.53999999999999992       0.99434106352498564     
  0.54899999999999993       0.99425874844025097     
  0.55799999999999994       0.99406805288665079     
  0.56699999999999995       0.99396756997858760     
  0.57599999999999996       0.99381671901647051     
  0.58499999999999996       0.99363244688726715     
  0.59399999999999986       0.99339332061463981     
  0.60299999999999987       0.99311431220608015     
  0.61199999999999988       0.99295433373771580     
  0.62099999999999989       0.99269661604813653     
  0.63000000000000000       0.99241834136511875     
  0.63899999999999990       0.99234585844959267     
  0.64799999999999991       0.99211843852417869     
  0.65699999999999992       0.99199140830826693     
  0.66599999999999993       0.99182076688379972     
  0.67499999999999993       0.99165264016981991     
  0.68399999999999994       0.99145010214526186     
  0.69299999999999984       0.99122444743583116     
  0.70199999999999985       0.99100345334590745     
  0.71099999999999985       0.99085306147442542     
  0.71999999999999997       0.99062209809147495     
  0.72899999999999998       0.99049488814260100     
  0.73799999999999988       0.99030806922560355     
  0.74699999999999989       0.99013505113979428     
  0.75599999999999989       0.98994272031185648     
  0.76499999999999990       0.98983943216020909     
  0.77399999999999991       0.98964647114423365     
  0.78299999999999992       0.98940757402869095     
  0.79199999999999993       0.98926228235979030     
  0.80099999999999982       0.98906280421713488     
  0.80999999999999983       0.98888643547729138     
  0.81899999999999984       0.98879648381441954     
  0.82799999999999985       0.98856032343857903     
  0.83699999999999986       0.98843313884233885     
  0.84599999999999986       0.98821965844945492     
  0.85499999999999987       0.98798965123798166     
  0.86399999999999977       0.98785412740631606     
  0.87300000000000000       0.98772286253827202     
  0.88200000000000001       0.98754697786050205     
  0.89099999999999990       0.98742450829901440     
  0.89999999999999991       0.98723149496430751     
  0.90899999999999992       0.98704290671448325     
  0.91799999999999993       0.98685189415172103     
  0.92699999999999994       0.98661825123346014     
  0.93599999999999994       0.98640069965360022     
  0.94499999999999984       0.98612267541389109     
  0.95399999999999985       0.98587950664276436     
  0.96299999999999986       0.98558591898948633     
  0.97199999999999986       0.98518938128804712     
  0.98099999999999987       0.98502698487769136     
  0.98999999999999988       0.98489245858357777     
  0.99899999999999989       0.98457302489035947     
   1.0079999999999998       0.98431740489914143     
   1.0169999999999999       0.98406628130154594     
   1.0259999999999998       0.98387081100284635     
   1.0349999999999997       0.98362134638640830     
   1.0439999999999998       0.98342009785075835     
   1.0529999999999997       0.98324800083617336     
   1.0619999999999998       0.98311878392198560     
   1.0710000000000000       0.98275010671716945     
   1.0799999999999998       0.98254593052817907     
   1.0890000000000000       0.98236147640608762     
   1.0979999999999999       0.98217242468112864     
   1.1070000000000000       0.98185288014644634     
   1.1159999999999999       0.98160327602387065     
   1.1249999999999998       0.98134622442113728     
   1.1339999999999999       0.98102877702674707     
   1.1429999999999998       0.98073127803956683     
   1.1519999999999999       0.98055652461025877     
   1.1609999999999998       0.98038376393976778     
   1.1699999999999999       0.98016347650380231     
   1.1789999999999998       0.97989051005249861     
   1.1879999999999997       0.97963708144356587     
   1.1969999999999998       0.97942627435410379     
   1.2059999999999997       0.97914016724756292     
   1.2149999999999999       0.97878725996355120     
   1.2239999999999998       0.97847204466299764     
   1.2329999999999999       0.97831308780496895     
   1.2419999999999998       0.97797668465453169     
   1.2509999999999999       0.97781755935209103     
   1.2600000000000000       0.97760166108611035     
   1.2689999999999999       0.97755433153100213     
   1.2779999999999998       0.97715284362790245     
   1.2869999999999999       0.97700886515665497     
   1.2959999999999998       0.97687298310252113     
   1.3049999999999999       0.97663186750799214     
   1.3139999999999998       0.97633089213269775     
   1.3230000000000000       0.97615624746253160     
   1.3319999999999999       0.97597221445174875     
   1.3409999999999997       0.97573285514152286     
   1.3499999999999999       0.97550412817353827     
   1.3589999999999998       0.97520354373888962     
   1.3679999999999999       0.97497270762354449     
   1.3769999999999998       0.97460618078347705     
   1.3859999999999997       0.97432249719528885     
   1.3949999999999998       0.97396591941664290     
   1.4039999999999997       0.97371634354783787     
   1.4129999999999998       0.97334569740723853     
   1.4219999999999997       0.97324529867882736     
   1.4309999999999998       0.97323082700172581     
   1.4399999999999999       0.97283947021045125     
   1.4489999999999998       0.97251101740447432     
   1.4580000000000000       0.97224347388033217     
   1.4669999999999999       0.97211596710626236     
   1.4759999999999998       0.97184910891152254     
   1.4849999999999999       0.97170220650264716     
   1.4939999999999998       0.97141980283836715     
   1.5029999999999999       0.97131137673752277     
   1.5119999999999998       0.97102549422581264     
   1.5209999999999999       0.97083392731706886     
   1.5299999999999998       0.97059397984657025     
   1.5389999999999997       0.97033704833635082     
   1.5479999999999998       0.97006757803133337     
   1.5569999999999997       0.96979610455515630     
   1.5659999999999998       0.96957249840567450     
   1.5749999999999997       0.96939713664191385     
   1.5839999999999999       0.96920297382134424     
   1.5929999999999997       0.96903256998551546     
   1.6019999999999996       0.96877167560322541     
   1.6109999999999998       0.96853627755859006     
   1.6199999999999997       0.96827845756679110     
   1.6289999999999998       0.96804876289280062     
   1.6379999999999997       0.96784233712038603     
   1.6469999999999998       0.96769218388150902     
   1.6559999999999997       0.96745543829901925     
   1.6649999999999996       0.96720132692643834     
   1.6739999999999997       0.96685920860195662     
   1.6829999999999996       0.96683515202419812     
   1.6919999999999997       0.96643601225665521     
   1.7009999999999996       0.96614896604967815     
   1.7099999999999997       0.96580035198870162     
   1.7189999999999996       0.96551515629936957     
   1.7279999999999995       0.96517523755590329     
   1.7369999999999999       0.96501690377356819     
   1.7460000000000000       0.96493958469680619     
   1.7549999999999999       0.96469962870069781     
   1.7640000000000000       0.96445315849097901     
   1.7729999999999999       0.96435758065780641     
   1.7819999999999998       0.96405083700280103     
   1.7909999999999999       0.96380828509328265     
   1.7999999999999998       0.96359593991474846     
   1.8089999999999999       0.96341044731117453     
   1.8179999999999998       0.96342012851546355     
   1.8269999999999997       0.96334355867697241     
   1.8359999999999999       0.96312205070659840     
   1.8449999999999998       0.96293153536243503     
   1.8539999999999999       0.96263071163703517     
   1.8629999999999998       0.96263071464067096     
   1.8719999999999999       0.96239952974019616     
   1.8809999999999998       0.96222173506346720     
   1.8899999999999997       0.96218789883896949     
   1.8989999999999998       0.96204944442834195     
   1.9079999999999997       0.96173694371510809     
   1.9169999999999998       0.96128181954341496     
   1.9259999999999997       0.96096065833294964     
   1.9349999999999998       0.96071544265110353     
   1.9439999999999997       0.96042264722637172     
   1.9529999999999996       0.96018273300143298     
   1.9619999999999997       0.96001340852093697     
   1.9709999999999996       0.95987243804394418     
   1.9799999999999998       0.95949612656417138     
   1.9889999999999997       0.95929125904647661     
   1.9979999999999998       0.95896354737837963     
   2.0069999999999997       0.95882551198299837     
   2.0159999999999996       0.95856728658498258     
   2.0249999999999995       0.95821320849691616     
   2.0339999999999998       0.95794881610041105     
   2.0429999999999997       0.95776341301800916     
   2.0519999999999996       0.95746941517282924     
   2.0609999999999995       0.95722048699130269     
   2.0699999999999994       0.95706172096717979     
   2.0789999999999997       0.95665118787578018     
   2.0879999999999996       0.95632629236465805     
   2.0969999999999995       0.95593284812024970     
   2.1059999999999994       0.95558483049019638     
   2.1149999999999998       0.95526671175374467     
   2.1239999999999997       0.95507533710909642     
   2.1330000000000000       0.95492886977549762     
   2.1419999999999999       0.95474174351366992     
   2.1509999999999998       0.95448931999492737     
   2.1599999999999997       0.95422607099142809     
   2.1690000000000000       0.95395376461241832     
   2.1779999999999999       0.95374469612735135     
   2.1869999999999998       0.95339614608884882     
   2.1959999999999997       0.95334121161715146     
   2.2049999999999996       0.95307282771375068     
   2.2140000000000000       0.95301707589343210     
   2.2229999999999999       0.95289120825642093     
   2.2319999999999998       0.95262176847629465     
   2.2409999999999997       0.95228331004218147     
   2.2499999999999996       0.95196201617966625     
   2.2589999999999999       0.95180916157946471     
   2.2679999999999998       0.95137954461336904     
   2.2769999999999997       0.95115836108033325     
   2.2859999999999996       0.95103273956689860     
   2.2949999999999999       0.95095130780766568     
   2.3039999999999998       0.95082769455093608     
   2.3129999999999997       0.95051013153511688     
   2.3219999999999996       0.95035188502021994     
   2.3309999999999995       0.94993501957251336     
   2.3399999999999999       0.94979129913164650     
   2.3489999999999998       0.94954776351061110     
   2.3579999999999997       0.94923660986358349     
   2.3669999999999995       0.94896739222624482     
   2.3759999999999994       0.94874190333815112     
   2.3849999999999998       0.94851687615565738     
   2.3939999999999997       0.94847768545644462     
   2.4029999999999996       0.94811355881990012     
   2.4119999999999995       0.94799003969872075     
   2.4209999999999994       0.94765625215522797     
   2.4299999999999997       0.94724409557454048     
   2.4389999999999996       0.94684102596207276     
   2.4479999999999995       0.94648289403063757     
   2.4569999999999994       0.94632769424025498     
   2.4659999999999997       0.94599222822509854     
   2.4749999999999996       0.94596449126290005     
   2.4839999999999995       0.94550332618132527     
   2.4929999999999994       0.94534640397136616     
   2.5019999999999998       0.94511590422577296     
   2.5109999999999997       0.94487165673753859     
   2.5200000000000000       0.94462310700561303     
   2.5289999999999999       0.94442080273241458     
   2.5379999999999998       0.94403698478058529     
   2.5469999999999997       0.94391100933423555     
   2.5559999999999996       0.94382223059245374     
   2.5649999999999999       0.94370950830728273     
   2.5739999999999998       0.94342296319922436     
   2.5829999999999997       0.94303569955415445     
   2.5919999999999996       0.94281302545177803     
   2.6009999999999995       0.94268280769882495     
   2.6099999999999999       0.94275056423248571     
   2.6189999999999998       0.94244523528710111     
   2.6279999999999997       0.94215495119615478     
   2.6369999999999996       0.94199909196510379     
   2.6459999999999999       0.94184383173539132     
   2.6549999999999998       0.94177559047161596     
   2.6639999999999997       0.94140731805229139     
   2.6729999999999996       0.94119259383793763     
   2.6819999999999995       0.94097953497810360     
   2.6909999999999998       0.94070662063886845     
   2.6999999999999997       0.94047062950989258     
   2.7089999999999996       0.94041494970972672     
   2.7179999999999995       0.94031106808434184     
   2.7269999999999994       0.94029479880581801     
   2.7359999999999998       0.93998182970668109     
   2.7449999999999997       0.93984796573451290     
   2.7539999999999996       0.93974160984701283     
   2.7629999999999995       0.93944372439544155     
   2.7719999999999994       0.93943452713081110     
   2.7809999999999997       0.93906915899645538     
   2.7899999999999996       0.93876735541737666     
   2.7989999999999995       0.93864128777517097     
   2.8079999999999994       0.93831156118376846     
   2.8169999999999997       0.93808678889492503     
   2.8259999999999996       0.93775169558754701     
   2.8349999999999995       0.93770456230786681     
   2.8439999999999994       0.93761428958229842     
   2.8529999999999993       0.93739609207991570     
   2.8619999999999997       0.93737066984493456     
   2.8709999999999996       0.93724014962431057     
   2.8799999999999999       0.93707020632116811     
   2.8889999999999998       0.93696815893482066     
   2.8979999999999997       0.93659057192246198     
   2.9069999999999996       0.93637086661696090     
   2.9159999999999999       0.93605161273199211     
   2.9249999999999994       0.93580659413979805     
   2.9339999999999997       0.93575789522370589     
   2.9429999999999996       0.93573173440369073     
   2.9519999999999995       0.93554356060278787     
   2.9609999999999994       0.93529003654963316     
   2.9699999999999998       0.93521102400371336     
   2.9789999999999992       0.93485875789859574     
   2.9879999999999995       0.93464252462267861     
   2.9969999999999994       0.93432383191108226     
   3.0059999999999998       0.93425886894905630     
   3.0149999999999992       0.93419244630030307     
   3.0239999999999996       0.93404141169357391     
   3.0329999999999995       0.93384444763932573     
   3.0419999999999998       0.93364687350098130     
   3.0509999999999993       0.93365615779601785     
   3.0599999999999996       0.93360149271431847     
   3.0689999999999995       0.93332747717263265     
   3.0779999999999994       0.93327453496984014     
   3.0869999999999997       0.93293301881532720     
   3.0959999999999996       0.93292484671118314     
   3.1050000000000000       0.93280545133583037     
   3.1139999999999994       0.93258045484106522     
   3.1229999999999998       0.93237952202976015     
   3.1319999999999997       0.93198981009399084     
   3.1410000000000000       0.93209913761438434     
   3.1499999999999995       0.93204188457683002     
   3.1589999999999998       0.93194355406999585     
   3.1679999999999997       0.93145026498984229     
   3.1770000000000000       0.93115217812402395     
   3.1859999999999995       0.93088800303976083     
   3.1949999999999998       0.93086551427958453     
   3.2039999999999993       0.93065962688406234     
   3.2129999999999996       0.93037220492526229     
   3.2219999999999995       0.93039030332019068     
   3.2309999999999999       0.93013931004750539     
   3.2399999999999993       0.92974928336969465     
   3.2489999999999997       0.92960373485742920     
   3.2579999999999996       0.92939293485153740     
   3.2669999999999999       0.92919951112668087     
   3.2759999999999994       0.92908562184009091     
   3.2849999999999997       0.92908696376753752     
   3.2939999999999996       0.92881927017656030     
   3.3029999999999995       0.92864798662612824     
   3.3119999999999994       0.92839112406780167     
   3.3209999999999997       0.92814721875810546     
   3.3299999999999992       0.92798830069340688     
   3.3389999999999995       0.92763399585743966     
   3.3479999999999994       0.92750716539109734     
   3.3569999999999998       0.92720291715812009     
   3.3659999999999992       0.92709630543434951     
   3.3749999999999996       0.92689532248395834     
   3.3839999999999995       0.92671585303082493     
   3.3929999999999998       0.92656423475881800     
   3.4019999999999992       0.92641603548559648     
   3.4109999999999996       0.92606760756056949     
   3.4199999999999995       0.92574584020981421     
   3.4289999999999994       0.92554996694512515     
   3.4379999999999993       0.92541867654707155     
   3.4469999999999996       0.92525093384814461     
   3.4559999999999991       0.92508029021486049     
   3.4649999999999994       0.92495059923997747     
   3.4739999999999998       0.92488575518648641     
   3.4829999999999997       0.92457598653514084     
   3.4920000000000000       0.92440259461728091     
   3.5009999999999994       0.92437891410071638     
   3.5099999999999998       0.92436608103256157     
   3.5189999999999997       0.92448513138158239     
   3.5280000000000000       0.92434198415710300     
   3.5369999999999995       0.92405886849448804     
   3.5459999999999998       0.92385368681051661     
   3.5549999999999993       0.92369483583512169     
   3.5639999999999996       0.92348226760669994     
   3.5729999999999995       0.92339230423668606     
   3.5819999999999999       0.92309774445486070     
   3.5909999999999993       0.92296671230394733     
   3.5999999999999996       0.92268809928616746     
   3.6089999999999995       0.92248011759820014     
   3.6179999999999999       0.92220070208883376     
   3.6269999999999993       0.92209110941860761     
   3.6359999999999997       0.92217470365672471     
   3.6449999999999996       0.92205112673915235     
   3.6539999999999995       0.92197633484596120     
   3.6629999999999994       0.92177333851690124     
   3.6719999999999997       0.92163581741502787     
   3.6809999999999992       0.92145234044792934     
   3.6899999999999995       0.92130334399422265     
   3.6989999999999994       0.92120865114156913     
   3.7079999999999997       0.92107304455130401     
   3.7169999999999992       0.92097222586236061     
   3.7259999999999995       0.92092114742991005     
   3.7349999999999994       0.92075811393693019     
   3.7439999999999998       0.92072662162868879     
   3.7529999999999992       0.92065540001910218     
   3.7619999999999996       0.92046397791990386     
   3.7709999999999995       0.92026751797501449     
   3.7799999999999994       0.92018554868399316     
   3.7889999999999993       0.92013535532484114     
   3.7979999999999996       0.92016202556245397     
   3.8069999999999991       0.91989753135945285     
   3.8159999999999994       0.91973993221700512     
   3.8249999999999993       0.91959462308132900     
   3.8339999999999996       0.91929805077043081     
   3.8430000000000000       0.91922342020963577     
   3.8519999999999994       0.91917177486052715     
   3.8609999999999998       0.91905671266079525     
   3.8699999999999997       0.91882631510642232     
   3.8790000000000000       0.91860327867640412     
   3.8879999999999995       0.91850796167054805     
   3.8969999999999998       0.91846725381524941     
   3.9059999999999993       0.91819344042740336     
   3.9149999999999996       0.91812214308150897     
   3.9239999999999995       0.91787647542455375     
   3.9329999999999998       0.91781310379895009     
   3.9419999999999993       0.91753698550302965     
   3.9509999999999996       0.91759558471126113     
   3.9599999999999995       0.91761796486977165     
   3.9689999999999999       0.91739275246107055     
   3.9779999999999993       0.91717628840960785     
   3.9869999999999997       0.91708948700956117     
   3.9959999999999996       0.91700589081805894     
   4.0049999999999999       0.91675775349652178     
   4.0139999999999993       0.91664986920728464     
   4.0229999999999997       0.91658060608098280     
   4.0319999999999991       0.91655540589703421     
   4.0409999999999995       0.91628815593703594     
   4.0499999999999989       0.91600468892331055     
   4.0589999999999993       0.91595412755510885     
   4.0679999999999996       0.91581619321390395     
   4.0770000000000000       0.91552621837739823     
   4.0859999999999994       0.91547567547005992     
   4.0949999999999998       0.91545344651564031     
   4.1039999999999992       0.91524532892115240     
   4.1129999999999995       0.91501160730497944     
   4.1219999999999990       0.91484686882848565     
   4.1309999999999993       0.91479429277686386     
   4.1399999999999988       0.91450150013226272     
   4.1489999999999991       0.91436689402438864     
   4.1579999999999995       0.91411318779965400     
   4.1669999999999998       0.91405651898136697     
   4.1759999999999993       0.91387905993165930     
   4.1849999999999996       0.91375493352871462     
   4.1939999999999991       0.91373516790607900     
   4.2029999999999994       0.91371574832807056     
   4.2119999999999989       0.91354688685707686     
   4.2209999999999992       0.91313157994261729     
   4.2299999999999995       0.91309383027356494     
   4.2389999999999999       0.91312350316703772     
   4.2479999999999993       0.91304447805129918     
   4.2569999999999997       0.91280251031462445     
   4.2660000000000000       0.91271992053416517     
   4.2749999999999995       0.91256072840465363     
   4.2839999999999998       0.91243409926173091     
   4.2929999999999993       0.91229792045826397     
   4.3019999999999996       0.91215945598505310     
   4.3109999999999991       0.91208531955373995     
   4.3199999999999994       0.91181194427156453     
   4.3289999999999997       0.91166936020189848     
   4.3380000000000001       0.91143340880665558     
   4.3469999999999995       0.91135330219642330     
   4.3559999999999999       0.91123078536226443     
   4.3649999999999993       0.91116830955267214     
   4.3739999999999997       0.91113786709497169     
   4.3829999999999991       0.91076942209789291     
   4.3919999999999995       0.91059256394269816     
   4.4009999999999989       0.91054021800626694     
   4.4099999999999993       0.91037474256117168     
   4.4189999999999996       0.91011885635344270     
   4.4279999999999999       0.90993682667990172     
   4.4369999999999994       0.90982435503678238     
   4.4459999999999997       0.90986021617565116     
   4.4549999999999992       0.90973273084323369     
   4.4639999999999995       0.90939830314752834     
   4.4729999999999990       0.90914273624516584     
   4.4819999999999993       0.90911537394107356     
   4.4909999999999988       0.90899661573859358     
   4.4999999999999991       0.90900687060611474     
   4.5089999999999995       0.90880914802914303     
   4.5179999999999998       0.90874979782977605     
   4.5269999999999992       0.90861752237587190     
   4.5359999999999996       0.90844091098415836     
   4.5449999999999990       0.90816743350237672     
   4.5539999999999994       0.90807984152804189     
   4.5629999999999988       0.90796135830504365     
   4.5719999999999992       0.90802871588615131     
   4.5809999999999995       0.90788217936717119     
   4.5899999999999999       0.90748657508374708     
   4.5989999999999993       0.90729687845087637     
   4.6079999999999997       0.90707450569755810     
   4.6170000000000000       0.90706644150498672     
   4.6259999999999994       0.90698528940422785     
   4.6349999999999998       0.90678356291632600     
   4.6439999999999992       0.90677333083267109     
   4.6529999999999996       0.90667097055409540     
   4.6619999999999990       0.90639186918457881     
   4.6709999999999994       0.90620760331150019     
   4.6799999999999997       0.90611383772333698     
   4.6890000000000001       0.90597419311739047     
   4.6979999999999995       0.90551406339843366     
   4.7069999999999999       0.90544600469788361     
   4.7159999999999993       0.90522160345083758     
   4.7249999999999996       0.90488255269548834     
   4.7339999999999991       0.90463454942407195     
   4.7429999999999994       0.90461813105962008     
   4.7519999999999989       0.90423685932465292     
   4.7609999999999992       0.90416494714502849     
   4.7699999999999996       0.90414715747337648     
   4.7789999999999999       0.90412691239423248     
   4.7879999999999994       0.90398962484920375     
   4.7969999999999997       0.90390572952184811     
   4.8059999999999992       0.90389125959290006     
   4.8149999999999995       0.90374031166140134     
   4.8239999999999990       0.90356139073908337     
   4.8329999999999993       0.90325065549473704     
   4.8419999999999987       0.90303130743142102     
   4.8509999999999991       0.90280113203403034     
   4.8599999999999994       0.90267530119096384     
   4.8689999999999998       0.90251838127791384     
   4.8779999999999992       0.90252801921973491     
   4.8869999999999996       0.90238412539499402     
   4.8959999999999990       0.90233425891741403     
   4.9049999999999994       0.90243857717932474     
   4.9139999999999988       0.90249887691929143     
   4.9229999999999992       0.90232295497634174     
   4.9319999999999995       0.90224530227238142     
   4.9409999999999998       0.90219477728461062     
   4.9499999999999993       0.90216595061822447     
   4.9589999999999996       0.90195609682746569     
   4.9679999999999991       0.90183163739315275     
   4.9769999999999994       0.90169816926158508     
   4.9859999999999989       0.90175737767626496     
   4.9949999999999992       0.90162088351221970     
   5.0039999999999996       0.90159490143484433     
   5.0129999999999990       0.90143392671065381     
   5.0219999999999994       0.90102729306604257     
   5.0309999999999997       0.90075631387554567     
   5.0400000000000000       0.90060783869637340     
   5.0489999999999995       0.90060303455501622     
   5.0579999999999998       0.90067353865236754     
   5.0669999999999993       0.90075281348604197     
   5.0759999999999996       0.90041713022778325     
   5.0849999999999991       0.90027503672878162     
   5.0939999999999994       0.90016896756738263     
   5.1029999999999989       0.89993204081788991     
   5.1119999999999992       0.89971010771201188     
   5.1209999999999996       0.89951289924560762     
   5.1299999999999999       0.89952380009347832     
   5.1389999999999993       0.89928864836582856     
   5.1479999999999997       0.89922026250001230     
   5.1569999999999991       0.89909989902200504     
   5.1659999999999995       0.89891195058193007     
   5.1749999999999989       0.89886255466239751     
   5.1839999999999993       0.89882645892982693     
   5.1929999999999987       0.89895699578333554     
   5.2019999999999991       0.89878841045465330     
   5.2109999999999994       0.89876597622107712     
   5.2199999999999998       0.89854653969504439     
   5.2289999999999992       0.89854287801782085     
   5.2379999999999995       0.89828681942112443     
   5.2469999999999990       0.89821764619582023     
   5.2559999999999993       0.89815359409969031     
   5.2649999999999988       0.89816869689229795     
   5.2739999999999991       0.89823830664282966     
   5.2829999999999995       0.89819111507215099     
   5.2919999999999998       0.89811238767262302     
   5.3009999999999993       0.89784687694408560     
   5.3099999999999996       0.89768008345798356     
   5.3189999999999991       0.89753034838659618     
   5.3279999999999994       0.89751769733873632     
   5.3369999999999989       0.89750090160246754     
   5.3459999999999992       0.89756755611156913     
   5.3549999999999986       0.89736677917388741     
   5.3639999999999990       0.89733931343277418     
   5.3729999999999993       0.89731483553236735     
   5.3819999999999997       0.89733704715039575     
   5.3910000000000000       0.89734686218691695     
   5.3999999999999995       0.89735554292194797     
   5.4089999999999998       0.89729980320304159     
   5.4179999999999993       0.89740964312257099     
   5.4269999999999996       0.89699697287195113     
   5.4359999999999991       0.89686173770046018     
   5.4449999999999994       0.89667289540165096     
   5.4539999999999988       0.89647663292453561     
   5.4629999999999992       0.89654813609431794     
   5.4719999999999995       0.89635129418323345     
   5.4809999999999999       0.89622393991118987     
   5.4899999999999993       0.89624541040601458     
   5.4989999999999997       0.89614608816852870     
   5.5079999999999991       0.89595666949719766     
   5.5169999999999995       0.89588322525893616     
   5.5259999999999989       0.89570236298320671     
   5.5349999999999993       0.89568257598690182     
   5.5439999999999987       0.89568133034469155     
   5.5529999999999990       0.89565740491634183     
   5.5619999999999994       0.89565951629215002     
   5.5709999999999997       0.89549863640286975     
   5.5799999999999992       0.89541206153424990     
   5.5889999999999995       0.89530181131912989     
   5.5979999999999990       0.89515084499791964     
   5.6069999999999993       0.89516748811713109     
   5.6159999999999988       0.89527550419048385     
   5.6249999999999991       0.89518721693764136     
   5.6339999999999995       0.89511822797510054     
   5.6429999999999998       0.89503745001015089     
   5.6519999999999992       0.89509817295133509     
   5.6609999999999996       0.89528813385217476     
   5.6699999999999990       0.89518276366945004     
   5.6789999999999994       0.89501049857317883     
   5.6879999999999988       0.89497467995489155     
   5.6969999999999992       0.89486968509498499     
   5.7059999999999986       0.89484661872451909     
   5.7149999999999990       0.89484789086248762     
   5.7239999999999993       0.89463430506026331     
   5.7329999999999997       0.89441827499620385     
   5.7419999999999991       0.89440054680500358     
   5.7509999999999994       0.89433938206427821     
   5.7599999999999998       0.89413722289307840     
   5.7689999999999992       0.89404048165007277     
   5.7779999999999996       0.89403689975389855     
   5.7869999999999990       0.89386870211431158     
   5.7959999999999994       0.89376644814952311     
   5.8049999999999988       0.89364948896823171     
   5.8139999999999992       0.89351399648546792     
   5.8229999999999995       0.89349898701175767     
   5.8319999999999999       0.89345789160377631     
   5.8410000000000002       0.89331554398204571     
   5.8499999999999988       0.89320124103179066     
   5.8589999999999991       0.89314355508694820     
   5.8679999999999994       0.89295387524623382     
   5.8769999999999998       0.89273019877717286     
   5.8859999999999992       0.89254886433266734     
   5.8949999999999987       0.89246228291555230     
   5.9039999999999990       0.89244254474539009     
   5.9129999999999994       0.89239202876605050     
   5.9219999999999988       0.89241387408808037     
   5.9309999999999992       0.89240496693359384     
   5.9399999999999995       0.89221171498289531     
   5.9489999999999998       0.89219799428159485     
   5.9579999999999984       0.89211862947809317     
   5.9669999999999987       0.89199721974046875     
   5.9759999999999991       0.89176925404427465     
   5.9849999999999994       0.89171102155373572     
   5.9939999999999989       0.89161523918955532     
   6.0029999999999992       0.89163635289168908     
   6.0119999999999996       0.89159948262554689     
   6.0209999999999999       0.89162018001200172     
   6.0299999999999985       0.89144029079589993     
   6.0389999999999988       0.89146092362376272     
   6.0479999999999992       0.89143461496220089     
   6.0569999999999995       0.89129393362698417     
   6.0659999999999989       0.89120585039524569     
   6.0749999999999993       0.89129195302195441     
   6.0839999999999996       0.89101958760154987     
   6.0930000000000000       0.89090349126060986     
   6.1019999999999985       0.89083654646061505     
   6.1109999999999989       0.89086201045526692     
   6.1199999999999992       0.89078400752840714     
   6.1289999999999996       0.89079426264129347     
   6.1379999999999990       0.89072533557771449     
   6.1469999999999985       0.89075777116302701     
   6.1559999999999988       0.89065688823088729     
   6.1649999999999991       0.89062918851580408     
   6.1739999999999995       0.89059271952854568     
   6.1829999999999989       0.89048599957894181     
   6.1919999999999993       0.89043310816109555     
   6.2009999999999996       0.89037641096567754     
   6.2100000000000000       0.89034784653271482     
   6.2189999999999985       0.89033706142104851     
   6.2279999999999989       0.89023715948082549     
   6.2369999999999992       0.89018771086252568     
   6.2459999999999996       0.89027580533247364     
   6.2549999999999990       0.89032283606001916     
   6.2639999999999993       0.89036066350501852     
   6.2729999999999997       0.89034997356997170     
   6.2820000000000000       0.89026275069779925     
   6.2909999999999986       0.89016114800597446     
   6.2999999999999989       0.89009564818960807     
   6.3089999999999993       0.88991533318795879     
   6.3179999999999996       0.88990382901414866     
   6.3269999999999991       0.88968918672856234     
   6.3359999999999994       0.88978900492657664     
   6.3449999999999998       0.88977671619206999     
   6.3540000000000001       0.88980774654013772     
   6.3629999999999987       0.88958018629580393     
   6.3719999999999990       0.88947494577773389     
   6.3809999999999993       0.88940902101130914     
   6.3899999999999997       0.88947289154964160     
   6.3989999999999982       0.88953941830219141     
   6.4079999999999986       0.88938603178666298     
   6.4169999999999989       0.88938449433658340     
   6.4259999999999993       0.88942068014281916     
   6.4349999999999987       0.88933669822124395     
   6.4439999999999991       0.88910286892122425     
   6.4529999999999994       0.88889765328817383     
   6.4619999999999997       0.88875049230818126     
   6.4709999999999983       0.88871429856839113     
   6.4799999999999986       0.88859369302539548     
   6.4889999999999990       0.88866540119167192     
   6.4979999999999993       0.88840551333106643     
   6.5069999999999988       0.88817357117714435     
   6.5159999999999991       0.88825026255146511     
   6.5249999999999995       0.88815876350807843     
   6.5339999999999998       0.88825994038970080     
   6.5430000000000001       0.88830824327485547     
   6.5519999999999987       0.88806867078375629     
   6.5609999999999991       0.88798565423045217     
   6.5699999999999994       0.88794686174255999     
   6.5789999999999997       0.88786842770115515     
   6.5879999999999992       0.88779681884849060     
   6.5969999999999995       0.88784261084483795     
   6.6059999999999990       0.88768025857296406     
   6.6149999999999993       0.88754992105345420     
   6.6239999999999988       0.88738481384110313     
   6.6329999999999991       0.88741709565861604     
   6.6419999999999995       0.88736360235397183     
   6.6509999999999998       0.88733934206934284     
   6.6599999999999984       0.88728931267080757     
   6.6689999999999987       0.88718595057985516     
   6.6779999999999990       0.88706418113846053     
   6.6869999999999994       0.88686906866381920     
   6.6959999999999988       0.88683827047486019     
   6.7049999999999992       0.88677123904994370     
   6.7139999999999995       0.88680301589359012     
   6.7229999999999999       0.88657697881767927     
   6.7319999999999984       0.88648570275254701     
   6.7409999999999988       0.88620502650868760     
   6.7499999999999991       0.88629542316407650     
   6.7589999999999995       0.88627191748661127     
   6.7679999999999989       0.88630515911374141     
   6.7769999999999992       0.88624358508977252     
   6.7859999999999996       0.88618405156474067     
   6.7949999999999999       0.88619420371259494     
   6.8039999999999985       0.88615783524018543     
   6.8129999999999988       0.88603888523450358     
   6.8219999999999992       0.88596348342178077     
   6.8309999999999995       0.88578106592464900     
   6.8399999999999990       0.88579194901490066     
   6.8489999999999984       0.88586629839824071     
   6.8579999999999988       0.88595538905153770     
   6.8669999999999991       0.88592219164324681     
   6.8759999999999986       0.88588017924968843     
   6.8849999999999989       0.88587549105612351     
   6.8939999999999992       0.88573342927566612     
   6.9029999999999996       0.88574070056160259     
   6.9119999999999981       0.88567052312548433     
   6.9209999999999985       0.88568272184795982     
   6.9299999999999988       0.88573016224422518     
   6.9389999999999992       0.88576799507273407     
   6.9479999999999995       0.88575505535830934     
   6.9569999999999990       0.88570109269485320     
   6.9659999999999993       0.88554278287954546     
   6.9749999999999996       0.88547115489271977     
   6.9840000000000000       0.88546872329167703     
   6.9929999999999986       0.88554646231419154     
   7.0019999999999989       0.88551826787978416     
   7.0109999999999992       0.88547058933045353     
   7.0199999999999996       0.88542923934482776     
   7.0289999999999990       0.88530295179623364     
   7.0379999999999994       0.88526836414747534     
   7.0469999999999997       0.88524376599944110     
   7.0560000000000000       0.88512215812459905     
   7.0649999999999986       0.88495145974156886     
   7.0739999999999990       0.88478339091583524     
   7.0829999999999993       0.88471571718537323     
   7.0919999999999996       0.88465702842236815     
   7.1009999999999982       0.88432152205177994     
   7.1099999999999985       0.88414624493901528     
   7.1189999999999989       0.88418196365813806     
   7.1279999999999992       0.88399785821425958     
   7.1369999999999987       0.88395875979334637     
   7.1459999999999990       0.88378488592551052     
   7.1549999999999994       0.88388288535263448     
   7.1639999999999997       0.88406182330407523     
   7.1729999999999983       0.88404923374268340     
   7.1819999999999986       0.88413302061331911     
   7.1909999999999989       0.88414096514185503     
   7.1999999999999993       0.88413927294452155     
   7.2089999999999987       0.88401374561690560     
   7.2179999999999991       0.88390104077173326     
   7.2269999999999994       0.88397929569448863     
   7.2359999999999998       0.88400147940475748     
   7.2449999999999983       0.88415017993133826     
   7.2539999999999987       0.88404260354777309     
   7.2629999999999990       0.88400334830837757     
   7.2719999999999994       0.88397486216608079     
   7.2809999999999988       0.88393799641996740     
   7.2899999999999991       0.88390146690215221     
   7.2989999999999995       0.88379222331941376     
   7.3079999999999989       0.88372187896310284     
   7.3169999999999993       0.88349741751831556     
   7.3259999999999987       0.88349125503978598     
   7.3349999999999991       0.88313220874836929     
   7.3439999999999994       0.88304477403082726     
   7.3529999999999998       0.88304448638391164     
   7.3619999999999983       0.88306373503121904     
   7.3709999999999987       0.88314991227401707     
   7.3799999999999990       0.88308432495457101     
   7.3889999999999993       0.88317473491524179     
   7.3979999999999988       0.88317658359320339     
   7.4069999999999991       0.88312361983410959     
   7.4159999999999995       0.88310135754526842     
   7.4249999999999998       0.88306094519683331     
   7.4339999999999984       0.88304263088202883     
   7.4429999999999987       0.88295744612170735     
   7.4519999999999991       0.88302798684623762     
   7.4609999999999994       0.88291439370054958     
   7.4699999999999989       0.88308750500415201     
   7.4789999999999992       0.88298122167804560     
   7.4879999999999995       0.88302019909716289     
   7.4969999999999999       0.88274233221853438     
   7.5059999999999985       0.88264050862651111     
   7.5149999999999988       0.88265131555695464     
   7.5239999999999991       0.88252222138348380     
   7.5329999999999995       0.88259768947725892     
   7.5419999999999989       0.88244404993846892     
   7.5509999999999984       0.88250793587361476     
   7.5599999999999987       0.88236829583485477     
   7.5689999999999991       0.88229888436986148     
   7.5779999999999985       0.88225097758926285     
   7.5869999999999989       0.88222121188687375     
   7.5959999999999992       0.88212797940315091     
   7.6049999999999995       0.88213103078808286     
   7.6139999999999981       0.88222890777902818     
   7.6229999999999984       0.88214646120870577     
   7.6319999999999988       0.88213837876919721     
   7.6409999999999991       0.88221549791996290     
   7.6499999999999986       0.88220430763788449     
   7.6589999999999989       0.88209461053758287     
   7.6679999999999993       0.88199978098452125     
   7.6769999999999996       0.88209285881194754     
   7.6859999999999999       0.88201286442519666     
   7.6949999999999985       0.88209450555757030     
   7.7039999999999988       0.88209251965955304     
   7.7129999999999992       0.88205212465380445     
   7.7219999999999995       0.88191506126124564     
   7.7309999999999990       0.88184400026859466     
   7.7399999999999993       0.88190287906527498     
   7.7489999999999997       0.88189493803105867     
   7.7580000000000000       0.88183463945198959     
   7.7669999999999986       0.88179822077506231     
   7.7759999999999989       0.88173482290212790     
   7.7849999999999993       0.88172753619748312     
   7.7939999999999996       0.88170455859973795     
   7.8029999999999982       0.88182777332169193     
   7.8119999999999985       0.88170833796990022     
   7.8209999999999988       0.88163173279723472     
   7.8299999999999992       0.88160687065832044     
   7.8389999999999986       0.88145366738435249     
   7.8479999999999990       0.88137638439512078     
   7.8569999999999993       0.88133263838409437     
   7.8659999999999997       0.88117477173316550     
   7.8749999999999982       0.88110110123832919     
   7.8839999999999986       0.88095460633907652     
   7.8929999999999989       0.88095988953781268     
   7.9019999999999992       0.88093347989351578     
   7.9109999999999987       0.88076128022586253     
   7.9199999999999990       0.88067241928251105     
   7.9289999999999994       0.88054856258498282     
   7.9379999999999997       0.88056717213572122     
   7.9469999999999983       0.88043941877898946     
   7.9559999999999986       0.88040096623610742     
   7.9649999999999990       0.88024838308279951     
   7.9739999999999993       0.88011408381699574     
   7.9829999999999988       0.88005009317485883     
   7.9919999999999991       0.88014740500761945     
   8.0009999999999994       0.88012194557800327     
   8.0099999999999998       0.87987949079566008     
   8.0189999999999984       0.87990053783154132     
   8.0279999999999987       0.87991139071309787     
   8.0369999999999990       0.87992460074931300     
   8.0459999999999994       0.87981753284715869     
   8.0549999999999979       0.87987868167378114     
   8.0639999999999983       0.87998598995979815     
   8.0729999999999986       0.87989499800705384     
   8.0819999999999990       0.87988502811151348     
   8.0909999999999993       0.87989014639437413     
   8.0999999999999979       0.87990784463561433     
   8.1089999999999982       0.88005715471774137     
   8.1179999999999986       0.87997960964445543     
   8.1269999999999989       0.87997389410876914     
   8.1359999999999992       0.87997231329714576     
   8.1449999999999996       0.87982312741920099     
   8.1539999999999999       0.87978817525429032     
   8.1630000000000003       0.87975194104149801     
   8.1719999999999988       0.87970359651721419     
   8.1809999999999992       0.87953134877128858     
   8.1899999999999995       0.87941518312457245     
   8.1989999999999998       0.87937026855209888     
   8.2079999999999984       0.87926311533009227     
   8.2169999999999987       0.87925698878704228     
   8.2259999999999991       0.87917210945855095     
   8.2349999999999994       0.87914318136462188     
   8.2439999999999980       0.87906793108027592     
   8.2529999999999983       0.87895900412581995     
   8.2619999999999987       0.87876792116683577     
   8.2709999999999990       0.87858403631871052     
   8.2799999999999976       0.87863048770983632     
   8.2889999999999979       0.87845370102850495     
   8.2979999999999983       0.87836819055994031     
   8.3069999999999986       0.87829771294649128     
   8.3159999999999989       0.87823349310096632     
   8.3249999999999993       0.87832217473953933     
   8.3339999999999996       0.87851814893198821     
   8.3430000000000000       0.87860457121828406     
   8.3519999999999985       0.87875192111145473     
   8.3609999999999989       0.87873786526581310     
   8.3699999999999992       0.87877386815121417     
   8.3789999999999996       0.87882366330414174     
   8.3879999999999981       0.87875636155324466     
   8.3969999999999985       0.87865531743145142     
   8.4059999999999988       0.87862328179365679     
   8.4149999999999991       0.87854587383593297     
   8.4239999999999977       0.87838462495606273     
   8.4329999999999981       0.87841218905213236     
   8.4419999999999984       0.87837389773552443     
   8.4509999999999987       0.87825905330879184     
   8.4599999999999991       0.87814080348377521     
   8.4689999999999994       0.87808532912167903     
   8.4779999999999998       0.87809086176582063     
   8.4869999999999983       0.87803083094254608     
   8.4959999999999987       0.87801801882055353     
   8.5049999999999990       0.87821315508161402     
   8.5139999999999993       0.87804506371558277     
   8.5229999999999997       0.87810206644266731     
   8.5320000000000000       0.87795022589180027     
   8.5409999999999986       0.87775202823666243     
   8.5499999999999989       0.87783190898306085     
   8.5589999999999993       0.87781440989710258     
   8.5679999999999996       0.87787449799490569     
   8.5769999999999982       0.87784654458874734     
   8.5859999999999985       0.87788356970437376     
   8.5949999999999989       0.87773421637367988     
   8.6039999999999992       0.87781947588765274     
   8.6129999999999978       0.87786066592392531     
   8.6219999999999981       0.87791081737799981     
   8.6309999999999985       0.87800939560280589     
   8.6399999999999988       0.87796824850839283     
   8.6489999999999991       0.87795862186880735     
   8.6579999999999995       0.87787762397551339     
   8.6669999999999998       0.87776244192199626     
   8.6760000000000002       0.87785637600497879     
   8.6849999999999987       0.87791161193717726     
   8.6939999999999991       0.87800320478532090     
   8.7029999999999994       0.87810962373451595     
   8.7119999999999997       0.87802075409503455     
   8.7209999999999983       0.87797679315511867     
   8.7299999999999986       0.87795423117553084     
   8.7389999999999990       0.87796752793632882     
   8.7479999999999993       0.87798636263941854     
   8.7569999999999979       0.87783186463867591     
   8.7659999999999982       0.87777749348152545     
   8.7749999999999986       0.87773575364114476     
   8.7839999999999989       0.87779499301877673     
   8.7929999999999975       0.87772419707543070     
   8.8019999999999978       0.87776838073241692     
   8.8109999999999982       0.87775582649842021     
   8.8199999999999985       0.87767374888510408     
   8.8289999999999988       0.87771601009313494     
   8.8379999999999992       0.87776066003242259     
   8.8469999999999995       0.87783398464847118     
   8.8559999999999999       0.87771168153392520     
   8.8650000000000002       0.87767483924559653     
   8.8739999999999988       0.87764046678121099     
   8.8829999999999991       0.87744970008834089     
   8.8919999999999995       0.87719991694953792     
   8.9009999999999998       0.87718674893126991     
   8.9099999999999984       0.87721163148126180     
   8.9189999999999987       0.87731014345744895     
   8.9279999999999990       0.87725926439069390     
   8.9369999999999994       0.87722054429854168     
   8.9459999999999980       0.87708959369060691     
   8.9549999999999983       0.87683425121107739     
   8.9639999999999986       0.87675563152064029     
   8.9729999999999990       0.87692258852092164     
   8.9819999999999975       0.87674831180787560     
   8.9909999999999979       0.87675480326543487     
   8.9999999999999982       0.87679140683493284     
   9.0089999999999986       0.87663979018477067     
   9.0179999999999989       0.87670090376213727     
   9.0269999999999992       0.87670399148248890     
   9.0359999999999996       0.87662768940702229     
   9.0449999999999999       0.87659479087603265     
   9.0539999999999985       0.87654497913827867     
   9.0629999999999988       0.87635134815202920     
   9.0719999999999992       0.87651051252748213     
   9.0809999999999995       0.87637499589720680     
   9.0899999999999981       0.87649272828159930     
   9.0989999999999984       0.87644483042068777     
   9.1079999999999988       0.87634711233999596     
   9.1169999999999991       0.87627621772592401     
   9.1259999999999977       0.87621853419503237     
   9.1349999999999980       0.87594262564785830     
   9.1439999999999984       0.87588383685813387     
   9.1529999999999987       0.87604562604382630     
   9.1619999999999990       0.87622572059007409     
   9.1709999999999994       0.87599904799581618     
   9.1799999999999997       0.87596665392916895     
   9.1889999999999983       0.87589562263598186     
   9.1979999999999986       0.87589221438274789     
   9.2069999999999990       0.87589630047427225     
   9.2159999999999993       0.87564146034062096     
   9.2249999999999996       0.87569308416473612     
   9.2340000000000000       0.87543902090753156     
   9.2429999999999986       0.87545369555175834     
   9.2519999999999989       0.87546240273811204     
   9.2609999999999992       0.87538098729568359     
   9.2699999999999996       0.87542059994791710     
   9.2789999999999981       0.87543401556605138     
   9.2879999999999985       0.87564267354050196     
   9.2969999999999988       0.87562534774707823     
   9.3059999999999992       0.87540078073047067     
   9.3149999999999977       0.87539377121863060     
   9.3239999999999981       0.87547589270916570     
   9.3329999999999984       0.87521635182682533     
   9.3419999999999987       0.87496962356703811     
   9.3509999999999991       0.87502200578725764     
   9.3599999999999994       0.87491131769633945     
   9.3689999999999998       0.87499276518439495     
   9.3780000000000001       0.87501604059286153     
   9.3869999999999987       0.87490954222433026     
   9.3959999999999990       0.87494346607635720     
   9.4049999999999994       0.87474048497021473     
   9.4139999999999997       0.87487008251490850     
   9.4229999999999983       0.87486765546475986     
   9.4319999999999986       0.87486192205041857     
   9.4409999999999989       0.87478952197499960     
   9.4499999999999993       0.87482783236820161     
   9.4589999999999979       0.87476255458837704     
   9.4679999999999982       0.87480447655225080     
   9.4769999999999985       0.87472844702604313     
   9.4859999999999989       0.87466870818520437     
   9.4949999999999974       0.87452251471889686     
   9.5039999999999978       0.87471531795190138     
   9.5129999999999981       0.87449497704222245     
   9.5219999999999985       0.87443277144633358     
   9.5309999999999988       0.87439537545328339     
   9.5399999999999991       0.87434699261434934     
   9.5489999999999995       0.87434805639239943     
   9.5579999999999998       0.87419592862104234     
   9.5669999999999984       0.87415376594686012     
   9.5759999999999987       0.87422490491236771     
   9.5849999999999991       0.87413650194905590     
   9.5939999999999994       0.87415073707917468     
   9.6029999999999998       0.87411497093910662     
   9.6119999999999983       0.87407225615417994     
   9.6209999999999987       0.87404505529687349     
   9.6299999999999990       0.87397631276514731     
   9.6389999999999993       0.87395769625976527     
   9.6479999999999979       0.87410166876357587     
   9.6569999999999983       0.87409611499941464     
   9.6659999999999986       0.87408324580933361     
   9.6749999999999989       0.87412455995112692     
   9.6839999999999975       0.87413826322530896     
   9.6929999999999978       0.87414354676390715     
   9.7019999999999982       0.87396770487411479     
   9.7109999999999985       0.87386043513092404     
   9.7199999999999989       0.87372756499727100     
   9.7289999999999992       0.87374120153136592     
   9.7379999999999995       0.87385105806056040     
   9.7469999999999999       0.87386148356441051     
   9.7559999999999985       0.87382145412025836     
   9.7649999999999988       0.87375660779153530     
   9.7739999999999991       0.87365059299829373     
   9.7829999999999995       0.87360719881409787     
   9.7919999999999980       0.87347257535368250     
   9.8009999999999984       0.87349541861446300     
   9.8099999999999987       0.87343203254977353     
   9.8189999999999991       0.87355838325245416     
   9.8279999999999976       0.87367163061798214     
   9.8369999999999980       0.87363159802119184     
   9.8459999999999983       0.87328499261691817     
   9.8549999999999986       0.87333129194637904     
   9.8639999999999990       0.87332535957273993     
   9.8729999999999993       0.87349472392753547     
   9.8819999999999997       0.87348964590739520     
   9.8909999999999982       0.87355309085301114     
   9.8999999999999986       0.87354028298799768     
   9.9089999999999989       0.87356335819947872     
   9.9179999999999993       0.87363110370297803     
   9.9269999999999996       0.87370778395959336     
   9.9359999999999982       0.87373999913339995     
   9.9449999999999985       0.87359162681250901     
   9.9539999999999988       0.87365204205409375     
   9.9629999999999992       0.87379311472635868     
   9.9719999999999978       0.87383655727406517     
   9.9809999999999981       0.87385082961829907     
   9.9899999999999984       0.87376957262691812     
   9.9989999999999988       0.87383159234044749     
   10.007999999999999       0.87379974494267210     
   10.016999999999998       0.87381750173672479     
   10.025999999999998       0.87388871237059418     
   10.034999999999998       0.87380275786436068     
   10.043999999999999       0.87372819175997674     
   10.052999999999999       0.87375277502900406     
   10.061999999999999       0.87363929047770039     
   10.071000000000000       0.87354979784882081     
   10.080000000000000       0.87339279972700412     
   10.088999999999999       0.87327851138391133     
   10.097999999999999       0.87326630144850359     
   10.106999999999999       0.87326370918608698     
   10.116000000000000       0.87329917141616331     
   10.124999999999998       0.87318056400999422     
   10.133999999999999       0.87305217006598768     
   10.142999999999999       0.87306588713685274     
   10.151999999999999       0.87310122789247102     
   10.160999999999998       0.87313148068586410     
   10.169999999999998       0.87318931950012402     
   10.178999999999998       0.87324058632737001     
   10.187999999999999       0.87327576361406822     
   10.196999999999997       0.87332610852578096     
   10.205999999999998       0.87346977119918356     
   10.214999999999998       0.87350771523772652     
   10.223999999999998       0.87352113373282780     
   10.232999999999999       0.87345781044714799     
   10.241999999999999       0.87349729968805223     
   10.250999999999999       0.87340038014437982     
   10.260000000000000       0.87334863266080576     
   10.268999999999998       0.87350659286013643     
   10.277999999999999       0.87338664898281604     
   10.286999999999999       0.87336755779624076     
   10.295999999999999       0.87334394539162308     
   10.304999999999998       0.87334338392991950     
   10.313999999999998       0.87334967070642799     
   10.322999999999999       0.87338768682730028     
   10.331999999999999       0.87327407610248864     
   10.340999999999998       0.87319014148216412     
   10.349999999999998       0.87327178525416715     
   10.358999999999998       0.87330345542218923     
   10.367999999999999       0.87316322661028389     
   10.376999999999999       0.87308679016705582     
   10.385999999999997       0.87303830320773290     
   10.394999999999998       0.87307517170580629     
   10.403999999999998       0.87324220926665597     
   10.412999999999998       0.87329454248450833     
   10.421999999999999       0.87326674106579272     
   10.430999999999999       0.87327085271901728     
   10.440000000000000       0.87327202826092931     
   10.449000000000000       0.87316202541058718     
   10.457999999999998       0.87317559073382089     
   10.466999999999999       0.87313885232789068     
   10.475999999999999       0.87325723901134067     
   10.484999999999999       0.87326795212968145     
   10.493999999999998       0.87327208400592005     
   10.502999999999998       0.87323718158003427     
   10.511999999999999       0.87315718815426080     
   10.520999999999999       0.87290880731861964     
   10.529999999999998       0.87288000239981323     
   10.538999999999998       0.87300783656800651     
   10.547999999999998       0.87309772876079317     
   10.556999999999999       0.87301968449458811     
   10.565999999999999       0.87294908218791478     
   10.574999999999999       0.87299927411649703     
   10.584000000000000       0.87296416205941252     
   10.593000000000000       0.87306396534940311     
   10.601999999999999       0.87308230957506727     
   10.610999999999999       0.87299129435588896     
   10.619999999999999       0.87303408288391959     
   10.629000000000000       0.87307118774566783     
   10.637999999999998       0.87324248367413815     
   10.646999999999998       0.87320871599362837     
   10.655999999999999       0.87312817345909977     
   10.664999999999999       0.87329730165938402     
   10.673999999999998       0.87306317599209338     
   10.682999999999998       0.87314767249669845     
   10.691999999999998       0.87315231643687596     
   10.700999999999999       0.87309959648664714     
   10.709999999999997       0.87289256102524615     
   10.718999999999998       0.87293799752385737     
   10.727999999999998       0.87292832197829662     
   10.736999999999998       0.87273379377031979     
   10.745999999999999       0.87278660212567805     
   10.754999999999999       0.87264622884661547     
   10.763999999999999       0.87283148714937397     
   10.773000000000000       0.87268687699893821     
   10.782000000000000       0.87287860635651460     
   10.790999999999999       0.87288096180012142     
   10.799999999999999       0.87285327926628775     
   10.808999999999999       0.87299429727093492     
   10.818000000000000       0.87289893399219087     
   10.826999999999998       0.87290425683671247     
   10.835999999999999       0.87275965384503906     
   10.844999999999999       0.87268867340561473     
   10.853999999999999       0.87259944712448745     
   10.862999999999998       0.87272743579253986     
   10.871999999999998       0.87284331158537820     
   10.880999999999998       0.87295117710422709     
   10.889999999999999       0.87302611269965424     
   10.898999999999997       0.87297244863073320     
   10.907999999999998       0.87300843260355065     
   10.916999999999998       0.87304521760722875     
   10.925999999999998       0.87296420446526934     
   10.934999999999999       0.87290910941497757     
   10.943999999999999       0.87273640374539285     
   10.952999999999999       0.87271888182734692     
   10.962000000000000       0.87281683169351776     
   10.970999999999998       0.87278849040016238     
   10.979999999999999       0.87276842324329962     
   10.988999999999999       0.87269335582519991     
   10.997999999999999       0.87275225656170152     
   11.006999999999998       0.87269678533191142     
   11.015999999999998       0.87263174785317799     
   11.024999999999999       0.87263202707434451     
   11.033999999999999       0.87261147964387720     
   11.042999999999997       0.87256188369481724     
   11.051999999999998       0.87251881999562841     
   11.060999999999998       0.87242676282400444     
   11.069999999999999       0.87247460343891903     
   11.078999999999999       0.87254594215203796     
   11.087999999999997       0.87252066892850699     
   11.096999999999998       0.87251962716203391     
   11.105999999999998       0.87254112127887296     
   11.114999999999998       0.87265771639497225     
   11.123999999999999       0.87259571058128149     
   11.132999999999999       0.87253715464835369     
   11.141999999999999       0.87258864976340689     
   11.151000000000000       0.87251143210915894     
   11.159999999999998       0.87257160016052149     
   11.168999999999999       0.87242793367530025     
   11.177999999999999       0.87246547338823688     
   11.186999999999999       0.87243067931849938     
   11.195999999999998       0.87232474219479594     
   11.204999999999998       0.87227356492538821     
   11.213999999999999       0.87221020112626135     
   11.222999999999999       0.87230025745626560     
   11.231999999999998       0.87239491402270097     
   11.240999999999998       0.87255886056794019     
   11.249999999999998       0.87247446510694826     
   11.258999999999999       0.87237925767280311     
   11.267999999999999       0.87248159709306006     
   11.276999999999999       0.87259048208624346     
   11.286000000000000       0.87267463953240454     
   11.295000000000000       0.87275452937585174     
   11.303999999999998       0.87275406600048366     
   11.312999999999999       0.87278432930729022     
   11.321999999999999       0.87284774943268140     
   11.331000000000000       0.87285598547943555     
   11.339999999999998       0.87277653536155575     
   11.348999999999998       0.87257559665568174     
   11.357999999999999       0.87253671146286582     
   11.366999999999999       0.87254010092362388     
   11.375999999999998       0.87253410001815923     
   11.384999999999998       0.87245659097456718     
   11.393999999999998       0.87249399792755233     
   11.402999999999999       0.87235549185546080     
   11.411999999999997       0.87236285619950060     
   11.420999999999998       0.87228226480172244     
   11.429999999999998       0.87221133800122652     
   11.438999999999998       0.87214548713519779     
   11.447999999999999       0.87212673235364768     
   11.456999999999999       0.87207743221326262     
   11.465999999999999       0.87210001851577612     
   11.475000000000000       0.87210312030662951     
   11.483999999999998       0.87212875669267143     
   11.492999999999999       0.87211014083744931     
   11.501999999999999       0.87211683396356965     
   11.510999999999999       0.87177388088006835     
   11.520000000000000       0.87172553133711839     
   11.528999999999998       0.87172867448239100     
   11.537999999999998       0.87182706263322529     
   11.546999999999999       0.87168253039028465     
   11.555999999999999       0.87196161721600329     
   11.564999999999998       0.87201188603568369     
   11.573999999999998       0.87212543156350975     
   11.582999999999998       0.87219353009575729     
   11.591999999999999       0.87223241452781974     
   11.600999999999997       0.87208916269566783     
   11.609999999999998       0.87208750705980331     
   11.618999999999998       0.87200184108231704     
   11.627999999999998       0.87201538896931119     
   11.636999999999999       0.87183217763193011     
   11.645999999999999       0.87186908462549506     
   11.654999999999999       0.87194378363188574     
   11.664000000000000       0.87178893915703659     
   11.673000000000000       0.87162426808771054     
   11.682000000000000       0.87168480491249234     
   11.690999999999997       0.87170379235783002     
   11.699999999999998       0.87167090483366705     
   11.708999999999998       0.87170612642959877     
   11.717999999999998       0.87173249524459762     
   11.726999999999999       0.87167216476176146     
   11.735999999999999       0.87171100379037092     
   11.744999999999999       0.87170829209957335     
   11.754000000000000       0.87165553650861871     
   11.762999999999998       0.87176209223010592     
   11.771999999999998       0.87178822849928150     
   11.780999999999999       0.87186388122971925     
   11.789999999999997       0.87171898437925788     
   11.798999999999998       0.87168993885591139     
   11.807999999999998       0.87168749399668866     
   11.816999999999998       0.87160970880034283     
   11.825999999999999       0.87155011358836243     
   11.834999999999997       0.87169201251901229     
   11.843999999999998       0.87163926865951247     
   11.852999999999998       0.87152313779622970     
   11.861999999999998       0.87162524499137295     
   11.870999999999999       0.87154380907970996     
   11.879999999999999       0.87152727384532724     
   11.888999999999999       0.87159516620796507     
   11.898000000000000       0.87167243189910204     
   11.907000000000000       0.87162173288545952     
   11.915999999999997       0.87152523413695437     
   11.924999999999997       0.87148941304295890     
   11.933999999999997       0.87152167616117415     
   11.942999999999998       0.87151633559973174     
   11.951999999999998       0.87143326696568402     
   11.960999999999999       0.87135148413943964     
   11.969999999999999       0.87141034618905089     
   11.978999999999999       0.87134992859603499     
   11.987999999999998       0.87120433315030510     
   11.996999999999998       0.87121715940996436     
   12.005999999999998       0.87126588067179367     
   12.014999999999999       0.87111438868196711     
   12.023999999999999       0.87125077152925179     
   12.032999999999999       0.87101187923164392     
   12.042000000000000       0.87098795979138577     
   12.051000000000000       0.87131175952418272     
   12.059999999999997       0.87131070269078958     
   12.068999999999997       0.87124797856765535     
   12.077999999999998       0.87133038528395490     
   12.086999999999998       0.87123552656645986     
   12.095999999999998       0.87115970238194196     
   12.104999999999999       0.87102944241993918     
   12.113999999999999       0.87122599639257836     
   12.122999999999999       0.87126811083892886     
   12.131999999999998       0.87120165968038965     
   12.140999999999998       0.87138829047040811     
   12.149999999999999       0.87133879464207986     
   12.158999999999999       0.87133822077857603     
   12.167999999999999       0.87132606970982718     
   12.177000000000000       0.87129486853042548     
   12.186000000000000       0.87115243864080294     
   12.195000000000000       0.87114902460704990     
   12.203999999999997       0.87132267577785760     
   12.212999999999997       0.87134568387830713     
   12.221999999999998       0.87130113803480680     
   12.230999999999998       0.87135348141607993     
   12.239999999999998       0.87141326165738497     
   12.248999999999999       0.87136478867283518     
   12.257999999999999       0.87132865975560114     
   12.266999999999999       0.87137253973596418     
   12.275999999999998       0.87152941189819644     
   12.284999999999997       0.87155434532102616     
   12.293999999999997       0.87170085733984937     
   12.302999999999997       0.87156345669087687     
   12.311999999999998       0.87154649644915472     
   12.320999999999998       0.87160358468681765     
   12.329999999999998       0.87149153178275973     
   12.338999999999999       0.87145552054870512     
   12.347999999999999       0.87138068502914012     
   12.356999999999998       0.87136923138862610     
   12.365999999999998       0.87142580438377537     
   12.374999999999998       0.87121957641676184     
   12.383999999999999       0.87127577551417124     
   12.392999999999999       0.87118509952613521     
   12.401999999999999       0.87124112876586512     
   12.411000000000000       0.87130786587376396     
   12.420000000000000       0.87115804088669380     
   12.428999999999997       0.87107795752655692     
   12.437999999999997       0.87095009654067868     
   12.446999999999997       0.87088131089460996     
   12.455999999999998       0.87087643146720140     
   12.464999999999998       0.87091202031846526     
   12.473999999999998       0.87085216345763294     
   12.482999999999999       0.87092585545679324     
   12.491999999999999       0.87095299189037201     
   12.500999999999998       0.87095525606899238     
   12.509999999999998       0.87089215446009050     
   12.518999999999998       0.87097983014367131     
   12.527999999999999       0.87083984590066599     
   12.536999999999999       0.87077247175336725     
   12.545999999999999       0.87069619661130815     
   12.555000000000000       0.87080098076059353     
   12.564000000000000       0.87074625386594906     
   12.572999999999997       0.87071775543732921     
   12.581999999999997       0.87068587103787731     
   12.590999999999998       0.87070747496760603     
   12.599999999999998       0.87068418891602606     
   12.608999999999998       0.87072672191136480     
   12.617999999999999       0.87069797295931217     
   12.626999999999999       0.87061998784495609     
   12.635999999999999       0.87062120626554262     
   12.644999999999998       0.87059696820838006     
   12.653999999999998       0.87038761367565354     
   12.662999999999998       0.87029261821834480     
   12.671999999999999       0.87041289854050230     
   12.680999999999999       0.87031230367193457     
   12.690000000000000       0.87031041331097891     
   12.699000000000000       0.87025137892497395     
   12.708000000000000       0.87015372578373751     
   12.716999999999999       0.87004052285868727     
   12.725999999999997       0.87013226453313741     
   12.734999999999998       0.87003958094706801     
   12.743999999999998       0.86994626751957793     
   12.752999999999998       0.86989180807094246     
   12.761999999999999       0.87004085290384736     
   12.770999999999999       0.87001596042858365     
   12.779999999999999       0.86994384253327806     
   12.789000000000000       0.86994512658514178     
   12.797999999999996       0.86992043268566654     
   12.806999999999997       0.86983658658771446     
   12.815999999999997       0.86995660141179454     
   12.824999999999998       0.86989209560547398     
   12.833999999999998       0.86990207210484294     
   12.842999999999998       0.86980404747295526     
   12.851999999999999       0.86974886656321082     
   12.860999999999999       0.86974490959067285     
   12.869999999999997       0.86961150617640037     
   12.878999999999998       0.86961221241604814     
   12.887999999999998       0.86952459047922459     
   12.896999999999998       0.86950541780911383     
   12.905999999999999       0.86955997250158723     
   12.914999999999999       0.86953346622221461     
   12.923999999999999       0.86947555733832804     
   12.933000000000000       0.86947467880115381     
   12.941999999999997       0.86940361489385309     
   12.950999999999997       0.86943184603941404     
   12.959999999999997       0.86957708057879757     
   12.968999999999998       0.86947369287291598     
   12.977999999999998       0.86951487871025113     
   12.986999999999998       0.86944412695446016     
   12.995999999999999       0.86950032927550946     
   13.004999999999999       0.86940921045857411     
   13.013999999999998       0.86940588241345362     
   13.022999999999998       0.86931746191958492     
   13.031999999999998       0.86932118424493454     
   13.040999999999999       0.86927532848090083     
   13.049999999999999       0.86931599164415985     
   13.058999999999999       0.86935924763497197     
   13.068000000000000       0.86938146755410151     
   13.077000000000000       0.86940975602734827     
   13.086000000000000       0.86956614613095518     
   13.094999999999997       0.86949106528219378     
   13.103999999999997       0.86953002145465463     
   13.112999999999998       0.86955024740267217     
   13.121999999999998       0.86961430920372340     
   13.130999999999998       0.86957862629529159     
   13.139999999999999       0.86942973625893250     
   13.148999999999999       0.86933443985488024     
   13.157999999999999       0.86948766959006774     
   13.166999999999998       0.86959665962298827     
   13.175999999999998       0.86954707610370296     
   13.184999999999999       0.86944733047265710     
   13.193999999999999       0.86956018222754050     
   13.202999999999998       0.86952925683353055     
   13.211999999999998       0.86943467030907440     
   13.220999999999998       0.86935920189717464     
   13.229999999999999       0.86933687461843834     
   13.238999999999997       0.86962121559457795     
   13.247999999999998       0.86955471584376642     
   13.256999999999998       0.86954421939669235     
   13.265999999999998       0.86945268268563880     
   13.274999999999999       0.86941197539148152     
   13.283999999999999       0.86958528392626600     
   13.292999999999999       0.86959164493496022     
   13.302000000000000       0.86963196875572890     
   13.310999999999996       0.86971390823005901     
   13.319999999999997       0.86968740096000507     
   13.328999999999997       0.86952654086911130     
   13.337999999999997       0.86959044863322177     
   13.346999999999998       0.86949449543646062     
   13.355999999999998       0.86947838842650116     
   13.364999999999998       0.86938066166400096     
   13.373999999999999       0.86953243477815023     
   13.382999999999997       0.86957699057882198     
   13.391999999999998       0.86962714249977513     
   13.400999999999998       0.86963040332937369     
   13.409999999999998       0.86961981268272182     
   13.418999999999999       0.86974963431738295     
   13.427999999999999       0.86964512745525824     
   13.436999999999999       0.86964648526326349     
   13.446000000000000       0.86969473334501701     
   13.455000000000000       0.86957125548647807     
   13.463999999999997       0.86967732310773727     
   13.472999999999997       0.86971286865475173     
   13.481999999999998       0.86972812889354989     
   13.490999999999998       0.86956354601365693     
   13.499999999999998       0.86962703019489074     
   13.508999999999999       0.86960932252683476     
   13.517999999999999       0.86947943535543071     
   13.526999999999999       0.86946477217449869     
   13.535999999999998       0.86937120266406187     
   13.544999999999998       0.86933472925820454     
   13.553999999999998       0.86942935623203210     
   13.562999999999999       0.86933324869200401     
   13.571999999999999       0.86931870519194332     
   13.581000000000000       0.86916221644473624     
   13.590000000000000       0.86935420092593108     
   13.599000000000000       0.86941520011085327     
   13.607999999999997       0.86928479372412060     
   13.616999999999997       0.86931756767973112     
   13.625999999999998       0.86928391646444991     
   13.634999999999998       0.86928000923202509     
   13.643999999999998       0.86913493080986970     
   13.652999999999999       0.86907693716105472     
   13.661999999999999       0.86916346111464116     
   13.670999999999999       0.86919833453410800     
   13.679999999999998       0.86936638617945994     
   13.688999999999997       0.86925260937866622     
   13.697999999999997       0.86925532368920566     
   13.706999999999997       0.86914587391909293     
   13.715999999999998       0.86921722385580913     
   13.724999999999998       0.86922170200973914     
   13.733999999999998       0.86916199241822523     
   13.742999999999999       0.86922696497300111     
   13.751999999999997       0.86912929972727815     
   13.760999999999997       0.86919700602393501     
   13.769999999999998       0.86913286708689241     
   13.778999999999998       0.86912444992561066     
   13.787999999999998       0.86913979850213441     
   13.796999999999999       0.86913684348204245     
   13.805999999999999       0.86905996823199350     
   13.815000000000000       0.86903895876176940     
   13.823999999999996       0.86890968448301642     
   13.832999999999997       0.86874416879555205     
   13.841999999999997       0.86890870462692671     
   13.850999999999997       0.86908496882201214     
   13.859999999999998       0.86890158566670606     
   13.868999999999998       0.86892504866631470     
   13.877999999999998       0.86895548090509012     
   13.886999999999999       0.86897752208437351     
   13.895999999999999       0.86902852599320335     
   13.904999999999998       0.86904211755248573     
   13.913999999999998       0.86901329299391061     
   13.922999999999998       0.86915378846748637     
   13.931999999999999       0.86904665113171975     
   13.940999999999999       0.86900022997864201     
   13.949999999999999       0.86912398291896986     
   13.959000000000000       0.86924370312134425     
   13.968000000000000       0.86919556592992053     
   13.976999999999997       0.86913434039790449     
   13.985999999999997       0.86924071754601218     
   13.994999999999997       0.86931248404309214     
   14.003999999999998       0.86922797714888267     
   14.012999999999998       0.86931433897782406     
   14.021999999999998       0.86938162520717410     
   14.030999999999999       0.86922764816001630     
   14.039999999999999       0.86905002099984840     
   14.048999999999998       0.86902095930745848     
   14.057999999999998       0.86901398232961613     
   14.066999999999998       0.86893134066729849     
   14.075999999999999       0.86888550931624675     
   14.084999999999999       0.86897195267063310     
   14.093999999999999       0.86891962260026434     
   14.103000000000000       0.86896984326016147     
   14.112000000000000       0.86901299662560905     
   14.120999999999997       0.86895840542308900     
   14.129999999999997       0.86912063419318930     
   14.138999999999998       0.86916243461698695     
   14.147999999999998       0.86912435921811282     
   14.156999999999998       0.86899903933567335     
   14.165999999999999       0.86906103871901930     
   14.174999999999999       0.86907333543018583     
   14.183999999999999       0.86918733025081274     
   14.192999999999996       0.86926356369789481     
   14.201999999999996       0.86939308769160839     
   14.210999999999997       0.86945265010232997     
   14.219999999999997       0.86938422861591880     
   14.228999999999997       0.86934732905326673     
   14.237999999999998       0.86929305904968279     
   14.246999999999998       0.86931273676385856     
   14.255999999999998       0.86924318635144848     
   14.264999999999999       0.86911804896417288     
   14.273999999999997       0.86923324756877107     
   14.282999999999998       0.86916081114818555     
   14.291999999999998       0.86922132878278757     
   14.300999999999998       0.86925985419476093     
   14.309999999999999       0.86945022716818221     
   14.318999999999999       0.86925653465707065     
   14.327999999999999       0.86910713831137787     
   14.337000000000000       0.86900002873593352     
   14.345999999999997       0.86890333410676635     
   14.354999999999997       0.86892192840510896     
   14.363999999999997       0.86897775592699145     
   14.372999999999998       0.86898568449213165     
   14.381999999999998       0.86902826134413336     
   14.390999999999998       0.86898121969796838     
   14.399999999999999       0.86906680629564093     
   14.408999999999999       0.86906431860500766     
   14.417999999999997       0.86926123616185003     
   14.426999999999998       0.86929047652304958     
   14.435999999999998       0.86938124967476371     
   14.444999999999999       0.86951212184718707     
   14.453999999999999       0.86964072598627129     
   14.462999999999999       0.86956302955043019     
   14.472000000000000       0.86955554565255500     
   14.481000000000000       0.86954865602182807     
   14.489999999999997       0.86946849922197478     
   14.498999999999997       0.86955745193154055     
   14.507999999999997       0.86949533974869475     
   14.516999999999998       0.86936159325885798     
   14.525999999999998       0.86931818698543062     
   14.534999999999998       0.86927087660661229     
   14.543999999999999       0.86928722587784479     
   14.552999999999999       0.86929959502634935     
   14.561999999999998       0.86914967536072163     
   14.570999999999998       0.86899532907767074     
   14.579999999999998       0.86902813996664452     
   14.588999999999999       0.86883733029117072     
   14.597999999999999       0.86883450493837699     
   14.606999999999998       0.86878194726450420     
   14.615999999999998       0.86870861513666731     
   14.624999999999998       0.86863041533857543     
   14.633999999999999       0.86868730232015079     
   14.642999999999997       0.86860017294158209     
   14.651999999999997       0.86873243735512384     
   14.660999999999998       0.86855234106076018     
   14.669999999999998       0.86853027862123966     
   14.678999999999998       0.86872560869566795     
   14.687999999999999       0.86882154177914273     
   14.696999999999999       0.86888995444513806     
   14.706000000000000       0.86884077545485616     
   14.714999999999996       0.86873804832612023     
   14.723999999999997       0.86873292085055231     
   14.732999999999997       0.86883850317768208     
   14.741999999999997       0.86882959141493843     
   14.750999999999998       0.86891073660637974     
   14.759999999999998       0.86891709678088547     
   14.768999999999998       0.86909211226600236     
   14.777999999999999       0.86904036136537477     
   14.786999999999997       0.86900879654345042     
   14.795999999999998       0.86903959640281025     
   14.804999999999998       0.86914952963572023     
   14.813999999999998       0.86898724283662310     
   14.822999999999999       0.86903043984702599     
   14.831999999999999       0.86891342548598705     
   14.840999999999999       0.86886362792593608     
   14.850000000000000       0.86895300902465278     
   14.858999999999996       0.86906764492418642     
   14.867999999999997       0.86900107871218735     
   14.876999999999997       0.86908824555936504     
   14.885999999999997       0.86903855621218440     
   14.894999999999998       0.86907209068905245     
   14.903999999999998       0.86912625811127908     
   14.912999999999998       0.86905567816074136     
   14.921999999999999       0.86910961333874603     
   14.930999999999997       0.86908668878603557     
   14.939999999999998       0.86903448931051286     
   14.948999999999998       0.86884392086711348     
   14.957999999999998       0.86878419743020063     
   14.966999999999999       0.86871542644345123     
   14.975999999999999       0.86883065173308205     
   14.984999999999999       0.86873008458636303     
