   0.0000000000000000       0.99999999999998679     
   5.0000000000000001E-004  0.99998695866327247     
   1.0000000000000000E-003  0.99994945281661962     
   1.4999999999999998E-003  0.99989168821412866     
   2.0000000000000000E-003  0.99980726135955478     
   2.5000000000000001E-003  0.99969470474278732     
   2.9999999999999996E-003  0.99956262790846262     
   3.4999999999999996E-003  0.99940191373193887     
   4.0000000000000001E-003  0.99922435464933457     
   4.4999999999999997E-003  0.99901860522085795     
   5.0000000000000001E-003  0.99879027805029075     
   5.4999999999999997E-003  0.99853473103843182     
   5.9999999999999993E-003  0.99827461426511266     
   6.4999999999999997E-003  0.99798738669179354     
   6.9999999999999993E-003  0.99767223297130248     
   7.4999999999999997E-003  0.99729562674445404     
   8.0000000000000002E-003  0.99694059579768346     
   8.4999999999999989E-003  0.99654547532630167     
   8.9999999999999993E-003  0.99612079784094631     
   9.4999999999999998E-003  0.99570049602344046     
   1.0000000000000000E-002  0.99523450510202327     
   1.0499999999999999E-002  0.99476305946624488     
   1.0999999999999999E-002  0.99424908846528248     
   1.1499999999999998E-002  0.99374478022647983     
   1.1999999999999999E-002  0.99321814136042141     
   1.2500000000000001E-002  0.99268050856718171     
   1.2999999999999999E-002  0.99212901139320142     
   1.3500000000000000E-002  0.99154806772529469     
   1.3999999999999999E-002  0.99092528910908029     
   1.4499999999999999E-002  0.99031411283899273     
   1.4999999999999999E-002  0.98967536642187792     
   1.5500000000000000E-002  0.98904953894671643     
   1.6000000000000000E-002  0.98836395231946084     
   1.6499999999999997E-002  0.98768616130641340     
   1.6999999999999998E-002  0.98698040733885162     
   1.7500000000000002E-002  0.98628028914759791     
   1.7999999999999999E-002  0.98555179112967917     
   1.8499999999999999E-002  0.98483282395056926     
   1.9000000000000000E-002  0.98408056039502279     
   1.9500000000000000E-002  0.98333039843612713     
   2.0000000000000000E-002  0.98257352348925431     
   2.0500000000000001E-002  0.98180221798458911     
   2.0999999999999998E-002  0.98103191949863455     
   2.1499999999999998E-002  0.98026163859919735     
   2.1999999999999999E-002  0.97947875837042508     
   2.2499999999999999E-002  0.97869239039837130     
   2.2999999999999996E-002  0.97787687497801368     
   2.3499999999999997E-002  0.97708075242863268     
   2.3999999999999997E-002  0.97626403583759169     
   2.4500000000000001E-002  0.97547354799964414     
   2.5000000000000001E-002  0.97466044499595295     
   2.5499999999999998E-002  0.97387116992950407     
   2.5999999999999999E-002  0.97307593937324510     
   2.6499999999999999E-002  0.97230355285796144     
   2.7000000000000000E-002  0.97146858402693648     
   2.7499999999999997E-002  0.97065549707087417     
   2.7999999999999997E-002  0.96985767083119878     
   2.8499999999999998E-002  0.96906426833016335     
   2.8999999999999998E-002  0.96829301332931594     
   2.9500000000000002E-002  0.96754278983329189     
   2.9999999999999999E-002  0.96678506405177456     
   3.0499999999999999E-002  0.96604519606937678     
   3.1000000000000000E-002  0.96529498484345300     
   3.1500000000000000E-002  0.96455226064740496     
   3.2000000000000001E-002  0.96384438820562435     
   3.2500000000000001E-002  0.96314088797257724     
   3.2999999999999995E-002  0.96243225826507162     
   3.3499999999999995E-002  0.96174663624700107     
   3.3999999999999996E-002  0.96107682596108912     
   3.4499999999999996E-002  0.96043748962144093     
   3.5000000000000003E-002  0.95981426351974530     
   3.5499999999999997E-002  0.95918454619167737     
   3.5999999999999997E-002  0.95858944760546705     
   3.6499999999999998E-002  0.95801260789550136     
   3.6999999999999998E-002  0.95746604853851713     
   3.7499999999999999E-002  0.95692382704812373     
   3.7999999999999999E-002  0.95640576409368894     
   3.8500000000000000E-002  0.95588974234309398     
   3.9000000000000000E-002  0.95543973090845014     
   3.9499999999999993E-002  0.95501242288218824     
   4.0000000000000001E-002  0.95459770797284571     
   4.0500000000000001E-002  0.95422696423540931     
   4.1000000000000002E-002  0.95388254284634566     
   4.1500000000000002E-002  0.95354037111446899     
   4.1999999999999996E-002  0.95325424384038548     
   4.2499999999999996E-002  0.95295293085202737     
   4.2999999999999997E-002  0.95270664249047654     
   4.3499999999999997E-002  0.95247558559495160     
   4.3999999999999997E-002  0.95227802123423222     
   4.4499999999999998E-002  0.95211089969588925     
   4.4999999999999998E-002  0.95199140794495551     
   4.5499999999999992E-002  0.95188971105582054     
   4.5999999999999992E-002  0.95182543208470261     
   4.6499999999999993E-002  0.95172312650459112     
   4.6999999999999993E-002  0.95171490478674425     
   4.7499999999999994E-002  0.95171311901812250     
   4.7999999999999994E-002  0.95171132489025179     
   4.8500000000000001E-002  0.95177219378752009     
   4.9000000000000002E-002  0.95185303061310034     
   4.9500000000000002E-002  0.95200827372701535     
   5.0000000000000003E-002  0.95220810837782666     
   5.0499999999999996E-002  0.95237006180867956     
   5.0999999999999997E-002  0.95257337216788407     
   5.1499999999999997E-002  0.95284959439404837     
   5.1999999999999998E-002  0.95315476018897982     
   5.2499999999999998E-002  0.95346439142402750     
   5.2999999999999999E-002  0.95378782110968452     
   5.3499999999999999E-002  0.95413706812712917     
   5.3999999999999999E-002  0.95448356713445748     
   5.4499999999999993E-002  0.95485519569205235     
   5.4999999999999993E-002  0.95522918112326349     
   5.5499999999999994E-002  0.95569131345791924     
   5.5999999999999994E-002  0.95619065548512283     
   5.6499999999999995E-002  0.95671506927132233     
   5.6999999999999995E-002  0.95720049700988397     
   5.7499999999999996E-002  0.95776022334088240     
   5.7999999999999996E-002  0.95830779334857996     
   5.8499999999999990E-002  0.95880640667277806     
   5.9000000000000004E-002  0.95936513119277222     
   5.9499999999999997E-002  0.95997299129428326     
   5.9999999999999998E-002  0.96061863890483479     
   6.0499999999999998E-002  0.96130672744808088     
   6.0999999999999999E-002  0.96196340225389876     
   6.1499999999999999E-002  0.96261174402261118     
   6.2000000000000000E-002  0.96330812191673820     
   6.2500000000000000E-002  0.96399423838408749     
   6.3000000000000000E-002  0.96472510088358421     
   6.3500000000000001E-002  0.96542553101093376     
   6.4000000000000001E-002  0.96616718669457946     
   6.4500000000000002E-002  0.96689854294818101     
   6.5000000000000002E-002  0.96766401854664941     
   6.5499999999999989E-002  0.96839660326934363     
   6.5999999999999989E-002  0.96915165783785784     
   6.6499999999999990E-002  0.96994974670756462     
   6.6999999999999990E-002  0.97073712432923220     
   6.7499999999999991E-002  0.97153970720920912     
   6.7999999999999991E-002  0.97232999229312012     
   6.8499999999999991E-002  0.97317528592136482     
   6.8999999999999992E-002  0.97392648532972625     
   6.9500000000000006E-002  0.97463375068597602     
   7.0000000000000007E-002  0.97545532166737714     
   7.0499999999999993E-002  0.97627174658911686     
   7.0999999999999994E-002  0.97707974087296801     
   7.1499999999999994E-002  0.97785246856412089     
   7.1999999999999995E-002  0.97867278107309363     
   7.2499999999999995E-002  0.97943348419386644     
   7.2999999999999995E-002  0.98023360787066893     
   7.3499999999999996E-002  0.98103851364103778     
   7.3999999999999996E-002  0.98174727524133742     
   7.4499999999999997E-002  0.98248615813325701     
   7.4999999999999997E-002  0.98323861984362093     
   7.5499999999999998E-002  0.98394617099866366     
   7.5999999999999998E-002  0.98467287976664397     
   7.6499999999999999E-002  0.98534295906941227     
   7.6999999999999999E-002  0.98599829827240115     
   7.7499999999999999E-002  0.98665039297737012     
   7.8000000000000000E-002  0.98729426295601685     
   7.8499999999999986E-002  0.98791822376364757     
   7.8999999999999987E-002  0.98857577773105842     
   7.9499999999999987E-002  0.98921362615272646     
   8.0000000000000002E-002  0.98981475915206218     
   8.0500000000000002E-002  0.99038363104213201     
   8.1000000000000003E-002  0.99096481977969664     
   8.1500000000000003E-002  0.99147272275207166     
   8.2000000000000003E-002  0.99202129091815272     
   8.2500000000000004E-002  0.99254114956812356     
   8.3000000000000004E-002  0.99298961492184734     
   8.3499999999999991E-002  0.99346650554135518     
   8.3999999999999991E-002  0.99392417013569523     
   8.4499999999999992E-002  0.99439492248339378     
   8.4999999999999992E-002  0.99485043523654748     
   8.5499999999999993E-002  0.99524161731083249     
   8.5999999999999993E-002  0.99564585229594760     
   8.6499999999999994E-002  0.99601004713277685     
   8.6999999999999994E-002  0.99639263708290671     
   8.7499999999999994E-002  0.99670394718816113     
   8.7999999999999995E-002  0.99696900966898205     
   8.8499999999999995E-002  0.99726661152874518     
   8.8999999999999996E-002  0.99752680275828332     
   8.9499999999999996E-002  0.99777588502240566     
   8.9999999999999997E-002  0.99801499753212009     
   9.0499999999999997E-002  0.99823791640059867     
   9.0999999999999984E-002  0.99845213218728579     
   9.1499999999999984E-002  0.99864907204774700     
   9.1999999999999985E-002  0.99881393796732387     
   9.2499999999999985E-002  0.99896051876997516     
   9.2999999999999985E-002  0.99911044292362450     
   9.3499999999999986E-002  0.99923476530628286     
   9.3999999999999986E-002  0.99934364565421796     
   9.4499999999999987E-002  0.99944429443248495     
   9.4999999999999987E-002  0.99952693912594426     
   9.5499999999999988E-002  0.99960186529046335     
   9.5999999999999988E-002  0.99964479498909709     
   9.6500000000000002E-002  0.99968019141205355     
   9.7000000000000003E-002  0.99968855842285254     
   9.7500000000000003E-002  0.99970924223869018     
   9.8000000000000004E-002  0.99970007697325169     
   9.8500000000000004E-002  0.99965650118549765     
   9.9000000000000005E-002  0.99962075715317955     
   9.9500000000000005E-002  0.99957757970017047     
  0.10000000000000001       0.99952314219048621     
  0.10050000000000001       0.99944787389560086     
  0.10099999999999999       0.99936848110771692     
  0.10149999999999999       0.99928078421496114     
  0.10199999999999999       0.99918211066045970     
  0.10249999999999999       0.99908233695109849     
  0.10299999999999999       0.99894930255803638     
  0.10349999999999999       0.99883250895867859     
  0.10400000000000000       0.99872450455800343     
  0.10450000000000000       0.99857748841315364     
  0.10500000000000000       0.99842511800155287     
  0.10550000000000000       0.99824658993479343     
  0.10600000000000000       0.99807564104576552     
  0.10650000000000000       0.99790026827143785     
  0.10700000000000000       0.99773031260582390     
  0.10750000000000000       0.99756666739026978     
  0.10800000000000000       0.99735840990726254     
  0.10850000000000000       0.99716476127320286     
  0.10899999999999999       0.99699868677673931     
  0.10949999999999999       0.99681668251494171     
  0.10999999999999999       0.99662430707160787     
  0.11049999999999999       0.99643519948805970     
  0.11099999999999999       0.99629180619343038     
  0.11149999999999999       0.99610368112726055     
  0.11199999999999999       0.99589789860820987     
  0.11249999999999999       0.99571875589704784     
  0.11299999999999999       0.99551575115329582     
  0.11349999999999999       0.99533861576314164     
  0.11399999999999999       0.99513388572226347     
  0.11449999999999999       0.99495972051166981     
  0.11499999999999999       0.99484419533604274     
  0.11549999999999999       0.99472415843391215     
  0.11599999999999999       0.99457023750111784     
  0.11649999999999999       0.99447344068982990     
  0.11699999999999998       0.99435585052706832     
  0.11750000000000001       0.99427172021770605     
  0.11800000000000001       0.99411709956746286     
  0.11850000000000001       0.99395962896757961     
  0.11899999999999999       0.99380438101247248     
  0.11950000000000000       0.99368478828486884     
  0.12000000000000000       0.99362539535981498     
  0.12050000000000000       0.99351121534528331     
  0.12100000000000000       0.99350942568970713     
  0.12150000000000000       0.99345339295497082     
  0.12200000000000000       0.99339401880828604     
  0.12250000000000000       0.99334382458842196     
  0.12300000000000000       0.99329441726930445     
  0.12350000000000000       0.99326642496599926     
  0.12400000000000000       0.99332238153799268     
  0.12450000000000000       0.99324753314839742     
  0.12500000000000000       0.99314358989603568     
  0.12550000000000000       0.99316600433542157     
  0.12600000000000000       0.99314896499917305     
  0.12650000000000000       0.99322945964569154     
  0.12700000000000000       0.99333949584950010     
  0.12750000000000000       0.99342351481060431     
  0.12800000000000000       0.99351290455218466     
  0.12850000000000000       0.99359656030423893     
  0.12900000000000000       0.99368847197877497     
  0.12950000000000000       0.99366687195600467     
  0.13000000000000000       0.99378319369774404     
  0.13050000000000000       0.99383842075463003     
  0.13099999999999998       0.99393891226969477     
  0.13149999999999998       0.99406845986000603     
  0.13199999999999998       0.99417630434181936     
  0.13249999999999998       0.99436630091000122     
  0.13299999999999998       0.99453685607874109     
  0.13349999999999998       0.99471230308631997     
  0.13399999999999998       0.99489746705419335     
  0.13449999999999998       0.99499017997039363     
  0.13499999999999998       0.99509989399757026     
  0.13549999999999998       0.99527223963751477     
  0.13599999999999998       0.99550200899242602     
  0.13649999999999998       0.99566402343357319     
  0.13699999999999998       0.99582951797790242     
  0.13749999999999998       0.99600984222262701     
  0.13799999999999998       0.99614169497558969     
  0.13849999999999998       0.99634712103300038     
  0.13900000000000001       0.99646133390331226     
  0.13950000000000001       0.99659638628671454     
  0.14000000000000001       0.99676108520040907     
  0.14050000000000001       0.99695155690611814     
  0.14099999999999999       0.99711265604773891     
  0.14149999999999999       0.99724689157992141     
  0.14199999999999999       0.99737417078615909     
  0.14249999999999999       0.99749034443664919     
  0.14299999999999999       0.99766546569106795     
  0.14349999999999999       0.99775126329423414     
  0.14399999999999999       0.99781740152638809     
  0.14449999999999999       0.99791994810543128     
  0.14499999999999999       0.99799100271597718     
  0.14549999999999999       0.99808644805478475     
  0.14599999999999999       0.99820210650110475     
  0.14649999999999999       0.99829869536473681     
  0.14699999999999999       0.99834625689328804     
  0.14749999999999999       0.99838710226496752     
  0.14799999999999999       0.99840095247095884     
  0.14849999999999999       0.99839834472004396     
  0.14899999999999999       0.99843742100340116     
  0.14949999999999999       0.99841789644848244     
  0.14999999999999999       0.99836732746758650     
  0.15049999999999999       0.99835180524585565     
  0.15100000000000000       0.99828294165740383     
  0.15150000000000000       0.99818864486113945     
  0.15200000000000000       0.99802001492307502     
  0.15250000000000000       0.99792660109811493     
  0.15300000000000000       0.99777757853264126     
  0.15350000000000000       0.99763949544233654     
  0.15400000000000000       0.99745773463658272     
  0.15450000000000000       0.99728312613675862     
  0.15500000000000000       0.99705585893296911     
  0.15550000000000000       0.99678414747785982     
  0.15600000000000000       0.99657831665706187     
  0.15649999999999997       0.99619202662945328     
  0.15699999999999997       0.99604672492707247     
  0.15749999999999997       0.99576874708565066     
  0.15799999999999997       0.99546362636368346     
  0.15849999999999997       0.99502976391661468     
  0.15899999999999997       0.99467997226758964     
  0.15949999999999998       0.99420222700408178     
  0.16000000000000000       0.99373850735695646     
  0.16050000000000000       0.99336420725120922     
  0.16100000000000000       0.99282384664901091     
  0.16149999999999998       0.99229996815375276     
  0.16200000000000001       0.99175436879266954     
  0.16249999999999998       0.99114031270381975     
  0.16300000000000001       0.99051804807662880     
  0.16349999999999998       0.98990913093628019     
  0.16400000000000001       0.98924822447023064     
  0.16449999999999998       0.98846473227322740     
  0.16500000000000001       0.98775261205383824     
  0.16549999999999998       0.98698299874260820     
  0.16600000000000001       0.98613004274746940     
  0.16649999999999998       0.98534765902497379     
  0.16699999999999998       0.98439809439364157     
  0.16749999999999998       0.98347594089932799     
  0.16799999999999998       0.98242854282845860     
  0.16849999999999998       0.98135499719569630     
  0.16899999999999998       0.98048867120167116     
  0.16949999999999998       0.97957958403759759     
  0.16999999999999998       0.97882322320142867     
  0.17049999999999998       0.97775699991349718     
  0.17099999999999999       0.97668698656004960     
  0.17150000000000001       0.97572915057295284     
  0.17199999999999999       0.97473357934103000     
  0.17250000000000001       0.97393550333013501     
  0.17299999999999999       0.97294970120844126     
  0.17350000000000002       0.97174463650059317     
  0.17399999999999999       0.97045241782113678     
  0.17450000000000002       0.96916064710806749     
  0.17499999999999999       0.96798404345263178     
  0.17550000000000002       0.96689767925390246     
  0.17599999999999999       0.96565418388783519     
  0.17649999999999999       0.96438858409211747     
  0.17699999999999999       0.96314514537351426     
  0.17749999999999999       0.96170601604244055     
  0.17799999999999999       0.96062606654757488     
  0.17849999999999999       0.95980456672734116     
  0.17899999999999999       0.95841286488531641     
  0.17949999999999999       0.95713107482094306     
  0.17999999999999999       0.95596803273061981     
  0.18049999999999999       0.95464928044669373     
  0.18099999999999999       0.95320433375289626     
  0.18149999999999999       0.95164867254402630     
  0.18199999999999997       0.95050698426747815     
  0.18250000000000000       0.94910922265551634     
  0.18299999999999997       0.94768624277557911     
  0.18350000000000000       0.94627303554278941     
  0.18399999999999997       0.94506928032690996     
  0.18450000000000000       0.94369844606172837     
  0.18499999999999997       0.94256080826899258     
  0.18550000000000000       0.94092993561857563     
  0.18599999999999997       0.93958719651457323     
  0.18650000000000000       0.93834902679938459     
  0.18699999999999997       0.93696469333043186     
  0.18750000000000000       0.93553036468274142     
  0.18799999999999997       0.93414787810663047     
  0.18850000000000000       0.93300431717426702     
  0.18899999999999997       0.93152819819355026     
  0.18950000000000000       0.92989588507784970     
  0.18999999999999997       0.92829176619595066     
  0.19050000000000000       0.92691561582758419     
  0.19099999999999998       0.92558205715969144     
  0.19150000000000000       0.92443752039584937     
  0.19199999999999998       0.92321497090288684     
  0.19249999999999998       0.92209479034622444     
  0.19300000000000000       0.92104368160182259     
  0.19349999999999998       0.91955199056344195     
  0.19400000000000001       0.91846513750885861     
  0.19449999999999998       0.91718005757193743     
  0.19500000000000001       0.91617609605117034     
  0.19549999999999998       0.91507211939081201     
  0.19600000000000001       0.91371514596438264     
  0.19649999999999998       0.91289798813547252     
  0.19700000000000001       0.91117272727366527     
  0.19749999999999998       0.90976724620157023     
  0.19800000000000001       0.90859676924806332     
  0.19849999999999998       0.90753010368021247     
  0.19900000000000001       0.90640330971455407     
  0.19949999999999998       0.90489253175222206     
  0.20000000000000001       0.90384422850592205     
  0.20049999999999998       0.90264999944921298     
  0.20100000000000001       0.90175345348692326     
  0.20149999999999998       0.90065175105585737     
  0.20199999999999999       0.90020225829613243     
  0.20249999999999999       0.89984920077048125     
  0.20299999999999999       0.89865133327297042     
  0.20349999999999999       0.89765798507006067     
  0.20399999999999999       0.89750314469627068     
  0.20449999999999999       0.89632046234064155     
  0.20499999999999999       0.89596517335971426     
  0.20549999999999999       0.89580257609264735     
  0.20599999999999999       0.89535767725313231     
  0.20649999999999999       0.89434947664198394     
  0.20699999999999999       0.89409554047609574     
  0.20749999999999996       0.89322700531818378     
  0.20799999999999999       0.89272963827346974     
  0.20849999999999996       0.89248745072039326     
  0.20899999999999999       0.89212725869429532     
  0.20949999999999996       0.89174976398743910     
  0.20999999999999999       0.89141916857414250     
  0.21049999999999996       0.89096192544688346     
  0.21099999999999999       0.89074009781611430     
  0.21149999999999997       0.89006063468704577     
  0.21199999999999999       0.88953872885862362     
  0.21249999999999997       0.88950920473143635     
  0.21299999999999999       0.88956605587737547     
  0.21350000000000000       0.88951909888222114     
  0.21400000000000000       0.89011997627321893     
  0.21450000000000000       0.89015355653144634     
  0.21500000000000000       0.88989797247440217     
  0.21550000000000000       0.89006637676163158     
  0.21600000000000000       0.88960657512014207     
  0.21650000000000000       0.89000590968863391     
  0.21700000000000000       0.89022480585790054     
  0.21750000000000000       0.89066488462412574     
  0.21799999999999997       0.89145596998477827     
  0.21850000000000000       0.89178451383680979     
  0.21899999999999997       0.89213645129070929     
  0.21950000000000000       0.89279048113306547     
  0.21999999999999997       0.89359812620239532     
  0.22050000000000000       0.89446313445292658     
  0.22099999999999997       0.89499110691704742     
  0.22150000000000000       0.89520561715456737     
  0.22199999999999998       0.89616305507936023     
  0.22250000000000000       0.89618753898621095     
  0.22299999999999998       0.89688364643725460     
  0.22350000000000000       0.89843139802644423     
  0.22399999999999998       0.89854542861858999     
  0.22450000000000001       0.89918865025753669     
  0.22499999999999998       0.89990989785220910     
  0.22550000000000001       0.90083522108842251     
  0.22599999999999998       0.90228998945858707     
  0.22650000000000001       0.90271257062285259     
  0.22699999999999998       0.90357580392581471     
  0.22750000000000001       0.90430738195636162     
  0.22799999999999998       0.90452262965929164     
  0.22849999999999998       0.90535777403784001     
  0.22899999999999998       0.90623623791632768     
  0.22949999999999998       0.90650226001290324     
  0.22999999999999998       0.90718822043799430     
  0.23049999999999998       0.90844140698556908     
  0.23099999999999998       0.90887745621202332     
  0.23149999999999998       0.91064977503687605     
  0.23199999999999998       0.91178761571675504     
  0.23249999999999998       0.91267198600236588     
  0.23299999999999998       0.91342781129195505     
  0.23349999999999999       0.91418148856238068     
  0.23399999999999996       0.91546813865726218     
  0.23449999999999999       0.91611509511699751     
  0.23500000000000001       0.91726654626586879     
  0.23549999999999999       0.91892828713278840     
  0.23600000000000002       0.91949835367186139     
  0.23649999999999999       0.92001369145303280     
  0.23700000000000002       0.92191846438164426     
  0.23749999999999999       0.92324288548027444     
  0.23799999999999999       0.92513780482146113     
  0.23849999999999999       0.92614005277984668     
  0.23899999999999999       0.92726648417625079     
  0.23949999999999999       0.92845150879491156     
  0.23999999999999999       0.93016947358158264     
  0.24049999999999999       0.93080888546904428     
  0.24099999999999999       0.93180972665950612     
  0.24149999999999999       0.93426821900879331     
  0.24199999999999999       0.93599570356347117     
  0.24249999999999999       0.93690708297364333     
  0.24299999999999999       0.93857881763352902     
  0.24349999999999997       0.93942332816149299     
  0.24399999999999999       0.93975141345536006     
  0.24449999999999997       0.94160775261975527     
  0.24500000000000000       0.94159168516295066     
  0.24549999999999997       0.94446024920257121     
  0.24600000000000000       0.94474188220209743     
  0.24649999999999997       0.94585137708051981     
  0.24700000000000000       0.94673450746759291     
  0.24749999999999997       0.94726818275247959     
  0.24800000000000000       0.94807143270497540     
  0.24849999999999997       0.94883341745470429     
  0.24900000000000000       0.94971068866317976     
  0.24949999999999997       0.94961717189904193     
  0.25000000000000000       0.95043105801081074     
  0.25050000000000000       0.95199833593972716     
  0.25100000000000000       0.95346314328360715     
  0.25149999999999995       0.95447699029847188     
  0.25200000000000000       0.95510111743506376     
  0.25249999999999995       0.95522395391995807     
  0.25300000000000000       0.95590069100424080     
  0.25349999999999995       0.95589128540935675     
  0.25400000000000000       0.95590961618317372     
  0.25449999999999995       0.95702129671561498     
  0.25500000000000000       0.95512947887002064     
  0.25549999999999995       0.95592648346753817     
  0.25600000000000001       0.95453156571705045     
  0.25650000000000001       0.95450426555559487     
  0.25700000000000001       0.95836982425951589     
  0.25750000000000001       0.95910101055497265     
  0.25800000000000001       0.96013846024440441     
  0.25850000000000001       0.96126281811117242     
  0.25900000000000001       0.96076053313983201     
  0.25950000000000001       0.96023389413115079     
  0.26000000000000001       0.96199870647856189     
  0.26050000000000001       0.96336460374665733     
  0.26100000000000001       0.96300867648787758     
  0.26150000000000001       0.96214729805596200     
  0.26199999999999996       0.96178513742547711     
  0.26250000000000001       0.96182390424989528     
  0.26299999999999996       0.96169316001706817     
  0.26350000000000001       0.95752775741916030     
  0.26399999999999996       0.95845001606713642     
  0.26450000000000001       0.95553944822535486     
  0.26499999999999996       0.95533064931565204     
  0.26550000000000001       0.95560154117469709     
  0.26599999999999996       0.95140735512520636     
  0.26650000000000001       0.94922094253288969     
  0.26699999999999996       0.94958972456798929     
  0.26750000000000002       0.94916097447772196     
  0.26799999999999996       0.95090084570121280     
  0.26850000000000002       0.95283511856167502     
  0.26899999999999996       0.94683354154585797     
  0.26950000000000002       0.95017999514431495     
  0.26999999999999996       0.94865387291985870     
  0.27050000000000002       0.95111568724527840     
  0.27099999999999996       0.95200512908231649     
  0.27149999999999996       0.95217298503025127     
  0.27199999999999996       0.95559158664263255     
  0.27249999999999996       0.95604865733270394     
  0.27299999999999996       0.95334028612912736     
  0.27349999999999997       0.94983080182295487     
  0.27399999999999997       0.94753827378376410     
  0.27449999999999997       0.93906221319259631     
  0.27499999999999997       0.93168486094074321     
  0.27549999999999997       0.93409292784078479     
  0.27599999999999997       0.93265708805128023     
  0.27649999999999997       0.92586177383423818     
  0.27699999999999997       0.91821106319522505     
  0.27749999999999997       0.91330263886064589     
  0.27800000000000002       0.91340941401140630     
  0.27849999999999997       0.92703933745857647     
  0.27900000000000003       0.91889745803995349     
  0.27949999999999997       0.91746652352690727     
  0.28000000000000003       0.91537996327980908     
  0.28049999999999997       0.92641973920370901     
  0.28100000000000003       0.93632849974752264     
  0.28149999999999997       0.92762918548115492     
  0.28199999999999997       0.91160985982218334     
  0.28249999999999997       0.90744769250100932     
  0.28299999999999997       0.91508985951652488     
  0.28349999999999997       0.91318018133785694     
  0.28399999999999997       0.91369722412536747     
  0.28449999999999998       0.90293246310482023     
  0.28499999999999998       0.88727365285128856     
  0.28549999999999998       0.88429891729278187     
  0.28599999999999998       0.88241151137681550     
  0.28649999999999998       0.86647785722446491     
  0.28699999999999998       0.85601295985761250     
  0.28749999999999998       0.86758697320129641     
  0.28799999999999998       0.85335138407570710     
  0.28849999999999998       0.85880068044594948     
  0.28899999999999998       0.86790526188457606     
  0.28949999999999998       0.87406569851585425     
  0.28999999999999998       0.86657069026740308     
  0.29049999999999998       0.85458019063467860     
  0.29099999999999998       0.85186267191676857     
  0.29149999999999998       0.88086877869865821     
  0.29199999999999998       0.88276885902770919     
  0.29249999999999998       0.87150985699547756     
  0.29299999999999998       0.87808443212311182     
  0.29349999999999998       0.86648464483301701     
  0.29399999999999998       0.85331021034482135     
  0.29449999999999998       0.85106209059003135     
  0.29499999999999998       0.84617302120446769     
  0.29549999999999998       0.86345297134011301     
  0.29599999999999999       0.86177585798419609     
  0.29649999999999999       0.84595022594998681     
  0.29699999999999999       0.84806797698454717     
  0.29749999999999999       0.86266139914455509     
  0.29799999999999999       0.87804468287055149     
  0.29849999999999999       0.87392900841282872     
  0.29899999999999999       0.86316662598824634     
  0.29949999999999999       0.86656031213047657     
  0.29999999999999999       0.85690769575305992     
  0.30049999999999999       0.86469497040700150     
  0.30099999999999999       0.86523522754437665     
  0.30149999999999999       0.86052269606107257     
  0.30199999999999999       0.85652336055212797     
  0.30249999999999999       0.85154808734589893     
  0.30299999999999999       0.86218073745205881     
  0.30349999999999999       0.85344841948964523     
  0.30399999999999999       0.85211618242747589     
  0.30449999999999999       0.86001411904817504     
  0.30499999999999999       0.84938915597698539     
  0.30549999999999999       0.82821298065486260     
  0.30599999999999999       0.83969033080459765     
  0.30649999999999999       0.79714532426789764     
  0.30700000000000000       0.80296942968769469     
  0.30750000000000000       0.78767258430916842     
  0.30800000000000000       0.78241256391409419     
  0.30850000000000000       0.78691083407740869     
  0.30900000000000000       0.78902359831855540     
  0.30950000000000000       0.77457859834852039     
  0.31000000000000000       0.77504403881236805     
  0.31050000000000000       0.78089717386931212     
  0.31100000000000000       0.76585972080109310     
  0.31150000000000000       0.77089055981181032     
  0.31200000000000000       0.79662294267084843     
  0.31250000000000000       0.77970705273305352     
  0.31299999999999994       0.76459657503905221     
  0.31350000000000000       0.79308748017357578     
  0.31399999999999995       0.77575762440912843     
  0.31450000000000000       0.77534811361023159     
  0.31499999999999995       0.76087636010274973     
  0.31550000000000000       0.75566379270926520     
  0.31599999999999995       0.74348275910216577     
  0.31650000000000000       0.76003359020244565     
  0.31699999999999995       0.75339460029705829     
  0.31750000000000000       0.72124410456136534     
  0.31799999999999995       0.70674443739584880     
  0.31850000000000001       0.75942708888682342     
  0.31899999999999995       0.71327666769797338     
  0.31950000000000001       0.73505536250737313     
  0.32000000000000001       0.72381422628928627     
  0.32050000000000001       0.72206154871025163     
  0.32100000000000001       0.66981940355763336     
  0.32150000000000001       0.68102264877627672     
  0.32200000000000001       0.70842907463815841     
  0.32249999999999995       0.68466661640707849     
  0.32299999999999995       0.67616495534588128     
  0.32349999999999995       0.70966732702648805     
  0.32400000000000001       0.68141876562414883     
  0.32450000000000001       0.69959001285239109     
  0.32499999999999996       0.68802014210313522     
  0.32549999999999996       0.67592093117331531     
  0.32600000000000001       0.67334056393259112     
  0.32650000000000001       0.64323044014935360     
  0.32699999999999996       0.64503126455115345     
  0.32749999999999996       0.67857691612490845     
  0.32800000000000001       0.62323461092107557     
  0.32850000000000001       0.64886385959036641     
  0.32899999999999996       0.63496612504128325     
  0.32949999999999996       0.62582809272024897     
  0.33000000000000002       0.61578924559926718     
  0.33050000000000002       0.60081725429102262     
  0.33099999999999996       0.61337669959904362     
  0.33149999999999996       0.64072040178274037     
  0.33200000000000002       0.64231058006364283     
  0.33250000000000002       0.62302621877984898     
  0.33299999999999996       0.60406540517025187     
  0.33349999999999996       0.57739843168444083     
  0.33399999999999996       0.57916413379625331     
  0.33450000000000002       0.55962530732110305     
  0.33499999999999996       0.54658149419570812     
  0.33549999999999996       0.55234083255643218     
  0.33599999999999997       0.53887228060302461     
  0.33650000000000002       0.55019693020376337     
  0.33699999999999997       0.51950835246712324     
  0.33749999999999997       0.58857240136070288     
  0.33799999999999997       0.59873005737621743     
  0.33850000000000002       0.61274453748072322     
  0.33899999999999997       0.61167697735910287     
  0.33949999999999997       0.54735523260260666     
  0.33999999999999997       0.56518939230304732     
  0.34050000000000002       0.58193654061759137     
  0.34099999999999997       0.56939887328834027     
  0.34149999999999997       0.54088664693883282     
  0.34199999999999997       0.57422586114121166     
  0.34250000000000003       0.55252030073492175     
  0.34300000000000003       0.50095363103555612     
  0.34349999999999997       0.50218554935933490     
  0.34399999999999997       0.48788085835628975     
  0.34449999999999997       0.48245776304371485     
  0.34500000000000003       0.46126344159895361     
  0.34549999999999997       0.44904786151686221     
  0.34599999999999997       0.37669086850579331     
  0.34649999999999997       0.39757854788118852     
  0.34700000000000003       0.38117514154700627     
  0.34749999999999998       0.37784061427453686     
  0.34799999999999998       0.34827125734616288     
  0.34849999999999998       0.35586982138120871     
  0.34900000000000003       0.35899397705879987     
  0.34949999999999998       0.37424787670082815     
  0.34999999999999998       0.39889782918229727     
  0.35049999999999998       0.40564669317522351     
  0.35100000000000003       0.40632807171727564     
  0.35149999999999998       0.40232398894012111     
  0.35199999999999998       0.40676549922878485     
  0.35249999999999998       0.37159727451270230     
  0.35299999999999998       0.36359131553091595     
  0.35349999999999998       0.32234886775383997     
  0.35399999999999998       0.38772443104477139     
  0.35449999999999998       0.38922805458041299     
  0.35499999999999998       0.38198420008882250     
  0.35549999999999993       0.36528997724177292     
  0.35599999999999998       0.41112184938060331     
  0.35649999999999998       0.39836201236682689     
  0.35699999999999998       0.39825625415730997     
  0.35749999999999993       0.40943122339116367     
  0.35799999999999998       0.36845976430025429     
  0.35849999999999999       0.39072406828658357     
  0.35899999999999999       0.41183033398822022     
  0.35949999999999993       0.40598837860976078     
  0.35999999999999999       0.38034601678499491     
  0.36049999999999999       0.40993178563262517     
  0.36099999999999999       0.42767193217642346     
  0.36149999999999993       0.41748621383437345     
  0.36199999999999999       0.36243218150459061     
  0.36249999999999999       0.35173129527995445     
  0.36299999999999999       0.33908547251106474     
  0.36349999999999999       0.37868147265451590     
  0.36399999999999993       0.37769929062798518     
  0.36449999999999999       0.35058578709903249     
  0.36499999999999999       0.30125826431553993     
  0.36549999999999999       0.30207051858380796     
  0.36599999999999994       0.25934848732022697     
  0.36649999999999999       0.28004475994953021     
  0.36699999999999999       0.21432963145961226     
  0.36749999999999999       0.22533099184788591     
  0.36799999999999994       0.15141375000757176     
  0.36849999999999999       0.24654174258520217     
  0.36899999999999999       0.25352573328546496     
  0.36950000000000000       0.28402070038533750     
  0.36999999999999994       0.29715917829773242     
  0.37050000000000000       0.27024106464197245     
  0.37100000000000000       0.21308119072276532     
  0.37150000000000000       0.22160863739798520     
  0.37199999999999994       0.16053312930495314     
  0.37250000000000000       0.22973237348730702     
  0.37300000000000000       0.23018106874156577     
  0.37350000000000000       0.25869045154600601     
  0.37399999999999994       0.32975383944279363     
  0.37449999999999994       0.32502460895684132     
  0.37500000000000000       0.28906713589444177     
  0.37550000000000000       0.25100453260268379     
  0.37599999999999995       0.28320328571864201     
  0.37649999999999995       0.21352180144214541     
  0.37700000000000000       0.30069382900287761     
  0.37750000000000000       0.18687128715328044     
  0.37799999999999995       0.20674902638441894     
  0.37849999999999995       0.22747959321203876     
  0.37900000000000000       0.27500462803829001     
  0.37950000000000000       0.21521179326162118     
  0.37999999999999995       0.18548682999901395     
  0.38049999999999995       0.17726551699899332     
  0.38100000000000001       0.20037370431381754     
  0.38150000000000001       0.17364730364799838     
  0.38199999999999995       0.14171049243772355     
  0.38249999999999995       0.15517114801017676     
  0.38300000000000001       0.23102652699537096     
  0.38350000000000001       0.21731900428823656     
  0.38399999999999995       0.12238274065020009     
  0.38449999999999995       0.20603675753823872     
  0.38499999999999995       0.14637466093948109     
  0.38550000000000001       0.13295954247137448     
  0.38600000000000001       0.10521598338321110     
  0.38649999999999995        7.1377848404723720E-002
  0.38699999999999996       0.11161377961566279     
  0.38750000000000001       0.12055782549230722     
  0.38800000000000001       0.13358571954958484     
  0.38849999999999996       0.11187963762016599     
  0.38899999999999996       0.17743636496160381     
  0.38950000000000001       0.22556141425636383     
  0.39000000000000001       0.16282282763606967     
  0.39049999999999996       0.16527197094087903     
  0.39099999999999996       0.20564630109736573     
  0.39150000000000001       0.17975414461487457     
  0.39200000000000002       0.14991725553483318     
  0.39249999999999996       0.17259584514301826     
  0.39299999999999996       0.21822805910565210     
  0.39350000000000002       0.16962378575502754     
  0.39400000000000002       0.14589786798573876     
  0.39449999999999996       0.17970559225613453     
  0.39499999999999996       0.13492112010793705     
  0.39549999999999996       0.10381060287848064     
  0.39600000000000002       0.14184008647732338     
  0.39649999999999996        6.0155093583550742E-002
  0.39699999999999996       0.11531399485800183     
  0.39749999999999996       0.18447265821205280     
  0.39800000000000002       0.11760105466156542     
  0.39849999999999997       0.13371176660245804     
  0.39899999999999997       0.14786694387336774     
  0.39949999999999997       0.13995650637967155     
  0.40000000000000002        9.7728365383525612E-002
  0.40049999999999997       0.10779730439869982     
  0.40099999999999997       0.13654371973270837     
  0.40149999999999997       0.16946614300628682     
  0.40200000000000002       0.10107674523156762     
  0.40249999999999997       0.13512675559161369     
  0.40299999999999997       0.16857815854958363     
  0.40349999999999997       0.13198870262036405     
  0.40399999999999997       0.13558738513803401     
  0.40449999999999997        7.6414478130142391E-002
  0.40499999999999997        8.7489689923813910E-002
  0.40549999999999997       0.10429434458772251     
  0.40599999999999997       0.15140723406744699     
  0.40650000000000003       0.10326377710550844     
  0.40699999999999997       0.12059038866449617     
  0.40749999999999997        9.3596202947722362E-002
  0.40799999999999997        4.5176634687192872E-002
  0.40850000000000003        5.4654256342377805E-002
  0.40899999999999997        7.9033109577753918E-002
  0.40949999999999998        4.2117903068628566E-002
  0.40999999999999998        5.2406770559839673E-002
  0.41050000000000003        2.9949002585040838E-002
  0.41099999999999998       -3.8888956143258963E-002
  0.41149999999999998        2.1277303223495962E-002
  0.41199999999999998       0.14024017724189872     
  0.41250000000000003       0.13850811840315677     
  0.41299999999999998       0.16910314298080398     
  0.41349999999999998       0.15359227771747266     
  0.41399999999999998        9.6287089174582591E-002
  0.41449999999999998       0.13529012172038143     
  0.41499999999999992       0.12711507710893141     
  0.41549999999999998       0.13926731872194351     
  0.41599999999999998       0.10950415369958899     
  0.41649999999999998        4.6539432564661351E-004
  0.41699999999999993        2.3471704694470730E-002
  0.41749999999999998        9.8697669992125203E-003
  0.41799999999999998        7.6249642154700550E-002
  0.41849999999999998        5.9212543799518687E-002
  0.41899999999999993       -3.2004224920883513E-002
  0.41949999999999998        1.2630243437073568E-002
  0.41999999999999998        1.0217576755221119E-002
  0.42049999999999998       0.13351627679061384     
  0.42099999999999993        8.8876336594307506E-002
  0.42149999999999999       0.10957872023670694     
  0.42199999999999999       0.10236375222346485     
  0.42249999999999999        5.2242765823477262E-002
  0.42299999999999993       0.11548164705496286     
  0.42349999999999999        8.1546716397744287E-002
  0.42399999999999999        9.9969923962629367E-002
  0.42449999999999999        9.1952757349675895E-002
  0.42499999999999993       0.10151617540830776     
  0.42549999999999993        8.4829710547679321E-002
  0.42599999999999999       0.10998411951153469     
  0.42649999999999999        5.2730864071718883E-002
  0.42699999999999999        7.9895675617947578E-003
  0.42749999999999994       -4.8408465794663583E-002
  0.42799999999999999       -3.5277705408993292E-003
  0.42849999999999999       -1.7537165633236592E-002
  0.42899999999999999        1.1655476767564146E-003
  0.42949999999999994        3.7528234585779148E-002
  0.42999999999999999       -2.4022624067842186E-002
  0.43049999999999999       -6.1598768395858476E-002
  0.43099999999999999       -5.9271195054557774E-002
  0.43149999999999994       -5.5365396624390745E-002
  0.43200000000000000        3.0009611747632198E-002
  0.43250000000000000        5.5879638049309066E-002
  0.43300000000000000       -5.0596121260477862E-002
  0.43349999999999994        2.3779496714627143E-002
  0.43400000000000000       -7.9323304815679341E-002
  0.43450000000000000       -6.3696711568355893E-002
  0.43500000000000000      -0.11344350898643554     
  0.43549999999999994      -0.10998500151721613     
  0.43599999999999994        1.0211759655714985E-002
  0.43650000000000000        1.3960376724118451E-003
  0.43700000000000000       -2.5123765704251648E-003
  0.43749999999999994        8.9182612697947208E-002
  0.43799999999999994       -1.3128383240250355E-002
  0.43850000000000000       -4.7378358829419182E-002
  0.43900000000000000        3.0343514997166815E-003
  0.43949999999999995       -4.9759567268041136E-004
  0.43999999999999995        5.5292747536962103E-002
  0.44050000000000000        2.8265412767803186E-002
  0.44100000000000000       -1.4662508107100052E-002
  0.44149999999999995       -7.5268450066885720E-002
  0.44199999999999995        4.1188215554547311E-002
  0.44250000000000000       -1.3347838484272075E-002
  0.44300000000000000       -6.6226299715880649E-002
  0.44349999999999995       -7.4283782381144817E-002
  0.44399999999999995       -1.9357706476255992E-002
  0.44450000000000001       -4.4201732077439521E-002
  0.44500000000000001        3.1102871203112413E-002
  0.44549999999999995        6.0884707928037018E-002
  0.44599999999999995        1.8459964169864344E-002
  0.44649999999999995        1.1761168968026538E-002
  0.44700000000000001       -4.4026886232180987E-003
  0.44749999999999995       -6.7756923864707663E-002
  0.44799999999999995       -4.5158930279766488E-002
  0.44849999999999995        7.2356380727407216E-002
  0.44900000000000001        3.7899022709408724E-002
  0.44950000000000001        3.5022046427056426E-002
  0.44999999999999996        7.0070613259484549E-002
  0.45049999999999996        4.9520082313641384E-002
  0.45100000000000001        7.6924143268792253E-002
  0.45150000000000001        6.3681060784182397E-002
  0.45199999999999996        3.0071962389541858E-002
  0.45249999999999996       -3.0236644635429990E-002
  0.45300000000000001       -4.3347208829578800E-002
  0.45350000000000001       -6.5109532260499522E-002
  0.45399999999999996        6.6700684436887300E-002
  0.45449999999999996       -1.2724661992177288E-002
  0.45500000000000002        3.5100181439281099E-002
  0.45550000000000002       -4.7542153827728549E-002
  0.45599999999999996       -3.4091492444903858E-002
  0.45649999999999996      -0.11713155640756551     
  0.45699999999999996       -3.2116816646489783E-003
  0.45750000000000002        6.4239871731976234E-002
  0.45799999999999996       -9.6198565865778421E-002
  0.45849999999999996      -0.11066982727741549     
  0.45899999999999996       -3.6505713484070432E-002
  0.45950000000000002       -5.4393739197484865E-002
  0.45999999999999996       -4.8905629108873055E-002
  0.46049999999999996        2.4538733488285269E-003
  0.46099999999999997       -4.8005275091272614E-002
  0.46150000000000002        2.3409322265238019E-002
  0.46199999999999997        1.7774701582902849E-003
  0.46249999999999997        2.0266191007364605E-002
  0.46299999999999997        4.0125761488049951E-002
  0.46350000000000002       -2.0672192368246974E-002
  0.46399999999999997        8.8472418216771362E-002
  0.46449999999999997        6.5462732139800736E-002
  0.46499999999999997       0.10502531014208037     
  0.46549999999999997       0.11010059832487237     
  0.46599999999999997       -3.3772228549337382E-002
  0.46649999999999997       -9.0636989680992167E-002
  0.46699999999999997       -5.5928435674649796E-003
  0.46749999999999997        4.0707849469152957E-002
  0.46799999999999992        5.0871179691738662E-002
  0.46849999999999997        4.8481029549652645E-002
  0.46899999999999997       -5.9053543117939672E-002
  0.46949999999999997       -1.7517107637913974E-003
  0.47000000000000003       -7.3889885986767462E-002
  0.47049999999999997       -8.4825538765794170E-002
  0.47099999999999997       -7.8871687324541556E-002
  0.47149999999999997        6.1768441056031805E-002
  0.47200000000000003        8.2470220426388421E-002
  0.47249999999999998        2.5627033668845250E-002
  0.47299999999999998        8.0300774242096622E-003
  0.47349999999999998       -1.4211328104935930E-002
  0.47400000000000003        6.1197088322420875E-003
  0.47449999999999998       -3.6891339623281992E-003
  0.47499999999999998        1.6381103866207867E-002
  0.47549999999999998        9.4754517670754285E-003
  0.47599999999999998        1.1497613405052873E-002
  0.47649999999999992       -7.0895349297197471E-003
  0.47699999999999998       -6.0630011646895667E-002
  0.47749999999999998       -3.1166694414794228E-002
  0.47799999999999998       -1.8048664205393892E-002
  0.47849999999999993       -2.1161695331541816E-002
  0.47899999999999998        4.5184245436768203E-002
  0.47949999999999998       0.11188246812421672     
  0.47999999999999998        6.8522753762017982E-002
  0.48049999999999993        8.9476425741239818E-002
  0.48099999999999998       0.10757600321451169     
  0.48149999999999998        4.5278503561154128E-002
  0.48199999999999998       -1.5773124229130350E-002
  0.48249999999999993        1.9506706967018110E-002
  0.48299999999999998        7.3962645772873703E-002
  0.48349999999999999        6.8866513362732987E-002
  0.48399999999999999        9.5873558473178397E-002
  0.48449999999999993        6.0171863045451510E-002
  0.48499999999999999        9.5003661294103994E-002
  0.48549999999999999        9.3017849232489430E-002
  0.48599999999999999        1.1477474656515762E-002
  0.48649999999999993        2.1763371916376811E-002
  0.48699999999999993       -2.1895339356936737E-002
  0.48749999999999999        2.6780729465128231E-002
  0.48799999999999999       -7.7791801435351891E-003
  0.48849999999999993       -1.3751716680963642E-002
  0.48899999999999993       -1.7938531462576911E-002
  0.48949999999999999       -1.0677894531099170E-003
  0.48999999999999999        5.1804941237914133E-002
  0.49049999999999994       -1.7401483102150114E-002
  0.49099999999999994        5.6896441193284068E-002
  0.49149999999999999       -6.9978809773930169E-003
  0.49199999999999999        2.4583344771151643E-002
  0.49249999999999999       -3.4945099284927929E-003
  0.49299999999999994       -2.4861743517214846E-002
  0.49349999999999999       -7.5170065442579412E-002
  0.49399999999999999       -4.1195350072918489E-002
  0.49450000000000000       -3.2595581480343028E-002
  0.49499999999999994       -3.1768842372950072E-002
  0.49550000000000000        9.2016643675394572E-003
  0.49600000000000000       -6.5686310091322503E-002
  0.49650000000000000       -2.0352373713096283E-002
  0.49699999999999994        9.6286220469389506E-004
  0.49749999999999994        1.5781638449421959E-002
  0.49800000000000000        6.9285186726236675E-003
  0.49850000000000000        7.3117528268418436E-003
  0.49899999999999994        4.6935635892713864E-002
  0.49949999999999994        2.5238315237936250E-003
