   0.0000000000000000       0.99999999999998546     
   7.0000000000000007E-002  0.98479537236072701     
  0.14000000000000001       0.94081850436222192     
  0.20999999999999999       0.87581808445768838     
  0.28000000000000003       0.90037721690721850     
  0.35000000000000003       0.99325456923779409     
  0.41999999999999998       0.98719160284816743     
  0.49000000000000005       0.99921282814957824     
  0.56000000000000005       0.98440336858585886     
  0.63000000000000012       0.99506150818543648     
  0.70000000000000007       0.99874440473244253     
  0.77000000000000002       0.98331736455976337     
  0.83999999999999997       0.99315605130759799     
  0.91000000000000014       0.99803287378247096     
  0.98000000000000009       0.99066348073874544     
   1.0500000000000000       0.99614897554609039     
   1.1200000000000001       0.99691735108217205     
   1.1899999999999999       0.99781519920823958     
   1.2600000000000002       0.99725408722179087     
   1.3300000000000001       0.99693858544444391     
   1.4000000000000001       0.99625542697254421     
   1.4700000000000002       0.99414880484725665     
   1.5400000000000000       0.99698240220802958     
   1.6100000000000001       0.99515663490447370     
   1.6799999999999999       0.99661685465085570     
   1.7500000000000002       0.99147332459165227     
   1.8200000000000003       0.99477911403769814     
   1.8900000000000001       0.99336819365154228     
   1.9600000000000002       0.99648561636723609     
   2.0300000000000002       0.99107788783373618     
   2.1000000000000001       0.97469230704344112     
   2.1700000000000004       0.98203349861534528     
   2.2400000000000002       0.99654977784424015     
   2.3100000000000001       0.99650881019402049     
   2.3799999999999999       0.99714138935528729     
   2.4500000000000002       0.99518241784276351     
   2.5200000000000005       0.99037358927126040     
   2.5900000000000003       0.99648757362425477     
   2.6600000000000001       0.99564460388193798     
   2.7300000000000000       0.99365289358734832     
   2.8000000000000003       0.99643695001578858     
   2.8700000000000006       0.99461112706007349     
   2.9400000000000004       0.99543669210531338     
   3.0100000000000002       0.99277997904440929     
   3.0800000000000001       0.99553168109449375     
   3.1499999999999999       0.99544215411732540     
   3.2200000000000002       0.97150423329968061     
   3.2900000000000000       0.99385208696480953     
   3.3599999999999999       0.98835731395955884     
   3.4300000000000006       0.99161227034586430     
   3.5000000000000004       0.99382736321835752     
   3.5700000000000003       0.99614882401344407     
   3.6400000000000006       0.99139643457040738     
   3.7100000000000004       0.99502975995514098     
   3.7800000000000002       0.98938971408291820     
   3.8500000000000001       0.99735046278498451     
   3.9200000000000004       0.99502221786992895     
   3.9900000000000002       0.99744721979780326     
   4.0600000000000005       0.99099884873748068     
   4.1300000000000008       0.99380547279157405     
   4.2000000000000002       0.99418272258405749     
   4.2700000000000005       0.99151364174470147     
   4.3400000000000007       0.99458853815113402     
   4.4100000000000001       0.99162406079932486     
   4.4800000000000004       0.99365035049027106     
   4.5500000000000007       0.99184871675197583     
   4.6200000000000001       0.99301887222965968     
   4.6900000000000004       0.99250972790488312     
   4.7599999999999998       0.98852174498296297     
   4.8300000000000001       0.98898633697258764     
   4.9000000000000004       0.99276571976969274     
   4.9700000000000006       0.99245014652146701     
   5.0400000000000009       0.99410962945254899     
   5.1100000000000003       0.99169939344133262     
   5.1800000000000006       0.98072149959405241     
   5.2500000000000000       0.98698133086435191     
   5.3200000000000003       0.98897325943716474     
   5.3900000000000006       0.97825819250190627     
   5.4600000000000000       0.98526627051097648     
   5.5300000000000002       0.99291695733482788     
   5.6000000000000005       0.98766755326020716     
   5.6700000000000008       0.99083301836789517     
   5.7400000000000011       0.98615716821217769     
   5.8100000000000005       0.98348221275144132     
   5.8800000000000008       0.99523918778598419     
   5.9500000000000002       0.99006980624498242     
   6.0200000000000005       0.98999138030211842     
   6.0900000000000007       0.99188849234042309     
   6.1600000000000001       0.98110922598023464     
   6.2300000000000004       0.98882535772107449     
   6.2999999999999998       0.98818106898964064     
   6.3700000000000001       0.98606303898325531     
   6.4400000000000004       0.98999422484433142     
   6.5099999999999998       0.98107255019512274     
   6.5800000000000001       0.98756073963485824     
   6.6500000000000004       0.98850791767459067     
   6.7199999999999998       0.98765339794785667     
   6.7900000000000009       0.99209788725541193     
   6.8600000000000012       0.98887459409872769     
   6.9300000000000006       0.97835368611519713     
   7.0000000000000009       0.98401258641383416     
   7.0700000000000012       0.98388192768766236     
   7.1400000000000006       0.99041785332518661     
   7.2100000000000009       0.99330992703103294     
   7.2800000000000011       0.98930172875598199     
   7.3500000000000005       0.99597304013558829     
   7.4200000000000008       0.97845735848147530     
   7.4900000000000002       0.98785870705869983     
   7.5600000000000005       0.99489693182534744     
   7.6300000000000008       0.99482331719741945     
   7.7000000000000002       0.99447978085904409     
   7.7700000000000005       0.99472276228082479     
   7.8400000000000007       0.99465240019052237     
   7.9100000000000001       0.99521813081918520     
   7.9800000000000004       0.99594648802198016     
   8.0500000000000007       0.99443659563451514     
   8.1200000000000010       0.99572064392329862     
   8.1899999999999995       0.98821173191678757     
   8.2600000000000016       0.99237277645954125     
   8.3300000000000018       0.99551981935054623     
   8.4000000000000004       0.99631466903484545     
   8.4700000000000006       0.99664503189164710     
   8.5400000000000009       0.99334835146987455     
   8.6100000000000012       0.99556852253951833     
   8.6800000000000015       0.99027762417766363     
   8.7500000000000018       0.99523673182374128     
   8.8200000000000003       0.99488455623830230     
   8.8900000000000006       0.99508061239883072     
   8.9600000000000009       0.99664620560000972     
   9.0300000000000011       0.99386129434938864     
   9.1000000000000014       0.99407276519654830     
   9.1699999999999999       0.99504387800317284     
   9.2400000000000002       0.99308204583096826     
   9.3100000000000005       0.98947424870058642     
   9.3800000000000008       0.99197238914683528     
   9.4500000000000011       0.99051111024400651     
   9.5199999999999996       0.99252433519149352     
   9.5899999999999999       0.99053853895591881     
   9.6600000000000001       0.99695078355757971     
   9.7300000000000022       0.99645006014977866     
   9.8000000000000007       0.99658089300073738     
   9.8700000000000010       0.99541587235337414     
   9.9400000000000013       0.99508377022470895     
   10.010000000000002       0.99607124113675316     
   10.080000000000002       0.99635826485553325     
   10.150000000000000       0.99648115236182888     
   10.220000000000001       0.99592533759111579     
   10.290000000000001       0.99638659607088242     
   10.360000000000001       0.99472931587478852     
   10.430000000000001       0.99532481759264990     
   10.500000000000000       0.99379764738317633     
   10.570000000000000       0.99509430077237193     
   10.640000000000001       0.99509062169250628     
   10.710000000000001       0.99776380415642274     
   10.780000000000001       0.99489268935090058     
   10.850000000000001       0.99765722765048448     
   10.920000000000000       0.99565752039462008     
   10.990000000000000       0.99461057380749174     
   11.060000000000000       0.99484913150940202     
   11.130000000000001       0.99692935250678638     
   11.200000000000001       0.99617604282843863     
   11.270000000000001       0.99690301485010480     
   11.340000000000002       0.98855346216724982     
   11.410000000000002       0.99723712229626760     
   11.480000000000002       0.99668299647842673     
   11.550000000000001       0.99609401627152860     
   11.620000000000001       0.99616906389702875     
   11.690000000000001       0.99380632697570681     
   11.760000000000002       0.99512036470645548     
   11.830000000000002       0.99615106408004128     
   11.900000000000000       0.99663653724247525     
   11.970000000000001       0.99692095330137742     
   12.040000000000001       0.99729091973376149     
   12.110000000000001       0.99724329584570470     
   12.180000000000001       0.99446605574960545     
   12.250000000000000       0.99502827255945325     
   12.320000000000000       0.99434247388898178     
   12.390000000000001       0.99368793800880062     
   12.460000000000001       0.99539354104695255     
   12.530000000000001       0.99335678161812113     
   12.600000000000000       0.99432021505664236     
   12.670000000000000       0.99743852245770015     
   12.740000000000000       0.99485718002405898     
   12.810000000000000       0.99711180628233254     
   12.880000000000001       0.99375724257108189     
   12.950000000000001       0.99736096987792999     
   13.020000000000000       0.99545362350531752     
   13.090000000000000       0.99613019113401402     
   13.160000000000000       0.99693147906212065     
   13.230000000000000       0.99660685212193356     
   13.300000000000001       0.99635416086618134     
   13.369999999999999       0.99677582813380883     
   13.440000000000000       0.99508608329330916     
   13.510000000000002       0.99549011062427284     
   13.580000000000002       0.99767783122773057     
   13.650000000000002       0.99698590828961031     
   13.720000000000002       0.99708674650445761     
   13.790000000000003       0.99587037638467890     
   13.860000000000001       0.99285592181864601     
   13.930000000000001       0.99720632193100966     
   14.000000000000002       0.99552750129889778     
   14.070000000000002       0.99658426364680219     
   14.140000000000002       0.99544269525921891     
   14.210000000000003       0.99537529203162722     
   14.280000000000001       0.99753811735646081     
   14.350000000000001       0.99634860311204343     
   14.420000000000002       0.99554912533398388     
   14.490000000000002       0.99608679413783796     
   14.560000000000002       0.99542893033773150     
   14.630000000000001       0.99534845452423759     
   14.700000000000001       0.99693852522905479     
   14.770000000000001       0.99482287322787333     
   14.840000000000002       0.99408285139499675     
   14.910000000000002       0.99477552556798898     
   14.980000000000000       0.99699132285806358     
   15.050000000000001       0.99442196887110901     
   15.120000000000001       0.99748413461691821     
   15.190000000000001       0.99776305699576540     
   15.260000000000002       0.99433104480475110     
   15.330000000000002       0.99573584744661314     
   15.400000000000000       0.99617411038703174     
   15.470000000000001       0.99621906902938917     
   15.540000000000001       0.99696648184721692     
   15.610000000000001       0.99669863275281978     
   15.680000000000001       0.99757570389328865     
   15.750000000000000       0.99355153674013275     
   15.820000000000000       0.99579629396344671     
   15.890000000000001       0.99745968581231470     
   15.960000000000001       0.99696009224732274     
   16.030000000000001       0.99679532504909640     
   16.100000000000001       0.99578358306536718     
   16.170000000000002       0.99798379657053793     
   16.240000000000002       0.99559136325925257     
   16.309999999999999       0.99686370829755755     
   16.379999999999999       0.99568355617129911     
   16.450000000000003       0.99351657281168548     
   16.520000000000003       0.99440432046378913     
   16.590000000000003       0.99631420023942763     
   16.660000000000004       0.99630064362223336     
   16.730000000000004       0.99632120384453160     
   16.800000000000001       0.99564845549203973     
   16.870000000000001       0.99586088607400147     
   16.940000000000001       0.99768830793623298     
   17.010000000000002       0.99587814120731388     
   17.080000000000002       0.99713133887136085     
   17.150000000000002       0.99382335970189239     
   17.220000000000002       0.99758166938991277     
   17.290000000000003       0.99562865294796421     
   17.360000000000003       0.99578127996620636     
   17.430000000000003       0.99668288329225641     
   17.500000000000004       0.99584901708709883     
   17.570000000000000       0.99679008697292315     
   17.640000000000001       0.99666483548343199     
   17.710000000000001       0.99758391160445736     
   17.780000000000001       0.99691971640421662     
   17.850000000000001       0.99788974910427974     
   17.920000000000002       0.99775678407031576     
   17.990000000000002       0.99557312011335286     
   18.060000000000002       0.99521959408118243     
   18.130000000000003       0.99663702143807353     
   18.200000000000003       0.99679756276073306     
   18.270000000000000       0.99719608540772731     
   18.340000000000000       0.99658466640980392     
   18.410000000000000       0.99519094211060388     
   18.480000000000000       0.99446488540667666     
   18.550000000000001       0.99478445812353811     
   18.620000000000001       0.99702934971165402     
   18.690000000000001       0.99598026195108469     
   18.760000000000002       0.99561715879963342     
   18.830000000000002       0.99748280681547352     
   18.900000000000002       0.99608134673422133     
   18.970000000000002       0.99550444575729047     
   19.039999999999999       0.99519904592490227     
   19.109999999999999       0.99638066703088379     
   19.180000000000000       0.99427027698331816     
   19.250000000000000       0.99586297658612655     
   19.320000000000000       0.99626092195561300     
   19.390000000000001       0.99635621433046406     
   19.460000000000004       0.99500728474448641     
   19.530000000000001       0.99578118655053649     
   19.600000000000001       0.99707367752165488     
   19.670000000000002       0.99595187070444902     
   19.740000000000002       0.99608933982041203     
   19.810000000000002       0.99832155430586267     
   19.880000000000003       0.99441170865611805     
   19.950000000000003       0.99310673701354935     
   20.020000000000003       0.99656756707501015     
   20.090000000000003       0.99609290063689537     
   20.160000000000004       0.99554830892898549     
   20.230000000000004       0.99660038021393160     
   20.300000000000001       0.99597430699295231     
   20.370000000000001       0.99372437088470933     
   20.440000000000001       0.99539249609931268     
   20.510000000000002       0.99589245093958201     
   20.580000000000002       0.99628023557198242     
   20.650000000000002       0.99503391999987345     
   20.720000000000002       0.99664745265967480     
   20.790000000000003       0.99572933692443943     
   20.860000000000003       0.99635185657112180     
   20.930000000000003       0.99537301048821614     
   21.000000000000000       0.99650991574840453     
   21.070000000000000       0.99615436529403611     
   21.140000000000001       0.99481018607519633     
   21.210000000000001       0.99669800913697881     
   21.280000000000001       0.99645696625813363     
   21.350000000000001       0.99654643909386365     
   21.420000000000002       0.99775514353842099     
   21.490000000000002       0.99567627631266775     
   21.560000000000002       0.99698457063171453     
   21.630000000000003       0.99656917056917793     
   21.700000000000003       0.99629817934291320     
   21.770000000000000       0.99665596352649766     
   21.840000000000000       0.99644550341795046     
   21.910000000000000       0.99536440972340978     
   21.980000000000000       0.99568403840113684     
   22.050000000000001       0.99318325084946579     
   22.120000000000001       0.99493494289149986     
   22.190000000000001       0.99586375163829377     
   22.260000000000002       0.99518939742501777     
   22.330000000000002       0.99473555629114196     
   22.400000000000002       0.99602942096432878     
   22.470000000000002       0.99535478922901199     
   22.540000000000003       0.99591042568442956     
   22.609999999999999       0.99636228468693955     
   22.680000000000003       0.99656585454915370     
   22.750000000000000       0.99470879728339734     
   22.820000000000004       0.99516063198517790     
   22.890000000000001       0.99497516300205047     
   22.960000000000004       0.99619863450166901     
   23.030000000000001       0.99612502166572536     
   23.100000000000001       0.99416737271927480     
   23.170000000000002       0.99619832273715514     
   23.240000000000002       0.99616501518214362     
   23.309999999999999       0.99554019588346643     
   23.380000000000003       0.99545636067734333     
   23.449999999999999       0.99498594111137251     
   23.520000000000003       0.99641873626554645     
   23.590000000000000       0.99550766008306479     
   23.660000000000004       0.99575359398583374     
   23.730000000000000       0.99677804321908037     
   23.800000000000001       0.99537802758121985     
   23.870000000000001       0.99701096518019905     
   23.940000000000001       0.99599069288973685     
   24.010000000000005       0.99537235861879136     
   24.080000000000002       0.99534152097050765     
   24.150000000000006       0.99604047563949616     
   24.220000000000002       0.99427481596896850     
   24.290000000000003       0.99597700859260463     
   24.360000000000003       0.99330258481687694     
   24.430000000000003       0.99602951216328739     
   24.500000000000000       0.99480030811682785     
   24.570000000000004       0.99616187220860974     
   24.640000000000001       0.99387156714644331     
   24.710000000000004       0.99547886515281481     
   24.780000000000001       0.99681512869101430     
   24.850000000000005       0.99628279318752755     
   24.920000000000002       0.99563541152407653     
   24.990000000000002       0.99631693069468386     
   25.060000000000002       0.99488883192420263     
   25.130000000000003       0.99541764635024110     
   25.199999999999999       0.99561298022972811     
   25.270000000000003       0.99517621539688816     
   25.340000000000000       0.99612664919639959     
   25.410000000000004       0.99509693668918353     
   25.480000000000000       0.99579296040141385     
   25.550000000000004       0.99720386151891227     
   25.620000000000001       0.99413697064384321     
   25.690000000000005       0.99524104315732698     
   25.760000000000002       0.99459960439017536     
   25.830000000000002       0.99770486289313109     
   25.900000000000002       0.99564791447899814     
   25.970000000000002       0.99437996750880486     
   26.039999999999999       0.99549314890234186     
   26.110000000000003       0.99694308090610761     
   26.180000000000000       0.99595331788442010     
   26.250000000000004       0.99581237085290031     
   26.320000000000000       0.99577584452945533     
   26.390000000000004       0.99630972970848120     
   26.460000000000001       0.99487025788601879     
   26.530000000000001       0.99298314311394431     
   26.600000000000001       0.99540492360575927     
   26.670000000000002       0.99476198781388181     
   26.739999999999998       0.99597250602178555     
   26.810000000000002       0.99405637519600909     
   26.879999999999999       0.99525457201563916     
   26.950000000000003       0.99490911848225005     
   27.020000000000003       0.99314802478091280     
   27.090000000000003       0.99583163996141133     
   27.160000000000004       0.99487193524439854     
   27.230000000000000       0.99318232515844040     
   27.300000000000004       0.99480807696215567     
   27.370000000000001       0.99468187894127291     
   27.440000000000005       0.99575329402847856     
   27.510000000000002       0.99502103381920015     
   27.580000000000005       0.99584200671238177     
   27.650000000000002       0.99495748953820873     
   27.720000000000002       0.99195764452210744     
   27.790000000000003       0.99494003097438333     
   27.860000000000003       0.99520431005998788     
   27.930000000000000       0.99454180466655051     
   28.000000000000004       0.99410846350269388     
   28.070000000000000       0.99447787813699995     
   28.140000000000004       0.99475823561226306     
   28.210000000000001       0.99543875723009023     
   28.280000000000005       0.99396007757999527     
   28.350000000000001       0.99515992101801709     
   28.420000000000005       0.99524442602106111     
   28.490000000000002       0.99287662673687460     
   28.560000000000002       0.99648018175106656     
   28.630000000000003       0.99485734373902157     
   28.700000000000003       0.99433741429938782     
   28.770000000000000       0.99655103743450091     
   28.840000000000003       0.99581096840519723     
   28.910000000000000       0.99481599986819791     
   28.980000000000004       0.99533415921892621     
   29.050000000000001       0.99497236241226816     
   29.120000000000005       0.99066593520998769     
   29.190000000000001       0.99529150602608374     
   29.260000000000002       0.99367315982423221     
   29.330000000000002       0.99336337138467568     
   29.400000000000002       0.99488189010003147     
   29.469999999999999       0.99610124777768005     
   29.540000000000003       0.99490019780638972     
   29.609999999999999       0.99464307967193144     
   29.680000000000003       0.99449371270208908     
   29.750000000000000       0.99596215334536398     
   29.820000000000004       0.99316929488844530     
   29.890000000000004       0.99430783119866839     
   29.960000000000001       0.99559101149734219     
   30.030000000000005       0.99539524880646502     
   30.100000000000001       0.99504427815382013     
   30.170000000000005       0.99312251837906951     
   30.240000000000002       0.99384541158330764     
   30.310000000000006       0.99370388824369782     
   30.380000000000003       0.99266758908604169     
   30.450000000000003       0.99448738923365421     
   30.520000000000003       0.99418480101915840     
   30.590000000000003       0.99366102464085093     
   30.660000000000004       0.99611138308676861     
   30.730000000000004       0.99306870626623400     
   30.800000000000001       0.99208055366578496     
   30.870000000000005       0.99532228400644418     
   30.940000000000001       0.99431042860493413     
   31.010000000000005       0.99611272176351995     
   31.080000000000002       0.99571829565996273     
   31.150000000000006       0.99418542586265746     
   31.220000000000002       0.99520661281480405     
   31.290000000000003       0.99453114519974972     
   31.360000000000003       0.99493273571680829     
   31.430000000000003       0.99475108144210522     
   31.500000000000000       0.99370455859643525     
   31.570000000000004       0.99530725587383584     
   31.640000000000001       0.99601042824372243     
   31.710000000000004       0.99353269854507120     
   31.780000000000001       0.99490876343010981     
   31.850000000000005       0.99471581826834932     
   31.920000000000002       0.99578211856313370     
   31.990000000000002       0.99525179938375208     
   32.060000000000002       0.99086419109008794     
   32.130000000000003       0.99402206243191793     
   32.200000000000003       0.99393100534137113     
   32.270000000000003       0.99464744141403783     
   32.340000000000003       0.99363917195040319     
   32.410000000000004       0.99373319693220874     
   32.480000000000004       0.99374681605308490     
   32.550000000000004       0.99472419536377288     
   32.619999999999997       0.99555916273793632     
   32.690000000000005       0.99442227436256148     
   32.759999999999998       0.99499347021293749     
   32.830000000000005       0.99387787955206930     
   32.900000000000006       0.99406841157981018     
   32.970000000000006       0.99443146023178031     
   33.040000000000006       0.99404146251137060     
   33.109999999999999       0.99312300402343279     
   33.180000000000007       0.99398468894403169     
   33.250000000000000       0.99236267508222242     
   33.320000000000007       0.99255955829686704     
   33.390000000000001       0.99476486832630329     
   33.460000000000008       0.99337775176025844     
   33.530000000000001       0.99549242951311046     
   33.600000000000001       0.99307309799957311     
   33.670000000000002       0.99392860973152553     
   33.740000000000002       0.99571709045305468     
   33.810000000000002       0.99120840261864751     
   33.880000000000003       0.99496144940812392     
   33.950000000000003       0.99310086416048682     
   34.020000000000003       0.98871322540156337     
   34.090000000000003       0.99466259678909164     
   34.160000000000004       0.99314516862493241     
   34.230000000000004       0.99444804338649573     
   34.300000000000004       0.99204776988086107     
   34.370000000000005       0.99317479091718786     
   34.440000000000005       0.99432789552676315     
   34.509999999999998       0.99485097357723229     
   34.580000000000005       0.99337199391811870     
   34.649999999999999       0.99381247224661162     
   34.720000000000006       0.99335902873733217     
   34.789999999999999       0.99310850374316073     
   34.860000000000007       0.99343281646503234     
   34.930000000000000       0.99473318786659470     
   35.000000000000007       0.99243226909381366     
   35.070000000000000       0.99442783874476559     
   35.140000000000001       0.99258514225203343     
   35.210000000000001       0.99273591873127198     
   35.280000000000001       0.99129013320179937     
   35.350000000000001       0.99487916137612675     
   35.420000000000002       0.99444700025055832     
   35.490000000000002       0.99253632094711297     
   35.560000000000002       0.99583509907647449     
   35.630000000000003       0.99334394233791234     
   35.700000000000003       0.98871990158182432     
   35.770000000000003       0.99499325547859274     
   35.840000000000003       0.99199063886087779     
   35.910000000000004       0.99470308684613851     
   35.980000000000004       0.99533650983039745     
   36.050000000000004       0.99353452519973262     
   36.120000000000005       0.99088567829897523     
   36.190000000000005       0.99504457921681022     
   36.260000000000005       0.99384120578356872     
   36.330000000000005       0.99116405903166693     
   36.400000000000006       0.99393128663347718     
   36.470000000000006       0.98971411056049718     
   36.539999999999999       0.99282866463709141     
   36.610000000000007       0.99124110576419566     
   36.680000000000000       0.99342527903232769     
   36.750000000000007       0.98664838942944966     
   36.820000000000000       0.99101948892186442     
   36.890000000000008       0.99222797631435777     
   36.960000000000001       0.98862154443707462     
   37.030000000000001       0.99369313227226219     
   37.100000000000001       0.99400167685536300     
   37.170000000000002       0.99405901905892469     
   37.240000000000002       0.99144205548720754     
   37.310000000000002       0.99175720332400408     
   37.380000000000003       0.99402156128096142     
   37.450000000000003       0.99553396232111524     
   37.520000000000003       0.99480344980760338     
   37.590000000000003       0.99265404026186921     
   37.660000000000004       0.99133776426789233     
   37.730000000000004       0.99312379511529569     
   37.800000000000004       0.99358646423316943     
   37.870000000000005       0.99397432261158347     
   37.940000000000005       0.99394172461457420     
   38.010000000000005       0.99492440790486969     
   38.079999999999998       0.99429958667249674     
   38.150000000000006       0.99526838662011374     
   38.219999999999999       0.99329001159582753     
   38.290000000000006       0.99434695416177477     
   38.359999999999999       0.99465897999721731     
   38.430000000000007       0.99154946629588647     
   38.500000000000000       0.99292696529287927     
   38.570000000000000       0.99237639901778174     
   38.640000000000001       0.99341733548240729     
   38.710000000000001       0.99374559781556870     
   38.780000000000001       0.99309681885962253     
   38.850000000000001       0.99078985501353600     
   38.920000000000009       0.98945177205816925     
   38.990000000000002       0.99402868161952440     
   39.060000000000002       0.99319089570031449     
   39.130000000000003       0.99149664396221360     
   39.200000000000003       0.99243385612116031     
   39.270000000000003       0.99446620324816970     
   39.340000000000003       0.99212129542471639     
   39.410000000000004       0.99352534863746123     
   39.480000000000004       0.99477771302822016     
   39.550000000000004       0.99213691000952053     
   39.620000000000005       0.99351134404521024     
   39.690000000000005       0.99437716569334189     
   39.760000000000005       0.99003022980315469     
   39.830000000000005       0.99323908464958155     
   39.900000000000006       0.99167439879849550     
   39.970000000000006       0.99082114017737732     
   40.040000000000006       0.99364154996341691     
   40.109999999999999       0.99325411091434945     
   40.180000000000007       0.99308650716792124     
   40.250000000000000       0.99385424271174017     
   40.320000000000007       0.99202583238187159     
   40.390000000000001       0.99163744611065641     
   40.460000000000008       0.98903723869050419     
   40.530000000000001       0.98964363772139863     
   40.600000000000001       0.99406452984020821     
   40.670000000000002       0.99008911806284083     
   40.740000000000002       0.99391219266558206     
   40.810000000000002       0.99339914862435097     
   40.880000000000003       0.99183208506140319     
   40.950000000000003       0.99248857461684226     
   41.020000000000003       0.99183043405175797     
   41.090000000000003       0.99302537683350844     
   41.160000000000004       0.99031704552700495     
   41.230000000000004       0.99514249727952497     
   41.300000000000004       0.98996214052487386     
   41.370000000000005       0.98969657826471580     
   41.440000000000005       0.99052738080575087     
   41.509999999999998       0.99230753892815637     
   41.580000000000005       0.99257644777512022     
   41.649999999999999       0.98872861241716525     
   41.720000000000006       0.99130512139591964     
   41.789999999999999       0.99510560588209362     
   41.860000000000007       0.99288388402590255     
   41.930000000000007       0.99082401219985949     
   42.000000000000000       0.99379381316027038     
   42.070000000000007       0.99071832395940906     
   42.140000000000001       0.99220105599374164     
   42.210000000000008       0.99228430283089186     
   42.280000000000001       0.99108580787884570     
   42.350000000000009       0.99022484997242632     
   42.420000000000002       0.99034927506169990     
   42.490000000000009       0.98924252408413660     
   42.560000000000002       0.99074236319750486     
   42.630000000000003       0.98871507641601608     
   42.700000000000003       0.99257980149544034     
   42.770000000000003       0.99265906214695798     
   42.840000000000003       0.99154590294352829     
   42.910000000000004       0.99309842572612528     
   42.980000000000004       0.99386503360403711     
   43.050000000000004       0.98995474877472833     
   43.120000000000005       0.99216923090266085     
   43.190000000000005       0.99011878194804848     
   43.260000000000005       0.99259545504735991     
   43.330000000000005       0.98862540612215544     
   43.400000000000006       0.99388731257976204     
   43.470000000000006       0.99315172518769901     
   43.539999999999999       0.99504281506875525     
   43.610000000000007       0.99258848811784217     
   43.680000000000000       0.99120678913065563     
   43.750000000000007       0.98840988723816114     
   43.820000000000000       0.99444541642393136     
   43.890000000000008       0.99031543181275805     
   43.960000000000001       0.99083022635997997     
   44.030000000000001       0.99361737692322305     
   44.100000000000001       0.99468635478755008     
   44.170000000000002       0.99265018604740063     
   44.240000000000002       0.99344516995761556     
   44.310000000000002       0.99144134960789265     
   44.380000000000003       0.98983408991964361     
   44.450000000000003       0.98966376508515774     
   44.520000000000003       0.99086830102439860     
   44.590000000000003       0.99268262122146500     
   44.660000000000004       0.99349834215429955     
   44.730000000000004       0.99020537895998773     
   44.800000000000004       0.99377985953044645     
   44.870000000000005       0.99313973971144986     
   44.940000000000005       0.99434525934324669     
   45.010000000000005       0.99179031563086939     
   45.080000000000005       0.99575635656598627     
   45.150000000000006       0.99359651825155915     
   45.219999999999999       0.98916005206387692     
   45.290000000000006       0.99461573213530829     
   45.360000000000007       0.99352608492828642     
   45.430000000000007       0.99520049503289199     
   45.500000000000000       0.99037660468641886     
   45.570000000000000       0.99255307052881614     
   45.640000000000008       0.99242029417105981     
   45.710000000000008       0.99424268749844069     
   45.780000000000001       0.99167901633455280     
   45.850000000000001       0.98949005652742772     
   45.920000000000009       0.99091522230036999     
   45.990000000000009       0.99063768864036628     
   46.060000000000002       0.99153702915066522     
   46.130000000000003       0.98820660830437079     
   46.200000000000003       0.98942240998135011     
   46.270000000000010       0.99051117530105059     
   46.340000000000003       0.98437141485562796     
   46.410000000000004       0.99413629709384266     
   46.480000000000004       0.99125304798355818     
   46.550000000000004       0.98611911037084155     
   46.619999999999997       0.98834021999240274     
   46.690000000000005       0.99221088382147404     
   46.760000000000005       0.99379488924234882     
   46.830000000000005       0.99218011740071532     
   46.899999999999999       0.99338417137243540     
   46.969999999999999       0.98916499127442803     
   47.040000000000006       0.98174971312906756     
   47.110000000000007       0.99057557913950633     
   47.180000000000000       0.99414650444341346     
   47.250000000000000       0.98879449246646323     
   47.320000000000007       0.99322088335726222     
   47.390000000000008       0.99074454664120326     
   47.460000000000001       0.98635550552286566     
   47.530000000000001       0.98936846955153634     
   47.600000000000001       0.99200404796901431     
   47.670000000000009       0.99128815913865287     
   47.740000000000002       0.99034576493249749     
   47.810000000000002       0.99030627260303616     
   47.880000000000003       0.98935709080539258     
   47.950000000000010       0.98996097107737835     
   48.020000000000010       0.99026346903690732     
   48.090000000000003       0.99159252520558805     
   48.160000000000004       0.99254521525050032     
   48.230000000000004       0.99009891142751960     
   48.300000000000011       0.99055468617436848     
   48.370000000000005       0.99383716098656194     
   48.440000000000005       0.98911390896349871     
   48.510000000000005       0.99175227296875945     
   48.580000000000005       0.99078034075082766     
   48.649999999999999       0.99011422331469245     
   48.720000000000006       0.98617916534043426     
   48.790000000000006       0.99294861551745683     
   48.860000000000007       0.99069175836712609     
   48.930000000000000       0.98845103346917573     
   49.000000000000000       0.98981667709775689     
   49.070000000000007       0.99291858588377924     
   49.140000000000008       0.98550109079837644     
   49.210000000000001       0.99083453781869213     
   49.280000000000001       0.98835766729400842     
   49.350000000000009       0.99383591819690420     
   49.420000000000009       0.98903390875084807     
   49.490000000000002       0.99095157354287455     
   49.560000000000002       0.98617606124752533     
   49.630000000000003       0.99118286366651132     
   49.700000000000010       0.98846679957789318     
   49.770000000000003       0.99225096086103992     
   49.840000000000003       0.99282123661623667     
   49.910000000000004       0.98647859896972434     
   49.980000000000004       0.99193465967945793     
   50.049999999999997       0.99028891766294080     
   50.120000000000005       0.99186532136721817     
   50.190000000000005       0.99177564356951509     
   50.260000000000005       0.99124545156844779     
   50.329999999999998       0.98863528539191481     
   50.399999999999999       0.98830093254063989     
   50.470000000000006       0.99229184458230291     
   50.540000000000006       0.99434152803547549     
   50.609999999999999       0.98610133216990259     
   50.680000000000000       0.98746822365636000     
   50.750000000000007       0.98858452119956908     
   50.820000000000007       0.99348342910592424     
   50.890000000000008       0.98824416596433329     
   50.960000000000001       0.99350907174707670     
   51.030000000000001       0.99193663200433457     
   51.100000000000009       0.99265066671503177     
   51.170000000000009       0.99061746935915063     
   51.240000000000002       0.99161126059576965     
   51.310000000000002       0.99052358595665280     
   51.380000000000010       0.98246464344068085     
   51.450000000000010       0.99429385882841703     
   51.520000000000003       0.99014086783501021     
   51.590000000000003       0.98916920418990728     
   51.660000000000004       0.99325496260130208     
   51.730000000000011       0.98623275498103458     
   51.800000000000004       0.99177729129616432     
   51.870000000000005       0.99065969067638093     
   51.940000000000005       0.99224484836299498     
   52.010000000000005       0.99051599585025918     
   52.079999999999998       0.99109877938457169     
   52.150000000000006       0.98968386334967062     
   52.220000000000006       0.98747091522621666     
   52.290000000000006       0.98779617076498838     
   52.359999999999999       0.98425756859629054     
   52.430000000000000       0.99270544833544405     
   52.500000000000007       0.98773211549156958     
   52.570000000000007       0.98834982422562390     
   52.640000000000001       0.98827943130433904     
   52.710000000000001       0.98448497262439028     
   52.780000000000008       0.99147488653892912     
   52.850000000000009       0.98756246389664781     
   52.920000000000002       0.98451028714016953     
   52.990000000000002       0.98941907336509605     
   53.060000000000002       0.99309483666083187     
   53.130000000000010       0.98881206869348948     
   53.200000000000003       0.99004118461645396     
   53.270000000000003       0.99077135773050429     
   53.340000000000003       0.99406602648991493     
   53.410000000000011       0.98549236047667665     
   53.479999999999997       0.98845715377912857     
   53.550000000000004       0.98555461396368671     
   53.620000000000005       0.98944197900011199     
   53.690000000000005       0.98433328763376793     
   53.759999999999998       0.98674550631638247     
   53.830000000000005       0.98546475916556198     
   53.900000000000006       0.98897252212861186     
   53.970000000000006       0.98909586482133061     
   54.040000000000006       0.99119493358427901     
   54.109999999999999       0.98921394146987851     
   54.180000000000007       0.98451113724552786     
   54.250000000000007       0.99153095998107577     
   54.320000000000007       0.98943084262999581     
   54.390000000000001       0.99354636359774795     
   54.460000000000001       0.98901887594289273     
   54.530000000000008       0.99107834703930164     
   54.600000000000009       0.99152658692769879     
   54.670000000000002       0.98282313640623553     
   54.740000000000002       0.99297928872112118     
   54.810000000000009       0.98770250698268869     
   54.880000000000010       0.99420333826126661     
   54.950000000000003       0.98985555959677984     
   55.020000000000003       0.97824691054207957     
   55.090000000000003       0.99214655786108585     
   55.160000000000011       0.99347805277434154     
   55.230000000000004       0.98883325112923448     
   55.300000000000004       0.98844647035354227     
   55.370000000000005       0.98905780312544611     
   55.440000000000005       0.99371258416201969     
   55.509999999999998       0.98929324475685043     
   55.580000000000005       0.98950937047430998     
   55.650000000000006       0.99085809505587541     
   55.720000000000006       0.99578905189703559     
   55.789999999999999       0.99008732518927789     
   55.859999999999999       0.98421710610251278     
   55.930000000000007       0.99118353365337419     
   56.000000000000007       0.98949748238611979     
   56.070000000000000       0.98881853087734195     
   56.140000000000001       0.99333698621305222     
   56.210000000000008       0.99315178272247773     
   56.280000000000008       0.99303415164166875     
   56.350000000000001       0.99298529070765296     
   56.420000000000002       0.99055725308068820     
   56.490000000000002       0.98923692252634698     
   56.560000000000009       0.99192340234190512     
   56.630000000000003       0.99151643590308858     
   56.700000000000003       0.98858857843279035     
   56.770000000000003       0.99012556658192052     
   56.840000000000011       0.98774311312857488     
   56.910000000000011       0.99074641800760332     
   56.980000000000004       0.99035492785465429     
   57.050000000000004       0.98283326045167640     
   57.120000000000005       0.99033794716033807     
   57.190000000000012       0.99015630658404741     
   57.260000000000005       0.98866184543524283     
   57.330000000000005       0.99206245316807917     
   57.400000000000006       0.98801126357461078     
   57.470000000000006       0.99275432202531044     
   57.539999999999999       0.99062261965431841     
   57.610000000000007       0.98895683807839119     
   57.680000000000007       0.98705166942014988     
   57.750000000000007       0.99140679256793418     
   57.820000000000000       0.99025972195493328     
   57.890000000000001       0.99163861542669773     
   57.960000000000008       0.99002557657574752     
   58.030000000000008       0.99092081810321664     
   58.100000000000001       0.98983026386865014     
   58.170000000000002       0.98844343622919728     
   58.240000000000009       0.98730926742804515     
   58.310000000000009       0.99025084845648093     
   58.380000000000003       0.98712539055487825     
   58.450000000000003       0.98985752572769869     
   58.520000000000003       0.98967644702196333     
   58.590000000000011       0.98723466936363291     
   58.660000000000004       0.98692114958866317     
   58.730000000000004       0.98745910820756533     
   58.800000000000004       0.99069503776543988     
   58.870000000000012       0.99072153524656981     
   58.939999999999998       0.99074417559391459     
   59.010000000000005       0.99008576048384456     
   59.080000000000005       0.98407141402814624     
   59.150000000000006       0.99231579804212555     
   59.219999999999999       0.99118729573153364     
   59.290000000000006       0.98940318966786667     
   59.360000000000007       0.99069638291272577     
   59.430000000000007       0.98769686707533311     
   59.500000000000000       0.99028936837057058     
   59.570000000000000       0.98636434743683932     
   59.640000000000008       0.99267469492853067     
   59.710000000000008       0.98889982053725456     
   59.780000000000008       0.99080104535665703     
   59.850000000000001       0.98775607402773402     
   59.920000000000002       0.98925021036875405     
   59.990000000000009       0.98759992678817488     
   60.060000000000009       0.98460383037959565     
   60.130000000000003       0.99259168520867980     
   60.200000000000003       0.98456472766184144     
   60.270000000000010       0.98633880164922627     
   60.340000000000011       0.99073616026986844     
   60.410000000000004       0.98944877671804765     
   60.480000000000004       0.99047608124634412     
   60.550000000000004       0.98774986860008729     
   60.620000000000012       0.99333070240028554     
   60.690000000000005       0.99172285752211475     
   60.760000000000005       0.99308995445884019     
   60.830000000000005       0.98177091092811586     
   60.900000000000006       0.99285721036515839     
   60.969999999999999       0.98156108896218786     
   61.040000000000006       0.98774451704380717     
   61.110000000000007       0.98990431295344627     
   61.180000000000007       0.99380864408412717     
   61.250000000000000       0.98756072310813159     
   61.320000000000007       0.99009885179020629     
   61.390000000000008       0.99561804106069174     
   61.460000000000008       0.99290156049504275     
   61.530000000000001       0.98411500575619626     
   61.600000000000001       0.98688863838692931     
   61.670000000000009       0.98924171381623405     
   61.740000000000009       0.98732123914861936     
   61.810000000000002       0.99289004991796348     
   61.880000000000003       0.98863358356513575     
   61.950000000000003       0.99024912667827270     
   62.020000000000010       0.99071957791119525     
   62.090000000000003       0.99147993254004574     
   62.160000000000004       0.99080922099115243     
   62.230000000000004       0.98846217320848728     
   62.300000000000011       0.98966532161329424     
   62.369999999999997       0.99121768075075500     
   62.440000000000005       0.98971832760766876     
   62.510000000000005       0.98883671151941066     
   62.580000000000005       0.98677270459921074     
   62.649999999999999       0.99206827841469780     
   62.720000000000006       0.98732276180076006     
   62.790000000000006       0.99026252603319009     
   62.860000000000007       0.98494515802941995     
   62.930000000000007       0.97914374470576149     
   63.000000000000000       0.98595343357174403     
   63.070000000000007       0.99182113182358900     
   63.140000000000008       0.99339217346149156     
   63.210000000000008       0.99415114059877019     
   63.280000000000001       0.99274100165733914     
   63.350000000000001       0.99306240912611221     
   63.420000000000009       0.98675367680991277     
   63.490000000000009       0.98983457198381530     
   63.560000000000002       0.98748917721712093     
   63.630000000000003       0.98891617706941626     
   63.700000000000010       0.99113376391138364     
   63.770000000000010       0.99532775692591902     
   63.840000000000003       0.99265034741600633     
   63.910000000000004       0.98946072423245957     
   63.980000000000004       0.99071772629665555     
   64.050000000000011       0.99294736490386604     
   64.120000000000005       0.99083436265344349     
   64.189999999999998       0.98964107904572751     
   64.260000000000005       0.99063655920568916     
   64.330000000000013       0.98719668842245978     
   64.400000000000006       0.99273368637531534     
   64.469999999999999       0.98992347692746074     
   64.540000000000006       0.98920645620059189     
   64.610000000000014       0.99009295389971541     
   64.680000000000007       0.98935577091787685     
   64.750000000000000       0.98947647372534375     
   64.820000000000007       0.98865144556658535     
   64.890000000000015       0.98861401967031648     
   64.960000000000008       0.99327201043689661     
   65.030000000000001       0.98960985168783300     
   65.100000000000009       0.98821258428673331     
   65.170000000000002       0.98986061547012316     
   65.239999999999995       0.98747696690016895     
   65.310000000000002       0.98837310676366841     
   65.380000000000010       0.99194094304211267     
   65.450000000000003       0.99019615897873448     
   65.519999999999996       0.98681000678944353     
   65.590000000000003       0.99211392438413248     
   65.660000000000011       0.98924059458317548     
   65.730000000000004       0.99268954452028124     
   65.800000000000011       0.98720172044179400     
   65.870000000000005       0.98716521005036872     
   65.940000000000012       0.98987553514590332     
   66.010000000000005       0.99142751156328790     
   66.080000000000013       0.99439962771459289     
   66.150000000000006       0.99046449218565724     
   66.219999999999999       0.98842875730401147     
   66.290000000000006       0.98902933381065694     
   66.360000000000014       0.98622139074986759     
   66.430000000000007       0.99087522452045984     
   66.500000000000000       0.99262597789590534     
   66.570000000000007       0.99174315408475366     
   66.640000000000015       0.98947179245984695     
   66.710000000000008       0.98999865532656295     
   66.780000000000001       0.99335808509581280     
   66.850000000000009       0.98853980595482061     
   66.920000000000016       0.98788558050549857     
   66.990000000000009       0.98692353232710595     
   67.060000000000002       0.99385226344296573     
   67.130000000000010       0.99235098322931059     
   67.200000000000003       0.98895000036888425     
   67.269999999999996       0.99050933772250593     
   67.340000000000003       0.98848733668952282     
   67.410000000000011       0.98826008068696036     
   67.480000000000004       0.99246930603193984     
   67.549999999999997       0.98881159157136156     
   67.620000000000005       0.99135181980992115     
   67.690000000000012       0.99057919201915601     
   67.760000000000005       0.98887803275363584     
   67.829999999999998       0.99407449323693564     
   67.900000000000006       0.99089956990743344     
   67.970000000000013       0.99075234857388916     
   68.040000000000006       0.98278995679320169     
   68.109999999999999       0.98382635766664273     
   68.180000000000007       0.98944487715867957     
   68.250000000000000       0.98089104941552208     
   68.320000000000007       0.99017626695762995     
   68.390000000000001       0.99134595143200877     
   68.460000000000008       0.98783213065372444     
   68.530000000000001       0.99132952699747956     
   68.600000000000009       0.99343484263622883     
   68.670000000000002       0.99182271506794106     
   68.740000000000009       0.98523013805810744     
   68.810000000000002       0.98920526790992658     
   68.880000000000010       0.99225132120579207     
   68.950000000000017       0.99013548566592624     
   69.019999999999996       0.98589866874971643     
   69.090000000000003       0.99100332256025958     
   69.160000000000011       0.98848708070529068     
   69.230000000000004       0.98787260305162927     
   69.299999999999997       0.98959393647928684     
   69.370000000000005       0.98906044422474226     
   69.440000000000012       0.98907312087996657     
   69.510000000000005       0.99192716905836886     
   69.579999999999998       0.98950188789325166     
   69.650000000000006       0.98554444295118548     
   69.720000000000013       0.99069790722735473     
   69.790000000000006       0.98936609949510890     
   69.859999999999999       0.98728682762471787     
   69.930000000000007       0.98825400970934896     
   70.000000000000014       0.98558993261238770     
   70.070000000000007       0.98838624936475927     
   70.140000000000001       0.98570770073421632     
   70.210000000000008       0.98518496664032906     
   70.280000000000001       0.99283191442552299     
   70.350000000000009       0.98570351712154125     
   70.420000000000002       0.99069539612648894     
   70.490000000000009       0.98992521555310797     
   70.560000000000002       0.98582412321859880     
   70.630000000000010       0.98683867214055032     
   70.700000000000003       0.99101458218468153     
   70.770000000000010       0.99363034881038559     
   70.840000000000003       0.98835801700336179     
   70.910000000000011       0.98637776032515034     
   70.980000000000004       0.98739172254362528     
   71.049999999999997       0.99144053344149219     
   71.120000000000005       0.98472653593283821     
   71.190000000000012       0.99304195596713463     
   71.260000000000005       0.98495037139309505     
   71.329999999999998       0.98265461927782438     
   71.400000000000006       0.98605166276419542     
   71.470000000000013       0.98952372644853803     
   71.540000000000006       0.98656093995664185     
   71.609999999999999       0.98763595615941047     
   71.680000000000007       0.99007795407594246     
   71.750000000000014       0.99205244093521361     
   71.820000000000007       0.98982850901454189     
   71.890000000000001       0.98994578365695629     
   71.960000000000008       0.99311025699600042     
   72.030000000000015       0.99134790179432175     
   72.100000000000009       0.98735216919166302     
   72.170000000000002       0.98888338321356950     
   72.240000000000009       0.98740588381141570     
   72.310000000000002       0.98878698713763125     
   72.380000000000010       0.98772958192733384     
   72.450000000000003       0.99119556281552657     
   72.520000000000010       0.99185543268500886     
   72.590000000000003       0.99106482130764850     
   72.660000000000011       0.99015966571192282     
   72.730000000000004       0.98822525033829434     
   72.800000000000011       0.98523172518769453     
   72.870000000000005       0.99335568547685249     
   72.940000000000012       0.98508266072603046     
   73.010000000000005       0.98825043317159500     
   73.079999999999998       0.98368222364094360     
   73.150000000000006       0.98752947644990929     
   73.220000000000013       0.98884742305347662     
   73.290000000000006       0.99084579986182997     
   73.359999999999999       0.98723504319708810     
   73.430000000000007       0.99068358788056954     
   73.500000000000014       0.98667548283664319     
   73.570000000000007       0.98681505937717262     
   73.640000000000001       0.98840044943643368     
   73.710000000000008       0.98775973346437729     
   73.780000000000015       0.98936077744648288     
   73.850000000000009       0.98506526194898181     
   73.920000000000002       0.99076543041326981     
   73.990000000000009       0.97940398169687204     
   74.060000000000002       0.99225176655640113     
   74.129999999999995       0.99124426630045581     
   74.200000000000003       0.99001733085914356     
   74.270000000000010       0.98980185249858699     
   74.340000000000003       0.98978947608799828     
   74.409999999999997       0.98819369158653803     
   74.480000000000004       0.99031231564431044     
   74.550000000000011       0.99037449279724321     
   74.620000000000005       0.98694790980209590     
   74.690000000000012       0.99108746524517410     
   74.760000000000005       0.99265319604510960     
   74.830000000000013       0.99252931567309344     
   74.900000000000006       0.98265270120186587     
   74.970000000000013       0.98982286511562767     
   75.040000000000006       0.99323333115163470     
   75.109999999999999       0.99354757444044706     
   75.180000000000007       0.99220355895143708     
   75.250000000000014       0.99221535636784264     
   75.320000000000007       0.99296648883575467     
   75.390000000000001       0.99138735819264978     
   75.460000000000008       0.99074206975576184     
   75.530000000000015       0.98793611767189971     
   75.600000000000009       0.98846604423804929     
   75.670000000000002       0.99178727602538208     
   75.740000000000009       0.98859094546942894     
   75.810000000000016       0.98794653675562927     
   75.880000000000010       0.99137244785937317     
   75.950000000000003       0.99031528857964002     
   76.020000000000010       0.98680024434942126     
   76.090000000000003       0.99177778001605044     
   76.159999999999997       0.98766446186653867     
   76.230000000000004       0.98703001615722830     
   76.300000000000011       0.99050626685918874     
   76.370000000000005       0.98586070651925861     
   76.439999999999998       0.99334917997790517     
   76.510000000000005       0.99225116718190598     
   76.580000000000013       0.98402501757455452     
   76.650000000000006       0.99149422420526112     
   76.719999999999999       0.98397868011710288     
   76.790000000000006       0.99214831355305400     
   76.860000000000014       0.98824573921311376     
   76.930000000000007       0.98812065625081025     
   77.000000000000000       0.99003470562715257     
   77.070000000000007       0.98464207333085330     
   77.140000000000001       0.99284443387984989     
   77.210000000000008       0.98594030274627109     
   77.280000000000001       0.98699879742167451     
   77.350000000000009       0.99126592873968544     
   77.420000000000002       0.98789982426882617     
   77.490000000000009       0.99191530787291871     
   77.560000000000002       0.98727991109718727     
   77.630000000000010       0.98766607433883180     
   77.700000000000003       0.98809122641588221     
   77.770000000000010       0.98559880921327303     
   77.840000000000018       0.98912448722202406     
   77.910000000000011       0.98902892797082986     
   77.980000000000004       0.98814604935476702     
   78.050000000000011       0.98507707655193821     
   78.120000000000005       0.98986829167088575     
   78.189999999999998       0.98881107983170125     
   78.260000000000005       0.98354737087463606     
   78.330000000000013       0.98730315852162487     
   78.400000000000006       0.99035103073935449     
   78.469999999999999       0.99195415190416425     
   78.540000000000006       0.98297021665668471     
   78.610000000000014       0.98926446441362104     
   78.680000000000007       0.98971601299277800     
   78.750000000000000       0.99173965103520700     
   78.820000000000007       0.98863550730395711     
   78.890000000000015       0.98759249197510734     
   78.960000000000008       0.98942835113905914     
   79.030000000000001       0.99177529773055639     
   79.100000000000009       0.98964855286091469     
   79.170000000000002       0.98870290740190991     
   79.240000000000009       0.98530039852824036     
   79.310000000000002       0.99209416740306100     
   79.380000000000010       0.99130914526639946     
   79.450000000000003       0.99225219593034841     
   79.520000000000010       0.99076772174301597     
   79.590000000000003       0.99333720127234115     
   79.660000000000011       0.98538210108311131     
   79.730000000000004       0.98444395095132264     
   79.800000000000011       0.99129727083732555     
   79.870000000000005       0.98989586915987560     
   79.940000000000012       0.99238012515701901     
   80.010000000000005       0.99344694862775140     
   80.080000000000013       0.98840383616138372     
   80.150000000000006       0.99018905295035398     
   80.219999999999999       0.98936457927096300     
   80.290000000000006       0.99082266945275399     
   80.360000000000014       0.98466033872848124     
   80.430000000000007       0.98818524223684601     
   80.500000000000000       0.98646592506099540     
   80.570000000000007       0.98772389432269392     
   80.640000000000015       0.98382809823203843     
   80.710000000000008       0.98986909431727932     
   80.780000000000001       0.99173373935038700     
   80.850000000000009       0.99045555166982813     
   80.920000000000016       0.98685564052347441     
   80.990000000000009       0.98812558491072344     
   81.060000000000002       0.98887700253478361     
   81.130000000000010       0.99106473424920749     
   81.200000000000003       0.99128858010693954     
   81.270000000000010       0.98741764209961658     
   81.340000000000003       0.99269853586564938     
   81.410000000000011       0.98856850381365313     
   81.480000000000004       0.99059534291443718     
   81.550000000000011       0.98714572083358498     
   81.620000000000005       0.98651752510041912     
   81.690000000000012       0.99175301628612644     
   81.760000000000005       0.99023010547878509     
   81.830000000000013       0.98347686257134759     
   81.900000000000006       0.98672426940385249     
   81.969999999999999       0.98163188812718660     
   82.040000000000006       0.98491621191378043     
   82.110000000000014       0.99125027246008302     
   82.180000000000007       0.99151288353126987     
   82.250000000000000       0.99086685900018512     
   82.320000000000007       0.98780083754907022     
   82.390000000000015       0.98635218808996228     
   82.460000000000008       0.98974364151562444     
   82.530000000000001       0.98801007472231450     
   82.600000000000009       0.99145584243984652     
   82.670000000000016       0.98794176716175386     
   82.740000000000009       0.99287109954068964     
   82.810000000000002       0.99233488902743938     
   82.880000000000010       0.99074513335359826     
   82.950000000000017       0.98778145771743198     
   83.019999999999996       0.99282440640457559     
   83.090000000000003       0.98923453645646453     
   83.160000000000011       0.98451644474191613     
   83.230000000000004       0.99261273242407810     
   83.299999999999997       0.99254356238661579     
   83.370000000000005       0.98368420172081439     
   83.440000000000012       0.99176544986404680     
   83.510000000000005       0.99318097819853468     
   83.579999999999998       0.99203589570240558     
   83.650000000000006       0.98828978129840384     
   83.720000000000013       0.98874153950182420     
   83.790000000000006       0.98896189031775028     
   83.860000000000014       0.99018239656961027     
   83.930000000000007       0.99296068537295634     
   84.000000000000000       0.99052338087707725     
   84.070000000000007       0.98971012502318989     
   84.140000000000015       0.99138248880628244     
   84.210000000000008       0.98910973703300120     
   84.280000000000001       0.98202941155770129     
   84.350000000000009       0.98956732418420079     
   84.420000000000016       0.99107558189470601     
   84.490000000000009       0.98706504640526871     
   84.560000000000002       0.98989190923842296     
   84.630000000000010       0.99117343421047654     
   84.700000000000017       0.98588055932277752     
   84.770000000000010       0.98646078697793460     
   84.840000000000003       0.99116527718216885     
   84.910000000000011       0.99297381341480706     
   84.980000000000018       0.99001422389656468     
   85.049999999999997       0.99162083200875561     
   85.120000000000005       0.99105997159415404     
   85.190000000000012       0.98448197192043363     
   85.260000000000005       0.98806526309045961     
   85.329999999999998       0.98337948468313852     
   85.400000000000006       0.99097811131870417     
   85.470000000000013       0.99052752871890748     
   85.540000000000006       0.99058015606862382     
   85.609999999999999       0.99145003593032810     
   85.680000000000007       0.99340806468007203     
   85.750000000000014       0.98987216090370589     
   85.820000000000007       0.98447261559187149     
   85.890000000000001       0.98977283229428958     
   85.960000000000008       0.99176950937395758     
   86.030000000000001       0.99349536242475589     
   86.100000000000009       0.98656109585091123     
   86.170000000000002       0.99082090570614489     
   86.240000000000009       0.99102239021443972     
   86.310000000000002       0.99389253546281076     
   86.380000000000010       0.98863543588620950     
   86.450000000000003       0.99346589218184100     
   86.520000000000010       0.98865472241262575     
   86.590000000000003       0.99035730343996897     
   86.660000000000011       0.99113913063093584     
   86.730000000000018       0.99321878423688004     
   86.800000000000011       0.99253522820530959     
   86.870000000000005       0.99247888394279182     
   86.940000000000012       0.98927271379440074     
   87.010000000000005       0.99255970592227871     
   87.079999999999998       0.99193447624640629     
   87.150000000000006       0.98975028815326638     
   87.220000000000013       0.99204497840711570     
   87.290000000000006       0.98969492361296185     
   87.359999999999999       0.98860133563011521     
   87.430000000000007       0.99045146071374424     
   87.500000000000014       0.99235406796267089     
   87.570000000000007       0.99343802518374180     
   87.640000000000001       0.98541883331274149     
   87.710000000000008       0.98880507929589345     
   87.780000000000015       0.99161754112518263     
   87.850000000000009       0.99171525781475145     
   87.920000000000002       0.98403230411163767     
   87.990000000000009       0.99165794183586820     
   88.060000000000002       0.99286261713531909     
   88.130000000000010       0.99080759900676751     
   88.200000000000003       0.98796166203955271     
   88.270000000000010       0.97594174685686497     
   88.340000000000003       0.99246925249081563     
   88.410000000000011       0.98868217255164803     
   88.480000000000004       0.98774968327339407     
   88.550000000000011       0.99212531332098575     
   88.620000000000005       0.99332009973249147     
   88.690000000000012       0.98902221640405019     
   88.760000000000005       0.99120685616432103     
   88.830000000000013       0.98985862784588718     
   88.900000000000006       0.98836800130736890     
   88.970000000000013       0.98776104088353767     
   89.040000000000006       0.98985286796422955     
   89.109999999999999       0.98908975926408271     
   89.180000000000007       0.98893492072292288     
   89.250000000000014       0.98739941008503029     
   89.320000000000007       0.99177624878015291     
   89.390000000000001       0.99203378604217163     
   89.460000000000008       0.98534278483632765     
   89.530000000000015       0.99065557982191688     
   89.600000000000009       0.98909239060014553     
   89.670000000000002       0.99089076852322500     
   89.740000000000009       0.98595187085876512     
   89.810000000000016       0.98538514839379632     
   89.880000000000010       0.99028583162616923     
   89.950000000000003       0.99036071585509888     
   90.020000000000010       0.98896927126525047     
   90.090000000000003       0.99184872763906828     
   90.160000000000011       0.98914795186367011     
   90.230000000000004       0.98917581637109986     
   90.300000000000011       0.98964422644776917     
   90.370000000000005       0.98863345048960849     
   90.439999999999998       0.98772604563477784     
   90.510000000000005       0.98841585955859446     
   90.580000000000013       0.99031212416015668     
   90.650000000000006       0.98802130229391949     
   90.720000000000013       0.98692416488917989     
   90.790000000000020       0.98751266171080410     
   90.860000000000014       0.99151921509177821     
   90.929999999999993       0.98795180010679473     
   91.000000000000000       0.99239234191851666     
   91.070000000000007       0.98955405917278616     
   91.140000000000001       0.98900242796687654     
   91.210000000000008       0.99210756164715386     
   91.280000000000015       0.98861644143712513     
   91.350000000000009       0.99032644859654528     
   91.420000000000016       0.98748434578485933     
   91.489999999999995       0.99121377925612231     
   91.560000000000002       0.98978893532660228     
   91.630000000000010       0.99117034114080560     
   91.700000000000003       0.98846577296075433     
   91.770000000000010       0.99171855418883614     
   91.840000000000018       0.99062981103705394     
   91.910000000000011       0.98996549410224299     
   91.980000000000018       0.98802094694053533     
   92.049999999999997       0.98825620097212552     
   92.120000000000005       0.99015029494734985     
   92.189999999999998       0.99362114441244576     
   92.260000000000005       0.99018572470876864     
   92.330000000000013       0.99109785553545071     
   92.400000000000006       0.99020197006692490     
   92.470000000000013       0.98906704502746490     
   92.540000000000020       0.98463537587822936     
   92.610000000000014       0.99224018130056724     
   92.680000000000007       0.98936285468753948     
   92.750000000000000       0.99069809321298763     
   92.820000000000007       0.98821959438044449     
   92.890000000000001       0.99112416904131007     
   92.960000000000008       0.99238042197512333     
   93.030000000000015       0.98524605102510499     
   93.100000000000009       0.98910559824758482     
   93.170000000000016       0.99039015527586494     
   93.239999999999995       0.98986239982095015     
   93.310000000000002       0.98707003604903243     
   93.380000000000010       0.98618155185360878     
   93.450000000000003       0.99034154803159402     
   93.520000000000010       0.99005922456178153     
   93.590000000000018       0.99004874338354432     
   93.660000000000011       0.98750527671573496     
   93.730000000000018       0.98581048618646872     
   93.799999999999997       0.99294461520639909     
   93.870000000000005       0.98785266191283649     
   93.939999999999998       0.99068921377672614     
   94.010000000000005       0.98457087787001829     
   94.080000000000013       0.98793322045050580     
   94.150000000000006       0.99184160833382273     
   94.220000000000013       0.98977903399151523     
   94.290000000000020       0.98658208973329464     
   94.359999999999999       0.98208020554014841     
   94.430000000000007       0.99054969746168919     
   94.500000000000000       0.99130882584755076     
   94.570000000000007       0.99103992793982965     
   94.640000000000015       0.99427684483896406     
   94.710000000000008       0.98974492436771844     
   94.780000000000015       0.99121008712991621     
   94.850000000000023       0.99208297904566300     
   94.920000000000002       0.99141716809564873     
   94.989999999999995       0.98604410020026967     
   95.060000000000002       0.99129603916822895     
   95.130000000000010       0.99022396741724983     
   95.200000000000003       0.98930481778921664     
   95.270000000000010       0.99106431149755447     
   95.340000000000018       0.99269141876940392     
   95.410000000000011       0.98912135718833272     
   95.480000000000004       0.99134242908292247     
   95.549999999999997       0.98882670636569914     
   95.620000000000005       0.98933315626708995     
   95.690000000000012       0.98857142163552869     
   95.760000000000005       0.98727527684787753     
   95.830000000000013       0.99057871832621491     
   95.900000000000020       0.98883987862227396     
   95.970000000000013       0.99097365210031763     
   96.040000000000020       0.98254989753684852     
   96.109999999999999       0.98513623139761919     
   96.180000000000007       0.98936701890300360     
   96.250000000000000       0.99040459886492804     
   96.320000000000007       0.98957692669349651     
   96.390000000000015       0.98669036477576322     
   96.460000000000008       0.98617859261892593     
   96.530000000000015       0.99139253237385916     
   96.600000000000023       0.98253039516940588     
   96.670000000000002       0.98830425285834700     
   96.740000000000009       0.98915754294307134     
   96.810000000000002       0.98906104149890861     
   96.880000000000010       0.98871865009117699     
   96.950000000000003       0.98904789476786548     
   97.020000000000010       0.98225178485746067     
   97.090000000000018       0.99027288434001204     
   97.160000000000011       0.98737422556426335     
   97.230000000000004       0.99252961436580467     
   97.299999999999997       0.99085888392373933     
   97.370000000000005       0.98452964540602206     
   97.440000000000012       0.98831976865192706     
   97.510000000000005       0.98466008654313097     
   97.580000000000013       0.98493077132397422     
   97.650000000000020       0.98913626559429213     
   97.720000000000013       0.98936710020612684     
   97.789999999999992       0.99022218670576123     
   97.859999999999999       0.98668562198422272     
   97.930000000000007       0.98790838890355337     
   98.000000000000000       0.98906681704539856     
   98.070000000000007       0.98620445466124129     
   98.140000000000015       0.98130444759221669     
   98.210000000000008       0.99283336118230481     
   98.280000000000015       0.99109463440662204     
   98.349999999999994       0.98888322093508674     
   98.420000000000002       0.98896018784124506     
   98.490000000000009       0.98801387117959127     
   98.560000000000002       0.98988695981850883     
   98.630000000000010       0.99208994160009334     
   98.700000000000017       0.99021757907877594     
   98.770000000000010       0.98327980613826282     
   98.840000000000018       0.98447831292845311     
   98.910000000000025       0.98513478404414589     
   98.980000000000004       0.98814299575439724     
   99.049999999999997       0.98743717342466197     
   99.120000000000005       0.99103438246739117     
   99.190000000000012       0.99009587378953068     
   99.260000000000005       0.99014456444912446     
   99.330000000000013       0.98933981025811102     
   99.400000000000020       0.97875725734753327     
   99.470000000000013       0.99082872463822980     
   99.540000000000006       0.98713262184270056     
   99.609999999999999       0.98693709230376003     
   99.680000000000007       0.99153224683928221     
   99.750000000000014       0.98683786830127174     
   99.820000000000007       0.98370154928041187     
   99.890000000000015       0.98787124395569892     
