   0.0000000000000000       0.99999999999998523     
   7.0000000000000007E-002  0.96391365444869070     
  0.14000000000000001       0.85774809718021361     
  0.20999999999999999       0.70055856618619483     
  0.28000000000000003       0.74933532818738358     
  0.35000000000000003       0.96294562526651339     
  0.41999999999999998       0.93961188110710769     
  0.49000000000000005       0.99550650362924653     
  0.56000000000000005       0.97064432259268874     
  0.63000000000000012       0.99674913493032591     
  0.70000000000000007       0.99678190339799533     
  0.77000000000000002       0.97078280614887769     
  0.83999999999999997       0.97648284034346777     
  0.91000000000000014       0.99514263936775815     
  0.98000000000000009       0.98600316581598912     
   1.0500000000000000       0.99326096683844278     
   1.1200000000000001       0.99364812148587589     
   1.1899999999999999       0.99372170937731752     
   1.2600000000000002       0.99129961411135470     
   1.3300000000000001       0.98805838176485927     
   1.4000000000000001       0.99249877211312876     
   1.4700000000000002       0.99646159959600178     
   1.5400000000000000       0.99282329770487443     
   1.6100000000000001       0.99297590155493798     
   1.6799999999999999       0.99256967497804416     
   1.7500000000000002       0.97577760261494251     
   1.8200000000000003       0.98737937770959583     
   1.8900000000000001       0.98387151298866726     
   1.9600000000000002       0.99307832877816771     
   2.0300000000000002       0.97233831164253348     
   2.1000000000000001       0.94216168273832746     
   2.1700000000000004       0.95175744202470580     
   2.2400000000000002       0.99157634670011552     
   2.3100000000000001       0.99097606063308674     
   2.3799999999999999       0.99359676339062952     
   2.4500000000000002       0.98619586742981080     
   2.5200000000000005       0.98635694392917761     
   2.5900000000000003       0.99171949339533016     
   2.6600000000000001       0.99132819520894755     
   2.7300000000000000       0.98487331648082965     
   2.8000000000000003       0.99110927307211449     
   2.8700000000000006       0.98698017659787074     
   2.9400000000000004       0.98712156503302939     
   3.0100000000000002       0.98585897950700407     
   3.0800000000000001       0.99200102402586843     
   3.1499999999999999       0.98902662404517738     
   3.2200000000000002       0.94607467020936575     
   3.2900000000000000       0.98771847221571274     
   3.3599999999999999       0.97548822004741809     
   3.4300000000000006       0.97926493409181248     
   3.5000000000000004       0.97756909484716559     
   3.5700000000000003       0.98399545352114881     
   3.6400000000000006       0.98240413518619030     
   3.7100000000000004       0.98273642961471541     
   3.7800000000000002       0.97730425935117449     
   3.8500000000000001       0.99014079804784838     
   3.9200000000000004       0.98366066615382464     
   3.9900000000000002       0.98189395734611751     
   4.0600000000000005       0.98694983373810274     
   4.1300000000000008       0.98209272699698580     
   4.2000000000000002       0.98548305351431864     
   4.2700000000000005       0.98323722062963048     
   4.3400000000000007       0.98266188295774171     
   4.4100000000000001       0.98371884190687375     
   4.4800000000000004       0.97646901762146476     
   4.5500000000000007       0.98499647539281343     
   4.6200000000000001       0.98614991271360852     
   4.6900000000000004       0.98673502170269600     
   4.7599999999999998       0.97706713216755015     
   4.8300000000000001       0.98364823674761970     
   4.9000000000000004       0.98528804320169783     
   4.9700000000000006       0.98508563650786607     
   5.0400000000000009       0.98527830021014895     
   5.1100000000000003       0.98300835563745481     
   5.1800000000000006       0.96984376833933184     
   5.2500000000000000       0.95753459841580379     
   5.3200000000000003       0.98595241257549593     
   5.3900000000000006       0.95985277197539254     
   5.4600000000000000       0.97444816013859548     
   5.5300000000000002       0.98400728025850637     
   5.6000000000000005       0.96371733839255358     
   5.6700000000000008       0.97595413418531929     
   5.7400000000000011       0.96535340963530947     
   5.8100000000000005       0.95399687075022044     
   5.8800000000000008       0.98600399270243699     
   5.9500000000000002       0.97865644429021625     
   6.0200000000000005       0.97796508396683091     
   6.0900000000000007       0.97818065599361315     
   6.1600000000000001       0.96254069615887106     
   6.2300000000000004       0.96797165469355795     
   6.2999999999999998       0.95905706634977494     
   6.3700000000000001       0.94150630629359022     
   6.4400000000000004       0.97014178043761978     
   6.5099999999999998       0.95013574334426742     
   6.5800000000000001       0.95434986489801166     
   6.6500000000000004       0.95589528993674222     
   6.7199999999999998       0.96067352708468512     
   6.7900000000000009       0.96850525544063359     
   6.8600000000000012       0.95796757578532032     
   6.9300000000000006       0.94068919476528434     
   7.0000000000000009       0.95688215626370643     
   7.0700000000000012       0.94615684178886872     
   7.1400000000000006       0.97773213901526479     
   7.2100000000000009       0.97192262061154033     
   7.2800000000000011       0.97582434825222963     
   7.3500000000000005       0.99207044028359381     
   7.4200000000000008       0.96393378633511739     
   7.4900000000000002       0.96213915389350002     
   7.5600000000000005       0.99008159512195981     
   7.6300000000000008       0.98190660539049035     
   7.7000000000000002       0.97332746010333793     
   7.7700000000000005       0.98712596265114827     
   7.8400000000000007       0.98032706217869792     
   7.9100000000000001       0.98109164263204851     
   7.9800000000000004       0.98063611698774100     
   8.0500000000000007       0.97673770577110952     
   8.1200000000000010       0.98519136518659667     
   8.1899999999999995       0.97878858850012873     
   8.2600000000000016       0.97432437016840101     
   8.3300000000000018       0.99236574556551660     
   8.4000000000000004       0.98524916519286154     
   8.4700000000000006       0.99034243382464338     
   8.5400000000000009       0.98261478190587925     
   8.6100000000000012       0.99006163261465963     
   8.6800000000000015       0.96798398087060533     
   8.7500000000000018       0.98269497196298350     
   8.8200000000000003       0.99077856474428316     
   8.8900000000000006       0.98913159325086142     
   8.9600000000000009       0.98932332598205164     
   9.0300000000000011       0.98849208603939775     
   9.1000000000000014       0.97800134622072166     
   9.1699999999999999       0.98641473917230471     
   9.2400000000000002       0.98543081489787743     
   9.3100000000000005       0.97124390456639276     
   9.3800000000000008       0.97094516763418048     
   9.4500000000000011       0.97114007597665952     
   9.5199999999999996       0.98056091782290589     
   9.5899999999999999       0.97976566070664373     
   9.6600000000000001       0.99286015921745596     
   9.7300000000000022       0.98603412721244865     
   9.8000000000000007       0.98790444652243159     
   9.8700000000000010       0.98828170501131485     
   9.9400000000000013       0.99024561152164081     
   10.010000000000002       0.98813300670822102     
   10.080000000000002       0.99276051601336013     
   10.150000000000000       0.99203809284503863     
   10.220000000000001       0.99023297979986413     
   10.290000000000001       0.98974028024853344     
   10.360000000000001       0.98830419644560685     
   10.430000000000001       0.98977773416647308     
   10.500000000000000       0.98843675551941357     
   10.570000000000000       0.98728734736623402     
   10.640000000000001       0.99106322061460517     
   10.710000000000001       0.98398627847664333     
   10.780000000000001       0.98967565027516136     
   10.850000000000001       0.99060600954489075     
   10.920000000000000       0.98842783997172889     
   10.990000000000000       0.99169529140498491     
   11.060000000000000       0.99179807117955132     
   11.130000000000001       0.99238583128361713     
   11.200000000000001       0.99116599656413051     
   11.270000000000001       0.99083473003220435     
   11.340000000000002       0.98446630602316587     
   11.410000000000002       0.98806937228051051     
   11.480000000000002       0.99311082148827690     
   11.550000000000001       0.99267918059866400     
   11.620000000000001       0.99358317275299346     
   11.690000000000001       0.99126313092352580     
   11.760000000000002       0.99135019491851795     
   11.830000000000002       0.99258299106430870     
   11.900000000000000       0.99058390170025745     
   11.970000000000001       0.99235680726402731     
   12.040000000000001       0.99138452329487559     
   12.110000000000001       0.99230353530162196     
   12.180000000000001       0.99087304925230169     
   12.250000000000000       0.98688297683934745     
   12.320000000000000       0.99283686547277894     
   12.390000000000001       0.98520998155191553     
   12.460000000000001       0.98588532492833225     
   12.530000000000001       0.99346156780509398     
   12.600000000000000       0.98742402505062954     
   12.670000000000000       0.99127885026818074     
   12.740000000000000       0.99152266336235206     
   12.810000000000000       0.99275002721386252     
   12.880000000000001       0.98627864111857588     
   12.950000000000001       0.99151693336578928     
   13.020000000000000       0.99188270821134550     
   13.090000000000000       0.99251381031790742     
   13.160000000000000       0.99050266951352872     
   13.230000000000000       0.99017865485011380     
   13.300000000000001       0.99203307909935290     
   13.369999999999999       0.99214510578934290     
   13.440000000000000       0.99150781348330841     
   13.510000000000002       0.99353478074177659     
   13.580000000000002       0.99047056406566336     
   13.650000000000002       0.98948161198380036     
   13.720000000000002       0.98819680938641496     
   13.790000000000003       0.99041703922681679     
   13.860000000000001       0.98038776772784031     
   13.930000000000001       0.99389414542894028     
   14.000000000000002       0.98634463450519172     
   14.070000000000002       0.98938875912899216     
   14.140000000000002       0.98764108683244478     
   14.210000000000003       0.98783385309533134     
   14.280000000000001       0.98813615017002465     
   14.350000000000001       0.98822823363528922     
   14.420000000000002       0.99343418961653884     
   14.490000000000002       0.98768811948547142     
   14.560000000000002       0.99149066775639727     
   14.630000000000001       0.99034018697535331     
   14.700000000000001       0.99332924623849517     
   14.770000000000001       0.98622808868588308     
   14.840000000000002       0.98139314460789551     
   14.910000000000002       0.98981822589771995     
   14.980000000000000       0.99034912303160239     
   15.050000000000001       0.98603642164770466     
   15.120000000000001       0.99282092306444136     
   15.190000000000001       0.98738547765650353     
   15.260000000000002       0.98920255630834431     
   15.330000000000002       0.98804077950795244     
   15.400000000000000       0.98803517857283474     
   15.470000000000001       0.98943837162322268     
   15.540000000000001       0.99081454446719741     
   15.610000000000001       0.98964256166604436     
   15.680000000000001       0.98954179677562748     
   15.750000000000000       0.98700300651497264     
   15.820000000000000       0.98975210576227279     
   15.890000000000001       0.98992473974636752     
   15.960000000000001       0.98972834265541787     
   16.030000000000001       0.99031150142211044     
   16.100000000000001       0.99116469951562824     
   16.170000000000002       0.99260931423965604     
   16.240000000000002       0.99184502505705874     
   16.309999999999999       0.99188445404880399     
   16.379999999999999       0.99074106588216426     
   16.450000000000003       0.98332150431742282     
   16.520000000000003       0.98390127865265109     
   16.590000000000003       0.98895943986789614     
   16.660000000000004       0.98833275998984427     
   16.730000000000004       0.99128097656989689     
   16.800000000000001       0.98596704317450268     
   16.870000000000001       0.99165849803503270     
   16.940000000000001       0.98968096185017396     
   17.010000000000002       0.99281716304687206     
   17.080000000000002       0.99126583648936972     
   17.150000000000002       0.99393414464340935     
   17.220000000000002       0.98935963354529388     
   17.290000000000003       0.98922621391485566     
   17.360000000000003       0.99003700680871554     
   17.430000000000003       0.99072731211425513     
   17.500000000000004       0.98850078907408867     
   17.570000000000000       0.99192120496608183     
   17.640000000000001       0.98769972746241341     
   17.710000000000001       0.99147603994301037     
   17.780000000000001       0.98936676650874233     
   17.850000000000001       0.99239458532228086     
   17.920000000000002       0.98924282919251594     
   17.990000000000002       0.98560912103124532     
   18.060000000000002       0.99210925990413656     
   18.130000000000003       0.98628330229111871     
   18.200000000000003       0.99076102368096941     
   18.270000000000000       0.99172272118287275     
   18.340000000000000       0.99150565159790494     
   18.410000000000000       0.99140697308773196     
   18.480000000000000       0.98373172674861886     
   18.550000000000001       0.98770975343723255     
   18.620000000000001       0.99010061510692560     
   18.690000000000001       0.98904042371305179     
   18.760000000000002       0.99154232967398914     
   18.830000000000002       0.99508137963554566     
   18.900000000000002       0.99339347866409833     
   18.970000000000002       0.99048160530447571     
   19.039999999999999       0.99048865556089860     
   19.109999999999999       0.98968465302002073     
   19.180000000000000       0.98968518965586294     
   19.250000000000000       0.98773299257934921     
   19.320000000000000       0.99142131992807137     
   19.390000000000001       0.99096444319238153     
   19.460000000000004       0.98873514145658037     
   19.530000000000001       0.98972427936280283     
   19.600000000000001       0.98810937341008909     
   19.670000000000002       0.98514635484343893     
   19.740000000000002       0.98844342108399053     
   19.810000000000002       0.98965579122787062     
   19.880000000000003       0.98467880899472471     
   19.950000000000003       0.98835258585216634     
   20.020000000000003       0.99153500173994036     
   20.090000000000003       0.99047455833378684     
   20.160000000000004       0.99289048158419990     
   20.230000000000004       0.98737916246773016     
   20.300000000000001       0.98784921829916883     
   20.370000000000001       0.98239388175511144     
   20.440000000000001       0.98610224874765684     
   20.510000000000002       0.99071452709996422     
   20.580000000000002       0.99301460451611623     
   20.650000000000002       0.99028295967412117     
   20.720000000000002       0.98651608207056141     
   20.790000000000003       0.98513248483126348     
   20.860000000000003       0.99036895257984536     
   20.930000000000003       0.98768486343720063     
   21.000000000000000       0.98991175806467990     
   21.070000000000000       0.98984004071039089     
   21.140000000000001       0.99070853073520271     
   21.210000000000001       0.99255564326101653     
   21.280000000000001       0.99078381964909212     
   21.350000000000001       0.99128317091503215     
   21.420000000000002       0.99275125162145139     
   21.490000000000002       0.98683688942587156     
   21.560000000000002       0.98702707717205063     
   21.630000000000003       0.98880301856072850     
   21.700000000000003       0.98645727492111768     
   21.770000000000000       0.98576612673120323     
   21.840000000000000       0.98985640317653212     
   21.910000000000000       0.98819867948006768     
   21.980000000000000       0.98257781840608704     
   22.050000000000001       0.99200607620490167     
   22.120000000000001       0.98714922327904886     
   22.190000000000001       0.98462097893333445     
   22.260000000000002       0.98962887332684468     
   22.330000000000002       0.99033407650091965     
   22.400000000000002       0.99026949803901365     
   22.470000000000002       0.98707763860427278     
   22.540000000000003       0.98919294094345145     
   22.609999999999999       0.99142691570483943     
   22.680000000000003       0.98668009391284162     
   22.750000000000000       0.98284638774738597     
   22.820000000000004       0.99372872890406327     
   22.890000000000001       0.98719576778560170     
   22.960000000000004       0.98690979153868874     
   23.030000000000001       0.99415460271451783     
   23.100000000000001       0.98511601624608369     
   23.170000000000002       0.98580944375992585     
   23.240000000000002       0.98882710587550848     
   23.309999999999999       0.99296083189479079     
   23.380000000000003       0.98978266137349158     
   23.449999999999999       0.99317428576036904     
   23.520000000000003       0.98745734651913875     
   23.590000000000000       0.98775598730510183     
   23.660000000000004       0.98538570045309792     
   23.730000000000000       0.99043600667267928     
   23.800000000000001       0.98752130001526472     
   23.870000000000001       0.99059333537518002     
   23.940000000000001       0.99101678982715691     
   24.010000000000005       0.99071933018736591     
   24.080000000000002       0.98340816958476973     
   24.150000000000006       0.99083456219065247     
   24.220000000000002       0.98704932257951894     
   24.290000000000003       0.99021788405762934     
   24.360000000000003       0.98784292649212113     
   24.430000000000003       0.99164330914364640     
   24.500000000000000       0.98812127500829816     
   24.570000000000004       0.98947169695647519     
   24.640000000000001       0.98753500223718127     
   24.710000000000004       0.98428908085469591     
   24.780000000000001       0.98310483009666649     
   24.850000000000005       0.98899002051611484     
   24.920000000000002       0.98868137251301358     
   24.990000000000002       0.99028862147850971     
   25.060000000000002       0.98912032630268509     
   25.130000000000003       0.99192957666483983     
   25.199999999999999       0.98881753881172929     
   25.270000000000003       0.97855749381015378     
   25.340000000000000       0.98576091532073518     
   25.410000000000004       0.98844468223099058     
   25.480000000000000       0.98834169932913374     
   25.550000000000004       0.98950175390405626     
   25.620000000000001       0.98681993210632579     
   25.690000000000005       0.98550071036045550     
   25.760000000000002       0.98768169681122719     
   25.830000000000002       0.98866790397850990     
   25.900000000000002       0.98613308354542217     
   25.970000000000002       0.98619882645513823     
   26.039999999999999       0.98466107066197484     
   26.110000000000003       0.98959216499803115     
   26.180000000000000       0.98454569995991614     
   26.250000000000004       0.98613509271616029     
   26.320000000000000       0.98955206380106708     
   26.390000000000004       0.98115230786698326     
   26.460000000000001       0.98677228944863105     
   26.530000000000001       0.98679439233261479     
   26.600000000000001       0.98747163541676364     
   26.670000000000002       0.98506119470587428     
   26.739999999999998       0.98579501329396990     
   26.810000000000002       0.99008167738402109     
   26.879999999999999       0.98662544003187580     
   26.950000000000003       0.98943442160004758     
   27.020000000000003       0.98940978629606058     
   27.090000000000003       0.98640196340241060     
   27.160000000000004       0.98676391199602487     
   27.230000000000000       0.98693581501503747     
   27.300000000000004       0.98452019987478390     
   27.370000000000001       0.98772792863286574     
   27.440000000000005       0.98510275076933262     
   27.510000000000002       0.98702597713714335     
   27.580000000000005       0.98929379670759432     
   27.650000000000002       0.97886258561474682     
   27.720000000000002       0.98405288148634140     
   27.790000000000003       0.98563435459960091     
   27.860000000000003       0.98987539067766461     
   27.930000000000000       0.99293265257163321     
   28.000000000000004       0.98273001119155234     
   28.070000000000000       0.98444424776863382     
   28.140000000000004       0.98773047578361040     
   28.210000000000001       0.98386901645833180     
   28.280000000000005       0.99041738514449473     
   28.350000000000001       0.98456488086252458     
   28.420000000000005       0.98800318996826719     
   28.490000000000002       0.98334021862129006     
   28.560000000000002       0.97948663940269554     
   28.630000000000003       0.98730290568065959     
   28.700000000000003       0.98944155324918792     
   28.770000000000000       0.98605634048164770     
   28.840000000000003       0.98479592539141325     
   28.910000000000000       0.98759736385736496     
   28.980000000000004       0.98568944571105765     
   29.050000000000001       0.98585970413812907     
   29.120000000000005       0.98878547998637634     
   29.190000000000001       0.98912371358091677     
   29.260000000000002       0.99062725755146441     
   29.330000000000002       0.98566160783305123     
   29.400000000000002       0.97716109881067836     
   29.469999999999999       0.98354619344214467     
   29.540000000000003       0.98394101899191322     
   29.609999999999999       0.98365629206815086     
   29.680000000000003       0.98237745993488790     
   29.750000000000000       0.98677708080562887     
   29.820000000000004       0.99051592544469180     
   29.890000000000004       0.98311310254775397     
   29.960000000000001       0.98505512286387154     
   30.030000000000005       0.98822397721483701     
   30.100000000000001       0.98522771380784468     
   30.170000000000005       0.98156049243828492     
   30.240000000000002       0.98323749241638514     
   30.310000000000006       0.98705657193293028     
   30.380000000000003       0.98500557868672634     
   30.450000000000003       0.99161827958281867     
   30.520000000000003       0.98515081184180420     
   30.590000000000003       0.98027188713488234     
   30.660000000000004       0.98657379567810111     
   30.730000000000004       0.98647113182400648     
   30.800000000000001       0.98383758943491328     
   30.870000000000005       0.98416211808580523     
   30.940000000000001       0.97792970602470364     
   31.010000000000005       0.98420318340731339     
   31.080000000000002       0.98783988665021505     
   31.150000000000006       0.98415017259712778     
   31.220000000000002       0.98112203817401133     
   31.290000000000003       0.98801922403763764     
   31.360000000000003       0.98559796870336036     
   31.430000000000003       0.98767652997687527     
   31.500000000000000       0.98683186374398324     
   31.570000000000004       0.99107018906794486     
   31.640000000000001       0.98618219711189381     
   31.710000000000004       0.98861475058213655     
   31.780000000000001       0.98642633044367622     
   31.850000000000005       0.98991234844881582     
   31.920000000000002       0.98811389516304149     
   31.990000000000002       0.98337220659352020     
   32.060000000000002       0.98675669458606796     
   32.130000000000003       0.98128832151453804     
   32.200000000000003       0.99061568928697474     
   32.270000000000003       0.99025998110714375     
   32.340000000000003       0.98800875909692421     
   32.410000000000004       0.99105155394017064     
   32.480000000000004       0.99014799053723057     
   32.550000000000004       0.98427150849708578     
   32.619999999999997       0.98161976830318209     
   32.690000000000005       0.98935949570089687     
   32.759999999999998       0.98538891794766337     
   32.830000000000005       0.97627098343224061     
   32.900000000000006       0.98121472553141076     
   32.970000000000006       0.98558598247712170     
   33.040000000000006       0.98502140720305709     
   33.109999999999999       0.98543823030557465     
   33.180000000000007       0.98453364435442614     
   33.250000000000000       0.98178576261892903     
   33.320000000000007       0.98489911986596879     
   33.390000000000001       0.98690230432622650     
   33.460000000000008       0.98764993532374390     
   33.530000000000001       0.98742507673089375     
   33.600000000000001       0.98720611132799474     
   33.670000000000002       0.98773525010060248     
   33.740000000000002       0.98289540352402738     
   33.810000000000002       0.98506021105929542     
   33.880000000000003       0.98580831940861324     
   33.950000000000003       0.97916019617866612     
   34.020000000000003       0.98339015162838417     
   34.090000000000003       0.97459350389543775     
   34.160000000000004       0.98521524423034934     
   34.230000000000004       0.98233383634339155     
   34.300000000000004       0.98303524284678734     
   34.370000000000005       0.98116966088918611     
   34.440000000000005       0.98809776966463159     
   34.509999999999998       0.98648186078554090     
   34.580000000000005       0.98993503635911562     
   34.649999999999999       0.98904401385000806     
   34.720000000000006       0.98597456768818570     
   34.789999999999999       0.98336895108256683     
   34.860000000000007       0.98772810962901680     
   34.930000000000000       0.98551461470312873     
   35.000000000000007       0.98535683919004291     
   35.070000000000000       0.98744429414203483     
   35.140000000000001       0.98305412390495461     
   35.210000000000001       0.98371439106295322     
   35.280000000000001       0.98914252334106112     
   35.350000000000001       0.98228327293399198     
   35.420000000000002       0.98255025453054978     
   35.490000000000002       0.97666792415139125     
   35.560000000000002       0.98769178296464055     
   35.630000000000003       0.98969278669976646     
   35.700000000000003       0.97864602295400305     
   35.770000000000003       0.98573503729889578     
   35.840000000000003       0.98388023680414294     
   35.910000000000004       0.99160906731016019     
   35.980000000000004       0.98524674520039823     
   36.050000000000004       0.98907678147478184     
   36.120000000000005       0.98277475205620857     
   36.190000000000005       0.98721534765067687     
   36.260000000000005       0.98965774926222727     
   36.330000000000005       0.98742345784084196     
   36.400000000000006       0.98973768597741563     
   36.470000000000006       0.98312175756145637     
   36.539999999999999       0.98040040951351970     
   36.610000000000007       0.98509189228273419     
   36.680000000000000       0.98787513030808860     
   36.750000000000007       0.98662347581357646     
   36.820000000000000       0.98642358055307533     
   36.890000000000008       0.98897465115116290     
   36.960000000000001       0.98979149566396396     
   37.030000000000001       0.98708732453378767     
   37.100000000000001       0.98365496937263552     
   37.170000000000002       0.98508142424206990     
   37.240000000000002       0.97864773892404311     
   37.310000000000002       0.98382204005448215     
   37.380000000000003       0.99074095911038629     
   37.450000000000003       0.98712900785744784     
   37.520000000000003       0.98507044972845204     
   37.590000000000003       0.98947698849474797     
   37.660000000000004       0.98514602406039031     
   37.730000000000004       0.98266112444131992     
   37.800000000000004       0.98592118642806403     
   37.870000000000005       0.98713063890624231     
   37.940000000000005       0.98462973544837729     
   38.010000000000005       0.98177600754240213     
   38.079999999999998       0.98555620413059497     
   38.150000000000006       0.98348626206370116     
   38.219999999999999       0.98337311494194679     
   38.290000000000006       0.98721360185705331     
   38.359999999999999       0.98744057318057532     
   38.430000000000007       0.98352955045467638     
   38.500000000000000       0.98634889998252084     
   38.570000000000000       0.98761255657338176     
   38.640000000000001       0.98542182472264173     
   38.710000000000001       0.98399986601684630     
   38.780000000000001       0.98894913295373144     
   38.850000000000001       0.98213557115211780     
   38.920000000000009       0.98767119421818161     
   38.990000000000002       0.98200183579995592     
   39.060000000000002       0.98474535418399345     
   39.130000000000003       0.98695578006894913     
   39.200000000000003       0.98396490514689317     
   39.270000000000003       0.97537669898847446     
   39.340000000000003       0.98357479793785063     
   39.410000000000004       0.98121853825934602     
   39.480000000000004       0.98653234073082174     
   39.550000000000004       0.98149415176307175     
   39.620000000000005       0.98761961233043360     
   39.690000000000005       0.98879609206878438     
   39.760000000000005       0.98742657790216948     
   39.830000000000005       0.98739002299317558     
   39.900000000000006       0.98503199499878902     
   39.970000000000006       0.98437968877341608     
   40.040000000000006       0.98063977635176802     
   40.109999999999999       0.98314700281220779     
   40.180000000000007       0.98045388885927554     
   40.250000000000000       0.98810868828751419     
   40.320000000000007       0.98600738015428757     
   40.390000000000001       0.98296161596289344     
   40.460000000000008       0.97988514844205843     
   40.530000000000001       0.97687436606558664     
   40.600000000000001       0.98253848559768742     
   40.670000000000002       0.98173381456490216     
   40.740000000000002       0.98176480508275599     
   40.810000000000002       0.97530956791064038     
   40.880000000000003       0.98481329496104419     
   40.950000000000003       0.98407457371147300     
   41.020000000000003       0.98294305976038610     
   41.090000000000003       0.97942303251834995     
   41.160000000000004       0.98690633334467237     
   41.230000000000004       0.97769063748806317     
   41.300000000000004       0.98291419640116451     
   41.370000000000005       0.98175369534337542     
   41.440000000000005       0.97163244463788567     
   41.509999999999998       0.97770925628454641     
   41.580000000000005       0.98697304463729896     
   41.649999999999999       0.97544779029308282     
   41.720000000000006       0.97915120081100671     
   41.789999999999999       0.97945530627746713     
   41.860000000000007       0.97788839090538549     
   41.930000000000007       0.97638633527351359     
   42.000000000000000       0.98662370385480902     
   42.070000000000007       0.98209184159954477     
   42.140000000000001       0.97781966670036868     
   42.210000000000008       0.98375942913092540     
   42.280000000000001       0.97451550487756744     
   42.350000000000009       0.97860336236562606     
   42.420000000000002       0.98138906411836502     
   42.490000000000009       0.98950648859084789     
   42.560000000000002       0.97791179686870411     
   42.630000000000003       0.97478354675227197     
   42.700000000000003       0.97494863098089635     
   42.770000000000003       0.98320673305642381     
   42.840000000000003       0.98028099383126632     
   42.910000000000004       0.98077486286220295     
   42.980000000000004       0.97978413548304610     
   43.050000000000004       0.98591252315843425     
   43.120000000000005       0.97879883646129051     
   43.190000000000005       0.97656165368597314     
   43.260000000000005       0.98689292050408117     
   43.330000000000005       0.98137469694917889     
   43.400000000000006       0.97774890624440014     
   43.470000000000006       0.98583542158381798     
   43.539999999999999       0.98238847163861953     
   43.610000000000007       0.98353789998969010     
   43.680000000000000       0.98214375130133291     
   43.750000000000007       0.98440750705219482     
   43.820000000000000       0.97432769176416267     
   43.890000000000008       0.98853972961882963     
   43.960000000000001       0.98401421711869053     
   44.030000000000001       0.97605815755482317     
   44.100000000000001       0.98143827925376437     
   44.170000000000002       0.98045442805698102     
   44.240000000000002       0.97007770607133015     
   44.310000000000002       0.97959168325638224     
   44.380000000000003       0.97414859739085258     
   44.450000000000003       0.97941912893418703     
   44.520000000000003       0.97529330691582605     
   44.590000000000003       0.98294254170633699     
   44.660000000000004       0.98714588041633000     
   44.730000000000004       0.98042760928440165     
   44.800000000000004       0.98375732233103408     
   44.870000000000005       0.98180744246881679     
   44.940000000000005       0.98456704047159826     
   45.010000000000005       0.98266723142303380     
   45.080000000000005       0.98232387506195062     
   45.150000000000006       0.98119907534116613     
   45.219999999999999       0.98544403310442796     
   45.290000000000006       0.97666250854998948     
   45.360000000000007       0.98436810821689047     
   45.430000000000007       0.97918058470075076     
   45.500000000000000       0.98229105478484335     
   45.570000000000000       0.97987096027774712     
   45.640000000000008       0.98428884284387475     
   45.710000000000008       0.97412576235192261     
   45.780000000000001       0.97733860508676518     
   45.850000000000001       0.98175257202804156     
   45.920000000000009       0.98719792762335734     
   45.990000000000009       0.98306062442009612     
   46.060000000000002       0.97911824774829559     
   46.130000000000003       0.97797114018793785     
   46.200000000000003       0.98588324756835388     
   46.270000000000010       0.98197685830522685     
   46.340000000000003       0.97096488315774476     
   46.410000000000004       0.97977651063308291     
   46.480000000000004       0.98344979293408985     
   46.550000000000004       0.97490938836584329     
   46.619999999999997       0.98733104254608106     
   46.690000000000005       0.98570677203066637     
   46.760000000000005       0.97896139193554710     
   46.830000000000005       0.98125107062737438     
   46.899999999999999       0.98250255915920581     
   46.969999999999999       0.97602625611338378     
   47.040000000000006       0.97418413285929184     
   47.110000000000007       0.98528930296127137     
   47.180000000000000       0.98381741793779653     
   47.250000000000000       0.97577382671203039     
   47.320000000000007       0.98172735358567176     
   47.390000000000008       0.98069703198202884     
   47.460000000000001       0.97762080664574647     
   47.530000000000001       0.97974049937877528     
   47.600000000000001       0.98012366404827389     
   47.670000000000009       0.97916606366159042     
   47.740000000000002       0.97909406632783769     
   47.810000000000002       0.98567249302851900     
   47.880000000000003       0.97643435799250555     
   47.950000000000010       0.97836969727221690     
   48.020000000000010       0.98236042585642513     
   48.090000000000003       0.97398424442997722     
   48.160000000000004       0.97780595884136912     
   48.230000000000004       0.98159229982753027     
   48.300000000000011       0.97620698846977161     
   48.370000000000005       0.97977875396875425     
   48.440000000000005       0.97630542299007383     
   48.510000000000005       0.98277594039361915     
   48.580000000000005       0.98369766489839305     
   48.649999999999999       0.98675244515639959     
   48.720000000000006       0.98184703192988554     
   48.790000000000006       0.97469543248190571     
   48.860000000000007       0.98289758812345818     
   48.930000000000000       0.98229075373807861     
   49.000000000000000       0.97665760674604318     
   49.070000000000007       0.97487353815612376     
   49.140000000000008       0.97433641099627244     
   49.210000000000001       0.98398574297574060     
   49.280000000000001       0.98181676155129438     
   49.350000000000009       0.98174461633778420     
   49.420000000000009       0.97237158601892837     
   49.490000000000002       0.97911267290306225     
   49.560000000000002       0.97825979658730866     
   49.630000000000003       0.97728666710338796     
   49.700000000000010       0.98276140132476220     
   49.770000000000003       0.97698800294950672     
   49.840000000000003       0.98366539421641330     
   49.910000000000004       0.97984827797641494     
   49.980000000000004       0.98374757573883809     
   50.049999999999997       0.97632755019701734     
   50.120000000000005       0.98153242590173340     
   50.190000000000005       0.97973237692494464     
   50.260000000000005       0.98305441101579183     
   50.329999999999998       0.98455135120926007     
   50.399999999999999       0.97228928461738440     
   50.470000000000006       0.97295512770221293     
   50.540000000000006       0.97871625285255748     
   50.609999999999999       0.98303293554654947     
   50.680000000000000       0.98255169060758307     
   50.750000000000007       0.98041224932247628     
   50.820000000000007       0.97827902547277290     
   50.890000000000008       0.96574484068516331     
   50.960000000000001       0.97906322569877735     
   51.030000000000001       0.97771586161576562     
   51.100000000000009       0.97042745073681091     
   51.170000000000009       0.98072740989559448     
   51.240000000000002       0.97211787816768036     
   51.310000000000002       0.97357853882271383     
   51.380000000000010       0.96942021967758862     
   51.450000000000010       0.97296498489528083     
   51.520000000000003       0.97058420261155598     
   51.590000000000003       0.98633439081708729     
   51.660000000000004       0.98474276698604324     
   51.730000000000011       0.97222123673638061     
   51.800000000000004       0.97299190394748736     
   51.870000000000005       0.98667025029630506     
   51.940000000000005       0.97043461499066985     
   52.010000000000005       0.97996056065791326     
   52.079999999999998       0.97607264097854307     
   52.150000000000006       0.97793520023323155     
   52.220000000000006       0.98092912074873173     
   52.290000000000006       0.96628500436240827     
   52.359999999999999       0.98595845181698982     
   52.430000000000000       0.97623703683171315     
   52.500000000000007       0.97945872457293182     
   52.570000000000007       0.97936610458897366     
   52.640000000000001       0.97582632114445989     
   52.710000000000001       0.97757882991653822     
   52.780000000000008       0.98126447860828270     
   52.850000000000009       0.96753684767839032     
   52.920000000000002       0.97925038539787612     
   52.990000000000002       0.96836202001995064     
   53.060000000000002       0.97947378176001532     
   53.130000000000010       0.97013074766925511     
   53.200000000000003       0.97680561356171858     
   53.270000000000003       0.98323418879931901     
   53.340000000000003       0.97776037999040455     
   53.410000000000011       0.97982787806473159     
   53.479999999999997       0.98005377202180266     
   53.550000000000004       0.98395745140957991     
   53.620000000000005       0.97947813902026493     
   53.690000000000005       0.97730481382723744     
   53.759999999999998       0.97005566454758518     
   53.830000000000005       0.97307105242319603     
   53.900000000000006       0.98321417868994898     
   53.970000000000006       0.98032114158377071     
   54.040000000000006       0.97407026434495148     
   54.109999999999999       0.98225167315128448     
   54.180000000000007       0.98353019183137613     
   54.250000000000007       0.97570755695154998     
   54.320000000000007       0.96983805058324268     
   54.390000000000001       0.98607210192894479     
   54.460000000000001       0.98184566591952560     
   54.530000000000008       0.98217265483789373     
   54.600000000000009       0.96996959475561828     
   54.670000000000002       0.97216557818041038     
   54.740000000000002       0.97835938384782517     
   54.810000000000009       0.98476798477458938     
   54.880000000000010       0.98659723726580484     
   54.950000000000003       0.97530601593851785     
   55.020000000000003       0.97463170690886647     
   55.090000000000003       0.97383174186956178     
   55.160000000000011       0.97685032084634449     
   55.230000000000004       0.98074915728235168     
   55.300000000000004       0.98285233476597378     
   55.370000000000005       0.97440905222469965     
   55.440000000000005       0.97909558606541514     
   55.509999999999998       0.97659222418352742     
   55.580000000000005       0.98287537652157009     
   55.650000000000006       0.97947718356517011     
   55.720000000000006       0.97121118465720657     
   55.789999999999999       0.97185333521446560     
   55.859999999999999       0.97995920276165294     
   55.930000000000007       0.98857044894562651     
   56.000000000000007       0.98368625399034959     
   56.070000000000000       0.98362569791108667     
   56.140000000000001       0.98124158973277475     
   56.210000000000008       0.97117245318903889     
   56.280000000000008       0.97912817350603443     
   56.350000000000001       0.96614668481591748     
   56.420000000000002       0.97842076948991308     
   56.490000000000002       0.96750100799114891     
   56.560000000000009       0.97615455275899154     
   56.630000000000003       0.98491063462850093     
   56.700000000000003       0.98345686511736841     
   56.770000000000003       0.98351370765300106     
   56.840000000000011       0.98337310963607572     
   56.910000000000011       0.98445182054522773     
   56.980000000000004       0.97950943233026877     
   57.050000000000004       0.97366833159611021     
   57.120000000000005       0.98273363369881050     
   57.190000000000012       0.97587092406905618     
   57.260000000000005       0.97288268809529943     
   57.330000000000005       0.97662644622961736     
   57.400000000000006       0.97956127131579951     
   57.470000000000006       0.98254488197579615     
   57.539999999999999       0.97965173599332478     
   57.610000000000007       0.98558952998920935     
   57.680000000000007       0.97942006514700553     
   57.750000000000007       0.98129108039957169     
   57.820000000000000       0.97501333821751324     
   57.890000000000001       0.97842662724156504     
   57.960000000000008       0.98443050248716379     
   58.030000000000008       0.97629195243721389     
   58.100000000000001       0.97994664500222839     
   58.170000000000002       0.98200557160536428     
   58.240000000000009       0.97834154546709706     
   58.310000000000009       0.97994234363700017     
   58.380000000000003       0.98405560430131722     
   58.450000000000003       0.98071594678489382     
   58.520000000000003       0.98168417652676154     
   58.590000000000011       0.96931656440221903     
   58.660000000000004       0.98031091787813585     
   58.730000000000004       0.98882016379001059     
   58.800000000000004       0.98094935164527464     
   58.870000000000012       0.97754078978645609     
   58.939999999999998       0.98086978048289020     
   59.010000000000005       0.98202053127174627     
   59.080000000000005       0.97556429953054302     
   59.150000000000006       0.97905593366897470     
   59.219999999999999       0.97326045515004955     
   59.290000000000006       0.98164475481629443     
   59.360000000000007       0.97677088792607414     
   59.430000000000007       0.97879736191772182     
   59.500000000000000       0.98706151697251809     
   59.570000000000000       0.97652137963740415     
   59.640000000000008       0.97793858796497768     
   59.710000000000008       0.96762751207202558     
   59.780000000000008       0.96960157048441131     
   59.850000000000001       0.97632594945345397     
   59.920000000000002       0.98311258930043743     
   59.990000000000009       0.98420154349376576     
   60.060000000000009       0.98213787348506554     
   60.130000000000003       0.97979605937124992     
   60.200000000000003       0.98498810441966900     
   60.270000000000010       0.98123600804273547     
   60.340000000000011       0.97736155436285665     
   60.410000000000004       0.97135444950638106     
   60.480000000000004       0.98596808941950942     
   60.550000000000004       0.96845251163768065     
   60.620000000000012       0.98515088276756690     
   60.690000000000005       0.97680509034965080     
   60.760000000000005       0.97874617361926486     
   60.830000000000005       0.98162514477633145     
   60.900000000000006       0.97531097121157184     
   60.969999999999999       0.97752888100850788     
   61.040000000000006       0.98195109736366948     
   61.110000000000007       0.97926264889504500     
   61.180000000000007       0.98612333672248154     
   61.250000000000000       0.98138971604824177     
   61.320000000000007       0.98096809316697464     
   61.390000000000008       0.97882425098378500     
   61.460000000000008       0.98150634954961613     
   61.530000000000001       0.97554434126316170     
   61.600000000000001       0.98196988877574010     
   61.670000000000009       0.98148219325770170     
   61.740000000000009       0.98292713079386695     
   61.810000000000002       0.97701365297136045     
   61.880000000000003       0.97427770232776123     
   61.950000000000003       0.97409104771026700     
   62.020000000000010       0.98261730912776291     
   62.090000000000003       0.97925017381990376     
   62.160000000000004       0.98282002708284832     
   62.230000000000004       0.97881192964774755     
   62.300000000000011       0.97019497455292514     
   62.369999999999997       0.97065651289826138     
   62.440000000000005       0.97839323198469785     
   62.510000000000005       0.98328451472805112     
   62.580000000000005       0.98542607075006794     
   62.649999999999999       0.98196029097057291     
   62.720000000000006       0.97927549160866834     
   62.790000000000006       0.97427766966656970     
   62.860000000000007       0.96833475684650849     
   62.930000000000007       0.97857771233574831     
   63.000000000000000       0.97294905109382668     
   63.070000000000007       0.97820336994166590     
   63.140000000000008       0.97959060492951588     
   63.210000000000008       0.97639746575537556     
   63.280000000000001       0.97299395266970012     
   63.350000000000001       0.97375730658348403     
   63.420000000000009       0.97775754255957847     
   63.490000000000009       0.97816181611644160     
   63.560000000000002       0.98019925451370604     
   63.630000000000003       0.97709053322390982     
   63.700000000000010       0.97591395331569930     
   63.770000000000010       0.97573808943793439     
   63.840000000000003       0.97983623721015045     
   63.910000000000004       0.98091137143872775     
   63.980000000000004       0.98103201004136587     
   64.050000000000011       0.97914424584174131     
   64.120000000000005       0.97807961525323339     
   64.189999999999998       0.97665929107680582     
   64.260000000000005       0.98254318553211872     
   64.330000000000013       0.97345615544263697     
   64.400000000000006       0.97212460347979646     
   64.469999999999999       0.98476068883652179     
   64.540000000000006       0.98106336832877405     
   64.610000000000014       0.96555093190103269     
   64.680000000000007       0.97239118476398900     
   64.750000000000000       0.97848109671641514     
   64.820000000000007       0.97405461620495526     
   64.890000000000015       0.98084742812703718     
   64.960000000000008       0.98041937975637206     
   65.030000000000001       0.97499134604580562     
   65.100000000000009       0.96996764171539018     
   65.170000000000002       0.97467173413110686     
   65.239999999999995       0.97718179917017245     
   65.310000000000002       0.98340447801293029     
   65.380000000000010       0.97672965076724327     
   65.450000000000003       0.97720038870951687     
   65.519999999999996       0.97414788998710811     
   65.590000000000003       0.97909351481280738     
   65.660000000000011       0.98279017623993203     
   65.730000000000004       0.97853783836640673     
   65.800000000000011       0.98150295801259402     
   65.870000000000005       0.98431856032867660     
   65.940000000000012       0.97827718789111218     
   66.010000000000005       0.97081444418501617     
   66.080000000000013       0.96937899307423092     
   66.150000000000006       0.96798603456776355     
   66.219999999999999       0.96995076850079409     
   66.290000000000006       0.96572283431095685     
   66.360000000000014       0.98319178520092354     
   66.430000000000007       0.97070963183165981     
   66.500000000000000       0.97722268753783792     
   66.570000000000007       0.97731359473948998     
   66.640000000000015       0.97542604741641448     
   66.710000000000008       0.98253339313843868     
   66.780000000000001       0.98515870777409698     
   66.850000000000009       0.98152888145094763     
   66.920000000000016       0.98150738080061972     
   66.990000000000009       0.97892345993217877     
   67.060000000000002       0.97347510940065585     
   67.130000000000010       0.97810797587817722     
   67.200000000000003       0.97376973627666374     
   67.269999999999996       0.98416755320076732     
   67.340000000000003       0.97135093155446084     
   67.410000000000011       0.97252201234425306     
   67.480000000000004       0.97601787062859935     
   67.549999999999997       0.97956881031425891     
   67.620000000000005       0.97602092129872797     
   67.690000000000012       0.97776375045660091     
   67.760000000000005       0.97598589182569206     
   67.829999999999998       0.98194172664279222     
   67.900000000000006       0.97047980176381388     
   67.970000000000013       0.97772846265102198     
   68.040000000000006       0.96799930323440431     
   68.109999999999999       0.97047074206035211     
   68.180000000000007       0.97592783134840000     
   68.250000000000000       0.97755904162491369     
   68.320000000000007       0.97933519129399238     
   68.390000000000001       0.97838234678919278     
   68.460000000000008       0.97721783813320851     
   68.530000000000001       0.98182421659878005     
   68.600000000000009       0.98322080953617164     
   68.670000000000002       0.98190208940171919     
   68.740000000000009       0.97657812871887550     
   68.810000000000002       0.97300922743020102     
   68.880000000000010       0.97181189798945888     
   68.950000000000017       0.96553517185177540     
   69.019999999999996       0.97170508751194706     
   69.090000000000003       0.97964771038898180     
   69.160000000000011       0.97494119307999971     
   69.230000000000004       0.97477959547610038     
   69.299999999999997       0.98332309820585673     
   69.370000000000005       0.97071923698618545     
   69.440000000000012       0.96927550736878321     
   69.510000000000005       0.97849010063845487     
   69.579999999999998       0.97720012544690160     
   69.650000000000006       0.98046434766324320     
   69.720000000000013       0.98235274038168352     
   69.790000000000006       0.96825703253242745     
   69.859999999999999       0.97707416192111241     
   69.930000000000007       0.97654444708239563     
   70.000000000000014       0.97677068512910425     
   70.070000000000007       0.97626354493410794     
   70.140000000000001       0.97753389775217192     
   70.210000000000008       0.97917569978318608     
   70.280000000000001       0.97581970854682354     
   70.350000000000009       0.97584310937754504     
   70.420000000000002       0.97154890067912603     
   70.490000000000009       0.98009023150646180     
   70.560000000000002       0.97726416377584902     
   70.630000000000010       0.97251057887993642     
   70.700000000000003       0.98397703211225229     
   70.770000000000010       0.98108260688618165     
   70.840000000000003       0.97814562772679214     
   70.910000000000011       0.97811720712010530     
   70.980000000000004       0.98199313029112811     
   71.049999999999997       0.97588458343673212     
   71.120000000000005       0.96944815056003919     
   71.190000000000012       0.97629188006396816     
   71.260000000000005       0.97583617973260439     
   71.329999999999998       0.97375198567596688     
   71.400000000000006       0.98023532907794408     
   71.470000000000013       0.97705893905706598     
   71.540000000000006       0.97822757489425971     
   71.609999999999999       0.98440939587448673     
   71.680000000000007       0.97942819647932744     
   71.750000000000014       0.97427451923542319     
   71.820000000000007       0.98027565218601431     
   71.890000000000001       0.97581670294605416     
   71.960000000000008       0.98115011716141720     
   72.030000000000015       0.97404749387025102     
   72.100000000000009       0.97561263321449720     
   72.170000000000002       0.98240344545526714     
   72.240000000000009       0.97740895367369640     
   72.310000000000002       0.96396110232378307     
   72.380000000000010       0.97804812184481837     
   72.450000000000003       0.97581879418180539     
   72.520000000000010       0.97925341260309529     
   72.590000000000003       0.97654743913707553     
   72.660000000000011       0.97776409123607988     
   72.730000000000004       0.97476929101684917     
   72.800000000000011       0.98133733333185702     
   72.870000000000005       0.97439259155734970     
   72.940000000000012       0.97448450145226961     
   73.010000000000005       0.97247858280915944     
   73.079999999999998       0.97710863972386619     
   73.150000000000006       0.98317065956587268     
   73.220000000000013       0.98029271282280317     
   73.290000000000006       0.97398040411289821     
   73.359999999999999       0.97656218670595174     
   73.430000000000007       0.98050244425654187     
   73.500000000000014       0.98003637031557145     
   73.570000000000007       0.97792566834250316     
   73.640000000000001       0.97549695849887186     
   73.710000000000008       0.98297349141216139     
   73.780000000000015       0.98068737671582962     
   73.850000000000009       0.97587534960756139     
   73.920000000000002       0.97871320037334308     
   73.990000000000009       0.98109751024563330     
   74.060000000000002       0.97283909535043633     
   74.129999999999995       0.98310181431615551     
   74.200000000000003       0.98256923631309911     
   74.270000000000010       0.97693950394485762     
   74.340000000000003       0.98118296936160654     
   74.409999999999997       0.96550553625475233     
   74.480000000000004       0.97509537468991325     
   74.550000000000011       0.98454977656654974     
   74.620000000000005       0.97809457549934087     
   74.690000000000012       0.98043207133438293     
   74.760000000000005       0.96938558080433268     
   74.830000000000013       0.97819124556201098     
   74.900000000000006       0.97914459305571810     
   74.970000000000013       0.98188084379318297     
   75.040000000000006       0.98075301250609070     
   75.109999999999999       0.97346832767839730     
   75.180000000000007       0.98218602508010444     
   75.250000000000014       0.98456164609999219     
   75.320000000000007       0.97843484455230323     
   75.390000000000001       0.97625107497592900     
   75.460000000000008       0.98078096384355073     
   75.530000000000015       0.97003909207474293     
   75.600000000000009       0.97707805605492848     
   75.670000000000002       0.98063278682480204     
   75.740000000000009       0.98009163480158179     
   75.810000000000016       0.95508574071859476     
   75.880000000000010       0.97720160570498293     
   75.950000000000003       0.97612776489099284     
   76.020000000000010       0.98080995354382949     
   76.090000000000003       0.98119787480075504     
   76.159999999999997       0.98391577170867572     
   76.230000000000004       0.97315198069097164     
   76.300000000000011       0.97983996157096764     
   76.370000000000005       0.97819786498610650     
   76.439999999999998       0.97179478461214552     
   76.510000000000005       0.97160713394457920     
   76.580000000000013       0.95847068130493307     
   76.650000000000006       0.97234221917557273     
   76.719999999999999       0.97649249616479339     
   76.790000000000006       0.97614385722549324     
   76.860000000000014       0.97607813886181849     
   76.930000000000007       0.97913968685040154     
   77.000000000000000       0.97983905496198564     
   77.070000000000007       0.97985058365587674     
   77.140000000000001       0.98096710086972794     
   77.210000000000008       0.98072542792336703     
   77.280000000000001       0.97459867619511364     
   77.350000000000009       0.98127139098278382     
   77.420000000000002       0.97920754978587143     
   77.490000000000009       0.97481403975242187     
   77.560000000000002       0.97872925888622131     
   77.630000000000010       0.97863825591545361     
   77.700000000000003       0.98430956756771026     
   77.770000000000010       0.97815286274096969     
   77.840000000000018       0.97099310884729673     
   77.910000000000011       0.97865891090468649     
   77.980000000000004       0.98195136984207432     
   78.050000000000011       0.98312240030943143     
   78.120000000000005       0.97954765539423683     
   78.189999999999998       0.98119031500309706     
   78.260000000000005       0.98025675224630615     
   78.330000000000013       0.97541645653328357     
   78.400000000000006       0.96913799255496602     
   78.469999999999999       0.97289634120815904     
   78.540000000000006       0.97672559718602281     
   78.610000000000014       0.98039101124143557     
   78.680000000000007       0.97453822682797386     
   78.750000000000000       0.97639847977866911     
   78.820000000000007       0.97946058277606385     
   78.890000000000015       0.96967022339299525     
   78.960000000000008       0.97076783448142845     
   79.030000000000001       0.98012759393309090     
   79.100000000000009       0.97476883457428021     
   79.170000000000002       0.97312038523220645     
   79.240000000000009       0.97818596751022147     
   79.310000000000002       0.96176977009253728     
   79.380000000000010       0.97188510035259923     
   79.450000000000003       0.97630348353805008     
   79.520000000000010       0.97739053611407922     
   79.590000000000003       0.96596978832813141     
   79.660000000000011       0.97200572208676017     
   79.730000000000004       0.98191495246961802     
   79.800000000000011       0.97767449662048100     
   79.870000000000005       0.97372684934855480     
   79.940000000000012       0.97027630075751703     
   80.010000000000005       0.97054067784591591     
   80.080000000000013       0.97305262570342621     
   80.150000000000006       0.96362717035513434     
   80.219999999999999       0.97277788144958000     
   80.290000000000006       0.97750560377724960     
   80.360000000000014       0.97189596397364808     
   80.430000000000007       0.97437870046789343     
   80.500000000000000       0.97117232025439870     
   80.570000000000007       0.98011905736798632     
   80.640000000000015       0.98402969913286487     
   80.710000000000008       0.98187605561678315     
   80.780000000000001       0.98123620347687701     
   80.850000000000009       0.97530341365977713     
   80.920000000000016       0.97005525738553466     
   80.990000000000009       0.97807656171421742     
   81.060000000000002       0.98336380717318372     
   81.130000000000010       0.97543094924694207     
   81.200000000000003       0.96568883148180928     
   81.270000000000010       0.97888670083469487     
   81.340000000000003       0.97338327001201175     
   81.410000000000011       0.96242697130958199     
   81.480000000000004       0.98100279057001971     
   81.550000000000011       0.96612976556738772     
   81.620000000000005       0.96680193356408761     
   81.690000000000012       0.97571964226724395     
   81.760000000000005       0.97466523142864558     
   81.830000000000013       0.98325445326519167     
   81.900000000000006       0.97254009568011535     
   81.969999999999999       0.96641387647355181     
   82.040000000000006       0.97334451250851162     
   82.110000000000014       0.97933068734946060     
   82.180000000000007       0.95774025663091344     
   82.250000000000000       0.97866060206304017     
   82.320000000000007       0.97039105569971795     
   82.390000000000015       0.97955988861720356     
   82.460000000000008       0.97592770646998761     
   82.530000000000001       0.97459648505599505     
   82.600000000000009       0.98227955629850427     
   82.670000000000016       0.97506475550877880     
   82.740000000000009       0.97807979835431225     
   82.810000000000002       0.97317237451934302     
   82.880000000000010       0.98371958476283927     
   82.950000000000017       0.97587255251896632     
   83.019999999999996       0.97305721308884285     
   83.090000000000003       0.97920798546520338     
   83.160000000000011       0.97371818545729372     
   83.230000000000004       0.96866691299732721     
   83.299999999999997       0.97813726520256616     
   83.370000000000005       0.96887653436531196     
   83.440000000000012       0.97574746999043749     
   83.510000000000005       0.97871683142387400     
   83.579999999999998       0.98187488349174246     
   83.650000000000006       0.97298459676514348     
   83.720000000000013       0.97236797635073269     
   83.790000000000006       0.98052523571074779     
   83.860000000000014       0.95953766085374503     
   83.930000000000007       0.98013808707471939     
   84.000000000000000       0.98201260895487830     
   84.070000000000007       0.96861833763797311     
   84.140000000000015       0.97191052105493514     
   84.210000000000008       0.97369834280310930     
   84.280000000000001       0.96576375536108283     
   84.350000000000009       0.98411687297878303     
   84.420000000000016       0.98194732819911335     
   84.490000000000009       0.98109548940759128     
   84.560000000000002       0.97121737604262270     
   84.630000000000010       0.97190136131874361     
   84.700000000000017       0.97458824278709266     
   84.770000000000010       0.96049181744908041     
   84.840000000000003       0.97527704702837525     
   84.910000000000011       0.97898897922167294     
   84.980000000000018       0.97863701734351649     
   85.049999999999997       0.98040931934257780     
   85.120000000000005       0.98077618820390167     
   85.190000000000012       0.98274779072544938     
   85.260000000000005       0.97852927958645708     
   85.329999999999998       0.98024413651486575     
   85.400000000000006       0.98098043096780485     
   85.470000000000013       0.96974904695507391     
   85.540000000000006       0.97975777460569935     
   85.609999999999999       0.97193646478522622     
   85.680000000000007       0.97230311951146231     
   85.750000000000014       0.97038609771018480     
   85.820000000000007       0.97768621822864821     
   85.890000000000001       0.97986219453725842     
   85.960000000000008       0.97356465760181699     
   86.030000000000001       0.96538549864518208     
   86.100000000000009       0.97546990099486075     
   86.170000000000002       0.97839665568524059     
   86.240000000000009       0.96931850537039776     
   86.310000000000002       0.97008517597484745     
   86.380000000000010       0.97315833551330988     
   86.450000000000003       0.97015866576792220     
   86.520000000000010       0.96655729495968346     
   86.590000000000003       0.97627261884401606     
   86.660000000000011       0.96331779019597241     
   86.730000000000018       0.97573642623539669     
   86.800000000000011       0.96359425911611785     
   86.870000000000005       0.97464941764691126     
   86.940000000000012       0.98068047609447229     
   87.010000000000005       0.97035721796978958     
   87.079999999999998       0.97303806267436777     
   87.150000000000006       0.97750110769952192     
   87.220000000000013       0.97610197428993317     
   87.290000000000006       0.97357959194308852     
   87.359999999999999       0.95810203884277367     
   87.430000000000007       0.98001415105694145     
   87.500000000000014       0.97215916375001754     
   87.570000000000007       0.96843025580136133     
   87.640000000000001       0.97033811978855511     
   87.710000000000008       0.97561980425365546     
   87.780000000000015       0.97596844257584658     
   87.850000000000009       0.96701081944502187     
   87.920000000000002       0.98115136388652857     
   87.990000000000009       0.97577268045056376     
   88.060000000000002       0.97324273223945545     
   88.130000000000010       0.98144593065240993     
   88.200000000000003       0.97049260696490969     
   88.270000000000010       0.97601427835402277     
   88.340000000000003       0.97565922022538321     
   88.410000000000011       0.96671526550370956     
   88.480000000000004       0.97382029713784013     
   88.550000000000011       0.97975760285630276     
   88.620000000000005       0.97055747170669748     
   88.690000000000012       0.96623156297121604     
   88.760000000000005       0.97249289022289231     
   88.830000000000013       0.97444079499554226     
   88.900000000000006       0.97170475259396694     
   88.970000000000013       0.97476262409316106     
   89.040000000000006       0.95037639915392225     
   89.109999999999999       0.97246572067311188     
   89.180000000000007       0.97805389331546788     
   89.250000000000014       0.97350525013809075     
   89.320000000000007       0.97812648516705947     
   89.390000000000001       0.96620526778684834     
   89.460000000000008       0.97345853503653723     
   89.530000000000015       0.97885567596556300     
   89.600000000000009       0.96325384661003455     
   89.670000000000002       0.97588780836712774     
   89.740000000000009       0.97658948593058725     
   89.810000000000016       0.97830076371474961     
   89.880000000000010       0.96285262753789347     
   89.950000000000003       0.97648999027077399     
   90.020000000000010       0.96709747875061491     
   90.090000000000003       0.97419353582103785     
   90.160000000000011       0.96562101839737924     
   90.230000000000004       0.97405459155428464     
   90.300000000000011       0.97227022006573516     
   90.370000000000005       0.96721964124985482     
   90.439999999999998       0.97247069939665909     
   90.510000000000005       0.97345672653603499     
   90.580000000000013       0.97228607704727721     
   90.650000000000006       0.97358990448658844     
   90.720000000000013       0.97246070262100492     
   90.790000000000020       0.96361465017095549     
   90.860000000000014       0.97337790556753234     
   90.929999999999993       0.96740971165349166     
   91.000000000000000       0.97503879792559756     
   91.070000000000007       0.96797151715091334     
   91.140000000000001       0.97629286751545086     
   91.210000000000008       0.96741897262056498     
   91.280000000000015       0.96733951299732968     
   91.350000000000009       0.97262627172625415     
   91.420000000000016       0.97249278755169111     
   91.489999999999995       0.96395430540678417     
   91.560000000000002       0.97288219464618031     
   91.630000000000010       0.97535715028849113     
   91.700000000000003       0.97194978546223898     
   91.770000000000010       0.96820520415527256     
   91.840000000000018       0.98043550841129046     
   91.910000000000011       0.96370719831268070     
   91.980000000000018       0.97777447330372302     
   92.049999999999997       0.97193581119073658     
   92.120000000000005       0.96613666901318007     
   92.189999999999998       0.96579074144083776     
   92.260000000000005       0.98200446514219686     
   92.330000000000013       0.96061336264527708     
   92.400000000000006       0.97255457538424672     
   92.470000000000013       0.98041313739487601     
   92.540000000000020       0.97447547690010805     
   92.610000000000014       0.97317234359564431     
   92.680000000000007       0.96937651674494518     
   92.750000000000000       0.96327112189548891     
   92.820000000000007       0.97202318159767709     
   92.890000000000001       0.97657902703978927     
   92.960000000000008       0.97422408745812206     
   93.030000000000015       0.97228274196192543     
   93.100000000000009       0.97316228770708846     
   93.170000000000016       0.97920999387335128     
   93.239999999999995       0.97834724135817319     
   93.310000000000002       0.97464337874282292     
   93.380000000000010       0.97097988589696060     
   93.450000000000003       0.97673018402313871     
   93.520000000000010       0.97525470135105552     
   93.590000000000018       0.97831034806124784     
   93.660000000000011       0.96633619192147424     
   93.730000000000018       0.98548523364516127     
   93.799999999999997       0.97518186671667728     
   93.870000000000005       0.98141529645108561     
   93.939999999999998       0.95982789902955556     
   94.010000000000005       0.96640752448804901     
   94.080000000000013       0.97329659312761185     
   94.150000000000006       0.98115539401921714     
   94.220000000000013       0.97985459847238110     
   94.290000000000020       0.97275878069787935     
   94.359999999999999       0.98150475806277881     
   94.430000000000007       0.97098129377592424     
   94.500000000000000       0.97635282146344116     
   94.570000000000007       0.98231341705531083     
   94.640000000000015       0.98163017414815001     
   94.710000000000008       0.97659982147423474     
   94.780000000000015       0.97146880931615209     
   94.850000000000023       0.98211787054647404     
   94.920000000000002       0.98006821663191890     
   94.989999999999995       0.97572964652525851     
   95.060000000000002       0.97689935283224638     
   95.130000000000010       0.97738318530033708     
   95.200000000000003       0.97915004058225241     
   95.270000000000010       0.97626421200690805     
   95.340000000000018       0.98189449196977308     
   95.410000000000011       0.98058823561771302     
   95.480000000000004       0.96738368508375783     
   95.549999999999997       0.97295619206657613     
   95.620000000000005       0.98228810802429845     
   95.690000000000012       0.98079895493010327     
   95.760000000000005       0.98071634700769550     
   95.830000000000013       0.98141769615101260     
   95.900000000000020       0.96850122359647195     
   95.970000000000013       0.98261393177517709     
   96.040000000000020       0.97447904369196015     
   96.109999999999999       0.97575011406180312     
   96.180000000000007       0.97699454217808068     
   96.250000000000000       0.97076818583378077     
   96.320000000000007       0.97592569411414976     
   96.390000000000015       0.97656867633824651     
   96.460000000000008       0.97710699489037300     
   96.530000000000015       0.97189659692494146     
   96.600000000000023       0.97831932384083209     
   96.670000000000002       0.97744608832389801     
   96.740000000000009       0.98744944163200521     
   96.810000000000002       0.98121979160055506     
   96.880000000000010       0.97790407324270179     
   96.950000000000003       0.97576762340737178     
   97.020000000000010       0.97656286251288638     
   97.090000000000018       0.96872738912095546     
   97.160000000000011       0.98113348329164107     
   97.230000000000004       0.97372977598279098     
   97.299999999999997       0.97262451642101000     
   97.370000000000005       0.98018422580177023     
   97.440000000000012       0.98352659394689645     
   97.510000000000005       0.97932105663564739     
   97.580000000000013       0.97471258351042123     
   97.650000000000020       0.98366669494113623     
   97.720000000000013       0.98225196109891555     
   97.789999999999992       0.96726697829160913     
   97.859999999999999       0.97203188673893803     
   97.930000000000007       0.97212825696074101     
   98.000000000000000       0.97981685200160640     
   98.070000000000007       0.97442148674017859     
   98.140000000000015       0.97284913838924736     
   98.210000000000008       0.97529359767388446     
   98.280000000000015       0.97187778155236948     
   98.349999999999994       0.96455522897647317     
   98.420000000000002       0.98376542280115475     
   98.490000000000009       0.97302407172117800     
   98.560000000000002       0.96668797630747993     
   98.630000000000010       0.96679860491122327     
   98.700000000000017       0.97066905606315801     
   98.770000000000010       0.96424014123594459     
   98.840000000000018       0.98217188056354754     
   98.910000000000025       0.97949729380423911     
   98.980000000000004       0.98371130775197080     
   99.049999999999997       0.97488264572276684     
   99.120000000000005       0.97490983623028094     
   99.190000000000012       0.97928943394546253     
   99.260000000000005       0.98263385131945069     
   99.330000000000013       0.96781595471033821     
   99.400000000000020       0.96816031673370129     
   99.470000000000013       0.96943114493401061     
   99.540000000000006       0.96678558325492758     
   99.609999999999999       0.97467791251423141     
   99.680000000000007       0.96734792907308698     
   99.750000000000014       0.97093202928806643     
   99.820000000000007       0.97635575730027280     
   99.890000000000015       0.97089115308497720     
