   0.0000000000000000       0.99999999999998113     
   8.0000000000000002E-002  0.88184161994863419     
  0.16000000000000000       0.96065253761965785     
  0.23999999999999999       0.97787651535383091     
  0.32000000000000001       0.77981947250939321     
  0.40000000000000008       0.76815706966985220     
  0.47999999999999998       0.23447181030199621     
  0.56000000000000005       0.90146709031270911     
  0.64000000000000001       0.92665061250756431     
  0.72000000000000008       0.70139920464396621     
  0.80000000000000016       0.41793799999423858     
  0.88000000000000000       0.58001331017771895     
  0.95999999999999996       0.49294104927962179     
   1.0400000000000000       0.62833592092077939     
   1.1200000000000001       0.75105458141617831     
   1.2000000000000002       0.83474063630082618     
   1.2800000000000000       0.80040324497932358     
   1.3600000000000001       0.70831785946932246     
   1.4400000000000002       0.63020650782182353     
   1.5200000000000000       0.71328797814701372     
   1.6000000000000003       0.78255557405562226     
   1.6800000000000002       0.50594954370802525     
   1.7600000000000000       0.36911707947783734     
   1.8400000000000001       0.71103980929236610     
   1.9199999999999999       0.81218003806566341     
   2.0000000000000004       0.86771619020825952     
   2.0800000000000001       0.82748464976635427     
   2.1600000000000001       0.75666104375417298     
   2.2400000000000002       0.82521435266990650     
   2.3199999999999998       0.86622783186269070     
   2.4000000000000004       0.83873127397624381     
   2.4800000000000004       0.81586160082801618     
   2.5600000000000001       0.81270780005381948     
   2.6400000000000001       0.85064390368595832     
   2.7200000000000002       0.89088305994515549     
   2.8000000000000003       0.88558159746811682     
   2.8800000000000003       0.88210156283412577     
   2.9600000000000004       0.90682782254818983     
   3.0400000000000000       0.87774369108512251     
   3.1200000000000001       0.79781696352110731     
   3.2000000000000006       0.89424864037535168     
   3.2800000000000002       0.87589388696395076     
   3.3600000000000003       0.86893172148024578     
   3.4400000000000004       0.88553342120095890     
   3.5200000000000000       0.83031080364777887     
   3.6000000000000001       0.86596340947847961     
   3.6800000000000002       0.86482648570779086     
   3.7600000000000002       0.82179223020429337     
   3.8399999999999999       0.65219942567853284     
   3.9200000000000008       0.72995063269140925     
   4.0000000000000009       0.76692686421904543     
   4.0800000000000001       0.79931928802445551     
   4.1600000000000001       0.80650967968224918     
   4.2400000000000002       0.79960361319084516     
   4.3200000000000003       0.85989081598665962     
   4.4000000000000004       0.82641013417398701     
   4.4800000000000004       0.87443643051518138     
   4.5600000000000005       0.86733230675510231     
   4.6399999999999997       0.86479210126372574     
   4.7200000000000006       0.72817256691733767     
   4.8000000000000007       0.85581412480065744     
   4.8800000000000008       0.78350523000381667     
   4.9600000000000009       0.87017193775783064     
   5.0400000000000009       0.80118739743110678     
   5.1200000000000001       0.84390265921969554     
   5.2000000000000002       0.86643900532086138     
   5.2800000000000002       0.83681550460055032     
   5.3600000000000003       0.87843649609886532     
   5.4400000000000004       0.86547526701776234     
   5.5200000000000005       0.87584385634645701     
   5.6000000000000005       0.87638448746318698     
   5.6800000000000006       0.85783814681237902     
   5.7600000000000007       0.76727051462902662     
   5.8400000000000007       0.83949044488423519     
   5.9200000000000008       0.85428212616015931     
   6.0000000000000009       0.86472434514585095     
   6.0800000000000001       0.82959213068230020     
   6.1600000000000001       0.84771408298855122     
   6.2400000000000002       0.82974439887338092     
   6.3200000000000003       0.85565676599626250     
   6.4000000000000012       0.86815938579289242     
   6.4800000000000004       0.86528130413640114     
   6.5600000000000005       0.85706731574957440     
   6.6400000000000006       0.87977202707248126     
   6.7200000000000006       0.86782796653168426     
   6.8000000000000007       0.87642650595164218     
   6.8800000000000008       0.88585425064967338     
   6.9600000000000009       0.89001523795641468     
   7.0400000000000000       0.89671922216501787     
   7.1200000000000001       0.89014751537328063     
   7.2000000000000002       0.87692121683715762     
   7.2800000000000002       0.90017368475903159     
   7.3600000000000003       0.86765709299289162     
   7.4400000000000004       0.87514596864090055     
   7.5200000000000005       0.87495330468674748     
   7.5999999999999996       0.88774360632405747     
   7.6799999999999997       0.87223155574481714     
   7.7600000000000016       0.89740986894561703     
   7.8400000000000016       0.89100835688627245     
   7.9200000000000008       0.88303151609568031     
   8.0000000000000018       0.89373059240232100     
   8.0800000000000018       0.90446422937783699     
   8.1600000000000001       0.88007048948609023     
   8.2400000000000002       0.89313408944383066     
   8.3200000000000003       0.90093735699636290     
   8.4000000000000004       0.86513426937935911     
   8.4800000000000004       0.90364297625960743     
   8.5600000000000005       0.89042105020956264     
   8.6400000000000006       0.87636869364618508     
   8.7200000000000006       0.85009757645455175     
   8.8000000000000007       0.87591227540468142     
   8.8800000000000008       0.88716007438470945     
   8.9600000000000009       0.89895441894838768     
   9.0400000000000009       0.89826269785315072     
   9.1200000000000010       0.88573859607181971     
   9.2000000000000011       0.89853481118725476     
   9.2799999999999994       0.89667048694316620     
   9.3599999999999994       0.90653000659412919     
   9.4400000000000013       0.89848104073160451     
   9.5200000000000014       0.90122689480805451     
   9.6000000000000014       0.90482892030586148     
   9.6800000000000015       0.89489512982112385     
   9.7600000000000016       0.91254206287746498     
   9.8400000000000016       0.87488720276533483     
   9.9200000000000017       0.90117043512569461     
   10.000000000000002       0.88143779272266520     
   10.080000000000002       0.91159100831041173     
   10.160000000000000       0.91197307423247775     
   10.240000000000000       0.90555338790635420     
   10.320000000000000       0.90061268745378431     
   10.400000000000000       0.89550962445784110     
   10.480000000000000       0.90990419866608274     
   10.560000000000000       0.91039558273629062     
   10.640000000000001       0.89675383661713204     
   10.720000000000001       0.89388639583397544     
   10.800000000000001       0.89049817927097030     
   10.880000000000001       0.90965629150736960     
   10.960000000000001       0.91388975805247430     
   11.040000000000001       0.90152773288888166     
   11.120000000000001       0.90671284244753769     
   11.200000000000001       0.90781086682654333     
   11.280000000000001       0.90935755304435928     
   11.360000000000001       0.90027091162435757     
   11.440000000000001       0.91092475189477495     
   11.520000000000001       0.90755002792116979     
   11.600000000000001       0.90598324850823209     
   11.680000000000001       0.89702233034743772     
   11.760000000000002       0.89798189344342816     
   11.840000000000002       0.89988946131220593     
   11.920000000000002       0.90231481383101830     
   12.000000000000002       0.90283228720462194     
   12.080000000000000       0.91018281940904799     
   12.160000000000000       0.89196224669899149     
   12.240000000000000       0.90279231540304317     
   12.320000000000000       0.91398821171253442     
   12.400000000000000       0.90533363384683752     
   12.480000000000000       0.90707518595846570     
   12.560000000000000       0.90640386417716756     
   12.640000000000001       0.90548317378198295     
   12.720000000000001       0.90191175084208408     
   12.800000000000002       0.90947902991721119     
   12.880000000000003       0.90642340458065651     
   12.960000000000001       0.90679684830260987     
   13.040000000000001       0.90233427761283358     
   13.120000000000001       0.90136147259920196     
   13.200000000000001       0.91343906008771547     
   13.280000000000001       0.90520161099252050     
   13.360000000000001       0.89764409070974283     
   13.440000000000001       0.89929949135427489     
   13.520000000000001       0.91138254493509951     
   13.600000000000001       0.91568870972904570     
   13.680000000000001       0.90637994778273878     
   13.760000000000002       0.91481131633859902     
   13.840000000000002       0.89920274652506704     
   13.920000000000002       0.91408142711375695     
   14.000000000000002       0.90119820836966436     
   14.080000000000000       0.89946660804098366     
   14.160000000000000       0.91073136255927556     
   14.240000000000000       0.90729859939875379     
   14.320000000000000       0.90592722060007969     
   14.400000000000000       0.90948420744206993     
   14.480000000000000       0.90857970714422553     
   14.560000000000000       0.90820876427042441     
   14.640000000000001       0.90511887562482252     
   14.720000000000001       0.90404475881165713     
   14.800000000000001       0.91754354495619939     
   14.880000000000001       0.90523759416602689     
   14.960000000000001       0.90274593911985990     
   15.040000000000001       0.90087235060474202     
   15.119999999999999       0.89878811092635102     
   15.199999999999999       0.89705559663302203     
   15.279999999999999       0.91020289968256651     
   15.359999999999999       0.89928077825674624     
   15.440000000000003       0.89873684641867413     
   15.520000000000003       0.91060028099281287     
   15.600000000000003       0.90670730327093341     
   15.680000000000003       0.90086627488826121     
   15.760000000000002       0.90726740669818084     
   15.840000000000002       0.90921211966246096     
   15.920000000000002       0.89846810130095789     
   16.000000000000004       0.89915402269051625     
   16.080000000000002       0.89970686091711760     
   16.160000000000004       0.90529283814985928     
   16.240000000000002       0.91114177883107239     
   16.320000000000000       0.90433536431299255     
   16.400000000000002       0.89781037348632575     
   16.480000000000000       0.89339755143344257     
   16.560000000000002       0.90909412542018098     
   16.640000000000001       0.90427678651114085     
   16.720000000000002       0.90853584130864606     
   16.800000000000001       0.89738531333887706     
   16.880000000000003       0.90158711466164199     
   16.960000000000001       0.89634955511716341     
   17.040000000000003       0.90452755332052981     
   17.120000000000001       0.90954223028582859     
   17.200000000000003       0.91493442747792508     
   17.280000000000001       0.91052980335725331     
   17.360000000000003       0.90573106223281341     
   17.440000000000001       0.90558341470824377     
   17.520000000000000       0.90150384734297839     
   17.600000000000001       0.89297233665485098     
   17.680000000000000       0.89797028130433099     
   17.760000000000002       0.90581328928224469     
   17.840000000000000       0.88575732934661433     
   17.920000000000002       0.90347550292765932     
   18.000000000000000       0.89250909690725300     
   18.080000000000002       0.89637647361132722     
   18.160000000000000       0.89314969256809307     
   18.240000000000002       0.89630405821377213     
   18.320000000000000       0.89471656920392573     
   18.400000000000002       0.89396696985676416     
   18.480000000000000       0.89503065585849206     
   18.559999999999999       0.90103332438325157     
   18.640000000000001       0.90051360169715822     
   18.719999999999999       0.89599790980681704     
   18.800000000000004       0.90071651381713969     
   18.880000000000003       0.90248796207738269     
   18.960000000000004       0.89752282530274674     
   19.040000000000003       0.90455482300746382     
   19.120000000000001       0.90274537523585541     
   19.200000000000003       0.90260910073995049     
   19.280000000000001       0.90029718659935698     
   19.360000000000003       0.90466267292542402     
   19.440000000000001       0.90254723260280489     
   19.520000000000003       0.90870575227517325     
   19.600000000000001       0.89132357504234683     
   19.680000000000003       0.89861504840757944     
   19.760000000000002       0.89539812489156112     
   19.840000000000003       0.90672188961136480     
   19.920000000000002       0.89704903494749855     
   20.000000000000004       0.90495733837765902     
   20.080000000000002       0.90069842979022341     
   20.160000000000004       0.90590781093806960     
   20.240000000000002       0.90148054184734316     
   20.320000000000000       0.90145152882649537     
   20.400000000000002       0.89891986691861825     
   20.480000000000000       0.89288275711901344     
   20.560000000000002       0.90361608169670804     
   20.640000000000001       0.90592514089191245     
   20.720000000000002       0.91080138153404899     
   20.800000000000001       0.90723343380846189     
   20.880000000000003       0.90476980230776682     
   20.960000000000001       0.90645420277848643     
   21.040000000000003       0.90367438699082570     
   21.120000000000001       0.91428248708541737     
   21.200000000000003       0.90727936495360739     
   21.280000000000001       0.90338944544971600     
   21.359999999999999       0.90155951252288824     
   21.440000000000001       0.90000701622719903     
   21.520000000000000       0.90389469205029938     
   21.600000000000001       0.90132542043120278     
   21.680000000000000       0.90563030810770162     
   21.760000000000002       0.89815026648156804     
   21.840000000000000       0.90045639455341830     
   21.920000000000002       0.88255518334069738     
   22.000000000000000       0.90405905451139501     
   22.080000000000002       0.90373825868819935     
   22.160000000000000       0.90818837505442074     
   22.240000000000002       0.89034147198502200     
   22.320000000000004       0.89825090731667001     
   22.400000000000002       0.89924939291795769     
   22.480000000000004       0.89621785753140426     
   22.560000000000002       0.89632202347703116     
   22.640000000000004       0.89290123241705455     
   22.720000000000002       0.89483691826750733     
   22.800000000000004       0.89614560347882044     
   22.880000000000003       0.89128009440182443     
   22.960000000000004       0.89464721762173505     
   23.040000000000003       0.90531509661491638     
   23.120000000000001       0.89066971512009374     
   23.200000000000003       0.88639279010987682     
   23.280000000000001       0.88401634227272330     
   23.360000000000003       0.89392574931033275     
   23.440000000000001       0.90006536680640514     
   23.520000000000003       0.89372409175964984     
   23.600000000000001       0.89739948612189502     
   23.680000000000003       0.90078569129383734     
   23.760000000000002       0.89125847081399756     
   23.840000000000003       0.88710620327857870     
   23.920000000000002       0.88932932803493370     
   24.000000000000004       0.88688861381337436     
   24.080000000000002       0.88869770505349810     
   24.160000000000000       0.89033745099475348     
   24.240000000000002       0.89185135852048525     
   24.320000000000000       0.89656132734699845     
   24.400000000000002       0.89586159783403740     
   24.480000000000000       0.89102254827460126     
   24.560000000000002       0.90100765466475063     
   24.640000000000001       0.89060411818079588     
   24.720000000000002       0.88676442872304706     
   24.800000000000001       0.89417175713508690     
   24.880000000000003       0.88296979657293695     
   24.960000000000001       0.88147916428008388     
   25.040000000000003       0.88629224551168317     
   25.120000000000001       0.88301921235731318     
   25.199999999999999       0.88446606205758260     
   25.280000000000001       0.88789657190877136     
   25.359999999999999       0.87107740574466819     
   25.440000000000001       0.89411792822977476     
   25.520000000000000       0.87325308684212422     
   25.600000000000005       0.88731607383406275     
   25.680000000000003       0.89474285678138199     
   25.760000000000005       0.88055890054173724     
   25.840000000000000       0.88112265447432414     
   25.920000000000002       0.87756470427527311     
   26.000000000000000       0.88435515490286387     
   26.080000000000002       0.88427538230088742     
   26.160000000000000       0.88144742884799421     
   26.240000000000002       0.87367102466816926     
   26.320000000000000       0.88651700339532358     
   26.400000000000002       0.86622311626937021     
   26.480000000000000       0.87500423747222245     
   26.560000000000002       0.86914765017789819     
   26.640000000000001       0.88534173037972341     
   26.720000000000002       0.87022924644483501     
   26.800000000000001       0.88941922923423478     
   26.880000000000003       0.89288244269874850     
   26.960000000000001       0.86622019019718410     
   27.040000000000003       0.88605693652856032     
   27.120000000000001       0.88562893615466531     
   27.200000000000003       0.88010832232689429     
   27.280000000000001       0.87034152661916531     
   27.360000000000003       0.88833859084745737     
   27.440000000000005       0.88405569538271267     
   27.520000000000003       0.88787565777652444     
   27.600000000000005       0.88828728260769518     
   27.680000000000003       0.88173190089184983     
   27.760000000000005       0.87723374733549919     
   27.840000000000003       0.87476919020471289     
   27.920000000000005       0.87464765223972085     
   28.000000000000004       0.86851984101720126     
   28.080000000000005       0.87184252023909681     
   28.160000000000000       0.86650241332825872     
   28.240000000000006       0.88868489278457197     
   28.320000000000000       0.86751719620607426     
   28.400000000000006       0.88159195060271056     
   28.480000000000000       0.88424835265422641     
   28.560000000000006       0.88275006340465512     
   28.640000000000001       0.88029553593327470     
   28.720000000000002       0.86770775492957353     
   28.800000000000001       0.88979495459975311     
   28.880000000000003       0.88114788045595260     
   28.960000000000001       0.86768906586386652     
   29.040000000000003       0.88112028433865630     
   29.120000000000001       0.87852441754759225     
   29.200000000000003       0.88368861905662666     
   29.280000000000001       0.86806496524278698     
   29.360000000000003       0.87007291661831321     
   29.440000000000001       0.86268206521336566     
   29.520000000000003       0.88153123374465758     
   29.600000000000001       0.87731298631539356     
   29.680000000000003       0.87176115535211940     
   29.760000000000002       0.86934343579516604     
   29.840000000000003       0.87902824163961368     
   29.920000000000002       0.87426685563805517     
   30.000000000000004       0.87367805204772919     
   30.080000000000002       0.87846633856881406     
   30.160000000000004       0.87078287826640632     
   30.239999999999998       0.87645001680968226     
   30.320000000000004       0.86742708684707948     
   30.399999999999999       0.87470581217621213     
   30.480000000000004       0.86361690801838309     
   30.559999999999999       0.86980200189591705     
   30.640000000000004       0.88804816701681977     
   30.719999999999999       0.87581320921088346     
   30.800000000000004       0.88110936434331277     
   30.880000000000006       0.87077536657194676     
   30.960000000000001       0.87470480221566915     
   31.040000000000006       0.86672144520602257     
   31.120000000000001       0.87993840313312721     
   31.200000000000006       0.86341686595685818     
   31.280000000000001       0.87994193876728677     
   31.360000000000007       0.88233029924428741     
   31.440000000000001       0.86731316365217370     
   31.520000000000003       0.85943881656593435     
   31.600000000000001       0.86600197004908708     
   31.680000000000003       0.87895137417963642     
   31.760000000000002       0.86207980893848790     
   31.840000000000003       0.87701352101716856     
   31.920000000000002       0.86669371835074249     
   32.000000000000007       0.86716858976260136     
   32.079999999999998       0.86613441889459575     
   32.160000000000004       0.86902920925163463     
   32.240000000000002       0.86985742245541386     
   32.320000000000007       0.86745344371364730     
   32.399999999999999       0.85978152337265645     
   32.480000000000004       0.86662131902499562     
   32.560000000000002       0.84848568612090514     
   32.640000000000001       0.87430103721235186     
   32.719999999999999       0.86658538810162822     
   32.800000000000004       0.87432729644734208     
   32.880000000000003       0.86620114718215369     
   32.960000000000001       0.88010466750642502     
   33.039999999999999       0.85875206058894782     
   33.120000000000005       0.86034602297581908     
   33.200000000000003       0.86412971575541175     
   33.280000000000001       0.85403766249239632     
   33.359999999999999       0.86365220922552355     
   33.440000000000005       0.86881239454715631     
   33.520000000000003       0.86354204840048843     
   33.600000000000001       0.85480155491762477     
   33.680000000000000       0.85512941499648820     
   33.760000000000005       0.86269941072210221     
   33.840000000000003       0.85530014163693613     
   33.920000000000002       0.86751761178235531     
   34.000000000000000       0.87462931011663947     
   34.080000000000005       0.85837679287787594     
   34.160000000000004       0.86303818564467794     
   34.240000000000002       0.85419111737490649     
   34.320000000000007       0.87249457143317843     
   34.400000000000006       0.86410504910805341     
   34.480000000000004       0.86481596275863026     
   34.560000000000002       0.85829662283896579     
   34.640000000000008       0.85572242504224916     
   34.720000000000006       0.86786099046191389     
   34.800000000000004       0.86105698166811273     
   34.880000000000003       0.85697121959536660     
   34.960000000000008       0.86942278326459688     
   35.039999999999999       0.86018175100450689     
   35.120000000000005       0.86570183048373783     
   35.200000000000003       0.86349395942867524     
   35.280000000000008       0.86371942387412171     
   35.359999999999999       0.86432839209597767     
   35.440000000000005       0.85635079988210272     
   35.520000000000003       0.87075905348363647     
   35.600000000000001       0.85977982675897446     
   35.680000000000000       0.86967533536242747     
   35.760000000000005       0.86268165350679715     
   35.840000000000003       0.85346132740766911     
   35.920000000000002       0.85727282078793243     
   36.000000000000000       0.86801977174255074     
   36.080000000000005       0.86311415373633249     
   36.160000000000004       0.86645688681615918     
   36.240000000000002       0.87188408752766955     
   36.320000000000000       0.87027337058000032     
   36.400000000000006       0.85863895485085295     
   36.480000000000004       0.85430752194197113     
   36.560000000000002       0.86705558173367558     
   36.640000000000001       0.85278060891681529     
   36.720000000000006       0.86256493201423567     
   36.800000000000004       0.85976315413883575     
   36.880000000000003       0.86026422503538769     
   36.960000000000001       0.85668491681935044     
   37.040000000000006       0.85739838768589360     
   37.119999999999997       0.84586902057155156     
   37.200000000000003       0.85489870537930346     
   37.280000000000001       0.85878592061140369     
   37.360000000000007       0.85553350105981441     
   37.439999999999998       0.84983041930354219     
   37.520000000000003       0.86057690238763618     
   37.600000000000009       0.85867139495548528     
   37.680000000000000       0.85425539646965443     
   37.760000000000005       0.84630369873731459     
   37.840000000000003       0.86002149631161506     
   37.920000000000009       0.84629423921879809     
   38.000000000000000       0.86395951668699944     
   38.080000000000005       0.85489689842700578     
   38.160000000000004       0.84362488497548593     
   38.240000000000002       0.84347117669057747     
   38.320000000000000       0.85774397662448609     
   38.400000000000006       0.86737212939879149     
   38.480000000000004       0.83793270361413053     
   38.560000000000002       0.86051137933049704     
   38.640000000000001       0.85833324268189226     
   38.720000000000006       0.84085633588282038     
   38.800000000000004       0.85156173013148073     
   38.880000000000003       0.86841168052490891     
   38.960000000000001       0.85834709058513070     
   39.040000000000006       0.85038082636227064     
   39.120000000000005       0.86284981768501712     
   39.200000000000003       0.86111320963816840     
   39.280000000000001       0.85312720223586824     
   39.360000000000007       0.85598648060337823     
   39.440000000000005       0.85581182431863678     
   39.520000000000003       0.84476235376930064     
   39.600000000000001       0.85322053326084790     
   39.680000000000007       0.84336375159480648     
   39.759999999999998       0.85449667768127324     
   39.840000000000003       0.85422624784025369     
   39.920000000000002       0.83553531238450973     
   40.000000000000007       0.85111865908389495     
   40.079999999999998       0.86179372278494482     
   40.160000000000004       0.86415961639737482     
   40.240000000000002       0.84474953214008752     
   40.320000000000007       0.86106269389873979     
   40.399999999999999       0.85739036434917837     
   40.480000000000004       0.85045122575286491     
   40.560000000000002       0.84329082532687427     
   40.640000000000001       0.85023053369800028     
   40.719999999999999       0.85323083838508396     
   40.800000000000004       0.84794619283820871     
   40.880000000000003       0.85785463260591288     
   40.960000000000001       0.84768153063556528     
   41.040000000000006       0.85853346482577420     
   41.120000000000005       0.84373146328851378     
   41.200000000000003       0.84778602052926577     
   41.280000000000001       0.85491485422503843     
   41.360000000000007       0.85704055569216098     
   41.440000000000005       0.86459901272733142     
   41.520000000000003       0.84509798719840301     
   41.600000000000001       0.83238837404984567     
   41.680000000000007       0.85777905655774278     
   41.760000000000005       0.84678582011186287     
   41.840000000000003       0.84578934397405692     
   41.920000000000002       0.84121050477770831     
   42.000000000000007       0.85239973562163096     
   42.080000000000005       0.84124825288949234     
   42.160000000000004       0.86565118631653581     
   42.240000000000002       0.85565746506309703     
   42.320000000000007       0.85041232327788296     
   42.400000000000006       0.85629838279220782     
   42.480000000000004       0.84962201842141549     
   42.560000000000002       0.85612857902039086     
   42.640000000000008       0.84294157037055262     
   42.719999999999999       0.84841792478829303     
   42.800000000000004       0.85279438113897144     
   42.880000000000003       0.85944560708660511     
   42.960000000000008       0.84588625726158728     
   43.039999999999999       0.83411591308808430     
   43.120000000000005       0.85031312591442065     
   43.200000000000003       0.85907073372053400     
   43.280000000000001       0.84449945431875606     
   43.359999999999999       0.84454961712396315     
   43.440000000000005       0.85084044176009643     
   43.520000000000003       0.83450142207478328     
   43.600000000000001       0.85871574442837373     
   43.680000000000000       0.84479257631818261     
   43.760000000000005       0.85102775394207675     
   43.840000000000003       0.84549520646580079     
   43.920000000000002       0.84383550793679529     
   44.000000000000000       0.85394915524797010     
   44.080000000000005       0.85608410770775090     
   44.160000000000004       0.82950727176436911     
   44.240000000000002       0.84115413979578957     
   44.320000000000000       0.84967254626283650     
   44.400000000000006       0.83963062689943313     
   44.480000000000004       0.82951455519362494     
   44.560000000000002       0.85181383895289098     
   44.640000000000008       0.85572816095569959     
   44.720000000000006       0.83188754743428817     
   44.800000000000004       0.85162573003637632     
   44.880000000000003       0.86011902392374961     
   44.960000000000008       0.84152895608644906     
   45.040000000000006       0.84478394132505363     
   45.120000000000005       0.84413634448397945     
   45.200000000000003       0.83718862105971403     
   45.280000000000008       0.83829017441461773     
   45.360000000000007       0.85029382902184969     
   45.440000000000005       0.83674036147130337     
   45.520000000000003       0.85292587020181354     
   45.600000000000009       0.85292912597114445     
   45.680000000000000       0.83604916312312616     
   45.760000000000005       0.84955701252422511     
   45.840000000000003       0.84771694610008874     
   45.920000000000009       0.83947242749458806     
   46.000000000000000       0.85036049746918618     
   46.080000000000005       0.83016764683885869     
   46.160000000000004       0.83391282414729673     
   46.240000000000002       0.82788284319301941     
   46.320000000000000       0.82740347645237422     
   46.400000000000006       0.83801894602405791     
   46.480000000000004       0.83029306357305765     
   46.560000000000002       0.83020283559828700     
   46.640000000000001       0.83740274797599767     
   46.720000000000006       0.83944541991873822     
   46.800000000000004       0.84377907175261113     
   46.880000000000003       0.83910771744415080     
   46.960000000000001       0.84722085188614316     
   47.040000000000006       0.84008376562731402     
   47.120000000000005       0.83561029942768006     
   47.200000000000003       0.83652697385455066     
   47.280000000000001       0.82346329277543406     
   47.360000000000007       0.84062041929217657     
   47.440000000000005       0.83155409369297406     
   47.520000000000003       0.82156642477443420     
   47.600000000000001       0.83638885675998609     
   47.680000000000007       0.83288565236447398     
   47.759999999999998       0.83318495295145223     
   47.840000000000003       0.83578570842884603     
   47.920000000000009       0.82316763283747385     
   48.000000000000007       0.84674786359365140     
   48.080000000000005       0.82853810471787304     
   48.160000000000004       0.83020528132196703     
   48.240000000000009       0.83517967867677745     
   48.320000000000000       0.83761506199153468     
   48.400000000000006       0.80910641160029539     
   48.480000000000004       0.82750593351560442     
   48.560000000000009       0.84554373837980434     
   48.640000000000001       0.81760660109152394     
   48.720000000000006       0.83035709196298724     
   48.800000000000004       0.84586153779408957     
   48.880000000000003       0.83784701711318765     
   48.960000000000001       0.83337651662446399     
   49.040000000000006       0.83697686436419472     
   49.120000000000005       0.84000311053802579     
   49.200000000000003       0.81934707941968121     
   49.280000000000001       0.83177953149339290     
   49.360000000000007       0.82801696912049583     
   49.440000000000005       0.83973454617829724     
   49.520000000000003       0.82499584493012756     
   49.600000000000001       0.82371384972016470     
   49.680000000000007       0.82178115294795884     
   49.760000000000005       0.82982328954787909     
   49.840000000000003       0.84715766726876152     
   49.920000000000002       0.83112566696192536     
   50.000000000000007       0.81978021393998624     
   50.080000000000005       0.82616832585941136     
   50.160000000000004       0.82557671118093834     
   50.240000000000002       0.82026984720329577     
   50.320000000000007       0.82664760970788154     
   50.399999999999999       0.85181659404024357     
   50.480000000000004       0.82252704265413945     
   50.560000000000002       0.83480417544100738     
   50.640000000000008       0.82575510478283964     
   50.719999999999999       0.82306636226111141     
   50.800000000000004       0.81745930171459413     
   50.880000000000003       0.84486787070621316     
   50.960000000000008       0.82764616019352644     
   51.039999999999999       0.82238691468386016     
   51.120000000000005       0.81724331092661762     
   51.200000000000010       0.84302615592773933     
   51.280000000000001       0.82549698673228566     
   51.360000000000007       0.82487810978105203     
   51.440000000000005       0.82763853457040504     
   51.520000000000010       0.82815258730704522     
   51.600000000000001       0.83582647846639224     
   51.680000000000000       0.82546272062442450     
   51.760000000000005       0.82230600747139238     
   51.840000000000003       0.82590760842276278     
   51.920000000000009       0.83162866003248137     
   52.000000000000000       0.82834137804506525     
   52.080000000000005       0.84409329837950486     
   52.160000000000004       0.82399480987367979     
   52.240000000000009       0.82325399967644686     
   52.320000000000000       0.81918181825653580     
   52.400000000000006       0.82525063928405917     
   52.480000000000004       0.82098194759833010     
   52.560000000000009       0.81227589029369351     
   52.640000000000001       0.80501652607069674     
   52.720000000000006       0.81215343635332538     
   52.800000000000004       0.81041175976124358     
   52.880000000000010       0.81629848020034779     
   52.960000000000001       0.82469331865687578     
   53.040000000000006       0.81316898037566421     
   53.120000000000005       0.80864679450197818     
   53.200000000000010       0.81453393801233576     
   53.280000000000001       0.81299649711311883     
   53.359999999999999       0.80550538121345594     
   53.440000000000005       0.81537286530407282     
   53.520000000000010       0.82353726085328749     
   53.600000000000001       0.80929695079390962     
   53.680000000000000       0.81348186073109108     
   53.760000000000005       0.82314062594926696     
   53.840000000000011       0.81088262530745159     
   53.920000000000002       0.80968012884825358     
   54.000000000000000       0.81210520688434507     
   54.080000000000005       0.81649102326256118     
   54.160000000000011       0.82287855369333029     
   54.240000000000002       0.80466365890240232     
   54.320000000000000       0.81904764596710478     
   54.400000000000006       0.81488719666862641     
   54.480000000000011       0.79981839239586960     
   54.560000000000002       0.80570063893684229     
   54.640000000000001       0.82297620417189976     
   54.720000000000006       0.81294280711270617     
   54.800000000000004       0.80760784493849791     
   54.880000000000010       0.80793558139090382     
   54.960000000000001       0.80076390327328839     
   55.040000000000006       0.79415103314082169     
   55.120000000000005       0.80006367166645265     
   55.200000000000010       0.80161408342380058     
   55.280000000000001       0.82502352536579326     
   55.360000000000007       0.80965538072119447     
   55.440000000000005       0.81825692365146530     
   55.520000000000010       0.81363721607677308     
   55.600000000000001       0.81425566481765665     
   55.680000000000007       0.82176275889441219     
   55.760000000000005       0.80844328710070479     
   55.840000000000011       0.82396478684028196     
   55.920000000000002       0.81345916593369905     
   56.000000000000007       0.81553120537484369     
   56.080000000000005       0.81155223449043712     
   56.160000000000011       0.81042685513299439     
   56.240000000000002       0.81972042998062788     
   56.320000000000000       0.80241828103104429     
   56.400000000000006       0.82559578334120576     
   56.480000000000011       0.83248586028249849     
   56.560000000000002       0.82076146561834229     
   56.640000000000001       0.81669917425439298     
   56.720000000000006       0.81309059608688239     
   56.800000000000011       0.79784809703978155     
   56.880000000000003       0.80045323265728585     
   56.960000000000001       0.81580934908250591     
   57.040000000000006       0.80393194533503087     
   57.120000000000012       0.80748711321415245     
   57.200000000000003       0.81234698905564529     
   57.280000000000001       0.81323871933128744     
   57.360000000000007       0.78345657243878486     
   57.440000000000005       0.81842100788825378     
   57.520000000000003       0.80886184232216940     
   57.600000000000001       0.81392650778874831     
   57.680000000000007       0.80489510700375011     
   57.760000000000005       0.79736364300925178     
   57.839999999999996       0.82113202886041414     
   57.920000000000002       0.80258854842446115     
   58.000000000000007       0.81874283035139861     
   58.080000000000005       0.79543093812617638     
   58.160000000000011       0.82393489930226838     
   58.240000000000002       0.82297295187927988     
   58.320000000000007       0.79335634099659436     
   58.400000000000006       0.81280239854164349     
   58.480000000000011       0.82450958423389420     
   58.560000000000002       0.82278045102486774     
   58.640000000000008       0.82967796219775447     
   58.720000000000006       0.79201599018468394     
   58.800000000000011       0.79746138553595092     
   58.880000000000003       0.81897607414944495     
   58.960000000000001       0.81519947174910135     
   59.040000000000006       0.80292839851831532     
   59.120000000000012       0.81047403381621164     
   59.200000000000003       0.79222123916829601     
   59.280000000000001       0.82319168292297107     
   59.360000000000007       0.80973261485398762     
   59.440000000000012       0.80050008770934844     
   59.520000000000003       0.81790348465269336     
   59.600000000000001       0.80656588069008428     
   59.680000000000007       0.80623292474677810     
   59.760000000000012       0.82866129394652965     
   59.840000000000003       0.82028854986010613     
   59.920000000000002       0.82170937236873887     
   60.000000000000007       0.80683371270987159     
   60.080000000000013       0.82398827262441687     
   60.160000000000004       0.80763307192243405     
   60.240000000000002       0.81433002067921545     
   60.320000000000007       0.80915065035420775     
   60.400000000000006       0.81932299760643035     
   60.479999999999997       0.82677732455916841     
   60.560000000000002       0.82912258973861808     
   60.640000000000008       0.80762800810458613     
   60.720000000000006       0.80836313808080607     
   60.799999999999997       0.82231235777067102     
   60.880000000000003       0.80111722536331176     
   60.960000000000008       0.80076787438200725     
   61.040000000000006       0.82288249751729359     
   61.119999999999997       0.81445173938685123     
   61.200000000000003       0.81028517805752365     
   61.280000000000008       0.81150530047607228     
   61.360000000000007       0.80758039988777541     
   61.439999999999998       0.81950835782846432     
   61.520000000000003       0.80889275328966936     
   61.600000000000009       0.78244369944906711     
   61.680000000000007       0.82025058049979416     
   61.760000000000012       0.81729188700460054     
   61.840000000000003       0.81931003250321466     
   61.920000000000002       0.80796122183882124     
   62.000000000000007       0.81880473543910903     
   62.080000000000013       0.82004636233295558     
   62.160000000000004       0.81909291956423136     
   62.240000000000002       0.81139924155819720     
   62.320000000000007       0.80319546002307252     
   62.400000000000013       0.81587004593684087     
   62.480000000000004       0.81182067926402346     
   62.560000000000002       0.82683305701924359     
   62.640000000000008       0.81115248400791962     
   62.720000000000013       0.83583119276179740     
   62.800000000000004       0.80641009878640779     
   62.880000000000003       0.81763822224429505     
   62.960000000000008       0.79652814159402940     
   63.040000000000006       0.83262893407244332     
   63.120000000000005       0.81755895960655989     
   63.200000000000003       0.81651753102627533     
   63.280000000000008       0.82822428996070874     
   63.360000000000007       0.82377246875483789     
   63.439999999999998       0.81312589908176480     
   63.520000000000003       0.80359219021376271     
   63.600000000000009       0.83060287485469708     
   63.680000000000007       0.81845182840737940     
   63.759999999999998       0.81939298421386864     
   63.840000000000003       0.78704338677873265     
   63.920000000000009       0.80588764098971655     
   64.000000000000014       0.82327271036844296     
   64.079999999999998       0.81957603123671197     
   64.159999999999997       0.81365541510839789     
   64.240000000000009       0.81385126876459379     
   64.320000000000007       0.80808472140180332     
   64.400000000000006       0.80580913465170811     
   64.480000000000004       0.81382497784532271     
   64.560000000000002       0.82073876996414852     
   64.640000000000015       0.81859278595992613     
   64.719999999999999       0.80863686091654985     
   64.799999999999997       0.80922886859681653     
   64.880000000000010       0.82289517530042089     
   64.960000000000008       0.81655115433679515     
   65.040000000000006       0.83384676415679748     
   65.120000000000005       0.82539545051594498     
   65.200000000000003       0.83258446308029543     
   65.280000000000001       0.81859743395455487     
   65.360000000000014       0.82952321003183327     
   65.439999999999998       0.81334545674501713     
   65.520000000000010       0.81012552806488070     
   65.600000000000009       0.79790955099954031     
   65.680000000000007       0.81408210241812839     
   65.760000000000005       0.79898237868339173     
   65.840000000000003       0.81074860584719022     
   65.920000000000002       0.80724422647291594     
   66.000000000000014       0.80876625678464975     
   66.079999999999998       0.81366108410779547     
   66.160000000000011       0.81201307659330491     
   66.240000000000009       0.79476018616131305     
   66.320000000000007       0.81379239823871830     
   66.400000000000006       0.80763584601044369     
   66.480000000000004       0.81169623836173155     
   66.560000000000002       0.80777457277271059     
   66.640000000000015       0.79727296476266596     
   66.719999999999999       0.81765856003139958     
   66.799999999999997       0.80329894114713718     
   66.880000000000010       0.82410173435409839     
   66.960000000000008       0.83482789546962721     
   67.040000000000006       0.81333567055674871     
   67.120000000000005       0.81120763834052079     
   67.200000000000003       0.80039081627183328     
   67.280000000000015       0.80658853568656474     
   67.359999999999999       0.79374045892644285     
   67.439999999999998       0.81304929284037708     
   67.520000000000010       0.79421621029916489     
   67.600000000000009       0.80169634705846582     
   67.680000000000007       0.79879697933108673     
   67.760000000000005       0.81102781375407540     
   67.840000000000003       0.81216700876450965     
   67.920000000000016       0.80085442448455113     
   68.000000000000000       0.81209319388189649     
   68.079999999999998       0.81024457788993709     
   68.160000000000011       0.81328316106284304     
   68.240000000000009       0.82445504673846104     
   68.320000000000007       0.79943610781553842     
   68.400000000000006       0.80610326283760447     
   68.480000000000004       0.82177096057917509     
   68.560000000000002       0.81755370778753944     
   68.640000000000015       0.81896089285994644     
   68.719999999999999       0.80496453239017585     
   68.800000000000011       0.79844138690433308     
   68.880000000000010       0.82964645420153404     
   68.960000000000008       0.83160734048205665     
   69.040000000000006       0.81653827357337072     
   69.120000000000005       0.83118389881964272     
   69.200000000000003       0.81347978708983415     
   69.280000000000015       0.82408261877176092     
   69.359999999999999       0.82051929428284531     
   69.440000000000012       0.80950095144319267     
   69.520000000000010       0.80336395184375631     
   69.600000000000009       0.81677878704581175     
   69.680000000000007       0.80991510030837410     
   69.760000000000005       0.79988150592800900     
   69.840000000000003       0.82149082026051812     
   69.920000000000016       0.80548132134019601     
   70.000000000000000       0.80125505371018668     
   70.079999999999998       0.81709405129410773     
   70.160000000000011       0.80245314022092296     
   70.240000000000009       0.81449117805486781     
   70.320000000000007       0.80706183098628803     
   70.400000000000006       0.81749384310345174     
   70.480000000000004       0.81425937944978000     
   70.560000000000016       0.82748633899004875     
   70.640000000000001       0.81762153288222716     
   70.719999999999999       0.83729717248946467     
   70.800000000000011       0.83264657663383812     
   70.880000000000010       0.81610135522737026     
   70.960000000000008       0.79920021701520139     
   71.040000000000006       0.81199745870860307     
   71.120000000000005       0.81850354100828460     
   71.200000000000003       0.81834705094458493     
   71.280000000000001       0.80853465485148990     
   71.359999999999999       0.81698634394160508     
   71.440000000000012       0.82026445524409242     
   71.520000000000010       0.83190536609803645     
   71.599999999999994       0.80108011571861404     
   71.680000000000007       0.80626655351703924     
   71.760000000000005       0.80298108768781662     
   71.840000000000003       0.81884619891180321     
   71.920000000000016       0.81236431544026599     
   72.000000000000000       0.81502442893397298     
   72.080000000000013       0.81599532422245857     
   72.160000000000011       0.79342243278617663     
   72.240000000000009       0.79479481428372634     
   72.320000000000007       0.81639424498170665     
   72.400000000000006       0.80348384571090470     
   72.480000000000004       0.80853604862811745     
   72.560000000000016       0.80170771920181705     
   72.640000000000001       0.81150799547168440     
   72.719999999999999       0.80543954417075359     
   72.800000000000011       0.78770511810363952     
   72.880000000000010       0.80188728404585985     
   72.960000000000008       0.80745087893846634     
   73.040000000000006       0.81619234157505116     
   73.120000000000005       0.79003610553325010     
   73.200000000000017       0.79222319684107467     
   73.280000000000001       0.80427996659523926     
   73.359999999999999       0.81398678537825231     
   73.440000000000012       0.80803639159125584     
   73.520000000000010       0.80300168521524695     
   73.600000000000009       0.81262989918050166     
   73.680000000000007       0.80996364442615654     
   73.760000000000005       0.79476489940546680     
   73.840000000000003       0.80440179273615764     
   73.920000000000002       0.81464954069386142     
   74.000000000000000       0.80085326215022024     
   74.080000000000013       0.81509928551342425     
   74.160000000000011       0.79299478104918752     
   74.239999999999995       0.80828224731839549     
   74.320000000000007       0.79815675978211587     
   74.400000000000006       0.81805431950650975     
   74.480000000000004       0.80668855946452367     
   74.560000000000002       0.78087651274969083     
   74.640000000000001       0.79971017018145274     
   74.720000000000013       0.80061566179355070     
   74.800000000000011       0.80413332208615929     
   74.879999999999995       0.81672817362655492     
   74.960000000000008       0.79333033271807418     
   75.040000000000006       0.78167986243911647     
   75.120000000000005       0.79764879262860000     
   75.200000000000017       0.78688048012279477     
   75.280000000000001       0.80992770778732170     
   75.359999999999999       0.79007716851825394     
   75.440000000000012       0.80704516913467550     
   75.520000000000010       0.79055102858032478     
   75.600000000000009       0.80140715027735221     
   75.680000000000007       0.81152409725980179     
   75.760000000000005       0.79095434537153841     
   75.840000000000018       0.81944971978849546     
   75.920000000000002       0.80366953433756361     
   76.000000000000000       0.80165852672333293     
   76.080000000000013       0.80936956101672886     
   76.160000000000011       0.80221100054461603     
   76.240000000000009       0.78644557899501322     
   76.320000000000007       0.81249117754302802     
   76.400000000000006       0.80492450909840607     
   76.480000000000004       0.80502615331600669     
   76.560000000000002       0.81162310852586306     
   76.640000000000001       0.80335304700450683     
   76.720000000000013       0.79686497246500798     
   76.800000000000011       0.78961335710909997     
   76.879999999999995       0.79841905891778775     
   76.960000000000008       0.79675593485139207     
   77.040000000000006       0.80606187984470312     
   77.120000000000005       0.79628268712265937     
   77.200000000000003       0.79862699420004357     
   77.280000000000001       0.79123171987462193     
   77.360000000000014       0.80213509089891522     
   77.440000000000012       0.81776114050382365     
   77.519999999999996       0.79843122840277903     
   77.600000000000009       0.81009969863191589     
   77.680000000000007       0.78098728207744450     
   77.760000000000005       0.79942736426094874     
   77.840000000000003       0.81561729778971837     
   77.920000000000002       0.80024887663534194     
   78.000000000000000       0.82380005131629130     
   78.080000000000013       0.79625397357921091     
   78.159999999999997       0.80632685209829724     
   78.240000000000009       0.80325075843782123     
   78.320000000000007       0.79712662081276286     
   78.400000000000006       0.79872078804421109     
   78.480000000000004       0.81510601091693846     
   78.560000000000002       0.79258541567747287     
   78.640000000000001       0.79246530916699798     
   78.720000000000013       0.80916619301165449     
   78.800000000000011       0.80905188992824806     
   78.880000000000010       0.80734337358588359     
   78.960000000000008       0.79151165206436835     
   79.040000000000006       0.81347262323032377     
   79.120000000000019       0.78668568313357856     
   79.200000000000003       0.79498795508590137     
   79.280000000000001       0.80267494870579170     
   79.360000000000014       0.82247645046702200     
   79.440000000000012       0.80611561540171051     
   79.519999999999996       0.81140276376926201     
   79.600000000000009       0.81283543091453603     
   79.680000000000007       0.79981168429550142     
   79.760000000000005       0.81027916912939302     
   79.840000000000003       0.80187264999558139     
   79.920000000000002       0.81158181652573447     
   80.000000000000014       0.80764173317801913     
   80.080000000000013       0.82260714901455734     
   80.159999999999997       0.79664823552651065     
   80.240000000000009       0.79643923737727074     
   80.320000000000007       0.81246312904761064     
   80.400000000000006       0.81661805831107970     
   80.480000000000004       0.82081541121907264     
   80.560000000000002       0.79079902016601178     
   80.640000000000015       0.78771570454379947     
   80.720000000000013       0.80004103917824276     
   80.799999999999997       0.80629675932300027     
   80.880000000000010       0.80954954424857573     
   80.960000000000008       0.80108168842365413     
   81.040000000000006       0.79570760480273817     
   81.120000000000005       0.78045514958314000     
   81.200000000000003       0.81007760295711817     
   81.280000000000001       0.78601119857660295     
   81.360000000000014       0.79609373353116375     
   81.439999999999998       0.79818289524051877     
   81.520000000000010       0.79185970314331222     
   81.600000000000009       0.80172707807695565     
   81.680000000000007       0.81004083606571009     
   81.760000000000005       0.79297776247738716     
   81.840000000000003       0.80420028849568648     
   81.920000000000002       0.78492848964395401     
   82.000000000000014       0.79577622496259459     
   82.080000000000013       0.78682440754808247     
   82.160000000000011       0.82073108431018205     
   82.240000000000009       0.81127152997145513     
   82.320000000000007       0.79308561648186016     
   82.400000000000006       0.78507862906026826     
   82.480000000000004       0.80601929423565144     
   82.560000000000002       0.79274793066763960     
   82.640000000000015       0.80099755608577383     
   82.720000000000013       0.78319698156058293     
   82.799999999999997       0.80101275660768145     
   82.880000000000010       0.80666280348350783     
   82.960000000000008       0.79946160011303846     
   83.040000000000006       0.80058165027433703     
   83.120000000000005       0.80033940839126305     
   83.200000000000003       0.78869495081382202     
   83.280000000000015       0.79816341647280020     
   83.360000000000014       0.79270003173571879     
   83.439999999999998       0.79386804311196180     
   83.520000000000010       0.80251553968143452     
   83.600000000000009       0.77967667001279917     
   83.680000000000007       0.79083920746521130     
   83.760000000000005       0.80407680807716608     
   83.840000000000003       0.80333296098014484     
   83.920000000000002       0.78498901410915845     
   84.000000000000014       0.77405087539677941     
   84.079999999999998       0.78530171133354909     
   84.160000000000011       0.79117579252592951     
   84.240000000000009       0.78274852908737980     
   84.320000000000007       0.79315119855967453     
   84.400000000000006       0.80049880135777185     
   84.480000000000004       0.77975774361700378     
   84.560000000000002       0.79742088311673676     
   84.640000000000015       0.76907630025607232     
   84.719999999999999       0.80184420176601268     
   84.800000000000011       0.78014329928828585     
   84.880000000000010       0.80272245646826956     
   84.960000000000008       0.79467148050444347     
   85.040000000000006       0.79444987073644346     
   85.120000000000005       0.78873327713319097     
   85.200000000000003       0.80663161858766219     
   85.280000000000015       0.79119882651849383     
   85.360000000000014       0.80900157923166516     
   85.439999999999998       0.78173861183251259     
   85.520000000000010       0.79466928490358335     
   85.600000000000009       0.78649120304587805     
   85.680000000000007       0.80394369466362603     
   85.760000000000005       0.77878560012619735     
   85.840000000000003       0.78777586348320783     
   85.920000000000016       0.79764107778383120     
   86.000000000000014       0.80239130583786511     
   86.079999999999998       0.79746917718542576     
   86.160000000000011       0.79592323248200703     
   86.240000000000009       0.80114602370166532     
   86.320000000000007       0.79137591599866464     
   86.400000000000006       0.79236346964041104     
   86.480000000000004       0.81347372164177179     
   86.560000000000002       0.78800661345819645     
   86.640000000000015       0.77204745951945120     
   86.719999999999999       0.80274675649054072     
   86.800000000000011       0.80304131256744726     
   86.880000000000010       0.79532192109448940     
   86.960000000000008       0.78645563011269359     
   87.040000000000006       0.78405045076122371     
   87.120000000000005       0.77717462124749603     
   87.200000000000003       0.78185743296904997     
   87.280000000000015       0.77720589362444981     
   87.359999999999999       0.78817749882178390     
   87.440000000000012       0.81774616379695020     
   87.520000000000010       0.80213996768975793     
   87.600000000000009       0.78959630184851604     
   87.680000000000007       0.80771086963250460     
   87.760000000000005       0.81605767981597810     
   87.840000000000003       0.80306429507969879     
   87.920000000000016       0.81369986734043365     
   88.000000000000000       0.80122357590410798     
   88.079999999999998       0.81018740838171044     
   88.160000000000011       0.80271953664128748     
   88.240000000000009       0.81447841731707693     
   88.320000000000007       0.80102837777133251     
   88.400000000000006       0.79817005717816036     
   88.480000000000004       0.80832605953515346     
   88.560000000000016       0.79246581909781622     
   88.640000000000001       0.81186432259541808     
   88.719999999999999       0.81286945953701595     
   88.800000000000011       0.80827301702803589     
   88.880000000000010       0.81094650461335249     
   88.960000000000008       0.79438931856057171     
   89.040000000000006       0.78881631337684099     
   89.120000000000005       0.81121944757406150     
   89.200000000000017       0.80112522359548599     
   89.280000000000015       0.81473167610704489     
   89.359999999999999       0.80624336092151960     
   89.440000000000012       0.81192004491409031     
   89.520000000000010       0.79775277921077359     
   89.600000000000009       0.80971031417700168     
   89.680000000000007       0.81321700081459081     
   89.760000000000005       0.80569160682806773     
   89.840000000000003       0.80348915760416328     
   89.920000000000016       0.80558097065309964     
   90.000000000000000       0.80676025635422055     
   90.080000000000013       0.82095476571132731     
   90.160000000000011       0.79489622452015307     
   90.240000000000009       0.79527474136187892     
   90.320000000000007       0.81947133903492342     
   90.400000000000006       0.79533026611277868     
   90.480000000000004       0.79017296473742593     
   90.560000000000016       0.78238835116558914     
   90.640000000000001       0.79681628538560256     
   90.720000000000013       0.81597437048609622     
   90.800000000000011       0.79907234790332415     
   90.880000000000010       0.79464284147588771     
   90.960000000000008       0.78305525903457684     
   91.040000000000006       0.80465088491187320     
   91.120000000000005       0.80188286518603968     
   91.200000000000017       0.79743960369818934     
   91.280000000000001       0.80061410020941415     
   91.359999999999999       0.78575921102079138     
   91.440000000000012       0.78412729156222460     
   91.520000000000010       0.81247928912507361     
   91.600000000000009       0.80875499003410711     
   91.680000000000007       0.78600528616350218     
   91.760000000000005       0.78896226336075648     
   91.840000000000018       0.80265649731241351     
   91.920000000000002       0.81641457750614976     
   92.000000000000000       0.79517110476844433     
   92.080000000000013       0.80180866354165714     
   92.160000000000011       0.79017212225491062     
   92.240000000000009       0.79941345866928548     
   92.320000000000007       0.79382145353292100     
   92.400000000000006       0.81880315384490998     
   92.480000000000004       0.80642663171195728     
   92.560000000000016       0.80237626343018820     
   92.640000000000001       0.80017894557882152     
   92.720000000000013       0.80342929127364304     
   92.800000000000011       0.80255219428472924     
   92.880000000000010       0.79373185758136855     
   92.960000000000008       0.79922097793545754     
   93.040000000000006       0.78936214625919865     
   93.120000000000005       0.80397296027280318     
   93.200000000000017       0.81183223053026088     
   93.280000000000001       0.78946476227101647     
   93.360000000000014       0.78516079850091658     
   93.440000000000012       0.81012959338629231     
   93.520000000000010       0.78394921294866804     
   93.600000000000009       0.77907026052644690     
   93.680000000000007       0.79757405652867197     
   93.760000000000005       0.78773915970566832     
   93.840000000000018       0.81476071397830618     
   93.920000000000002       0.78228537165521339     
   94.000000000000000       0.80508776873054333     
   94.080000000000013       0.79473114561406144     
   94.160000000000011       0.79890494431982495     
   94.240000000000009       0.78189371704260380     
   94.320000000000007       0.80615233688709598     
   94.400000000000006       0.81330685214088971     
   94.480000000000018       0.79128032528269476     
   94.560000000000002       0.80302178838937444     
   94.640000000000001       0.80064988797726477     
   94.720000000000013       0.78845836882083609     
   94.800000000000011       0.79788420789116865     
   94.880000000000010       0.80635941388805077     
   94.960000000000008       0.79963059341998854     
   95.040000000000006       0.80137213842862476     
   95.120000000000005       0.80430396841017504     
   95.200000000000003       0.81372867827715234     
   95.280000000000001       0.78172496405528813     
   95.360000000000014       0.80830265062265283     
   95.440000000000012       0.80481926671776993     
   95.519999999999996       0.80586332280270112     
   95.600000000000009       0.79838412839815265     
   95.680000000000007       0.78656765711246512     
   95.760000000000005       0.81316957360554842     
   95.840000000000018       0.81332218981356985     
   95.920000000000002       0.80094156995206933     
   96.000000000000014       0.78236335231254883     
   96.080000000000013       0.79948215658710797     
   96.160000000000011       0.79704305044863100     
   96.240000000000009       0.81312432158508297     
   96.320000000000007       0.81585262102913458     
   96.400000000000006       0.79954937774998813     
   96.480000000000018       0.79166698928071877     
   96.560000000000002       0.78939847482641901     
   96.640000000000001       0.81078359951396173     
   96.720000000000013       0.80912027188143654     
   96.800000000000011       0.80537234083969533     
   96.880000000000010       0.78997247192424014     
   96.960000000000008       0.80286014230912062     
   97.040000000000006       0.80361177216517787     
   97.120000000000019       0.81197514734138065     
   97.200000000000003       0.80260367319526371     
   97.280000000000001       0.79403311602159266     
   97.360000000000014       0.81291220053994617     
   97.440000000000012       0.78895693210130458     
   97.520000000000010       0.80905018774972870     
   97.600000000000009       0.78857524355001551     
   97.680000000000007       0.80206350796948844     
   97.760000000000005       0.79899082357259110     
   97.840000000000003       0.81211054732542676     
   97.920000000000002       0.80281502048434850     
   98.000000000000014       0.79754154715337788     
   98.080000000000013       0.77885509601018976     
   98.159999999999997       0.81651945665860493     
   98.240000000000009       0.80548321232885944     
   98.320000000000007       0.81271930124238445     
   98.400000000000006       0.79019027450729418     
   98.480000000000004       0.81045265373437447     
   98.560000000000002       0.79769655420147612     
   98.640000000000015       0.79959143320360748     
   98.720000000000013       0.78020098833499585     
   98.799999999999997       0.79605077023289117     
   98.880000000000010       0.79027846109535249     
   98.960000000000008       0.80235275938469330     
   99.040000000000006       0.80189390720318654     
   99.120000000000019       0.79571526046329377     
   99.200000000000003       0.78539534848422410     
   99.280000000000001       0.79907041217648944     
   99.360000000000014       0.79886879727051263     
   99.440000000000012       0.81209976992487876     
   99.520000000000010       0.78030271656517680     
   99.600000000000009       0.80140088268418597     
   99.680000000000007       0.79468242763939811     
   99.760000000000019       0.79469951781575510     
   99.840000000000003       0.78048232519364569     
   99.920000000000002       0.79444685350358057     
