   0.0000000000000000        1.0000000000000167     
   7.0000000000000001E-003  0.97138818373282831     
   1.4000000000000000E-002  0.94063718655848993     
   2.0999999999999998E-002  0.90140053619230887     
   2.8000000000000001E-002  0.86687192241020539     
   3.5000000000000003E-002  0.82788928333239986     
   4.1999999999999996E-002  0.78403606119031699     
   4.9000000000000002E-002  0.74775555880656386     
   5.6000000000000001E-002  0.71744558001856074     
   6.3000000000000000E-002  0.68730091742714228     
   7.0000000000000007E-002  0.66979215422154492     
   7.6999999999999999E-002  0.64382191667779964     
   8.3999999999999991E-002  0.62703404859962142     
   9.1000000000000011E-002  0.60010180028454474     
   9.8000000000000004E-002  0.50056989739852165     
  0.10500000000000001       0.40218336768327911     
  0.11200000000000000       0.25036896438533307     
  0.11899999999999999        8.0000221576720099E-002
  0.12600000000000000        1.1679011328222704E-002
  0.13300000000000001        6.4529824976117062E-002
  0.14000000000000001        7.4801477117179384E-003
  0.14700000000000002       -8.0014403843982999E-003
  0.15400000000000000       -2.7916697507240434E-003
  0.16100000000000000        6.4060527752119040E-002
  0.16799999999999998       -5.1820635021168092E-002
  0.17500000000000002        3.0315099528022530E-002
  0.18200000000000002       -1.3564724870957069E-002
  0.18900000000000000        9.6749109692606805E-003
  0.19600000000000001       -1.9057714618620249E-002
  0.20299999999999999       -2.8799645933770459E-002
  0.21000000000000002        2.2916742240032290E-002
  0.21700000000000003        3.0534306674131026E-002
  0.22400000000000000        5.5821941228354321E-002
  0.23100000000000001       -2.3826082267244249E-002
  0.23799999999999999        3.5225382898846386E-002
  0.24500000000000002        1.4624088699457371E-002
  0.25200000000000000        3.2778001168454876E-002
  0.25900000000000001       -1.4593425620745851E-002
  0.26600000000000001       -6.2525782475920892E-005
  0.27300000000000002       -4.6319120435166609E-003
  0.28000000000000003        1.6944219030388112E-002
  0.28700000000000003       -2.4399989969341764E-002
  0.29400000000000004       -1.5387221887370366E-003
  0.30099999999999999        1.7577031365735941E-002
  0.30800000000000000       -1.0581438182819560E-002
  0.31500000000000000        8.9259325675829799E-003
  0.32200000000000001        5.5282835566971340E-002
  0.32900000000000001       -2.9386645579901669E-004
  0.33599999999999997       -1.3669913732984465E-002
  0.34300000000000003        3.1195916661280264E-002
  0.35000000000000003        2.5158162407907889E-002
  0.35700000000000004        6.0935009465461765E-003
  0.36400000000000005        3.4990279665563284E-002
  0.37100000000000000       -1.3325502740519047E-002
  0.37800000000000000       -2.3074090069204061E-002
  0.38500000000000001       -1.3039339052704107E-002
  0.39200000000000002       -8.2561550690013266E-003
  0.39900000000000002       -1.1415569987829593E-002
  0.40599999999999997        5.0714004041512627E-002
  0.41300000000000003       -1.4046710003274576E-002
  0.42000000000000004       -9.5377247005913376E-003
  0.42700000000000005       -6.9293708155827123E-003
  0.43400000000000005       -1.7942471450191042E-002
  0.44100000000000000        6.8361127137394825E-002
  0.44800000000000001       -5.9813226575853806E-002
  0.45500000000000002       -2.0961806890369229E-002
  0.46200000000000002        6.3790756376122817E-002
  0.46900000000000003       -3.0235230509867400E-002
  0.47599999999999998       -2.7217765056677543E-002
  0.48299999999999998        4.1684471374607214E-002
  0.49000000000000005        1.7714575288996777E-003
  0.49700000000000005        5.0178143486786803E-003
  0.50400000000000000        3.1198514833299034E-002
  0.51100000000000001       -7.8822937536936304E-003
  0.51800000000000002        2.3064505606979171E-002
  0.52500000000000002       -1.5394380413283105E-002
  0.53200000000000003        1.0249314895388259E-002
  0.53900000000000003       -4.3058857411142293E-002
  0.54600000000000004       -1.0235992970251786E-002
  0.55300000000000005       -1.6296247531012321E-002
  0.56000000000000005        1.0848835536276032E-002
  0.56700000000000006        2.4027290395293530E-002
  0.57400000000000007       -2.0111913359961205E-002
  0.58100000000000007       -2.1080836356472361E-002
  0.58800000000000008       -1.4086244424520611E-002
  0.59500000000000008       -2.0382034574960742E-002
  0.60199999999999998       -2.7499295030721582E-002
  0.60899999999999999       -1.9928908050446944E-002
  0.61599999999999999        3.0773659204056183E-002
  0.62300000000000000        1.5548112638794310E-002
  0.63000000000000000        4.2566509779394159E-003
  0.63700000000000001       -5.6554373275237511E-002
  0.64400000000000002       -1.7746779372587604E-002
  0.65100000000000002        9.9692295413348359E-003
  0.65800000000000003        1.4926199490760675E-002
  0.66499999999999992        3.6823989162359197E-002
  0.67199999999999993        2.8001365992030344E-002
  0.67900000000000005        2.0158713817976577E-002
  0.68600000000000005        3.1243527831535615E-003
  0.69300000000000006       -4.4589674515867284E-003
  0.70000000000000007        1.3922810480525211E-002
  0.70700000000000007        3.0119218511087651E-002
  0.71400000000000008       -2.0499201187779491E-002
  0.72100000000000009        8.8615239140782502E-003
  0.72800000000000009       -5.2839217055023556E-002
  0.73500000000000010        4.7533845619889672E-002
  0.74199999999999999        1.0137504276538690E-002
  0.74900000000000000       -1.2672579293571818E-002
  0.75600000000000001        4.5816377277326209E-002
  0.76300000000000001       -6.5129457066872877E-003
  0.77000000000000002        8.8487009034711236E-003
  0.77700000000000002        4.0910814366777487E-002
  0.78400000000000003        2.3903240370358972E-002
  0.79100000000000004        2.5666541274774780E-002
  0.79800000000000004        4.5728358466401289E-002
  0.80499999999999994        1.9477005750250957E-002
  0.81199999999999994        2.0651723184821384E-002
  0.81899999999999995       -5.3307050900637767E-002
  0.82600000000000007        1.7530051771868931E-002
  0.83300000000000007       -6.5924696023533999E-003
  0.84000000000000008        4.1280486844868715E-002
  0.84700000000000009        7.1299183746594734E-003
  0.85400000000000009        2.2266373206109549E-003
  0.86100000000000010       -2.0092772795950436E-002
  0.86800000000000010       -4.2965067676211117E-002
  0.87500000000000011       -7.0669865575883600E-003
  0.88200000000000001       -7.9782180779188038E-003
  0.88900000000000001        4.5400290752244186E-002
  0.89600000000000002        1.6934293793765133E-002
  0.90300000000000002        3.6273979714846173E-002
  0.91000000000000003        4.8736812899544254E-003
  0.91700000000000004        4.4887379641582646E-002
  0.92400000000000004        1.1937055633059555E-002
  0.93100000000000005        1.1305676669372849E-002
  0.93800000000000006       -2.4451348069835523E-003
  0.94499999999999995        1.7725552584612173E-002
  0.95199999999999996        2.3462593335386410E-002
  0.95899999999999996        1.3243504413623640E-002
  0.96599999999999997        4.2295695680561254E-002
  0.97300000000000009        1.8831146052470837E-002
  0.98000000000000009        1.8974820824635450E-002
  0.98700000000000010       -3.4043280038411436E-002
  0.99400000000000011        1.7805001012694669E-002
   1.0010000000000001       -7.2896490845553094E-003
   1.0080000000000000        4.8975669548040390E-002
   1.0150000000000001        5.0056452149983686E-002
   1.0220000000000000        3.2338107436022924E-002
   1.0290000000000001        3.3777363361068610E-002
   1.0360000000000000       -7.7010543821367993E-003
   1.0430000000000001        1.2220731416536170E-002
   1.0500000000000000        1.2863457480580770E-002
   1.0569999999999999        2.4660218741621651E-002
   1.0640000000000001        6.9337666085129881E-002
   1.0710000000000000       -4.5651366784807352E-003
   1.0780000000000001       -1.7969788015442755E-002
   1.0850000000000000       -9.0232309393175805E-003
   1.0920000000000001       -1.0927277424497409E-002
   1.0990000000000000       -5.0718944425028932E-003
   1.1060000000000001        3.2137016690634526E-002
   1.1130000000000000       -1.4431974706127370E-002
   1.1200000000000001       -1.7351037514406555E-002
   1.1270000000000000       -1.1809100009758326E-002
   1.1340000000000001        8.8751592083469583E-003
   1.1410000000000000        1.4247832958071284E-002
   1.1480000000000001        3.9516857026662446E-003
   1.1550000000000000        6.1851725208943659E-003
   1.1620000000000001       -2.3530390926168133E-002
   1.1690000000000000       -2.9753828912095003E-002
   1.1760000000000002        9.8472211589569515E-003
   1.1830000000000001        9.6082124208690372E-003
   1.1900000000000002        1.9286502087490210E-002
   1.1970000000000001       -6.2592962519530957E-003
   1.2040000000000000        2.3424208869991345E-002
   1.2110000000000001       -2.6420897082989989E-002
   1.2180000000000000        1.4754598946574818E-002
   1.2250000000000001       -1.4665477388152305E-002
   1.2320000000000000        4.1639981961219381E-002
   1.2390000000000001       -2.6914570865041985E-002
   1.2460000000000000        6.5515167973285689E-003
   1.2530000000000001        1.4257665621362978E-003
   1.2600000000000000       -4.6101332790422197E-003
   1.2669999999999999       -1.7281326551647016E-002
   1.2740000000000000       -1.2361209158545659E-002
   1.2809999999999999        2.6069043382318624E-003
   1.2880000000000000        1.6143709364913099E-002
   1.2949999999999999        4.0534106712294585E-002
   1.3020000000000000        2.1869136091970057E-002
   1.3089999999999999        5.1429189997210184E-003
   1.3160000000000001        3.1417060022997435E-003
   1.3230000000000000        4.6553929663063617E-003
   1.3299999999999998        2.9322892441031221E-003
   1.3370000000000000       -6.3728857751346926E-003
   1.3439999999999999        2.3894319133170340E-002
   1.3510000000000002       -5.1421590854914753E-002
   1.3580000000000001       -1.9621590651591483E-003
   1.3650000000000002        1.7761165520189259E-002
   1.3720000000000001       -3.2846629674802369E-002
   1.3790000000000002       -1.5452406437677270E-004
   1.3860000000000001        2.0055228270218665E-002
   1.3930000000000002        3.3703759777050722E-002
   1.4000000000000001        2.7852162552893443E-002
   1.4070000000000000        2.6023770551271235E-002
   1.4140000000000001        1.7850055838804602E-002
   1.4210000000000000        1.0180377963492077E-002
   1.4280000000000002        1.4367610744814843E-002
   1.4350000000000001       -2.2005707695037843E-003
   1.4420000000000002       -7.2955007793689981E-003
   1.4490000000000001       -5.5166427755514661E-004
   1.4560000000000002       -4.0277130214556721E-002
   1.4630000000000001        6.2639366293223845E-003
   1.4700000000000002        3.5027897060630510E-002
   1.4770000000000001       -1.4784851110294522E-002
   1.4840000000000000       -1.6223578875008589E-002
   1.4910000000000001        2.2471642288625304E-002
   1.4980000000000000        1.3034376595767505E-002
   1.5050000000000001       -3.4930227310194115E-002
   1.5120000000000000       -3.2016901872226507E-003
   1.5190000000000001       -3.2009569114014272E-002
   1.5260000000000000        1.1765951546373037E-002
   1.5330000000000001        3.8174408647506333E-002
   1.5400000000000000        4.1030705290527117E-002
   1.5469999999999999        6.5751184782159326E-003
   1.5540000000000000       -2.7177902824204521E-002
   1.5609999999999999        6.1271291485207090E-003
   1.5680000000000001        5.5473006889641854E-004
   1.5750000000000000        2.8772472264662716E-002
   1.5820000000000001       -9.8634031761220924E-003
   1.5890000000000000        6.1244995370970126E-002
   1.5960000000000001        1.4472975121347372E-002
   1.6030000000000000        5.4000711940888811E-002
   1.6099999999999999       -2.3487835168712945E-002
   1.6170000000000000        2.1902729901679067E-002
   1.6239999999999999        2.3141049024138823E-002
   1.6310000000000000        4.9770008102192280E-002
   1.6379999999999999        4.3106955547517319E-002
   1.6450000000000002        4.1930129370692801E-003
   1.6520000000000001        3.0259841545985693E-002
   1.6590000000000003        1.0013025488594477E-002
   1.6660000000000001       -2.8297812947794529E-002
   1.6730000000000003       -3.4610487027356596E-003
   1.6800000000000002        4.8712739819248493E-002
   1.6870000000000001       -2.4904552859278950E-002
   1.6940000000000002        4.6868608487467310E-003
   1.7010000000000001        9.8836211697383228E-003
   1.7080000000000002        3.0157084970468928E-002
   1.7150000000000001        2.3894183544937324E-002
   1.7220000000000002        4.8687354698835249E-002
   1.7290000000000001        3.5677086791066942E-003
   1.7360000000000002        3.0166318168469205E-002
   1.7430000000000001        2.1273357075119469E-002
   1.7500000000000002       -1.0286235293771562E-002
   1.7570000000000001        3.1033021247865823E-002
   1.7640000000000000       -1.8559742584857142E-002
   1.7710000000000001       -2.0160545759390330E-002
   1.7780000000000000        8.3427912986686111E-003
   1.7850000000000001        3.1872300140323745E-002
   1.7920000000000000        5.3009138569181788E-003
   1.7990000000000002        9.7015137281074358E-005
   1.8060000000000000        2.9886589357711716E-002
   1.8130000000000002       -1.5370091984664273E-002
   1.8200000000000001        4.8643898182972210E-003
   1.8270000000000000        4.0412348522780472E-002
   1.8340000000000001        1.7939853635631522E-002
   1.8410000000000000        1.0887538921310639E-002
   1.8480000000000001        2.0403516845624053E-002
   1.8550000000000000        2.0301962887887364E-002
   1.8620000000000001        6.9209906204881983E-003
   1.8690000000000000       -4.3369906428440044E-003
   1.8760000000000001        2.9437463115865991E-002
   1.8830000000000000        3.2750472167752578E-002
   1.8899999999999999        9.1610861826204974E-003
   1.8970000000000000        2.0539399764501593E-003
   1.9039999999999999       -1.0368157496797021E-002
   1.9110000000000000       -1.6470661237489009E-002
   1.9179999999999999        5.7123650566908869E-003
   1.9250000000000000       -8.6175437456809600E-004
   1.9319999999999999        2.1154775747547060E-002
   1.9390000000000001        2.9650476013883070E-002
   1.9460000000000002        5.0791823587368213E-003
   1.9530000000000003       -5.2547736730821377E-003
   1.9600000000000002       -1.0207919238482721E-002
   1.9670000000000003        2.5925286016430217E-002
   1.9740000000000002        7.3556128652921002E-003
   1.9810000000000001       -7.6038542093605341E-004
   1.9880000000000002       -8.7998768837182703E-003
   1.9950000000000001       -2.2655281150115329E-002
   2.0020000000000002        2.7880264954639423E-003
   2.0090000000000003        2.7200249954363733E-002
   2.0160000000000000       -1.4703394129126934E-003
   2.0230000000000001       -2.1777061998108992E-002
   2.0300000000000002       -3.9176660559055436E-002
   2.0369999999999999        2.4710494226971608E-002
   2.0440000000000000       -7.4657077862467607E-003
   2.0510000000000002       -5.4154535736294564E-002
   2.0580000000000003       -3.6045019655875393E-002
   2.0649999999999999        2.0140638332488695E-002
   2.0720000000000001        3.9131888590888467E-003
   2.0790000000000002       -1.4694078547526600E-002
   2.0860000000000003        1.2355834301997706E-002
   2.0930000000000000       -2.3630382662512075E-002
   2.1000000000000001        5.8232614735620270E-003
   2.1070000000000002       -2.5158149947969031E-002
   2.1139999999999999        4.3740473150462346E-002
   2.1210000000000000        2.7203022442052045E-002
   2.1280000000000001       -5.5919085902923272E-004
   2.1350000000000002       -3.0285593328154500E-002
   2.1419999999999999        3.3396398661651179E-002
   2.1490000000000000       -1.1912641546656930E-002
   2.1560000000000001        1.2067941535345869E-002
   2.1630000000000003       -1.8041531368035400E-002
   2.1699999999999999        7.7198713312976609E-003
   2.1770000000000000        2.6587005162034331E-002
   2.1840000000000002        1.7307489489562605E-002
   2.1909999999999998        3.5320835026449019E-003
   2.1980000000000000        9.9289091283346204E-003
   2.2050000000000001        8.5712047662933111E-002
   2.2120000000000002       -1.2980184563735569E-002
   2.2189999999999999       -8.4457926735627808E-003
   2.2260000000000000       -8.1247930919052386E-003
   2.2330000000000001       -2.9157381543381874E-002
   2.2400000000000002       -9.5871479971633995E-003
   2.2470000000000003        2.2793674996148063E-002
   2.2540000000000000        1.3311439662309304E-002
   2.2610000000000001       -4.0904625139115053E-002
   2.2680000000000002        8.4207810581609643E-003
   2.2749999999999999        2.9952039960591124E-002
   2.2820000000000000       -1.4396529309215617E-002
   2.2890000000000001        3.1523694557667271E-002
   2.2960000000000003        2.5252113514892004E-002
   2.3029999999999999       -5.3586575517704906E-003
   2.3100000000000001        7.5721969108889838E-003
   2.3169999999999997        2.1230139974900673E-002
   2.3240000000000003        2.9934144722122368E-002
   2.3310000000000000        1.4591462293174999E-002
   2.3380000000000001       -2.0419744844282460E-002
   2.3449999999999998       -2.4551675067993359E-002
   2.3520000000000003        6.3984133738180533E-003
   2.3590000000000000       -2.8535161190260609E-002
   2.3660000000000001       -4.1363212427279118E-002
   2.3729999999999998        1.1598367859290293E-002
   2.3800000000000003       -7.0232986471177403E-003
   2.3870000000000000        1.7582567869080582E-002
   2.3940000000000001        9.4136686978756080E-003
   2.4010000000000002       -4.3864387716670998E-002
   2.4079999999999999        1.9182939300983432E-002
   2.4150000000000005        3.9669028411996494E-002
   2.4220000000000002       -3.8925717563406933E-003
   2.4290000000000003       -8.5492420892709208E-003
   2.4359999999999999        1.7309856729504084E-002
   2.4430000000000005        3.6610902056964045E-002
   2.4500000000000002       -2.2746300305782698E-002
   2.4570000000000003        2.0697074632708080E-002
   2.4640000000000000        1.6036334279786055E-002
   2.4710000000000001       -2.5409723693947096E-002
   2.4780000000000002        4.9717513234952916E-002
   2.4850000000000003        1.7768748726149922E-002
   2.4920000000000000       -3.4198114695232512E-002
   2.4990000000000001       -6.6682622058585146E-003
   2.5060000000000002        1.8413661465714888E-002
   2.5130000000000003       -2.1418830898657912E-002
   2.5200000000000000       -1.3675640500925396E-002
   2.5270000000000001       -3.5157957587768659E-003
   2.5339999999999998        1.3666817168407067E-002
   2.5410000000000004        2.2670899423137832E-002
   2.5480000000000000        5.4075294527681471E-003
   2.5550000000000002        2.9106357696153464E-002
   2.5619999999999998       -9.8396366574433850E-003
   2.5690000000000004        1.0150038876782001E-002
   2.5760000000000001       -1.1818156818067695E-002
   2.5830000000000002       -2.2764467073643827E-002
   2.5899999999999999        7.1165491356764785E-003
   2.5970000000000000        3.4927728680812210E-002
   2.6040000000000001       -1.2851538119440997E-003
   2.6110000000000002        2.4964986979500788E-002
   2.6179999999999999        2.1335218149320490E-002
   2.6250000000000000       -1.8204258081684507E-002
   2.6320000000000001       -2.6829559085692171E-003
   2.6390000000000002       -1.6613891664570734E-002
   2.6459999999999999        1.5829361870298844E-002
   2.6530000000000000       -1.7316332292961336E-002
   2.6599999999999997        6.8202797721078076E-003
   2.6670000000000003       -3.2959264787931113E-003
   2.6739999999999999        1.2052775659006977E-003
   2.6810000000000000        1.3743350337142527E-002
   2.6879999999999997        3.2165982180204028E-002
   2.6950000000000003       -1.8561527323369405E-002
   2.7020000000000004       -1.2189380047786243E-002
   2.7090000000000001        2.9964008708646094E-002
   2.7160000000000002        9.2125799126408607E-003
   2.7230000000000003       -3.4725949154764159E-002
   2.7300000000000004        6.2920504407233731E-003
   2.7370000000000001        4.4004810513257164E-002
   2.7440000000000002       -2.1102353053492331E-003
   2.7509999999999999        2.3030800282498883E-002
   2.7580000000000005       -2.7358286245846405E-002
   2.7650000000000001        1.1104629552700125E-002
   2.7720000000000002        1.8417743810122768E-002
   2.7789999999999999        1.7680220761898333E-002
   2.7860000000000005        4.0071604324836502E-002
   2.7930000000000001        9.3235352877493009E-003
   2.8000000000000003        1.2804201543842951E-003
   2.8069999999999999       -1.1434085463655349E-002
   2.8140000000000001        2.2389497030426975E-002
   2.8210000000000002       -2.9559735958551770E-003
   2.8280000000000003       -3.4812320389192096E-002
   2.8350000000000000       -5.3371878272838569E-002
   2.8420000000000001        4.5944440428135565E-002
   2.8490000000000002       -1.2533090650877760E-002
   2.8560000000000003        2.9631451688953134E-002
   2.8630000000000000        7.3091709279119454E-003
   2.8700000000000001        1.7185428281445255E-002
   2.8769999999999998        2.3467475687193800E-002
   2.8840000000000003        5.2450924453947452E-002
   2.8910000000000000        8.9591237660422967E-003
   2.8980000000000001        3.6474791167928337E-002
   2.9049999999999998       -1.5594580270301549E-002
   2.9120000000000004        9.8055987692990954E-004
   2.9190000000000000       -1.0343769064418792E-002
   2.9260000000000002        1.4228427863686654E-002
   2.9329999999999998       -1.5664504781303355E-002
   2.9400000000000004       -2.1856511372087196E-002
   2.9470000000000001        4.9341487676591274E-003
   2.9540000000000002       -1.3011187333982748E-002
   2.9609999999999999       -1.1715747696496232E-003
   2.9680000000000000       -1.8287056749034748E-005
   2.9750000000000001        1.4352247026748468E-002
   2.9820000000000002        1.3306126736706359E-002
   2.9890000000000003        1.8046170855986077E-002
