   0.0000000000000000       0.99999999999965872     
   7.0000000000000001E-003  0.99125229683994220     
   1.4000000000000000E-002  0.96764787520353079     
   2.0999999999999998E-002  0.93467055894753448     
   2.8000000000000001E-002  0.89998305448932348     
   3.5000000000000003E-002  0.87138126117856995     
   4.1999999999999996E-002  0.88930952102965488     
   4.9000000000000002E-002  0.99161417162696164     
   5.6000000000000001E-002  0.98544310650501687     
   6.3000000000000000E-002  0.97985827961578620     
   7.0000000000000007E-002  0.97553118289519880     
   7.6999999999999999E-002  0.96991628061297519     
   8.3999999999999991E-002  0.96366029998618485     
   9.1000000000000011E-002  0.95854405112836738     
   9.8000000000000004E-002  0.95317039167473849     
  0.10500000000000001       0.94766894600241247     
  0.11200000000000000       0.94135978964296663     
  0.11899999999999999       0.93397794427023506     
  0.12600000000000000       0.92748629076047873     
  0.13300000000000001       0.92147114797329344     
  0.14000000000000001       0.91590162098964534     
  0.14700000000000002       0.90966398069074461     
  0.15400000000000000       0.90340013301572875     
  0.16100000000000000       0.89762417393495475     
  0.16799999999999998       0.89126586833075705     
  0.17500000000000002       0.88677547038561011     
  0.18200000000000002       0.88194965088791000     
  0.18900000000000000       0.87826853381481029     
  0.19600000000000001       0.87523465747274165     
  0.20299999999999999       0.87205147811559003     
  0.21000000000000002       0.86829675216327484     
  0.21700000000000003       0.86727262812897965     
  0.22400000000000000       0.86591489856713488     
  0.23100000000000001       0.86464946276246413     
  0.23799999999999999       0.86140699381196717     
  0.24500000000000002       0.86024540557433504     
  0.25200000000000000       0.85977225227493714     
  0.25900000000000001       0.85771508782846029     
  0.26600000000000001       0.85732972386615680     
  0.27300000000000002       0.85607563495514405     
  0.28000000000000003       0.85605078502307697     
  0.28700000000000003       0.85515975028987845     
  0.29400000000000004       0.85534081579668875     
  0.30099999999999999       0.85613277395455045     
  0.30800000000000000       0.85646272502126430     
  0.31500000000000000       0.85693828327112898     
  0.32200000000000001       0.85706188844088904     
  0.32900000000000001       0.85596136027513114     
  0.33599999999999997       0.85626884191958308     
  0.34300000000000003       0.85657911934307573     
  0.35000000000000003       0.85702013064849203     
  0.35700000000000004       0.85608204388458531     
  0.36400000000000005       0.85666611306498364     
  0.37100000000000000       0.85594167482368722     
  0.37800000000000000       0.85371038571788993     
  0.38500000000000001       0.85315541233929748     
  0.39200000000000002       0.85341215101250290     
  0.39900000000000002       0.85362803092872641     
  0.40599999999999997       0.85320524882812299     
  0.41300000000000003       0.85287826617473361     
  0.42000000000000004       0.85228546889554513     
  0.42700000000000005       0.85243071875824206     
  0.43400000000000005       0.85210083491836519     
  0.44100000000000000       0.85167906101245139     
  0.44800000000000001       0.85099889289120778     
  0.45500000000000002       0.85065169413144670     
  0.46200000000000002       0.84968409376229470     
  0.46900000000000003       0.84939529293537230     
  0.47599999999999998       0.84812338471537496     
  0.48299999999999998       0.84712061739664168     
  0.49000000000000005       0.84600958068793986     
  0.49700000000000005       0.84515164098437834     
  0.50400000000000000       0.84392307607037342     
  0.51100000000000001       0.84284475616665910     
  0.51800000000000002       0.84154977387701713     
  0.52500000000000002       0.84036872465924173     
  0.53200000000000003       0.83947074291432766     
  0.53900000000000003       0.83812744073058565     
  0.54600000000000004       0.83678577699458323     
  0.55300000000000005       0.83617483000067516     
  0.56000000000000005       0.83495735758661682     
  0.56700000000000006       0.83414449984427519     
  0.57400000000000007       0.83326729890278728     
  0.58100000000000007       0.83151880403487866     
  0.58800000000000008       0.83045623157974136     
  0.59500000000000008       0.82918593812172003     
  0.60199999999999998       0.82869898791576158     
  0.60899999999999999       0.82778413646466797     
  0.61599999999999999       0.82686209852898429     
  0.62300000000000000       0.82515288159140177     
  0.63000000000000000       0.82393413699386797     
  0.63700000000000001       0.82240120307677134     
  0.64400000000000002       0.82152612588047536     
  0.65100000000000002       0.82057403336731327     
  0.65800000000000003       0.81917600925704914     
  0.66499999999999992       0.81826001960465133     
  0.67199999999999993       0.81753528377363971     
  0.67900000000000005       0.81644960721578186     
  0.68600000000000005       0.81600161465661869     
  0.69300000000000006       0.81544557999413347     
  0.70000000000000007       0.81429860275110755     
  0.70700000000000007       0.81378554604995323     
  0.71400000000000008       0.81268101757856726     
  0.72100000000000009       0.81221000812767752     
  0.72800000000000009       0.81149001265631870     
  0.73500000000000010       0.81078707423299334     
  0.74199999999999999       0.81029738612000890     
  0.74900000000000000       0.80936895678591969     
  0.75600000000000001       0.80863150482293700     
  0.76300000000000001       0.80747961724309281     
  0.77000000000000002       0.80742352460510192     
  0.77700000000000002       0.80638517978580238     
  0.78400000000000003       0.80529836821335987     
  0.79100000000000004       0.80441573732934113     
  0.79800000000000004       0.80361409378543380     
  0.80499999999999994       0.80282445783649770     
  0.81199999999999994       0.80170608280818956     
  0.81899999999999995       0.80063204129963861     
  0.82600000000000007       0.79950258468501334     
  0.83300000000000007       0.79925243392131384     
  0.84000000000000008       0.79846599357534165     
  0.84700000000000009       0.79823212974515878     
  0.85400000000000009       0.79712646995825109     
  0.86100000000000010       0.79692153734467175     
  0.86800000000000010       0.79546096777963260     
  0.87500000000000011       0.79533439217477897     
  0.88200000000000001       0.79469819397770203     
  0.88900000000000001       0.79447223006314338     
  0.89600000000000002       0.79353792102207621     
  0.90300000000000002       0.79276246439544251     
  0.91000000000000003       0.79219091549895337     
  0.91700000000000004       0.79119343639126472     
  0.92400000000000004       0.79061357610003613     
  0.93100000000000005       0.78989572734600488     
  0.93800000000000006       0.78980608358639015     
  0.94499999999999995       0.78982540990828998     
  0.95199999999999996       0.78893218703032153     
  0.95899999999999996       0.78814071185347911     
  0.96599999999999997       0.78788641338359544     
  0.97300000000000009       0.78708298398825294     
  0.98000000000000009       0.78677696157274546     
  0.98700000000000010       0.78672205759884561     
  0.99400000000000011       0.78593480808524196     
   1.0010000000000001       0.78574999557824077     
   1.0080000000000000       0.78504264985256000     
   1.0150000000000001       0.78416353063544153     
   1.0220000000000000       0.78403891502857970     
   1.0290000000000001       0.78373589745858452     
   1.0360000000000000       0.78328461127487148     
   1.0430000000000001       0.78321373115292336     
   1.0500000000000000       0.78253996781096258     
   1.0569999999999999       0.78213969814320217     
   1.0640000000000001       0.78181481592184032     
   1.0710000000000000       0.78197584574526913     
   1.0780000000000001       0.78159808185430513     
   1.0850000000000000       0.78179737967596508     
   1.0920000000000001       0.78196890434170863     
   1.0990000000000000       0.78160998036237905     
   1.1060000000000001       0.78143699691369917     
   1.1130000000000000       0.78128715470179799     
   1.1200000000000001       0.78138891552039180     
   1.1270000000000000       0.78140949037534757     
   1.1340000000000001       0.78127441328989855     
   1.1410000000000000       0.78146358989930376     
   1.1480000000000001       0.78091228171815674     
   1.1550000000000000       0.78016783111473365     
   1.1620000000000001       0.78011540319175177     
   1.1690000000000000       0.77953248317850787     
   1.1760000000000002       0.77961106627054289     
   1.1830000000000001       0.77976206017094063     
   1.1900000000000002       0.77926863601591378     
   1.1970000000000001       0.77913566576102145     
   1.2040000000000000       0.77903273807221574     
   1.2110000000000001       0.77861776016127426     
   1.2180000000000000       0.77846268622620762     
   1.2250000000000001       0.77803219410655267     
   1.2320000000000000       0.77793184054745768     
   1.2390000000000001       0.77806772069441199     
   1.2460000000000000       0.77801652805530808     
   1.2530000000000001       0.77777784997687682     
   1.2600000000000000       0.77782797846943452     
   1.2669999999999999       0.77789954135845951     
   1.2740000000000000       0.77788590551453374     
   1.2809999999999999       0.77747843209969980     
   1.2880000000000000       0.77821705400508945     
   1.2949999999999999       0.77804184776239693     
   1.3020000000000000       0.77656884628669010     
   1.3089999999999999       0.77633289874263822     
   1.3160000000000001       0.77674213893016009     
   1.3230000000000000       0.77640743604061857     
   1.3299999999999998       0.77598597465381447     
   1.3370000000000000       0.77569835528034803     
   1.3439999999999999       0.77542295229884861     
   1.3510000000000002       0.77544934700078638     
   1.3580000000000001       0.77563414561494426     
   1.3650000000000002       0.77506996225937541     
   1.3720000000000001       0.77512596160349823     
   1.3790000000000002       0.77553201756654777     
   1.3860000000000001       0.77508189764865087     
   1.3930000000000002       0.77479889856885853     
   1.4000000000000001       0.77477449533432208     
   1.4070000000000000       0.77416860158180045     
   1.4140000000000001       0.77381019730764344     
   1.4210000000000000       0.77355655507451060     
   1.4280000000000002       0.77404937788996131     
   1.4350000000000001       0.77376064009749057     
   1.4420000000000002       0.77392561458988363     
   1.4490000000000001       0.77397249995980533     
   1.4560000000000002       0.77384950812608400     
   1.4630000000000001       0.77442317651320802     
   1.4700000000000002       0.77419376237457516     
   1.4770000000000001       0.77389470160941609     
   1.4840000000000000       0.77344975191930987     
   1.4910000000000001       0.77394699449452820     
   1.4980000000000000       0.77383640486248262     
   1.5050000000000001       0.77355771456716949     
   1.5120000000000000       0.77370437126042924     
   1.5190000000000001       0.77437000978492365     
   1.5260000000000000       0.77429316351587729     
   1.5330000000000001       0.77438013854546794     
   1.5400000000000000       0.77474664760632461     
   1.5469999999999999       0.77486313071090174     
   1.5540000000000000       0.77488645243518306     
   1.5609999999999999       0.77523468987892119     
   1.5680000000000001       0.77550123896566114     
   1.5750000000000000       0.77600065739604307     
   1.5820000000000001       0.77663114539389178     
   1.5890000000000000       0.77647402428763856     
   1.5960000000000001       0.77669576802519535     
   1.6030000000000000       0.77682848248512493     
   1.6099999999999999       0.77673416242544191     
   1.6170000000000000       0.77697616694250771     
   1.6239999999999999       0.77673838462261968     
   1.6310000000000000       0.77661145290212030     
   1.6379999999999999       0.77695229679077671     
   1.6450000000000002       0.77635728088486000     
   1.6520000000000001       0.77553501032703842     
   1.6590000000000003       0.77585440278407536     
   1.6660000000000001       0.77604179352896985     
   1.6730000000000003       0.77582528551847840     
   1.6800000000000002       0.77599050039802764     
   1.6870000000000001       0.77587189604664764     
   1.6940000000000002       0.77624364981690264     
   1.7010000000000001       0.77655303114042995     
   1.7080000000000002       0.77650840921314257     
   1.7150000000000001       0.77684716211384253     
   1.7220000000000002       0.77696092855807752     
   1.7290000000000001       0.77676638752042770     
   1.7360000000000002       0.77687118614863371     
   1.7430000000000001       0.77668676083954902     
   1.7500000000000002       0.77678573418350583     
   1.7570000000000001       0.77626115592139078     
   1.7640000000000000       0.77637804944438993     
   1.7710000000000001       0.77591482085688235     
   1.7780000000000000       0.77656010626101912     
   1.7850000000000001       0.77664773011570609     
   1.7920000000000000       0.77639521849764459     
   1.7990000000000002       0.77565295229113773     
   1.8060000000000000       0.77521962121512566     
   1.8130000000000002       0.77531316438443576     
   1.8200000000000001       0.77498965446162460     
   1.8270000000000000       0.77507379843088209     
   1.8340000000000001       0.77514036326808344     
   1.8410000000000000       0.77528765968531055     
   1.8480000000000001       0.77517638736519623     
   1.8550000000000000       0.77504703810634090     
   1.8620000000000001       0.77566968791686164     
   1.8690000000000000       0.77530243439723301     
   1.8760000000000001       0.77549298735619865     
   1.8830000000000000       0.77554626213523847     
   1.8899999999999999       0.77568181513238577     
   1.8970000000000000       0.77613039706991671     
   1.9039999999999999       0.77628275213580611     
   1.9110000000000000       0.77669418821287461     
   1.9179999999999999       0.77710979666019497     
   1.9250000000000000       0.77712910050586448     
   1.9319999999999999       0.77768775377400312     
   1.9390000000000001       0.77814850632757293     
   1.9460000000000002       0.77827118034496268     
   1.9530000000000003       0.77824392354964878     
   1.9600000000000002       0.77824328541229004     
   1.9670000000000003       0.77827240158380750     
   1.9740000000000002       0.77843419686092319     
   1.9810000000000001       0.77824986332908952     
   1.9880000000000002       0.77812182083185322     
   1.9950000000000001       0.77844176420438671     
   2.0020000000000002       0.77861916178295998     
   2.0090000000000003       0.77917796055273503     
   2.0160000000000000       0.77918294594863202     
   2.0230000000000001       0.77916953415095935     
   2.0300000000000002       0.77930587883987579     
   2.0369999999999999       0.77907227141393109     
   2.0440000000000000       0.77937087300994712     
   2.0510000000000002       0.77923371928759955     
   2.0580000000000003       0.77970189947140645     
   2.0649999999999999       0.77965119092014545     
   2.0720000000000001       0.77942968221834530     
   2.0790000000000002       0.77992921414038996     
   2.0860000000000003       0.78015299513364433     
   2.0930000000000000       0.78042927074762070     
   2.1000000000000001       0.78093041720206324     
   2.1070000000000002       0.78076093700636429     
   2.1139999999999999       0.78116736596886183     
   2.1210000000000000       0.78158622731593408     
   2.1280000000000001       0.78256642755927031     
   2.1350000000000002       0.78245931688209569     
   2.1419999999999999       0.78203242243371784     
   2.1490000000000000       0.78241277075573024     
   2.1560000000000001       0.78226421579143646     
   2.1630000000000003       0.78262457013961273     
   2.1699999999999999       0.78333685057207136     
   2.1770000000000000       0.78324618936298851     
   2.1840000000000002       0.78258403978167512     
   2.1909999999999998       0.78262730708230333     
   2.1980000000000000       0.78236847489365635     
   2.2050000000000001       0.78263181680388150     
   2.2120000000000002       0.78290373900822463     
   2.2189999999999999       0.78294122175751923     
   2.2260000000000000       0.78345278824097153     
   2.2330000000000001       0.78372867425308923     
   2.2400000000000002       0.78378605018231817     
   2.2470000000000003       0.78346564211792225     
   2.2540000000000000       0.78367745019466939     
   2.2610000000000001       0.78372878542127955     
   2.2680000000000002       0.78312661681696849     
   2.2749999999999999       0.78276744269670939     
   2.2820000000000000       0.78299437469397304     
   2.2890000000000001       0.78343876931891265     
   2.2960000000000003       0.78340851631437003     
   2.3029999999999999       0.78351573587565992     
   2.3100000000000001       0.78367074510671497     
   2.3169999999999997       0.78360667932054018     
   2.3240000000000003       0.78290865980679769     
   2.3310000000000000       0.78294631523980007     
   2.3380000000000001       0.78330660246878847     
   2.3449999999999998       0.78364142125981184     
   2.3520000000000003       0.78368774787493789     
   2.3590000000000000       0.78334918490259342     
   2.3660000000000001       0.78371472553701405     
   2.3729999999999998       0.78325171734942900     
   2.3800000000000003       0.78374744250956996     
   2.3870000000000000       0.78374092378642646     
   2.3940000000000001       0.78298769472779473     
   2.4010000000000002       0.78300711160684078     
   2.4079999999999999       0.78309198778126476     
   2.4150000000000005       0.78313032866221233     
   2.4220000000000002       0.78333659840637904     
   2.4290000000000003       0.78325599459947548     
   2.4359999999999999       0.78337672233741085     
   2.4430000000000005       0.78334228350764756     
   2.4500000000000002       0.78336563806062898     
   2.4570000000000003       0.78278100331961409     
   2.4640000000000000       0.78304966154256928     
   2.4710000000000001       0.78289622662336189     
   2.4780000000000002       0.78278060441866948     
   2.4850000000000003       0.78290303661557525     
   2.4920000000000000       0.78355053545532505     
   2.4990000000000001       0.78338066963452146     
   2.5060000000000002       0.78308084437695502     
   2.5130000000000003       0.78309666756651874     
   2.5200000000000000       0.78301658860059709     
   2.5270000000000001       0.78286387469675989     
   2.5339999999999998       0.78294592303232691     
   2.5410000000000004       0.78329582080330118     
   2.5480000000000000       0.78334199134618432     
   2.5550000000000002       0.78336255191079418     
   2.5619999999999998       0.78325660786649021     
   2.5690000000000004       0.78359317672285367     
   2.5760000000000001       0.78396685547224243     
   2.5830000000000002       0.78419885765810593     
   2.5899999999999999       0.78415331651763553     
   2.5970000000000000       0.78377991543955683     
   2.6040000000000001       0.78342379322456768     
   2.6110000000000002       0.78339843020755129     
   2.6179999999999999       0.78327277742379875     
   2.6250000000000000       0.78287754880859406     
   2.6320000000000001       0.78331494050948358     
   2.6390000000000002       0.78345438170693926     
   2.6459999999999999       0.78406263066413096     
   2.6530000000000000       0.78396463017429308     
   2.6599999999999997       0.78396179857546999     
   2.6670000000000003       0.78464330938570348     
   2.6739999999999999       0.78400249048233039     
   2.6810000000000000       0.78399493647154361     
   2.6879999999999997       0.78384739992811614     
   2.6950000000000003       0.78360651585959218     
   2.7020000000000004       0.78349108545060719     
   2.7090000000000001       0.78376730875969458     
   2.7160000000000002       0.78405355707835167     
   2.7230000000000003       0.78389343984864435     
   2.7300000000000004       0.78387451229841665     
   2.7370000000000001       0.78437306405844021     
   2.7440000000000002       0.78434037542837809     
   2.7509999999999999       0.78417659765342018     
   2.7580000000000005       0.78456336643369828     
   2.7650000000000001       0.78467014273857516     
   2.7720000000000002       0.78488557656183489     
   2.7789999999999999       0.78524945972231563     
   2.7860000000000005       0.78539271527404375     
   2.7930000000000001       0.78504132171496011     
   2.8000000000000003       0.78484319558270799     
   2.8069999999999999       0.78491781761786084     
   2.8140000000000001       0.78442717075439927     
   2.8210000000000002       0.78426791501378246     
   2.8280000000000003       0.78446796294743870     
   2.8350000000000000       0.78503348705278309     
   2.8420000000000001       0.78522112623341278     
   2.8490000000000002       0.78526505534180779     
   2.8560000000000003       0.78445136833515672     
   2.8630000000000000       0.78453749553416341     
   2.8700000000000001       0.78420214163527813     
   2.8769999999999998       0.78420981317800931     
   2.8840000000000003       0.78403658057107695     
   2.8910000000000000       0.78381855572209669     
   2.8980000000000001       0.78415738851994199     
   2.9049999999999998       0.78436911656286024     
   2.9120000000000004       0.78389598613103229     
   2.9190000000000000       0.78357987055083045     
   2.9260000000000002       0.78357708991766983     
   2.9329999999999998       0.78388158201349789     
   2.9400000000000004       0.78369946336697549     
   2.9470000000000001       0.78352757102098691     
   2.9540000000000002       0.78321969350025988     
   2.9609999999999999       0.78300504757881084     
   2.9680000000000000       0.78329542031517074     
   2.9750000000000001       0.78330881089167148     
   2.9820000000000002       0.78337801727949996     
   2.9890000000000003       0.78384665117764607     
