   0.0000000000000000       0.99999999999998412     
   8.0000000000000002E-003  0.99166745844029580     
   1.6000000000000000E-002  0.96857425499766503     
   2.3999999999999997E-002  0.93578430514745969     
   3.2000000000000001E-002  0.90097291953890835     
   4.0000000000000001E-002  0.87285917717568395     
   4.7999999999999994E-002  0.85778439870970713     
   5.5999999999999994E-002  0.85833743936012585     
   6.4000000000000001E-002  0.87455468817845183     
   7.1999999999999995E-002  0.90115886572075765     
   8.0000000000000002E-002  0.93371795516740663     
   8.7999999999999995E-002  0.96353608002721292     
   9.5999999999999988E-002  0.98527744941931272     
  0.10400000000000000       0.99637976343843970     
  0.11199999999999999       0.99853320469307216     
  0.12000000000000000       0.99551646381619097     
  0.12800000000000000       0.99083662878664291     
  0.13599999999999998       0.98797100844580887     
  0.14399999999999999       0.98934149425990447     
  0.15200000000000000       0.99234157552230340     
  0.16000000000000000       0.99397753877307915     
  0.16799999999999998       0.98992247948787282     
  0.17599999999999999       0.97986634749721679     
  0.18399999999999997       0.95916163280897904     
  0.19199999999999998       0.92739528437174135     
  0.20000000000000001       0.89555678931289406     
  0.20799999999999999       0.86456464484193729     
  0.21600000000000000       0.84321045096822622     
  0.22399999999999998       0.82458525350978928     
  0.23199999999999998       0.82178799134535940     
  0.23999999999999999       0.84611143059781868     
  0.24800000000000000       0.87732901172918654     
  0.25600000000000001       0.90410699335425271     
  0.26399999999999996       0.93179496104281789     
  0.27199999999999996       0.95811137075151831     
  0.28000000000000003       0.97311542387227123     
  0.28799999999999998       0.98239105908052216     
  0.29599999999999999       0.98496324474919028     
  0.30399999999999999       0.98355009250797099     
  0.31200000000000000       0.98488741989572615     
  0.32000000000000001       0.98673074042138664     
  0.32800000000000001       0.98709811840678119     
  0.33599999999999997       0.96529183933416218     
  0.34399999999999997       0.96528721243287796     
  0.35199999999999998       0.96437818693373312     
  0.35999999999999999       0.94672660831995226     
  0.36799999999999994       0.93256116975494574     
  0.37599999999999995       0.88292654937539894     
  0.38399999999999995       0.84427202172367133     
  0.39200000000000002       0.75861094602199786     
  0.40000000000000002       0.79223790781176717     
  0.40799999999999997       0.78919921752421462     
  0.41599999999999998       0.73423788389669820     
  0.42399999999999999       0.72122341532554857     
  0.43200000000000000       0.62721492294471637     
  0.43999999999999995       0.73145878481684379     
  0.44799999999999995       0.70678221332682534     
  0.45599999999999996       0.71053569600045496     
  0.46399999999999997       0.61052606794533704     
  0.47200000000000003       0.67138153079293328     
  0.47999999999999998       0.62664303464165938     
  0.48799999999999999       0.57534835254930883     
  0.49600000000000000       0.67351099395199809     
  0.50400000000000000       0.68072972342763804     
  0.51200000000000001       0.62396994238202408     
  0.52000000000000002       0.68482545361426950     
  0.52799999999999991       0.63605381287110130     
  0.53599999999999992       0.70587719684122840     
  0.54399999999999993       0.58684723511103021     
  0.55199999999999994       0.62168082759947207     
  0.56000000000000005       0.71527186427500966     
  0.56799999999999995       0.53717065818879195     
  0.57599999999999996       0.69165820567230341     
  0.58399999999999996       0.67542088430318725     
  0.59199999999999997       0.62751903594677627     
  0.59999999999999998       0.66610247785471122     
  0.60799999999999998       0.65282956925440927     
  0.61599999999999999       0.71483753715543552     
  0.62400000000000000       0.68976786625798470     
  0.63199999999999990       0.58456232419669252     
  0.64000000000000001       0.62795453239866295     
  0.64800000000000002       0.67562825573671548     
  0.65600000000000003       0.69577678858532732     
  0.66400000000000003       0.66154454500008364     
  0.67199999999999993       0.63838345275577668     
  0.67999999999999994       0.72892020590671858     
  0.68799999999999994       0.68911287086752371     
  0.69599999999999995       0.71659931358234508     
  0.70399999999999996       0.67956576576987615     
  0.71199999999999997       0.67297771596593237     
  0.71999999999999997       0.53951873348602064     
  0.72799999999999987       0.63207576425496803     
  0.73599999999999988       0.72455373372773324     
  0.74399999999999988       0.64407317976268663     
  0.75199999999999989       0.64215859577211787     
  0.75999999999999990       0.61265559429605676     
  0.76799999999999990       0.64061087913854520     
  0.77600000000000002       0.57579971830743504     
  0.78400000000000003       0.64402909020358401     
  0.79200000000000004       0.64370223403062654     
  0.80000000000000004       0.60088166152609135     
  0.80799999999999994       0.61780861929896125     
  0.81599999999999995       0.56877293790069106     
  0.82399999999999995       0.57449290172509249     
  0.83199999999999996       0.61802093483655729     
  0.83999999999999997       0.62771014353151167     
  0.84799999999999998       0.61278551911930856     
  0.85599999999999998       0.57693617930410868     
  0.86399999999999999       0.61175733551856004     
  0.87199999999999989       0.63066784086358985     
  0.87999999999999989       0.64414514450675708     
  0.88799999999999990       0.66377687587800649     
  0.89599999999999991       0.60358174873644621     
  0.90399999999999991       0.54374989423698483     
  0.91199999999999992       0.52324984999399227     
  0.91999999999999993       0.67183204795268814     
  0.92799999999999994       0.63054193082950039     
  0.93599999999999983       0.64543117772962533     
  0.94400000000000006       0.67675598028720507     
  0.95199999999999996       0.63812065263830864     
  0.95999999999999996       0.63863965701200587     
  0.96799999999999997       0.64744390488269110     
  0.97599999999999998       0.61099449418565333     
  0.98399999999999999       0.64476537440754622     
  0.99199999999999999       0.60403684346243014     
   1.0000000000000000       0.54682973922416589     
   1.0080000000000000       0.71934510764608117     
   1.0160000000000000       0.64470859911736356     
   1.0240000000000000       0.62638514739349571     
   1.0320000000000000       0.68097004747972112     
   1.0400000000000000       0.61439260744455881     
   1.0479999999999998       0.55765825446410344     
   1.0559999999999998       0.65590368356252093     
   1.0639999999999998       0.55935455240896725     
   1.0719999999999998       0.63852696661358632     
   1.0799999999999998       0.66804251069397436     
   1.0879999999999999       0.62518425064738969     
   1.0959999999999999       0.67793420032834106     
   1.1039999999999999       0.63189134669195679     
   1.1120000000000001       0.59017723521793863     
   1.1200000000000001       0.57829180032246030     
   1.1279999999999999       0.64029139923988787     
   1.1359999999999999       0.61901891901802286     
   1.1439999999999999       0.71415218507590683     
   1.1519999999999999       0.60199847020755115     
   1.1599999999999999       0.66596264777197967     
   1.1679999999999999       0.59700922742422247     
   1.1759999999999999       0.69699564658804836     
   1.1839999999999999       0.65423165993447563     
   1.1919999999999999       0.66131482037293376     
   1.2000000000000000       0.67611240223397340     
   1.2080000000000000       0.66519722038255125     
   1.2160000000000000       0.56938404844076451     
   1.2240000000000000       0.76593474400724315     
   1.2320000000000000       0.66130333982051714     
   1.2400000000000000       0.57314339953359206     
   1.2480000000000000       0.69159391474755949     
   1.2559999999999998       0.71572691488465034     
   1.2639999999999998       0.65990628349191638     
   1.2719999999999998       0.65500909198510526     
   1.2800000000000000       0.66148377458882945     
   1.2880000000000000       0.65890937232498159     
   1.2960000000000000       0.70814001635086765     
   1.3040000000000000       0.61846421122173134     
   1.3120000000000001       0.69596800092962863     
   1.3200000000000001       0.69262010501319071     
   1.3280000000000001       0.62844369491575958     
   1.3359999999999999       0.64078359686793507     
   1.3439999999999999       0.69596181285897274     
   1.3519999999999999       0.62275034019475783     
   1.3599999999999999       0.67952726428050303     
   1.3679999999999999       0.69238672705910331     
   1.3759999999999999       0.65032502594409147     
   1.3839999999999999       0.63153641710649211     
   1.3919999999999999       0.62832031192726290     
   1.3999999999999999       0.59307739459673259     
   1.4079999999999999       0.61935392982948023     
   1.4159999999999999       0.54604096624394238     
   1.4239999999999999       0.59113391689556649     
   1.4319999999999999       0.59326268572208130     
   1.4399999999999999       0.58940465376425322     
   1.4480000000000000       0.63535601768166172     
   1.4559999999999997       0.64915853315088434     
   1.4639999999999997       0.66520267209439665     
   1.4719999999999998       0.67616685607490234     
   1.4799999999999998       0.71177389221124232     
   1.4879999999999998       0.68028895793073363     
   1.4959999999999998       0.64127216098473971     
   1.5039999999999998       0.61401870420433968     
   1.5119999999999998       0.64063449730002409     
   1.5199999999999998       0.69387044009373111     
   1.5279999999999998       0.71265505726927036     
   1.5359999999999998       0.62907035259067556     
   1.5440000000000000       0.66508624761422630     
   1.5520000000000000       0.56827041805692613     
   1.5600000000000001       0.66634509552617693     
   1.5680000000000001       0.67689249535896401     
   1.5760000000000001       0.64560808781366763     
   1.5840000000000001       0.67899965648086935     
   1.5920000000000001       0.59630474092719832     
   1.6000000000000001       0.68266104291461027     
   1.6080000000000001       0.66143807776944052     
   1.6159999999999999       0.67068343800423780     
   1.6239999999999999       0.58417532699785302     
   1.6319999999999999       0.61071023106413758     
   1.6399999999999999       0.66533731705708510     
   1.6479999999999999       0.57550658389744203     
   1.6559999999999999       0.56256797437211181     
   1.6639999999999999       0.62873572302530334     
   1.6719999999999999       0.60873112327446322     
   1.6799999999999999       0.60867438394291995     
   1.6879999999999999       0.60155409454828601     
   1.6960000000000000       0.63794286393280819     
   1.7040000000000000       0.70633538809855290     
   1.7120000000000000       0.69056936808637059     
   1.7200000000000000       0.66584873913083142     
   1.7280000000000000       0.64881289923751306     
   1.7360000000000000       0.61714748570747591     
   1.7439999999999998       0.67010144770923885     
   1.7519999999999998       0.73705007466000072     
   1.7599999999999998       0.63803052398367088     
   1.7679999999999998       0.64284216870863864     
   1.7759999999999998       0.62532863941106809     
   1.7839999999999998       0.60874368418246527     
   1.7919999999999998       0.58485602387146851     
   1.7999999999999998       0.69980565472913581     
   1.8079999999999998       0.67194806797458217     
   1.8159999999999998       0.67125779326332524     
   1.8239999999999998       0.68862708386652416     
   1.8319999999999999       0.58953883840641719     
   1.8399999999999999       0.63870354952686781     
   1.8479999999999999       0.64604142111954432     
   1.8559999999999999       0.64839215806739614     
   1.8639999999999999       0.62072438747847491     
   1.8719999999999997       0.54511197608464323     
   1.8800000000000001       0.61772895106672743     
   1.8880000000000001       0.58041055809930109     
   1.8960000000000001       0.67102110695560668     
   1.9039999999999999       0.64228576799715709     
   1.9119999999999999       0.62335191205847362     
   1.9199999999999999       0.62742654312731827     
   1.9279999999999999       0.66431327899551562     
   1.9359999999999999       0.56504251200311750     
   1.9440000000000000       0.65494530991022637     
   1.9520000000000000       0.65842133189646168     
   1.9600000000000000       0.52558349285858774     
   1.9680000000000000       0.64291802725305192     
   1.9760000000000000       0.61079904893658310     
   1.9840000000000000       0.60239874040551755     
   1.9920000000000000       0.66002447664585884     
   2.0000000000000000       0.58218119135876156     
   2.0080000000000000       0.64042109556069904     
   2.0160000000000000       0.60719322842945989     
   2.0240000000000000       0.69130954564674973     
   2.0320000000000000       0.69727111447346302     
   2.0400000000000000       0.64486447885618259     
   2.0480000000000000       0.62621492839842730     
   2.0560000000000000       0.59302510983480428     
   2.0640000000000001       0.62919183983112337     
   2.0720000000000001       0.69222113742874103     
   2.0800000000000001       0.73428524967250497     
   2.0880000000000001       0.62433007560355869     
   2.0959999999999996       0.64566769557719084     
   2.1039999999999996       0.65180127450582204     
   2.1119999999999997       0.67219479303842566     
   2.1199999999999997       0.58700595780677522     
   2.1279999999999997       0.64825595025542959     
   2.1359999999999997       0.68429886374613336     
   2.1439999999999997       0.71632399391570356     
   2.1519999999999997       0.59312736877714289     
   2.1599999999999997       0.64192001602896853     
   2.1679999999999997       0.67657327890034147     
   2.1759999999999997       0.70860831823438664     
   2.1839999999999997       0.67705519251241264     
   2.1919999999999997       0.59744234923410700     
   2.1999999999999997       0.63796040586309355     
   2.2079999999999997       0.61923295108094700     
   2.2159999999999997       0.68566254250426673     
   2.2240000000000002       0.59928137304543816     
   2.2320000000000002       0.56095824121171567     
   2.2400000000000002       0.63776075022874013     
   2.2480000000000002       0.65971894560268651     
   2.2559999999999998       0.55011799625014346     
   2.2639999999999998       0.62069342339595990     
   2.2719999999999998       0.67012920486329564     
   2.2799999999999998       0.68399044758903160     
   2.2879999999999998       0.64692682871237006     
   2.2959999999999998       0.61226244675141439     
   2.3039999999999998       0.55203571250394734     
   2.3119999999999998       0.52345746244648972     
   2.3199999999999998       0.58309102909890731     
   2.3279999999999998       0.63536429742589617     
   2.3359999999999999       0.62928883194314067     
   2.3439999999999999       0.58759447792741171     
   2.3519999999999999       0.55953318804926966     
   2.3599999999999999       0.68202134520209690     
   2.3679999999999999       0.59485349364577145     
   2.3759999999999999       0.64154947282985475     
   2.3839999999999999       0.59689883776054264     
   2.3919999999999999       0.57751554349869960     
   2.3999999999999999       0.59769208831172882     
   2.4079999999999999       0.66489727698393575     
   2.4159999999999999       0.55596417346934546     
   2.4239999999999999       0.58684868868346707     
   2.4319999999999999       0.59340496067527226     
   2.4399999999999999       0.59786683115799766     
   2.4480000000000000       0.63275330040110334     
   2.4560000000000000       0.63804034030599688     
   2.4640000000000000       0.64056872207512883     
   2.4720000000000000       0.68047921138247291     
   2.4800000000000000       0.61418625719752828     
   2.4880000000000000       0.63824118494689419     
   2.4960000000000000       0.51385780459607389     
   2.5039999999999996       0.62483748690310614     
   2.5119999999999996       0.53389728058990771     
   2.5199999999999996       0.69499721321260832     
   2.5279999999999996       0.59037166648389816     
   2.5359999999999996       0.63349127001866956     
   2.5439999999999996       0.63504288430286937     
   2.5519999999999996       0.66031372068090455     
   2.5600000000000001       0.66219830673066504     
   2.5680000000000001       0.65949823896260262     
   2.5760000000000001       0.63756395910087382     
   2.5839999999999996       0.60533042947062177     
   2.5920000000000001       0.63305781119686044     
   2.5999999999999996       0.70162246334764711     
   2.6080000000000001       0.62828829570167077     
   2.6159999999999997       0.62915644654276259     
   2.6240000000000001       0.58596297232930383     
   2.6319999999999997       0.54854791000707326     
   2.6400000000000001       0.65496582415608728     
   2.6479999999999997       0.64497229581264981     
   2.6560000000000001       0.62009984260247553     
   2.6639999999999997       0.56522697096398145     
   2.6719999999999997       0.62642752198194018     
   2.6799999999999997       0.62046046239607466     
   2.6879999999999997       0.57095377729042718     
   2.6959999999999997       0.51997842041405207     
   2.7039999999999997       0.67921824554484811     
   2.7119999999999997       0.62778203955346745     
   2.7199999999999998       0.66529697459715442     
   2.7279999999999998       0.63842721776270361     
   2.7359999999999998       0.57249546622983594     
   2.7440000000000002       0.58726649367247752     
   2.7519999999999998       0.61293047558334834     
   2.7600000000000002       0.64420811304847503     
   2.7679999999999998       0.57798111460573853     
   2.7760000000000002       0.59150409040153984     
   2.7839999999999998       0.62575462422847206     
   2.7920000000000003       0.58131570549113831     
   2.7999999999999998       0.58884176849684744     
   2.8080000000000003       0.68035791914119548     
   2.8159999999999998       0.64256099866231464     
   2.8239999999999998       0.71476746253652412     
   2.8319999999999999       0.68322152145163273     
   2.8399999999999999       0.67828993469632060     
   2.8479999999999999       0.64234478350067348     
   2.8559999999999999       0.64611534675325888     
   2.8639999999999999       0.63669987558327690     
   2.8719999999999999       0.68538376670507661     
   2.8799999999999999       0.50166350903276957     
   2.8879999999999999       0.68606661828838866     
   2.8959999999999999       0.60087892038143387     
   2.9039999999999999       0.60333389144200744     
   2.9119999999999995       0.63997283998758259     
   2.9199999999999999       0.67359091017304873     
   2.9279999999999995       0.60713836136871902     
   2.9359999999999999       0.67852796297849527     
   2.9439999999999995       0.60978985031305299     
   2.9520000000000000       0.63746357229087913     
   2.9599999999999995       0.56503384545845825     
   2.9680000000000000       0.61689463899062014     
   2.9759999999999995       0.61278185822005893     
   2.9840000000000000       0.61101956594462903     
   2.9919999999999995       0.67108978091573990     
   3.0000000000000000       0.64976253516997717     
   3.0079999999999996       0.62884535739966352     
   3.0160000000000000       0.57222836846477432     
   3.0239999999999996       0.63836554719604011     
   3.0320000000000000       0.65769621536063505     
   3.0399999999999996       0.66279013066049597     
   3.0480000000000000       0.67234489631104188     
   3.0559999999999996       0.54994875163028767     
   3.0640000000000001       0.62560208053267052     
   3.0719999999999996       0.65768463213457107     
   3.0799999999999996       0.66109214763306179     
   3.0880000000000001       0.64475786570467597     
   3.0959999999999996       0.57984142056193411     
   3.1040000000000001       0.67026405073587536     
   3.1119999999999997       0.63421368602699291     
   3.1200000000000001       0.56686257099621185     
   3.1279999999999997       0.57811304019899490     
   3.1360000000000001       0.59514670674141634     
   3.1439999999999997       0.56857059825618628     
   3.1520000000000001       0.60058465379622628     
   3.1599999999999997       0.68874417007964794     
   3.1680000000000001       0.65465978650325973     
   3.1759999999999997       0.57429846318863720     
   3.1840000000000002       0.69372252402705692     
   3.1919999999999997       0.61025799918269874     
   3.2000000000000002       0.56745607304661905     
   3.2079999999999997       0.58899587409212006     
   3.2160000000000002       0.62146524507397161     
   3.2239999999999998       0.55325277490927194     
   3.2319999999999998       0.59727818708573710     
   3.2399999999999998       0.56156793213897938     
   3.2479999999999998       0.59423121681554036     
   3.2559999999999998       0.66425145182551459     
   3.2639999999999998       0.62935573225672370     
   3.2719999999999998       0.69773190066222746     
   3.2799999999999998       0.63449514621917180     
   3.2879999999999998       0.53491497060109894     
   3.2959999999999998       0.61331243420587123     
   3.3039999999999998       0.61088980003967541     
   3.3119999999999998       0.61306810839960890     
   3.3199999999999994       0.64626029917106964     
   3.3279999999999998       0.67087696957478138     
   3.3359999999999994       0.53917129952421827     
   3.3439999999999999       0.64996969917633829     
   3.3519999999999994       0.56704629313885624     
   3.3599999999999999       0.62058641323345853     
   3.3679999999999994       0.58465462809276703     
   3.3759999999999999       0.63796398698594026     
   3.3839999999999995       0.62556450895718374     
   3.3919999999999999       0.62168827462134924     
   3.3999999999999995       0.61767748386547150     
   3.4079999999999999       0.51670889642651829     
   3.4159999999999999       0.63194790647599708     
   3.4239999999999999       0.59897222857054000     
   3.4319999999999999       0.57831650229612952     
   3.4399999999999999       0.66526899244686677     
   3.4480000000000000       0.62525497023199794     
   3.4560000000000000       0.60745407292710252     
   3.4640000000000000       0.60836521938944110     
   3.4720000000000000       0.61628176069610630     
   3.4800000000000000       0.67005919637423506     
   3.4879999999999995       0.62049931949626758     
   3.4960000000000000       0.57002676222604420     
   3.5039999999999996       0.64569308835869099     
   3.5120000000000000       0.60868997509536671     
   3.5199999999999996       0.57387724434795961     
   3.5280000000000000       0.61041115988140915     
   3.5359999999999996       0.60356792210161569     
   3.5440000000000000       0.62979943521488446     
   3.5519999999999996       0.69841447526927325     
   3.5600000000000001       0.57995365512077224     
   3.5679999999999996       0.58501810059109838     
   3.5760000000000001       0.61815739284898874     
   3.5839999999999996       0.63072824570314745     
   3.5920000000000001       0.61948302027882840     
   3.5999999999999996       0.62188959237625985     
   3.6080000000000001       0.68384617744574594     
   3.6159999999999997       0.63559393396650465     
   3.6240000000000001       0.62679062499258820     
   3.6319999999999997       0.56394442491740171     
   3.6400000000000001       0.61868220034112331     
   3.6479999999999997       0.58838840646449964     
   3.6559999999999997       0.53997535246477191     
   3.6639999999999997       0.61320365694529155     
   3.6719999999999997       0.65199187210715381     
   3.6799999999999997       0.63182603467303711     
   3.6879999999999997       0.65228948765837780     
   3.6959999999999997       0.56614186068312777     
   3.7039999999999997       0.63862643941062225     
   3.7119999999999997       0.59063167211242940     
   3.7199999999999998       0.63820729971408241     
   3.7279999999999998       0.67482001939350811     
   3.7359999999999998       0.62342670688315660     
   3.7439999999999993       0.63200139083864304     
   3.7519999999999998       0.64656614669359169     
   3.7600000000000002       0.59019631950683249     
   3.7679999999999998       0.65483047197174771     
   3.7760000000000002       0.52754065927303928     
   3.7839999999999998       0.67306613431903117     
   3.7920000000000003       0.66419458550989230     
   3.7999999999999998       0.61225180436127058     
   3.8079999999999998       0.60595552866002911     
   3.8159999999999998       0.55751407432517708     
   3.8239999999999998       0.63349254630664265     
   3.8319999999999999       0.56599003862120545     
   3.8399999999999999       0.58312085222976906     
   3.8479999999999999       0.63029007944169946     
   3.8559999999999999       0.69292764053457567     
   3.8639999999999999       0.56615240781126164     
   3.8719999999999999       0.59546119020255361     
   3.8799999999999999       0.69752656762865672     
   3.8879999999999999       0.61669725437009548     
   3.8959999999999995       0.61710862913223741     
   3.9039999999999999       0.58440581415965087     
   3.9119999999999995       0.67425091859685582     
   3.9199999999999999       0.54277720748314628     
   3.9279999999999995       0.54924161143895300     
   3.9359999999999999       0.57613737171435542     
   3.9439999999999995       0.49998587114974008     
   3.9520000000000000       0.62673669851871372     
   3.9599999999999995       0.62542924631983354     
   3.9680000000000000       0.59686883692737214     
   3.9759999999999995       0.64876524532267743     
   3.9840000000000000       0.57885192659253359     
   3.9919999999999995       0.58181208403187101     
   4.0000000000000000       0.60751975506502554     
   4.0080000000000000       0.70702260510474846     
   4.0160000000000000       0.61490039716557676     
   4.0239999999999991       0.62709558961956169     
   4.0320000000000000       0.56529583976698017     
   4.0399999999999991       0.59706019005936062     
   4.0480000000000000       0.56176510731611440     
   4.0559999999999992       0.64251979484461108     
   4.0640000000000001       0.56252659763251878     
   4.0719999999999992       0.66352991221633750     
   4.0800000000000001       0.67054993869105617     
   4.0879999999999992       0.62468805193456456     
   4.0960000000000001       0.65097842604655221     
   4.1040000000000001       0.60375122486366761     
   4.1120000000000001       0.59021493032686168     
   4.1200000000000001       0.48481430793801783     
   4.1280000000000001       0.56602194054531685     
   4.1360000000000001       0.64342622217964296     
   4.1440000000000001       0.60542081329629471     
   4.1520000000000001       0.70446292503186336     
   4.1600000000000001       0.63349409018461400     
   4.1680000000000001       0.52077380667297080     
   4.1760000000000002       0.55254211562085764     
   4.1840000000000002       0.64212458882703005     
   4.1919999999999993       0.71685470748400359     
   4.2000000000000002       0.63148114330048721     
   4.2079999999999993       0.66168511165986477     
   4.2160000000000002       0.59896873933413386     
   4.2239999999999993       0.54134472401669420     
   4.2320000000000002       0.64445103188501318     
   4.2399999999999993       0.61795105548243578     
   4.2480000000000002       0.60292898742007972     
   4.2559999999999993       0.62446453311578443     
   4.2640000000000002       0.60502494026521303     
   4.2719999999999994       0.59830548491036550     
   4.2800000000000002       0.57762613470303381     
   4.2879999999999994       0.59270699351111644     
   4.2960000000000003       0.68428311317506840     
   4.3039999999999994       0.60266027110725440     
   4.3120000000000003       0.62834487307321951     
   4.3199999999999994       0.58728563068460382     
   4.3280000000000003       0.60071894616365940     
   4.3359999999999994       0.59776519643509451     
   4.3439999999999994       0.54584355640578885     
   4.3519999999999994       0.64882819702082206     
   4.3599999999999994       0.66793417634509800     
   4.3679999999999994       0.61231168422984794     
   4.3759999999999994       0.60407638987889112     
   4.3839999999999995       0.65174419612876600     
   4.3919999999999995       0.62672672182851408     
   4.3999999999999995       0.53599715027000938     
   4.4079999999999995       0.62442031011769539     
   4.4159999999999995       0.57766151349927708     
   4.4239999999999995       0.64701070773784997     
   4.4319999999999995       0.61808710575738568     
   4.4399999999999995       0.58914284016649021     
   4.4480000000000004       0.57410451608235935     
   4.4559999999999995       0.57772447217957001     
   4.4640000000000004       0.63715588692403069     
   4.4719999999999995       0.63546665551021897     
   4.4800000000000004       0.64760032558213909     
   4.4879999999999995       0.66686797561980027     
   4.4960000000000004       0.48454489630449504     
   4.5039999999999996       0.58204907324505517     
   4.5119999999999996       0.68015053646948664     
   4.5199999999999996       0.65427527878652036     
   4.5279999999999996       0.63884237713061964     
   4.5359999999999996       0.51228179010397801     
   4.5439999999999996       0.50643801204936256     
   4.5519999999999996       0.63278799692507914     
   4.5599999999999996       0.59602344551167175     
   4.5679999999999996       0.57724605243739369     
   4.5759999999999996       0.64685719680038456     
   4.5839999999999996       0.61045970440824926     
   4.5919999999999996       0.65565111596382564     
   4.5999999999999996       0.62047932175099529     
   4.6079999999999997       0.60081769560569276     
   4.6159999999999997       0.64123768383252322     
   4.6239999999999997       0.62210544681473134     
   4.6319999999999997       0.65530480927024259     
   4.6399999999999997       0.60549406524148974     
   4.6479999999999997       0.56393039332463690     
   4.6559999999999997       0.56529257639063180     
   4.6639999999999997       0.52365037093419819     
   4.6719999999999997       0.58302008479417633     
   4.6799999999999997       0.66564309818111977     
   4.6879999999999997       0.60658411926524947     
   4.6959999999999997       0.57704465763305479     
   4.7039999999999997       0.66430695759721048     
   4.7119999999999997       0.67621230557819800     
   4.7199999999999998       0.63955079052008112     
   4.7279999999999998       0.64825854851645026     
   4.7359999999999998       0.57294598197052249     
   4.7439999999999998       0.59395336486315886     
   4.7519999999999998       0.64396155868299132     
   4.7599999999999998       0.62206590002549111     
   4.7679999999999998       0.59260879899664876     
   4.7759999999999998       0.47389003425731413     
   4.7839999999999998       0.59629963926711427     
   4.7919999999999998       0.61524224030983776     
   4.7999999999999998       0.66844899323852136     
   4.8079999999999998       0.60761994135143060     
   4.8159999999999998       0.59911410347688387     
   4.8239999999999998       0.64104910041307017     
   4.8319999999999999       0.60156339970781769     
   4.8399999999999999       0.67155177021808254     
   4.8479999999999999       0.63068174110460162     
   4.8559999999999999       0.61758532882404737     
   4.8639999999999999       0.63998267426032096     
   4.8719999999999999       0.55859587520713694     
   4.8799999999999999       0.60303296865629241     
   4.8879999999999999       0.59264527184987403     
   4.8959999999999999       0.63293802756102180     
   4.9039999999999999       0.61829532270394882     
   4.9119999999999999       0.66111265425882559     
   4.9199999999999999       0.64545217495209639     
   4.9279999999999999       0.56063286496457854     
   4.9359999999999999       0.60083958018621253     
   4.9440000000000000       0.65481200314582955     
   4.9520000000000000       0.60560199574946572     
   4.9600000000000000       0.64608323609508278     
   4.9680000000000000       0.61882391775592360     
   4.9760000000000000       0.50885559475588282     
   4.9840000000000000       0.58796115685286077     
   4.9920000000000000       0.60405429409182498     
   5.0000000000000000       0.60793101577200404     
   5.0079999999999991       0.59405913472084915     
   5.0160000000000000       0.66466200624128824     
   5.0239999999999991       0.62612139849372483     
   5.0320000000000000       0.56070918567564132     
   5.0399999999999991       0.58270131507540535     
   5.0480000000000000       0.60644961792773988     
   5.0559999999999992       0.69872000102789478     
   5.0640000000000001       0.70814120216587295     
   5.0719999999999992       0.69003865785861784     
   5.0800000000000001       0.61733874132311806     
   5.0879999999999992       0.63842779179958231     
   5.0960000000000001       0.66503325481038655     
   5.1039999999999992       0.56285466247813576     
   5.1120000000000001       0.65238423542798518     
   5.1200000000000001       0.57125527098641304     
   5.1280000000000001       0.64811225108693382     
   5.1360000000000001       0.60902739782082171     
   5.1440000000000001       0.64221535833109811     
   5.1520000000000001       0.57415312579232614     
   5.1599999999999993       0.56130665277568670     
   5.1679999999999993       0.57225370847549761     
   5.1759999999999993       0.57860144845402794     
   5.1840000000000002       0.57514912969505627     
   5.1920000000000002       0.64951825214333236     
   5.1999999999999993       0.62797344428606194     
   5.2079999999999993       0.66891749455811822     
   5.2160000000000002       0.64265193725157010     
   5.2240000000000002       0.59178520956642178     
   5.2319999999999993       0.64791476891963562     
   5.2399999999999993       0.58200151619213825     
   5.2480000000000002       0.66896069464623653     
   5.2560000000000002       0.56977208057735040     
   5.2639999999999993       0.60129280774269978     
   5.2719999999999994       0.66950408035100883     
   5.2800000000000002       0.61399113230043389     
   5.2880000000000003       0.62198222172249151     
   5.2959999999999994       0.60275253197061729     
   5.3039999999999994       0.62278833348198459     
   5.3120000000000003       0.59480709150526545     
   5.3200000000000003       0.62664941934220564     
   5.3279999999999994       0.58996964576601640     
   5.3359999999999994       0.59641977480173902     
   5.3439999999999994       0.52371136822226472     
   5.3520000000000003       0.65871880825208406     
   5.3599999999999994       0.59953696706513970     
   5.3679999999999994       0.62889013972739960     
   5.3759999999999994       0.65372338530892959     
   5.3840000000000003       0.60916269403384993     
   5.3919999999999995       0.68917591456222138     
   5.3999999999999995       0.65964036021003081     
   5.4079999999999995       0.60815652101549122     
   5.4160000000000004       0.66969764804945864     
   5.4239999999999995       0.63191331935072703     
   5.4319999999999995       0.58646754081489794     
   5.4399999999999995       0.64683838934483240     
   5.4480000000000004       0.58661994712374321     
   5.4559999999999995       0.58280791328943859     
   5.4639999999999995       0.55871378070153666     
   5.4719999999999995       0.52583463514627971     
   5.4800000000000004       0.60629227959307186     
   5.4880000000000004       0.64709578684803737     
   5.4959999999999996       0.61339110697962063     
   5.5039999999999996       0.60685241548133662     
   5.5119999999999996       0.62950740187111642     
   5.5200000000000005       0.61985452355534121     
   5.5279999999999996       0.63656952095851760     
   5.5359999999999996       0.58916120190350330     
   5.5439999999999996       0.62314729238804945     
   5.5520000000000005       0.59365865172896493     
   5.5599999999999996       0.54867051410751411     
   5.5679999999999996       0.55671112585621529     
   5.5759999999999996       0.66571763964312380     
   5.5840000000000005       0.69844318837641473     
   5.5919999999999996       0.64242502341082697     
   5.5999999999999996       0.66543898379589450     
   5.6079999999999997       0.57708388568062496     
   5.6160000000000005       0.67543388888116418     
   5.6239999999999997       0.60321506666510094     
   5.6319999999999997       0.61965571884848125     
   5.6399999999999997       0.63269903056930499     
   5.6479999999999997       0.67643733985592303     
   5.6559999999999997       0.58341960087936329     
   5.6639999999999997       0.62978227174911239     
   5.6719999999999997       0.61750196690465231     
   5.6799999999999997       0.58729533986685556     
   5.6879999999999988       0.62203303390320164     
   5.6959999999999997       0.64651177148925087     
   5.7039999999999997       0.58591634513021817     
   5.7119999999999997       0.60712629403159857     
   5.7199999999999989       0.66550933264842682     
   5.7279999999999998       0.60954468545596785     
   5.7359999999999998       0.60608353594924025     
   5.7439999999999998       0.59646563455009705     
   5.7519999999999989       0.62123625347607936     
   5.7599999999999998       0.58815778683595343     
   5.7679999999999998       0.49711573529088232     
   5.7759999999999998       0.56609168871134641     
   5.7839999999999989       0.60491205748953392     
   5.7919999999999998       0.53040541583482870     
   5.7999999999999998       0.58909856126050308     
   5.8079999999999998       0.55928713848120393     
   5.8159999999999998       0.54336084713750932     
   5.8239999999999990       0.54187068583982201     
   5.8319999999999999       0.55274689344615413     
   5.8399999999999999       0.60675927733922597     
   5.8479999999999999       0.51563554608701923     
   5.8559999999999990       0.63350158827369885     
   5.8639999999999999       0.56400786668602343     
   5.8719999999999999       0.61143288253363637     
   5.8799999999999999       0.52540627808026152     
   5.8879999999999990       0.52321047386478192     
   5.8959999999999999       0.61801585338301446     
   5.9039999999999999       0.62982029469268852     
   5.9119999999999999       0.67975433010487718     
   5.9199999999999990       0.64566391449900862     
   5.9279999999999999       0.58249298183921017     
   5.9359999999999999       0.61319461492915939     
   5.9440000000000000       0.58129898959421367     
   5.9519999999999991       0.61469838146506861     
   5.9600000000000000       0.71166107684511259     
   5.9680000000000000       0.57356568065189162     
   5.9760000000000000       0.54268404566820350     
   5.9839999999999991       0.63611073042587374     
   5.9919999999999991       0.68626395789374317     
   6.0000000000000000       0.67168973607805971     
   6.0080000000000000       0.64550939203788815     
   6.0159999999999991       0.62402566245911206     
   6.0239999999999991       0.61211147805366806     
   6.0320000000000000       0.58903177800381423     
   6.0400000000000000       0.60879133029229482     
   6.0479999999999992       0.63341763305676979     
   6.0559999999999992       0.61887282787951925     
   6.0640000000000001       0.65771591823241871     
   6.0720000000000001       0.68531328107851475     
   6.0799999999999992       0.65002867789279573     
   6.0879999999999992       0.62437097405390685     
   6.0960000000000001       0.70632861977217354     
   6.1040000000000001       0.63095065227323266     
   6.1119999999999992       0.62103677154766390     
   6.1199999999999992       0.56195676299651753     
   6.1280000000000001       0.62885112576711288     
   6.1360000000000001       0.46046673765576346     
   6.1439999999999992       0.61693971922038982     
   6.1519999999999992       0.61482392819477971     
   6.1599999999999993       0.65433491144064415     
   6.1680000000000001       0.63633085060221095     
   6.1760000000000002       0.58652484495443347     
   6.1839999999999993       0.67220734456854692     
   6.1919999999999993       0.60450893938415895     
   6.2000000000000002       0.63158354805885342     
   6.2080000000000002       0.63467159354770841     
   6.2159999999999993       0.64031051516293847     
   6.2239999999999993       0.53490005771753313     
   6.2320000000000002       0.59930338064430966     
   6.2400000000000002       0.60968971313638298     
   6.2479999999999993       0.69598996867451046     
   6.2559999999999993       0.57502665539052467     
   6.2640000000000002       0.57851574804921846     
   6.2720000000000002       0.53054559662593048     
   6.2799999999999994       0.57954657969429180     
   6.2879999999999994       0.62302684003114628     
   6.2960000000000003       0.59288593802874545     
   6.3040000000000003       0.64602204644416450     
   6.3119999999999994       0.61482531781104288     
   6.3199999999999994       0.58367347280833848     
   6.3279999999999994       0.64379229658952397     
   6.3360000000000003       0.54260370862273255     
   6.3439999999999994       0.55081000362132904     
   6.3519999999999994       0.42186283627771604     
   6.3599999999999994       0.59106776859553978     
   6.3680000000000003       0.60186253704121817     
   6.3759999999999994       0.66173914794820532     
   6.3839999999999995       0.65733894864102427     
   6.3919999999999995       0.62785583842121273     
   6.4000000000000004       0.57797413154364186     
   6.4079999999999995       0.60259066505193815     
   6.4159999999999995       0.66489988451800430     
   6.4239999999999995       0.60977163291297209     
   6.4320000000000004       0.66161424652804413     
   6.4399999999999995       0.63332542351591592     
   6.4479999999999995       0.66572762473495117     
   6.4559999999999995       0.62093967177490161     
   6.4639999999999995       0.55883081207019492     
   6.4719999999999995       0.64900865625596038     
   6.4799999999999995       0.68218177670512592     
   6.4879999999999995       0.69443412294124807     
   6.4959999999999996       0.68295152590702868     
   6.5040000000000004       0.64448737195950190     
   6.5119999999999996       0.65314286483278672     
   6.5199999999999996       0.65937588735175634     
   6.5279999999999996       0.62318422891154357     
   6.5360000000000005       0.64112330862721612     
   6.5439999999999996       0.52646573964818477     
   6.5519999999999996       0.63530635147072800     
   6.5599999999999996       0.64612512323696247     
   6.5680000000000005       0.61956159375779563     
   6.5759999999999996       0.62502537618417253     
   6.5839999999999996       0.62261081349795411     
   6.5919999999999996       0.62881009192786796     
   6.6000000000000005       0.64609758251124272     
   6.6079999999999997       0.60602891522983693     
   6.6159999999999997       0.61891103208353193     
   6.6239999999999997       0.61888660307988819     
   6.6319999999999997       0.69233304809926821     
   6.6399999999999988       0.66189218036197606     
   6.6479999999999997       0.64566247293941226     
   6.6559999999999997       0.58217971000858215     
   6.6639999999999997       0.62426164026295272     
   6.6719999999999988       0.64172778752797510     
   6.6799999999999997       0.58016171008770723     
   6.6879999999999997       0.60197100342540844     
   6.6959999999999997       0.60764666540530077     
   6.7039999999999988       0.69274161959666980     
   6.7119999999999997       0.67584994253750841     
   6.7199999999999998       0.56625405334540480     
   6.7279999999999998       0.60188370169821626     
   6.7359999999999989       0.59500513377658615     
   6.7439999999999998       0.53448817865259191     
   6.7519999999999998       0.61948498072647529     
   6.7599999999999998       0.63589818758633865     
   6.7679999999999989       0.61704431848477792     
   6.7759999999999998       0.59954172988623722     
   6.7839999999999998       0.58162193031060017     
   6.7919999999999998       0.63541419078997308     
   6.7999999999999989       0.66085807543114194     
   6.8079999999999989       0.61644612777097962     
   6.8159999999999998       0.67645113089237952     
   6.8239999999999998       0.69011851157872772     
   6.8319999999999999       0.59183965467884592     
   6.8399999999999990       0.62803705945627808     
   6.8479999999999999       0.64760651024843874     
   6.8559999999999999       0.57035671644141039     
   6.8639999999999999       0.57212112694740014     
   6.8719999999999990       0.59953345722406515     
   6.8799999999999999       0.62321614785558277     
   6.8879999999999999       0.57267809934520175     
   6.8959999999999999       0.62577871077777991     
   6.9039999999999990       0.60537360384981687     
   6.9119999999999999       0.49271158198850962     
   6.9199999999999999       0.53981261547496306     
   6.9279999999999999       0.59323933933076789     
   6.9359999999999991       0.56028935388165557     
   6.9440000000000000       0.50852248693856728     
   6.9520000000000000       0.57268683938044684     
   6.9600000000000000       0.64681511752631538     
   6.9679999999999991       0.67573242445586623     
   6.9759999999999991       0.53845879890260018     
   6.9840000000000000       0.55482861358840607     
   6.9920000000000000       0.54351770047613490     
   6.9999999999999991       0.51638774066011939     
   7.0079999999999991       0.63484606910769592     
   7.0160000000000000       0.56572351636524765     
   7.0240000000000000       0.60150655091936667     
   7.0319999999999991       0.61106258536171476     
   7.0399999999999991       0.62079810172311656     
   7.0480000000000000       0.55152158985037336     
   7.0560000000000000       0.58980394077696308     
   7.0639999999999992       0.67736938417308279     
   7.0719999999999992       0.56711042052201532     
   7.0800000000000001       0.60351282202320078     
   7.0880000000000001       0.62577802141380812     
   7.0959999999999992       0.60011225588335104     
   7.1039999999999992       0.64086556376466330     
   7.1120000000000001       0.62726349410043369     
   7.1200000000000001       0.58027231733612195     
   7.1279999999999992       0.59871929414494296     
   7.1359999999999992       0.52857557637945984     
   7.1439999999999992       0.59381967437656558     
   7.1520000000000001       0.64456520773238879     
   7.1599999999999993       0.63323950866753520     
   7.1679999999999993       0.68535596800421705     
   7.1759999999999993       0.66043304751287901     
   7.1840000000000002       0.65622395763954444     
   7.1920000000000002       0.63644905326782852     
   7.1999999999999993       0.67286984501234426     
   7.2079999999999993       0.65084720891743764     
   7.2160000000000002       0.55964473369395451     
   7.2240000000000002       0.56171262798577826     
   7.2319999999999993       0.54382712243656894     
   7.2399999999999993       0.46148279157905264     
   7.2480000000000002       0.51294673267100643     
   7.2560000000000002       0.64633821027803440     
   7.2639999999999993       0.61541462527795121     
   7.2719999999999994       0.67279905748845059     
   7.2800000000000002       0.66334839730037320     
   7.2880000000000003       0.58739799805172965     
   7.2959999999999994       0.56045258212362026     
   7.3039999999999994       0.65144657355064439     
   7.3119999999999994       0.58981302800359448     
   7.3200000000000003       0.66798745947214155     
   7.3279999999999994       0.64975503953358960     
   7.3359999999999994       0.59215470604254050     
   7.3439999999999994       0.60547613464210603     
   7.3520000000000003       0.59701533886273928     
   7.3599999999999994       0.57433087235513425     
   7.3679999999999994       0.64094593927109489     
   7.3759999999999994       0.64340885526537639     
   7.3840000000000003       0.57615038294486276     
   7.3919999999999995       0.68022274476409006     
   7.3999999999999995       0.57816949383024319     
   7.4079999999999995       0.63392311986479222     
   7.4160000000000004       0.58559279354408666     
   7.4239999999999995       0.63756952929913491     
   7.4319999999999995       0.54501633012125150     
   7.4399999999999995       0.62952220476476539     
   7.4479999999999995       0.60616357828142142     
   7.4559999999999995       0.55486249195022375     
   7.4639999999999995       0.59038919004761736     
   7.4719999999999995       0.67364074669201002     
   7.4799999999999995       0.58910154714771623     
   7.4879999999999987       0.56814823921720792     
   7.4959999999999996       0.65208259993039575     
   7.5039999999999996       0.67455923714518262     
   7.5119999999999996       0.60095460921212096     
   7.5200000000000005       0.64640143720558063     
   7.5279999999999996       0.57052247844741122     
   7.5359999999999996       0.60777228937150907     
   7.5439999999999996       0.60111310131733908     
   7.5520000000000005       0.66271090401027821     
   7.5599999999999996       0.64554528556628832     
   7.5679999999999996       0.60456993386813518     
   7.5759999999999996       0.60327234068782587     
   7.5840000000000005       0.61556741054724284     
   7.5919999999999996       0.63056093860206075     
   7.5999999999999996       0.55042852652704821     
   7.6079999999999997       0.64988105026491239     
   7.6159999999999997       0.62460507092030115     
   7.6239999999999988       0.62626268671238727     
   7.6319999999999997       0.56174687295722692     
   7.6399999999999997       0.60640344286738368     
   7.6479999999999997       0.61959878839102311     
   7.6559999999999988       0.60143991508395589     
   7.6639999999999997       0.58372183919680021     
   7.6719999999999997       0.67120250840283446     
   7.6799999999999997       0.59348450548364484     
   7.6879999999999988       0.66797619192204216     
   7.6959999999999997       0.58596937285041484     
   7.7039999999999997       0.63748257507570705     
   7.7119999999999997       0.65385451926978533     
   7.7199999999999989       0.62163899086049368     
   7.7279999999999998       0.54694781180843888     
   7.7359999999999998       0.62050938220032614     
   7.7439999999999998       0.51747447944986613     
   7.7519999999999989       0.54815528852189921     
   7.7599999999999998       0.61210844940907883     
   7.7679999999999998       0.62658807521966797     
   7.7759999999999998       0.72339160962075078     
   7.7839999999999989       0.68512529453614335     
   7.7919999999999989       0.66550235869046959     
   7.7999999999999998       0.63767501022804662     
   7.8079999999999998       0.62500801006239126     
   7.8159999999999989       0.59847087779230246     
   7.8239999999999990       0.56901038355849243     
   7.8319999999999999       0.61899106123699354     
   7.8399999999999999       0.62757919391281158     
   7.8479999999999990       0.54447530832314506     
   7.8559999999999990       0.60459109514763376     
   7.8639999999999999       0.50281361088456689     
   7.8719999999999999       0.55029720064228982     
   7.8799999999999999       0.55292851836912171     
   7.8879999999999990       0.52058231711050873     
   7.8959999999999999       0.58232259514360285     
   7.9039999999999999       0.64470126135916794     
   7.9119999999999999       0.63847429564194791     
   7.9199999999999990       0.64764414588958130     
   7.9279999999999999       0.62064471142026467     
   7.9359999999999999       0.56363258658038395     
   7.9440000000000000       0.65590639657616845     
   7.9519999999999991       0.61281531927926836     
   7.9599999999999991       0.54912247926132673     
   7.9680000000000000       0.60471159944062325     
   7.9760000000000000       0.62876637997997253     
   7.9839999999999991       0.68518752227959079     
   7.9919999999999991       0.64404701288652821     
   8.0000000000000000       0.66629041241734233     
   8.0080000000000009       0.64216343201534076     
   8.0160000000000000       0.63666384121139197     
   8.0239999999999991       0.69097960321203078     
   8.0320000000000000       0.60732574213812385     
   8.0399999999999991       0.60503283089685189     
   8.0479999999999983       0.67406736657653987     
   8.0559999999999992       0.59511782212854625     
   8.0640000000000001       0.59540500180657863     
   8.0719999999999992       0.65872162301864479     
   8.0799999999999983       0.61745319715789793     
   8.0879999999999992       0.66532441723179947     
   8.0960000000000001       0.57921869265150738     
   8.1039999999999992       0.64001843913769274     
   8.1119999999999983       0.63858544324009647     
   8.1199999999999992       0.60739809060221894     
   8.1280000000000001       0.56683189785908217     
   8.1359999999999992       0.48431657094605257     
   8.1439999999999984       0.63350481024760441     
   8.1519999999999992       0.67582526677598176     
   8.1600000000000001       0.66700960065166748     
   8.1679999999999993       0.74222241089012053     
   8.1759999999999984       0.52611871873819105     
   8.1839999999999993       0.60637925956429417     
   8.1920000000000002       0.62839195906731415     
   8.1999999999999993       0.53660616646599968     
   8.2080000000000002       0.57160088270840692     
   8.2159999999999993       0.55362792684822160     
   8.2240000000000002       0.66357652824469027     
   8.2319999999999993       0.62112738167442527     
   8.2400000000000002       0.65425045012954641     
   8.2479999999999993       0.60725627062778986     
   8.2560000000000002       0.60344257107048016     
   8.2639999999999993       0.57813501091640174     
   8.2720000000000002       0.60527437958801189     
   8.2799999999999994       0.64611409310751444     
   8.2880000000000003       0.58343685004490953     
   8.2959999999999994       0.60792980712370603     
   8.3040000000000003       0.62266829993403938     
   8.3119999999999994       0.54585538056838601     
   8.3200000000000003       0.56671161959010508     
   8.3279999999999994       0.64032608795900270     
   8.3360000000000003       0.64492483354447094     
   8.3439999999999994       0.64316230803885988     
   8.3520000000000003       0.64868867180606393     
   8.3599999999999994       0.58470727654766297     
   8.3680000000000003       0.62518921263221383     
   8.3759999999999994       0.56202939474887115     
   8.3839999999999986       0.58558221516614839     
   8.3919999999999995       0.63661126807608504     
   8.4000000000000004       0.62851021192577605     
   8.4079999999999995       0.58264437967099680     
   8.4159999999999986       0.66186887394283367     
   8.4239999999999995       0.59103374380113427     
   8.4320000000000004       0.56136156419243033     
   8.4399999999999995       0.65150362563620690     
   8.4479999999999986       0.61070031804971359     
   8.4559999999999995       0.55987089466922879     
   8.4640000000000004       0.56869452565830669     
   8.4719999999999995       0.62463478707970543     
   8.4799999999999986       0.62772427466547431     
   8.4879999999999995       0.57286358124666936     
   8.4960000000000004       0.67890758559941922     
   8.5039999999999996       0.71416339492141701     
   8.5119999999999987       0.67094691821777452     
   8.5199999999999996       0.61338593217516935     
   8.5280000000000005       0.65521271455786501     
   8.5359999999999996       0.61956734035947369     
   8.5439999999999987       0.63376247687478915     
   8.5519999999999996       0.58094147823068942     
   8.5600000000000005       0.59682107454480982     
   8.5679999999999996       0.60962679283756638     
   8.5759999999999987       0.67961531503862149     
   8.5839999999999996       0.66403905532216845     
   8.5920000000000005       0.65276298291615897     
   8.5999999999999996       0.63918559159970156     
   8.6079999999999988       0.54150763711129779     
   8.6159999999999997       0.56989595820716843     
   8.6240000000000006       0.62084192878716848     
   8.6319999999999997       0.58989583844245785     
   8.6399999999999988       0.67601081661228768     
   8.6479999999999997       0.57996366236727204     
   8.6560000000000006       0.62290405525341386     
   8.6639999999999997       0.55894225116365737     
   8.6719999999999988       0.56686429241662906     
   8.6799999999999997       0.53130395505119699     
   8.6879999999999988       0.65211391554059095     
   8.6959999999999997       0.64338938609228358     
   8.7039999999999988       0.61618977015299359     
   8.7119999999999997       0.62263525169933609     
   8.7199999999999989       0.55827921387743840     
   8.7279999999999998       0.61034743970030392     
   8.7359999999999989       0.59383352195028327     
   8.7439999999999998       0.61471525636862945     
   8.7519999999999989       0.63085781184213641     
   8.7599999999999998       0.58414705665305733     
   8.7679999999999989       0.54335398279303326     
   8.7759999999999998       0.57612470637655866     
   8.7839999999999989       0.59587247787775977     
   8.7919999999999998       0.62110702268493034     
   8.7999999999999989       0.58706243902570021     
   8.8079999999999998       0.53494483215651611     
   8.8159999999999989       0.52989647305282139     
   8.8239999999999998       0.57685272502935026     
   8.8319999999999990       0.61054884920654062     
   8.8399999999999999       0.61074720860511067     
   8.8479999999999990       0.58761880988445991     
   8.8559999999999999       0.62442903665507243     
   8.8639999999999990       0.62927963284123578     
   8.8719999999999999       0.59733816352239832     
   8.8799999999999990       0.65398606251831093     
   8.8879999999999999       0.59106718845222994     
   8.8960000000000008       0.57827855963327668     
   8.9039999999999999       0.59270167405240048     
   8.9119999999999990       0.55560766285381424     
   8.9199999999999999       0.63076900454764084     
   8.9280000000000008       0.63595988253848512     
   8.9359999999999999       0.68473361878017980     
   8.9439999999999991       0.54210679602460243     
   8.9520000000000000       0.60863755151612164     
   8.9600000000000009       0.57939858347667450     
   8.9680000000000000       0.67338202969826988     
   8.9759999999999991       0.63304427515702155     
   8.9840000000000000       0.60739361968991057     
   8.9920000000000009       0.66054083484211967     
   9.0000000000000000       0.64887203366409141     
   9.0079999999999991       0.60587479874384143     
   9.0160000000000000       0.47125281510892258     
   9.0239999999999991       0.48939103019054064     
   9.0319999999999983       0.62930657427750580     
   9.0399999999999991       0.69313331958477575     
   9.0480000000000000       0.61661193855551089     
   9.0559999999999992       0.57160470424008725     
   9.0639999999999983       0.61048553668093875     
   9.0719999999999992       0.56962964933920712     
   9.0800000000000001       0.58597470707704247     
   9.0879999999999992       0.70607505094922152     
   9.0959999999999983       0.60899809853443021     
   9.1039999999999992       0.62819270205471611     
   9.1120000000000001       0.63506556898438693     
   9.1199999999999992       0.65961677808712982     
   9.1279999999999983       0.59395635649332912     
   9.1359999999999992       0.62108449446034253     
   9.1440000000000001       0.63310029820814062     
   9.1519999999999992       0.59883844932633268     
   9.1599999999999984       0.54658477398809802     
   9.1679999999999993       0.60256019353628132     
   9.1760000000000002       0.60703094798343404     
   9.1839999999999993       0.62736190851441009     
   9.1919999999999984       0.71748639264222425     
   9.1999999999999993       0.51076485486616108     
   9.2080000000000002       0.53181038011231063     
   9.2159999999999993       0.65351282444309533     
   9.2240000000000002       0.60918282620237674     
   9.2319999999999993       0.61856164898499366     
   9.2400000000000002       0.63868508329926788     
   9.2479999999999993       0.57837466076913535     
   9.2560000000000002       0.56928927718420785     
   9.2639999999999993       0.57104716738946293     
   9.2720000000000002       0.54996216497816974     
   9.2799999999999994       0.63676895061163818     
   9.2880000000000003       0.55248017873055821     
   9.2959999999999994       0.62032061507948633     
   9.3040000000000003       0.63682162429046840     
   9.3119999999999994       0.58885245178349399     
   9.3200000000000003       0.64949408497679706     
   9.3279999999999994       0.68413352403747718     
   9.3359999999999985       0.60632809054103953     
   9.3439999999999994       0.61027613470120456     
   9.3520000000000003       0.66458645670170746     
   9.3599999999999994       0.63989076467622963     
   9.3679999999999986       0.58288204301382096     
   9.3759999999999994       0.61052585719458141     
   9.3840000000000003       0.60034554770289084     
   9.3919999999999995       0.57275264004272297     
   9.3999999999999986       0.66777451815682132     
   9.4079999999999995       0.70403915795517935     
   9.4160000000000004       0.57959973145597410     
   9.4239999999999995       0.65567493334836469     
   9.4319999999999986       0.57638874242459337     
   9.4399999999999995       0.56356869164271184     
   9.4480000000000004       0.48587391287560827     
   9.4559999999999995       0.57827268283564104     
   9.4639999999999986       0.61606734675715069     
   9.4719999999999995       0.60416566491364943     
   9.4800000000000004       0.68778569833733827     
   9.4879999999999995       0.66656116528417286     
   9.4959999999999987       0.57211919321495130     
   9.5039999999999996       0.59493195021714351     
   9.5120000000000005       0.64466792639945769     
   9.5199999999999996       0.60910825981711592     
   9.5279999999999987       0.57900895465684332     
   9.5359999999999996       0.60786248902064410     
   9.5440000000000005       0.54832338491400390     
   9.5519999999999996       0.58242879918279378     
   9.5599999999999987       0.63574207458037779     
   9.5679999999999996       0.66645499298914634     
   9.5760000000000005       0.65120134067131563     
   9.5839999999999996       0.65463910991939445     
   9.5919999999999987       0.64468771131348490     
   9.5999999999999996       0.67863096686337798     
   9.6080000000000005       0.62788629780312843     
   9.6159999999999997       0.62951366509491002     
   9.6239999999999988       0.64153797157093995     
   9.6319999999999997       0.61529608353568077     
   9.6400000000000006       0.63214401337395276     
   9.6479999999999997       0.56372953034661855     
   9.6559999999999988       0.66451064059164633     
   9.6639999999999997       0.62626499432283278     
   9.6719999999999988       0.62915121909029115     
   9.6799999999999997       0.64157249169959329     
   9.6879999999999988       0.51472451480104753     
   9.6959999999999997       0.61987583302615556     
   9.7039999999999988       0.57119469538889411     
   9.7119999999999997       0.57130537644036916     
   9.7199999999999989       0.63566133638274358     
   9.7279999999999998       0.64095505814214260     
   9.7359999999999989       0.70963378046694425     
   9.7439999999999998       0.63454545319445910     
   9.7519999999999989       0.64618140199681906     
   9.7599999999999998       0.64089988359451511     
   9.7679999999999989       0.66495267207337361     
   9.7759999999999998       0.56573027196416137     
   9.7839999999999989       0.53883872491324902     
   9.7919999999999998       0.61361548129249721     
   9.7999999999999989       0.58775162665434177     
   9.8079999999999998       0.61189900298934685     
   9.8159999999999989       0.61064391276610763     
   9.8239999999999998       0.62535444698362064     
   9.8319999999999990       0.67129501575957418     
   9.8399999999999999       0.60491457271962168     
   9.8479999999999990       0.64353975161405497     
   9.8559999999999999       0.63613882077148309     
   9.8639999999999990       0.63063025479746670     
   9.8719999999999999       0.50401667251541882     
   9.8799999999999990       0.55508353442126235     
   9.8879999999999999       0.59319418307589278     
   9.8959999999999990       0.62494747939532969     
   9.9039999999999999       0.53907689032326411     
   9.9120000000000008       0.60172358606072185     
   9.9199999999999999       0.68045522382135259     
   9.9279999999999990       0.62302227326516690     
   9.9359999999999999       0.65762608983492288     
   9.9440000000000008       0.70014186235689801     
   9.9520000000000000       0.66654949330192770     
   9.9599999999999991       0.56862043825976594     
   9.9680000000000000       0.66731784479951539     
   9.9760000000000009       0.64183779347386172     
   9.9840000000000000       0.64028436537146582     
   9.9919999999999991       0.58393124939503083     
