   0.0000000000000000       0.99999999999998546     
   7.0000000000000007E-002  0.99619225802840827     
  0.14000000000000001       0.98509059943847355     
  0.20999999999999999       0.96839201197070623     
  0.28000000000000003       0.97517621459186288     
  0.35000000000000003       0.99828972555898399     
  0.41999999999999998       0.99684508165755614     
  0.49000000000000005       0.99977980057148552     
  0.56000000000000005       0.99567237493587246     
  0.63000000000000012       0.99882442316134279     
  0.70000000000000007       0.99958777819722133     
  0.77000000000000002       0.99604352865645784     
  0.83999999999999997       0.99809317418782750     
  0.91000000000000014       0.99947732644833787     
  0.98000000000000009       0.99813749454037448     
   1.0500000000000000       0.99898845792216096     
   1.1200000000000001       0.99935735325118036     
   1.1899999999999999       0.99952652092081185     
   1.2600000000000002       0.99923774764451723     
   1.3300000000000001       0.99934283623609554     
   1.4000000000000001       0.99923264150952262     
   1.4700000000000002       0.99925699368286280     
   1.5400000000000000       0.99943368802692489     
   1.6100000000000001       0.99877638073085029     
   1.6799999999999999       0.99926946272448414     
   1.7500000000000002       0.99718349221871183     
   1.8200000000000003       0.99902007609498811     
   1.8900000000000001       0.99819707100612620     
   1.9600000000000002       0.99886387981811520     
   2.0300000000000002       0.99686482848899971     
   2.1000000000000001       0.99483333842912014     
   2.1700000000000004       0.99552416564204405     
   2.2400000000000002       0.99935567776552336     
   2.3100000000000001       0.99915569381433522     
   2.3799999999999999       0.99932898699897388     
   2.4500000000000002       0.99835844427630260     
   2.5200000000000005       0.99856405261966263     
   2.5900000000000003       0.99914301853707321     
   2.6600000000000001       0.99892497414515868     
   2.7300000000000000       0.99737200302346618     
   2.8000000000000003       0.99908271698961049     
   2.8700000000000006       0.99858816141753703     
   2.9400000000000004       0.99912866439780035     
   3.0100000000000002       0.99839749334067529     
   3.0800000000000001       0.99854031040866931     
   3.1499999999999999       0.99802875371171051     
   3.2200000000000002       0.99244385406554159     
   3.2900000000000000       0.99872413708348873     
   3.3599999999999999       0.99694444630844936     
   3.4300000000000006       0.99662932618507416     
   3.5000000000000004       0.99779602244132737     
   3.5700000000000003       0.99813577206469484     
   3.6400000000000006       0.99757372266318156     
   3.7100000000000004       0.99797381153011089     
   3.7800000000000002       0.99763756690994587     
   3.8500000000000001       0.99900331063882053     
   3.9200000000000004       0.99841407930036785     
   3.9900000000000002       0.99852932776620684     
   4.0600000000000005       0.99791694450453705     
   4.1300000000000008       0.99798880339763718     
   4.2000000000000002       0.99827011387652254     
   4.2700000000000005       0.99789789240917226     
   4.3400000000000007       0.99841752183409616     
   4.4100000000000001       0.99744184437122974     
   4.4800000000000004       0.99787426710970750     
   4.5500000000000007       0.99775465939637265     
   4.6200000000000001       0.99792044124616719     
   4.6900000000000004       0.99692846359965415     
   4.7599999999999998       0.99635589051276552     
   4.8300000000000001       0.99653207779274833     
   4.9000000000000004       0.99629841215818871     
   4.9700000000000006       0.99682277373450801     
   5.0400000000000009       0.99813155678057075     
   5.1100000000000003       0.99801067628710805     
   5.1800000000000006       0.99582367447685594     
   5.2500000000000000       0.99621371820746463     
   5.3200000000000003       0.99816142848146838     
   5.3900000000000006       0.99605710847755613     
   5.4600000000000000       0.99664519581624711     
   5.5300000000000002       0.99772825175225155     
   5.6000000000000005       0.99672876124953558     
   5.6700000000000008       0.99741221745062769     
   5.7400000000000011       0.99677378000840577     
   5.8100000000000005       0.99665561982851725     
   5.8800000000000008       0.99724403896639724     
   5.9500000000000002       0.99737697604179709     
   6.0200000000000005       0.99719023859016143     
   6.0900000000000007       0.99728753697551265     
   6.1600000000000001       0.99577691290808923     
   6.2300000000000004       0.99665023866847058     
   6.2999999999999998       0.99627923128050455     
   6.3700000000000001       0.99670917342649168     
   6.4400000000000004       0.99785940856613520     
   6.5099999999999998       0.99642637321209293     
   6.5800000000000001       0.99698413476856373     
   6.6500000000000004       0.99823132458379005     
   6.7199999999999998       0.99756238475046133     
   6.7900000000000009       0.99812645262877786     
   6.8600000000000012       0.99663790342576264     
   6.9300000000000006       0.99565741841889710     
   7.0000000000000009       0.99714733951001333     
   7.0700000000000012       0.99675511943238382     
   7.1400000000000006       0.99871176233855563     
   7.2100000000000009       0.99844786623813153     
   7.2800000000000011       0.99842936759568901     
   7.3500000000000005       0.99911451617429581     
   7.4200000000000008       0.99687397114510934     
   7.4900000000000002       0.99760131052084788     
   7.5600000000000005       0.99868109066776545     
   7.6300000000000008       0.99932120404873237     
   7.7000000000000002       0.99869429757735018     
   7.7700000000000005       0.99894236089331534     
   7.8400000000000007       0.99868177109545020     
   7.9100000000000001       0.99901309860019372     
   7.9800000000000004       0.99899714722967980     
   8.0500000000000007       0.99872856096371321     
   8.1200000000000010       0.99895239182828766     
   8.1899999999999995       0.99887997969717157     
   8.2600000000000016       0.99785273842923383     
   8.3300000000000018       0.99863687055268391     
   8.4000000000000004       0.99864980085802524     
   8.4700000000000006       0.99920221136104959     
   8.5400000000000009       0.99861238588739409     
   8.6100000000000012       0.99913585671667171     
   8.6800000000000015       0.99687772803693497     
   8.7500000000000018       0.99848710228496729     
   8.8200000000000003       0.99850290213321935     
   8.8900000000000006       0.99850469693643518     
   8.9600000000000009       0.99882305737669341     
   9.0300000000000011       0.99855164155429876     
   9.1000000000000014       0.99787268173423549     
   9.1699999999999999       0.99795810753460312     
   9.2400000000000002       0.99879887456383321     
   9.3100000000000005       0.99714901060953920     
   9.3800000000000008       0.99764148982872791     
   9.4500000000000011       0.99837391450596646     
   9.5199999999999996       0.99863805269545558     
   9.5899999999999999       0.99754259787394173     
   9.6600000000000001       0.99904806132070079     
   9.7300000000000022       0.99840269507180934     
   9.8000000000000007       0.99846168398445301     
   9.8700000000000010       0.99860726899687413     
   9.9400000000000013       0.99871705920065479     
   10.010000000000002       0.99903304097282353     
   10.080000000000002       0.99940246830929713     
   10.150000000000000       0.99889119734525000     
   10.220000000000001       0.99914453243024015     
   10.290000000000001       0.99903736221708561     
   10.360000000000001       0.99811636184200292     
   10.430000000000001       0.99932939473916382     
   10.500000000000000       0.99872233865202775     
   10.570000000000000       0.99912519101342923     
   10.640000000000001       0.99888394070869213     
   10.710000000000001       0.99916058446536149     
   10.780000000000001       0.99869646729540140     
   10.850000000000001       0.99911627227875521     
   10.920000000000000       0.99889526450306443     
   10.990000000000000       0.99902798701836715     
   11.060000000000000       0.99906093020397668     
   11.130000000000001       0.99908265307857147     
   11.200000000000001       0.99920683833714008     
   11.270000000000001       0.99880243163915106     
   11.340000000000002       0.99729772558724072     
   11.410000000000002       0.99920077347950420     
   11.480000000000002       0.99939675268944328     
   11.550000000000001       0.99892966373015324     
   11.620000000000001       0.99895249644699924     
   11.690000000000001       0.99794623270646277     
   11.760000000000002       0.99911621581605481     
   11.830000000000002       0.99932977813604262     
   11.900000000000000       0.99910479039585975     
   11.970000000000001       0.99918306406342572     
   12.040000000000001       0.99904912277931490     
   12.110000000000001       0.99937876617009014     
   12.180000000000001       0.99875785684160856     
   12.250000000000000       0.99648057140135204     
   12.320000000000000       0.99898684058939502     
   12.390000000000001       0.99867500371016760     
   12.460000000000001       0.99864350819181125     
   12.530000000000001       0.99829319724912124     
   12.600000000000000       0.99839863255670314     
   12.670000000000000       0.99903368686399896     
   12.740000000000000       0.99845661060038271     
   12.810000000000000       0.99875828280892809     
   12.880000000000001       0.99878137210830309     
   12.950000000000001       0.99900401190581378     
   13.020000000000000       0.99888938563000806     
   13.090000000000000       0.99908378366302519     
   13.160000000000000       0.99849569409946981     
   13.230000000000000       0.99847726832314321     
   13.300000000000001       0.99929812559580888     
   13.369999999999999       0.99889896106656428     
   13.440000000000000       0.99871794286321913     
   13.510000000000002       0.99892839604850825     
   13.580000000000002       0.99891837569599218     
   13.650000000000002       0.99926226487237046     
   13.720000000000002       0.99858259280854234     
   13.790000000000003       0.99895533303617601     
   13.860000000000001       0.99818272067579761     
   13.930000000000001       0.99925885939044934     
   14.000000000000002       0.99883250937271217     
   14.070000000000002       0.99881810881022526     
   14.140000000000002       0.99770073411521309     
   14.210000000000003       0.99898755914854653     
   14.280000000000001       0.99907867554215390     
   14.350000000000001       0.99913018512541119     
   14.420000000000002       0.99879167294160232     
   14.490000000000002       0.99912758406303648     
   14.560000000000002       0.99862233852347804     
   14.630000000000001       0.99888802867082438     
   14.700000000000001       0.99883543573134526     
   14.770000000000001       0.99871569842986407     
   14.840000000000002       0.99826222902207218     
   14.910000000000002       0.99895352724992936     
   14.980000000000000       0.99891993293825898     
   15.050000000000001       0.99791669343493594     
   15.120000000000001       0.99933498657912956     
   15.190000000000001       0.99902371379941657     
   15.260000000000002       0.99857577337411219     
   15.330000000000002       0.99801960026730763     
   15.400000000000000       0.99911865347489048     
   15.470000000000001       0.99921498458961144     
   15.540000000000001       0.99856081520716600     
   15.610000000000001       0.99917937554374092     
   15.680000000000001       0.99861924006415204     
   15.750000000000000       0.99834984440137375     
   15.820000000000000       0.99854168009488864     
   15.890000000000001       0.99854732840241334     
   15.960000000000001       0.99903662912078783     
   16.030000000000001       0.99938279904732175     
   16.100000000000001       0.99888830269863826     
   16.170000000000002       0.99934741664686255     
   16.240000000000002       0.99812470254771024     
   16.309999999999999       0.99838281194532141     
   16.379999999999999       0.99861444061205740     
   16.450000000000003       0.99889272845081678     
   16.520000000000003       0.99854707337735893     
   16.590000000000003       0.99915471007476131     
   16.660000000000004       0.99943951951444598     
   16.730000000000004       0.99911841128657441     
   16.800000000000001       0.99873883913646788     
   16.870000000000001       0.99835896314494332     
   16.940000000000001       0.99906508639374447     
   17.010000000000002       0.99925693936241711     
   17.080000000000002       0.99945227179355789     
   17.150000000000002       0.99827206719515760     
   17.220000000000002       0.99902188477887821     
   17.290000000000003       0.99908721646902865     
   17.360000000000003       0.99909271816464695     
   17.430000000000003       0.99913294369809702     
   17.500000000000004       0.99900727810539858     
   17.570000000000000       0.99895486703341718     
   17.640000000000001       0.99877459185868533     
   17.710000000000001       0.99858197577660879     
   17.780000000000001       0.99935621033362376     
   17.850000000000001       0.99883850167403121     
   17.920000000000002       0.99904136881293082     
   17.990000000000002       0.99919491075588140     
   18.060000000000002       0.99876460865335526     
   18.130000000000003       0.99896298242081305     
   18.200000000000003       0.99931773296123749     
   18.270000000000000       0.99933185302328353     
   18.340000000000000       0.99938787497813597     
   18.410000000000000       0.99913515225428662     
   18.480000000000000       0.99887871062657341     
   18.550000000000001       0.99892894855181302     
   18.620000000000001       0.99939925472648250     
   18.690000000000001       0.99738428168246440     
   18.760000000000002       0.99923108315500786     
   18.830000000000002       0.99918174184681730     
   18.900000000000002       0.99915463952789119     
   18.970000000000002       0.99911927124840205     
   19.039999999999999       0.99927362851045243     
   19.109999999999999       0.99928698141416272     
   19.180000000000000       0.99893772979595286     
   19.250000000000000       0.99887342156297643     
   19.320000000000000       0.99939195430763661     
   19.390000000000001       0.99891584796429778     
   19.460000000000004       0.99907506679643121     
   19.530000000000001       0.99860385329333046     
   19.600000000000001       0.99895660710555489     
   19.670000000000002       0.99914365284465101     
   19.740000000000002       0.99877725649297722     
   19.810000000000002       0.99926835050872498     
   19.880000000000003       0.99854933816685620     
   19.950000000000003       0.99872882858804812     
   20.020000000000003       0.99922155613536912     
   20.090000000000003       0.99917955140429926     
   20.160000000000004       0.99892502294366792     
   20.230000000000004       0.99884302810446457     
   20.300000000000001       0.99927449495162501     
   20.370000000000001       0.99830845998131090     
   20.440000000000001       0.99883419521370376     
   20.510000000000002       0.99850669180433371     
   20.580000000000002       0.99880924244221791     
   20.650000000000002       0.99865559265773529     
   20.720000000000002       0.99855568972708508     
   20.790000000000003       0.99892357375316632     
   20.860000000000003       0.99848476273611519     
   20.930000000000003       0.99910622771538860     
   21.000000000000000       0.99856927837891096     
   21.070000000000000       0.99874189580673145     
   21.140000000000001       0.99858821496764927     
   21.210000000000001       0.99918040870041935     
   21.280000000000001       0.99865841480361550     
   21.350000000000001       0.99885742071002137     
   21.420000000000002       0.99909867484218617     
   21.490000000000002       0.99891002825818609     
   21.560000000000002       0.99885300693649171     
   21.630000000000003       0.99914897192404317     
   21.700000000000003       0.99909076896635041     
   21.770000000000000       0.99903119003652330     
   21.840000000000000       0.99869230884730653     
   21.910000000000000       0.99879418714825841     
   21.980000000000000       0.99853675944606701     
   22.050000000000001       0.99881006737703193     
   22.120000000000001       0.99869524486141570     
   22.190000000000001       0.99897114665270348     
   22.260000000000002       0.99920207634634761     
   22.330000000000002       0.99890274365441312     
   22.400000000000002       0.99877825724899971     
   22.470000000000002       0.99864557058180858     
   22.540000000000003       0.99855332982481282     
   22.609999999999999       0.99883093987648375     
   22.680000000000003       0.99903534161389718     
   22.750000000000000       0.99888511299238647     
   22.820000000000004       0.99922378405846080     
   22.890000000000001       0.99912950035290393     
   22.960000000000004       0.99876894676115968     
   23.030000000000001       0.99925832960566818     
   23.100000000000001       0.99925073025210132     
   23.170000000000002       0.99890089777392788     
   23.240000000000002       0.99817560197020350     
   23.309999999999999       0.99878330869762355     
   23.380000000000003       0.99857683559546939     
   23.449999999999999       0.99906852935762891     
   23.520000000000003       0.99873402431280189     
   23.590000000000000       0.99911997364204086     
   23.660000000000004       0.99859337468444243     
   23.730000000000000       0.99938795971434269     
   23.800000000000001       0.99908376606635518     
   23.870000000000001       0.99853560324209112     
   23.940000000000001       0.99933254216417855     
   24.010000000000005       0.99890796782816327     
   24.080000000000002       0.99872314528777939     
   24.150000000000006       0.99801328160371627     
   24.220000000000002       0.99858014247286198     
   24.290000000000003       0.99870248606261991     
   24.360000000000003       0.99892853686565519     
   24.430000000000003       0.99909640988775894     
   24.500000000000000       0.99875639116858717     
   24.570000000000004       0.99829548302259752     
   24.640000000000001       0.99823265476438128     
   24.710000000000004       0.99850845896799745     
   24.780000000000001       0.99858993878794178     
   24.850000000000005       0.99891910742063184     
   24.920000000000002       0.99904351142880865     
   24.990000000000002       0.99870854756582139     
   25.060000000000002       0.99905168964290780     
   25.130000000000003       0.99923065445495507     
   25.199999999999999       0.99795330683710137     
   25.270000000000003       0.99884348711130622     
   25.340000000000000       0.99864370172477268     
   25.410000000000004       0.99898310720000760     
   25.480000000000000       0.99896923302318330     
   25.550000000000004       0.99800807231581512     
   25.620000000000001       0.99761614410978983     
   25.690000000000005       0.99872180269608635     
   25.760000000000002       0.99859156068972010     
   25.830000000000002       0.99917182410918792     
   25.900000000000002       0.99755314206360779     
   25.970000000000002       0.99870521324617090     
   26.039999999999999       0.99831938025088074     
   26.110000000000003       0.99859172615532277     
   26.180000000000000       0.99835132303144580     
   26.250000000000004       0.99875778092988465     
   26.320000000000000       0.99868933345238764     
   26.390000000000004       0.99873281584910067     
   26.460000000000001       0.99918214915677372     
   26.530000000000001       0.99892104321812059     
   26.600000000000001       0.99832269154825426     
   26.670000000000002       0.99881477782812278     
   26.739999999999998       0.99883408422535036     
   26.810000000000002       0.99842414303963167     
   26.879999999999999       0.99857068917786662     
   26.950000000000003       0.99878799966412946     
   27.020000000000003       0.99903809365152885     
   27.090000000000003       0.99854400628938744     
   27.160000000000004       0.99851100551017413     
   27.230000000000000       0.99866411570159852     
   27.300000000000004       0.99896445671417000     
   27.370000000000001       0.99892249751174023     
   27.440000000000005       0.99881783583880801     
   27.510000000000002       0.99831597167819686     
   27.580000000000005       0.99842271281158257     
   27.650000000000002       0.99819766676007016     
   27.720000000000002       0.99828483816488378     
   27.790000000000003       0.99825186072789829     
   27.860000000000003       0.99917598141219821     
   27.930000000000000       0.99843327012926431     
   28.000000000000004       0.99851983794128629     
   28.070000000000000       0.99810794070728004     
   28.140000000000004       0.99811535636928628     
   28.210000000000001       0.99923390901376274     
   28.280000000000005       0.99869164988792947     
   28.350000000000001       0.99886090655411441     
   28.420000000000005       0.99915235209508713     
   28.490000000000002       0.99888920827383154     
   28.560000000000002       0.99873611346732261     
   28.630000000000003       0.99833699794520347     
   28.700000000000003       0.99796974398557325     
   28.770000000000000       0.99877309249195267     
   28.840000000000003       0.99798105613645438     
   28.910000000000000       0.99884163322739294     
   28.980000000000004       0.99798784798682849     
   29.050000000000001       0.99812376414050730     
   29.120000000000005       0.99801953158367795     
   29.190000000000001       0.99809808570760727     
   29.260000000000002       0.99804019842060365     
   29.330000000000002       0.99901902633784267     
   29.400000000000002       0.99909783677441888     
   29.469999999999999       0.99851272984744921     
   29.540000000000003       0.99771019916414561     
   29.609999999999999       0.99872225749023946     
   29.680000000000003       0.99788401590957965     
   29.750000000000000       0.99847803737987206     
   29.820000000000004       0.99850389911640491     
   29.890000000000004       0.99823018405170350     
   29.960000000000001       0.99818419635752853     
   30.030000000000005       0.99833675675871913     
   30.100000000000001       0.99835030962671989     
   30.170000000000005       0.99700011060022198     
   30.240000000000002       0.99822918918512071     
   30.310000000000006       0.99862928066547318     
   30.380000000000003       0.99799650528698214     
   30.450000000000003       0.99832600981270614     
   30.520000000000003       0.99818591870978179     
   30.590000000000003       0.99771562728546348     
   30.660000000000004       0.99851083721440925     
   30.730000000000004       0.99872729360251333     
   30.800000000000001       0.99785868154552970     
   30.870000000000005       0.99828685375078752     
   30.940000000000001       0.99842817643112691     
   31.010000000000005       0.99748557347561151     
   31.080000000000002       0.99851782574056736     
   31.150000000000006       0.99847334375360430     
   31.220000000000002       0.99826397691886315     
   31.290000000000003       0.99847268391486033     
   31.360000000000003       0.99832516846184793     
   31.430000000000003       0.99847113045259639     
   31.500000000000000       0.99863739507538529     
   31.570000000000004       0.99724379907641947     
   31.640000000000001       0.99897068370664255     
   31.710000000000004       0.99781771436689615     
   31.780000000000001       0.99883768281821361     
   31.850000000000005       0.99817180514664694     
   31.920000000000002       0.99904272345198686     
   31.990000000000002       0.99857200903230436     
   32.060000000000002       0.99816429369983595     
   32.130000000000003       0.99815885859708509     
   32.200000000000003       0.99811818501375416     
   32.270000000000003       0.99861607340118497     
   32.340000000000003       0.99877993150764000     
   32.410000000000004       0.99880067801671180     
   32.480000000000004       0.99862293796348389     
   32.550000000000004       0.99823016261680741     
   32.619999999999997       0.99864367054718473     
   32.690000000000005       0.99886085296432647     
   32.759999999999998       0.99878124838697502     
   32.830000000000005       0.99811975148822096     
   32.900000000000006       0.99808624426016423     
   32.970000000000006       0.99858146025947803     
   33.040000000000006       0.99834013644089514     
   33.109999999999999       0.99848764558129843     
   33.180000000000007       0.99778407104515587     
   33.250000000000000       0.99785714280518956     
   33.320000000000007       0.99867562988283298     
   33.390000000000001       0.99844864818186640     
   33.460000000000008       0.99889379765647424     
   33.530000000000001       0.99807937803571445     
   33.600000000000001       0.99874369341201108     
   33.670000000000002       0.99863958457903168     
   33.740000000000002       0.99847792527998158     
   33.810000000000002       0.99837212261456898     
   33.880000000000003       0.99869160677036972     
   33.950000000000003       0.99865150627390920     
   34.020000000000003       0.99765822761893430     
   34.090000000000003       0.99731667422069681     
   34.160000000000004       0.99838978703302950     
   34.230000000000004       0.99850915540866936     
   34.300000000000004       0.99850975299044387     
   34.370000000000005       0.99900161661409825     
   34.440000000000005       0.99869070672274995     
   34.509999999999998       0.99850112548648473     
   34.580000000000005       0.99871295922255643     
   34.649999999999999       0.99851169985405419     
   34.720000000000006       0.99778854674495010     
   34.789999999999999       0.99798414366341570     
   34.860000000000007       0.99865202627344118     
   34.930000000000000       0.99886790351262034     
   35.000000000000007       0.99817981766388375     
   35.070000000000000       0.99776369814955768     
   35.140000000000001       0.99835257893643059     
   35.210000000000001       0.99851312230159694     
   35.280000000000001       0.99819732282381812     
   35.350000000000001       0.99852762832015896     
   35.420000000000002       0.99796754357647222     
   35.490000000000002       0.99728564543636899     
   35.560000000000002       0.99901352598344983     
   35.630000000000003       0.99870130231484344     
   35.700000000000003       0.99758040744266696     
   35.770000000000003       0.99848979485070577     
   35.840000000000003       0.99784038032619904     
   35.910000000000004       0.99824937052170493     
   35.980000000000004       0.99811143849848882     
   36.050000000000004       0.99824716165362248     
   36.120000000000005       0.99883890976155798     
   36.190000000000005       0.99892535659608639     
   36.260000000000005       0.99820194354129743     
   36.330000000000005       0.99787433536144854     
   36.400000000000006       0.99896919009368290     
   36.470000000000006       0.99857802180553334     
   36.539999999999999       0.99885296069563523     
   36.610000000000007       0.99837559653892982     
   36.680000000000000       0.99885016088935363     
   36.750000000000007       0.99849766277541130     
   36.820000000000000       0.99762774748738747     
   36.890000000000008       0.99850319540811716     
   36.960000000000001       0.99866950701830437     
   37.030000000000001       0.99823916817760350     
   37.100000000000001       0.99798731333390267     
   37.170000000000002       0.99896825886377216     
   37.240000000000002       0.99874658711248376     
   37.310000000000002       0.99864332356212970     
   37.380000000000003       0.99866189273995210     
   37.450000000000003       0.99836312475617695     
   37.520000000000003       0.99853190200630748     
   37.590000000000003       0.99797692385314951     
   37.660000000000004       0.99843366508018239     
   37.730000000000004       0.99837135958691170     
   37.800000000000004       0.99873462958139503     
   37.870000000000005       0.99793559784499852     
   37.940000000000005       0.99828131242083662     
   38.010000000000005       0.99789607131553981     
   38.079999999999998       0.99819553739030176     
   38.150000000000006       0.99817947534109253     
   38.219999999999999       0.99852895019790955     
   38.290000000000006       0.99791460697595979     
   38.359999999999999       0.99863712465412169     
   38.430000000000007       0.99802579986345863     
   38.500000000000000       0.99773612471120865     
   38.570000000000000       0.99835858040819458     
   38.640000000000001       0.99885916164009603     
   38.710000000000001       0.99788817040186828     
   38.780000000000001       0.99886165444052644     
   38.850000000000001       0.99849757637306125     
   38.920000000000009       0.99829629820289711     
   38.990000000000002       0.99832785798901114     
   39.060000000000002       0.99864158385330848     
   39.130000000000003       0.99755406967177840     
   39.200000000000003       0.99861682315429179     
   39.270000000000003       0.99853776643404335     
   39.340000000000003       0.99802173420096363     
   39.410000000000004       0.99865703327718014     
   39.480000000000004       0.99823215865141779     
   39.550000000000004       0.99796938269866720     
   39.620000000000005       0.99828316853655452     
   39.690000000000005       0.99807637874895061     
   39.760000000000005       0.99850044601728105     
   39.830000000000005       0.99892363583093280     
   39.900000000000006       0.99825750358879650     
   39.970000000000006       0.99842344964892793     
   40.040000000000006       0.99867964481715032     
   40.109999999999999       0.99873151629617651     
   40.180000000000007       0.99895763192842801     
   40.250000000000000       0.99869353919884707     
   40.320000000000007       0.99886140648561272     
   40.390000000000001       0.99775575326738875     
   40.460000000000008       0.99821427607227731     
   40.530000000000001       0.99848170308453599     
   40.600000000000001       0.99794003728034752     
   40.670000000000002       0.99816178354016505     
   40.740000000000002       0.99826161948108161     
   40.810000000000002       0.99869037882263267     
   40.880000000000003       0.99785350477018619     
   40.950000000000003       0.99758393239750909     
   41.020000000000003       0.99876344002950912     
   41.090000000000003       0.99726660996615990     
   41.160000000000004       0.99868541002578748     
   41.230000000000004       0.99800751454428938     
   41.300000000000004       0.99821680729410156     
   41.370000000000005       0.99848040777374303     
   41.440000000000005       0.99861214966708911     
   41.509999999999998       0.99826478956622466     
   41.580000000000005       0.99858621919940238     
   41.649999999999999       0.99834925365692162     
   41.720000000000006       0.99797015886228602     
   41.789999999999999       0.99685154786549179     
   41.860000000000007       0.99810748084300427     
   41.930000000000007       0.99842025625192676     
   42.000000000000000       0.99856260580308775     
   42.070000000000007       0.99819796570211849     
   42.140000000000001       0.99856571071862632     
   42.210000000000008       0.99791818276776179     
   42.280000000000001       0.99775057478939366     
   42.350000000000009       0.99835877431560605     
   42.420000000000002       0.99780636932280009     
   42.490000000000009       0.99813292005054999     
   42.560000000000002       0.99799064298072682     
   42.630000000000003       0.99816161494099753     
   42.700000000000003       0.99781117940200170     
   42.770000000000003       0.99845465251760290     
   42.840000000000003       0.99827236602723135     
   42.910000000000004       0.99826720298630045     
   42.980000000000004       0.99858091568915219     
   43.050000000000004       0.99803211498360000     
   43.120000000000005       0.99813051582635159     
   43.190000000000005       0.99833217809637209     
   43.260000000000005       0.99847316570249500     
   43.330000000000005       0.99847849440878467     
   43.400000000000006       0.99820668498159026     
   43.470000000000006       0.99792595022506403     
   43.539999999999999       0.99771328599281484     
   43.610000000000007       0.99836271135748400     
   43.680000000000000       0.99814662281368238     
   43.750000000000007       0.99772368338801509     
   43.820000000000000       0.99867479523528102     
   43.890000000000008       0.99825789183104785     
   43.960000000000001       0.99793135707575098     
   44.030000000000001       0.99872523334035979     
   44.100000000000001       0.99767223743761346     
   44.170000000000002       0.99849380689332845     
   44.240000000000002       0.99856329373271246     
   44.310000000000002       0.99794733379289902     
   44.380000000000003       0.99766168214493911     
   44.450000000000003       0.99795289673840215     
   44.520000000000003       0.99845697747242790     
   44.590000000000003       0.99765688306005418     
   44.660000000000004       0.99812338614525498     
   44.730000000000004       0.99793202913838552     
   44.800000000000004       0.99831774323709888     
   44.870000000000005       0.99820296879379455     
   44.940000000000005       0.99843722113014111     
   45.010000000000005       0.99841731230297948     
   45.080000000000005       0.99810850525523975     
   45.150000000000006       0.99839659823034521     
   45.219999999999999       0.99841403326031131     
   45.290000000000006       0.99755521610417930     
   45.360000000000007       0.99854060101562558     
   45.430000000000007       0.99880466585110561     
   45.500000000000000       0.99746233679974106     
   45.570000000000000       0.99823078199271942     
   45.640000000000008       0.99849647104299799     
   45.710000000000008       0.99747011118045392     
   45.780000000000001       0.99768362299492386     
   45.850000000000001       0.99733709025983897     
   45.920000000000009       0.99847360638072269     
   45.990000000000009       0.99830773047059662     
   46.060000000000002       0.99836929330093727     
   46.130000000000003       0.99871017155537478     
   46.200000000000003       0.99824674570638727     
   46.270000000000010       0.99771668739681996     
   46.340000000000003       0.99829724428047140     
   46.410000000000004       0.99803564786870347     
   46.480000000000004       0.99844567650690652     
   46.550000000000004       0.99842391330866287     
   46.619999999999997       0.99828150747699695     
   46.690000000000005       0.99762799447731365     
   46.760000000000005       0.99835412554032221     
   46.830000000000005       0.99825719335018148     
   46.899999999999999       0.99812517050679617     
   46.969999999999999       0.99812896041654464     
   47.040000000000006       0.99817477368868257     
   47.110000000000007       0.99787680337959705     
   47.180000000000000       0.99789408744062413     
   47.250000000000000       0.99797379559190702     
   47.320000000000007       0.99872764592885388     
   47.390000000000008       0.99784822313357213     
   47.460000000000001       0.99788070704217580     
   47.530000000000001       0.99810669895935600     
   47.600000000000001       0.99824782486754349     
   47.670000000000009       0.99804798214011403     
   47.740000000000002       0.99816750786560382     
   47.810000000000002       0.99834732515606506     
   47.880000000000003       0.99800269849443113     
   47.950000000000010       0.99764618016022955     
   48.020000000000010       0.99799756866175204     
   48.090000000000003       0.99787470989664584     
   48.160000000000004       0.99731861550579004     
   48.230000000000004       0.99776231448645492     
   48.300000000000011       0.99862011916106252     
   48.370000000000005       0.99810346484373746     
   48.440000000000005       0.99768095222415243     
   48.510000000000005       0.99772654959695428     
   48.580000000000005       0.99697057433495828     
   48.649999999999999       0.99836768360824102     
   48.720000000000006       0.99833015689636440     
   48.790000000000006       0.99719477509379617     
   48.860000000000007       0.99788595825469317     
   48.930000000000000       0.99794820840798515     
   49.000000000000000       0.99861242257691596     
   49.070000000000007       0.99804897944925941     
   49.140000000000008       0.99851701931879400     
   49.210000000000001       0.99698953382277411     
   49.280000000000001       0.99773673040965072     
   49.350000000000009       0.99823871002064080     
   49.420000000000009       0.99779137941269713     
   49.490000000000002       0.99805419771850890     
   49.560000000000002       0.99883042867027527     
   49.630000000000003       0.99754618858786592     
   49.700000000000010       0.99716557941662509     
   49.770000000000003       0.99798235516612044     
   49.840000000000003       0.99849803283543448     
   49.910000000000004       0.99793652976111846     
   49.980000000000004       0.99866028409104668     
   50.049999999999997       0.99735606443924929     
   50.120000000000005       0.99823909027139279     
   50.190000000000005       0.99804974305616156     
   50.260000000000005       0.99771777525142358     
   50.329999999999998       0.99713669016388506     
   50.399999999999999       0.99852048120860937     
   50.470000000000006       0.99884103528698920     
   50.540000000000006       0.99765731329558816     
   50.609999999999999       0.99880901744180695     
   50.680000000000000       0.99728778267815865     
   50.750000000000007       0.99868100000647075     
   50.820000000000007       0.99809045202293623     
   50.890000000000008       0.99850762775181467     
   50.960000000000001       0.99833656773889423     
   51.030000000000001       0.99714448223178143     
   51.100000000000009       0.99746315024321008     
   51.170000000000009       0.99787449737831779     
   51.240000000000002       0.99810341418753679     
   51.310000000000002       0.99708166929157416     
   51.380000000000010       0.99742785145700097     
   51.450000000000010       0.99689173236482442     
   51.520000000000003       0.99786980687529880     
   51.590000000000003       0.99753923329230154     
   51.660000000000004       0.99835776449362734     
   51.730000000000011       0.99873670701257500     
   51.800000000000004       0.99734216005191034     
   51.870000000000005       0.99858754282647322     
   51.940000000000005       0.99788354297956861     
   52.010000000000005       0.99609281738379729     
   52.079999999999998       0.99788211978677399     
   52.150000000000006       0.99817358919396837     
   52.220000000000006       0.99763515838361816     
   52.290000000000006       0.99820929034311501     
   52.359999999999999       0.99795786362350880     
   52.430000000000000       0.99726094667645693     
   52.500000000000007       0.99836104457627961     
   52.570000000000007       0.99831906163479212     
   52.640000000000001       0.99770995289852393     
   52.710000000000001       0.99791547186275165     
   52.780000000000008       0.99685957971458949     
   52.850000000000009       0.99848593394620688     
   52.920000000000002       0.99767573339523286     
   52.990000000000002       0.99789169655100596     
   53.060000000000002       0.99733491079342651     
   53.130000000000010       0.99781229075842170     
   53.200000000000003       0.99816157343717327     
   53.270000000000003       0.99748908691712790     
   53.340000000000003       0.99815901259988393     
   53.410000000000011       0.99818473673767127     
   53.479999999999997       0.99741557138783865     
   53.550000000000004       0.99710730176884643     
   53.620000000000005       0.99762798529836416     
   53.690000000000005       0.99773310717161245     
   53.759999999999998       0.99800030802080753     
   53.830000000000005       0.99747518013633885     
   53.900000000000006       0.99787887513322671     
   53.970000000000006       0.99862263383436356     
   54.040000000000006       0.99820972393211926     
   54.109999999999999       0.99787211843051671     
   54.180000000000007       0.99778763775882429     
   54.250000000000007       0.99733870776430023     
   54.320000000000007       0.99757456703484271     
   54.390000000000001       0.99730212879252844     
   54.460000000000001       0.99800152418589605     
   54.530000000000008       0.99768814050758992     
   54.600000000000009       0.99798002896816096     
   54.670000000000002       0.99742053989397939     
   54.740000000000002       0.99680771495233633     
   54.810000000000009       0.99732547555532924     
   54.880000000000010       0.99772894635440856     
   54.950000000000003       0.99826898667921848     
   55.020000000000003       0.99793444323467684     
   55.090000000000003       0.99746599702882066     
   55.160000000000011       0.99781360142009967     
   55.230000000000004       0.99823676477013867     
   55.300000000000004       0.99783997157143856     
   55.370000000000005       0.99732443701216444     
   55.440000000000005       0.99731721323776512     
   55.509999999999998       0.99737276529431518     
   55.580000000000005       0.99702362139604039     
   55.650000000000006       0.99790375273011456     
   55.720000000000006       0.99734647333392257     
   55.789999999999999       0.99754568013780121     
   55.859999999999999       0.99682500923970585     
   55.930000000000007       0.99760769180060715     
   56.000000000000007       0.99834863836695076     
   56.070000000000000       0.99725374956223034     
   56.140000000000001       0.99703168034698064     
   56.210000000000008       0.99820148956944721     
   56.280000000000008       0.99759544673895262     
   56.350000000000001       0.99730343678913602     
   56.420000000000002       0.99723655974981051     
   56.490000000000002       0.99762050697388915     
   56.560000000000009       0.99796003170778969     
   56.630000000000003       0.99818829291463662     
   56.700000000000003       0.99799511162534127     
   56.770000000000003       0.99703215048127958     
   56.840000000000011       0.99861569593341182     
   56.910000000000011       0.99744959912010622     
   56.980000000000004       0.99760800848421938     
   57.050000000000004       0.99784162944300991     
   57.120000000000005       0.99767498250922926     
   57.190000000000012       0.99711853843422527     
   57.260000000000005       0.99712069352674615     
   57.330000000000005       0.99752363919739806     
   57.400000000000006       0.99786459280708550     
   57.470000000000006       0.99726570797674152     
   57.539999999999999       0.99707043570316423     
   57.610000000000007       0.99807323278015858     
   57.680000000000007       0.99782583636435751     
   57.750000000000007       0.99756112836169220     
   57.820000000000000       0.99738625181965579     
   57.890000000000001       0.99751111090996347     
   57.960000000000008       0.99736121222080143     
   58.030000000000008       0.99732545659937710     
   58.100000000000001       0.99774789042549061     
   58.170000000000002       0.99818401638230225     
   58.240000000000009       0.99768730283686069     
   58.310000000000009       0.99676018913133324     
   58.380000000000003       0.99761310011806126     
   58.450000000000003       0.99800754857730345     
   58.520000000000003       0.99786524038677005     
   58.590000000000011       0.99786759540465619     
   58.660000000000004       0.99699598714953297     
   58.730000000000004       0.99762719881788997     
   58.800000000000004       0.99788790273614858     
   58.870000000000012       0.99844137635597041     
   58.939999999999998       0.99673195950587157     
   59.010000000000005       0.99706460021964427     
   59.080000000000005       0.99737429106957964     
   59.150000000000006       0.99753886549930049     
   59.219999999999999       0.99778409463889262     
   59.290000000000006       0.99763634609713714     
   59.360000000000007       0.99699010002314514     
   59.430000000000007       0.99689138125887589     
   59.500000000000000       0.99765616551247094     
   59.570000000000000       0.99815275460963016     
   59.640000000000008       0.99715439079939150     
   59.710000000000008       0.99737890542253771     
   59.780000000000008       0.99765922697461140     
   59.850000000000001       0.99720080899854335     
   59.920000000000002       0.99780969195044666     
   59.990000000000009       0.99716798182388056     
   60.060000000000009       0.99723319272550837     
   60.130000000000003       0.99701993169895597     
   60.200000000000003       0.99868457660494414     
   60.270000000000010       0.99792046124398937     
   60.340000000000011       0.99842708707196282     
   60.410000000000004       0.99750255227574181     
   60.480000000000004       0.99755190785049419     
   60.550000000000004       0.99676880211317309     
   60.620000000000012       0.99739372042668817     
   60.690000000000005       0.99818882789864494     
   60.760000000000005       0.99707132075752880     
   60.830000000000005       0.99856177678205560     
   60.900000000000006       0.99775627369750564     
   60.969999999999999       0.99696930198769540     
   61.040000000000006       0.99670794598973622     
   61.110000000000007       0.99690704141897768     
   61.180000000000007       0.99789009095116743     
   61.250000000000000       0.99799134752741492     
   61.320000000000007       0.99806606877947235     
   61.390000000000008       0.99789670848256684     
   61.460000000000008       0.99770992281812254     
   61.530000000000001       0.99806523957403293     
   61.600000000000001       0.99658764466706773     
   61.670000000000009       0.99806378137792917     
   61.740000000000009       0.99669927575806394     
   61.810000000000002       0.99776140712440986     
   61.880000000000003       0.99769995967109837     
   61.950000000000003       0.99824461866364123     
   62.020000000000010       0.99631483342647542     
   62.090000000000003       0.99674531200050387     
   62.160000000000004       0.99816139976149199     
   62.230000000000004       0.99779155292237187     
   62.300000000000011       0.99776928250756569     
   62.369999999999997       0.99851683734193863     
   62.440000000000005       0.99725762519814298     
   62.510000000000005       0.99685628895774248     
   62.580000000000005       0.99843220329820193     
   62.649999999999999       0.99623066947480954     
   62.720000000000006       0.99809114723437853     
   62.790000000000006       0.99788450045468491     
   62.860000000000007       0.99825326769413625     
   62.930000000000007       0.99735189002829283     
   63.000000000000000       0.99693647848007083     
   63.070000000000007       0.99635531947603262     
   63.140000000000008       0.99662140177707215     
   63.210000000000008       0.99814026992277982     
   63.280000000000001       0.99760514526281330     
   63.350000000000001       0.99733757678669088     
   63.420000000000009       0.99782187171223902     
   63.490000000000009       0.99744385394074075     
   63.560000000000002       0.99730871318586845     
   63.630000000000003       0.99775233113746475     
   63.700000000000010       0.99780692552878480     
   63.770000000000010       0.99663648016644779     
   63.840000000000003       0.99752688109075616     
   63.910000000000004       0.99791729628324388     
   63.980000000000004       0.99811762634079804     
   64.050000000000011       0.99757526849486222     
   64.120000000000005       0.99650396100421856     
   64.189999999999998       0.99675012616677672     
   64.260000000000005       0.99798900226512977     
   64.330000000000013       0.99750076335288818     
   64.400000000000006       0.99729588627729626     
   64.469999999999999       0.99889186369459104     
   64.540000000000006       0.99744531782914081     
   64.610000000000014       0.99739282151869624     
   64.680000000000007       0.99737166569830338     
   64.750000000000000       0.99789609677959634     
   64.820000000000007       0.99659266474351471     
   64.890000000000015       0.99712677297965890     
   64.960000000000008       0.99777308880202076     
   65.030000000000001       0.99748985544468416     
   65.100000000000009       0.99849604781524137     
   65.170000000000002       0.99760722139167157     
   65.239999999999995       0.99780722430097890     
   65.310000000000002       0.99803187271883376     
   65.380000000000010       0.99782658332730956     
   65.450000000000003       0.99692078283389340     
   65.519999999999996       0.99736322709131664     
   65.590000000000003       0.99728727388876370     
   65.660000000000011       0.99854072972604158     
   65.730000000000004       0.99819874933427244     
   65.800000000000011       0.99739929571373376     
   65.870000000000005       0.99819034399104112     
   65.940000000000012       0.99785090132261489     
   66.010000000000005       0.99860251845514270     
   66.080000000000013       0.99887423105271556     
   66.150000000000006       0.99801533355530636     
   66.219999999999999       0.99769153874388983     
   66.290000000000006       0.99760266145626608     
   66.360000000000014       0.99814252023712058     
   66.430000000000007       0.99786997418775836     
   66.500000000000000       0.99825539893650295     
   66.570000000000007       0.99713378316066215     
   66.640000000000015       0.99772752593908232     
   66.710000000000008       0.99772077193640374     
   66.780000000000001       0.99790580046973121     
   66.850000000000009       0.99791789330199809     
   66.920000000000016       0.99850715033094350     
   66.990000000000009       0.99860653478771422     
   67.060000000000002       0.99754159012017263     
   67.130000000000010       0.99777468564970817     
   67.200000000000003       0.99737552209376357     
   67.269999999999996       0.99682990038807529     
   67.340000000000003       0.99822599905278764     
   67.410000000000011       0.99679904771005645     
   67.480000000000004       0.99651523502195494     
   67.549999999999997       0.99743276366714972     
   67.620000000000005       0.99704256754207976     
   67.690000000000012       0.99552212244055094     
   67.760000000000005       0.99794424896664702     
   67.829999999999998       0.99770967214771000     
   67.900000000000006       0.99772271835878357     
   67.970000000000013       0.99768944143952731     
   68.040000000000006       0.99722645370777740     
   68.109999999999999       0.99748785669541196     
   68.180000000000007       0.99811367873932455     
   68.250000000000000       0.99730989111433888     
   68.320000000000007       0.99767774539682852     
   68.390000000000001       0.99763295845130040     
   68.460000000000008       0.99846551362073299     
   68.530000000000001       0.99742241235307760     
   68.600000000000009       0.99724606174472308     
   68.670000000000002       0.99693111746058127     
   68.740000000000009       0.99802261779500290     
   68.810000000000002       0.99815430280167217     
   68.880000000000010       0.99751404016676326     
   68.950000000000017       0.99765283031164431     
   69.019999999999996       0.99712914236457895     
   69.090000000000003       0.99568338653318922     
   69.160000000000011       0.99746179709592864     
   69.230000000000004       0.99671931981124318     
   69.299999999999997       0.99741881026758961     
   69.370000000000005       0.99767498675311039     
   69.440000000000012       0.99700718106379782     
   69.510000000000005       0.99649302127337991     
   69.579999999999998       0.99790716100015520     
   69.650000000000006       0.99774376822037103     
   69.720000000000013       0.99738192063485542     
   69.790000000000006       0.99845900134624832     
   69.859999999999999       0.99647985937410344     
   69.930000000000007       0.99776231138394256     
   70.000000000000014       0.99638151565633504     
   70.070000000000007       0.99772196371625743     
   70.140000000000001       0.99834081709965439     
   70.210000000000008       0.99608204404863043     
   70.280000000000001       0.99814875523506996     
   70.350000000000009       0.99777924619329061     
   70.420000000000002       0.99700638599365032     
   70.490000000000009       0.99720824093980387     
   70.560000000000002       0.99705204082009302     
   70.630000000000010       0.99754845772283796     
   70.700000000000003       0.99746210363681254     
   70.770000000000010       0.99647410513794488     
   70.840000000000003       0.99831299458089462     
   70.910000000000011       0.99709930818193848     
   70.980000000000004       0.99707105412909014     
   71.049999999999997       0.99618343736046233     
   71.120000000000005       0.99779106315867638     
   71.190000000000012       0.99714544739457889     
   71.260000000000005       0.99638123292309788     
   71.329999999999998       0.99750662974247573     
   71.400000000000006       0.99744002305454615     
   71.470000000000013       0.99700656250290842     
   71.540000000000006       0.99721239063910216     
   71.609999999999999       0.99778253679411510     
   71.680000000000007       0.99607955281467864     
   71.750000000000014       0.99828331447589225     
   71.820000000000007       0.99782985574434102     
   71.890000000000001       0.99750981417076523     
   71.960000000000008       0.99765102670213424     
   72.030000000000015       0.99773836661886284     
   72.100000000000009       0.99755673515318066     
   72.170000000000002       0.99644771426320444     
   72.240000000000009       0.99662881994300490     
   72.310000000000002       0.99735555965499434     
   72.380000000000010       0.99678468088516581     
   72.450000000000003       0.99733188750973989     
   72.520000000000010       0.99810866585320901     
   72.590000000000003       0.99848975367126969     
   72.660000000000011       0.99718836097079289     
   72.730000000000004       0.99873484833788662     
   72.800000000000011       0.99730756613887650     
   72.870000000000005       0.99746657717578768     
   72.940000000000012       0.99768981042484639     
   73.010000000000005       0.99747949937110170     
   73.079999999999998       0.99784570811704287     
   73.150000000000006       0.99717064370655006     
   73.220000000000013       0.99763221820563064     
   73.290000000000006       0.99658267815131829     
   73.359999999999999       0.99656026766010486     
   73.430000000000007       0.99758505543456677     
   73.500000000000014       0.99655236729522201     
   73.570000000000007       0.99668188346613495     
   73.640000000000001       0.99665065830480137     
   73.710000000000008       0.99825905240107471     
   73.780000000000015       0.99652098683591661     
   73.850000000000009       0.99697130965937275     
   73.920000000000002       0.99662541077012046     
   73.990000000000009       0.99603875336802650     
   74.060000000000002       0.99809173124745199     
   74.129999999999995       0.99727513159501657     
   74.200000000000003       0.99838393425363636     
   74.270000000000010       0.99738277639581419     
   74.340000000000003       0.99830106183030087     
   74.409999999999997       0.99840092614233267     
   74.480000000000004       0.99777274198230659     
   74.550000000000011       0.99709626268224938     
   74.620000000000005       0.99747350295080950     
   74.690000000000012       0.99776076899680333     
   74.760000000000005       0.99734726737082535     
   74.830000000000013       0.99751513841682837     
   74.900000000000006       0.99727371314638924     
   74.970000000000013       0.99681595784542154     
   75.040000000000006       0.99746720779897280     
   75.109999999999999       0.99735973586476989     
   75.180000000000007       0.99840485659920508     
   75.250000000000014       0.99708190717064438     
   75.320000000000007       0.99800182935192305     
   75.390000000000001       0.99638348274646582     
   75.460000000000008       0.99767678992590392     
   75.530000000000015       0.99714956888080963     
   75.600000000000009       0.99858839672090705     
   75.670000000000002       0.99637945710723463     
   75.740000000000009       0.99809726631492401     
   75.810000000000016       0.99741940825482422     
   75.880000000000010       0.99750986915072648     
   75.950000000000003       0.99860938123092602     
   76.020000000000010       0.99624584190126975     
   76.090000000000003       0.99770177643134694     
   76.159999999999997       0.99721226643148475     
   76.230000000000004       0.99745917519319294     
   76.300000000000011       0.99831696275427817     
   76.370000000000005       0.99809031682322258     
   76.439999999999998       0.99828736645539717     
   76.510000000000005       0.99742963772407678     
   76.580000000000013       0.99760617573608634     
   76.650000000000006       0.99779898596868610     
   76.719999999999999       0.99771578729670374     
   76.790000000000006       0.99765628252940319     
   76.860000000000014       0.99763159620476716     
   76.930000000000007       0.99743334519565485     
   77.000000000000000       0.99700704040727695     
   77.070000000000007       0.99770910086804099     
   77.140000000000001       0.99660158553712985     
   77.210000000000008       0.99807630835852645     
   77.280000000000001       0.99746079746466954     
   77.350000000000009       0.99645284394191247     
   77.420000000000002       0.99769982856618000     
   77.490000000000009       0.99691955336312754     
   77.560000000000002       0.99787554366939824     
   77.630000000000010       0.99755121831964777     
   77.700000000000003       0.99690287740997041     
   77.770000000000010       0.99673746584045408     
   77.840000000000018       0.99778439743793756     
   77.910000000000011       0.99669652231159245     
   77.980000000000004       0.99755068328915908     
   78.050000000000011       0.99791905704613948     
   78.120000000000005       0.99792533995855492     
   78.189999999999998       0.99777498206067305     
   78.260000000000005       0.99728327677047224     
   78.330000000000013       0.99791612668614338     
   78.400000000000006       0.99753220911651097     
   78.469999999999999       0.99713158547359593     
   78.540000000000006       0.99791334361578166     
   78.610000000000014       0.99863458926254678     
   78.680000000000007       0.99769710934382017     
   78.750000000000000       0.99832839095102033     
   78.820000000000007       0.99790057648865138     
   78.890000000000015       0.99725337390901703     
   78.960000000000008       0.99693519156764299     
   79.030000000000001       0.99847421588931529     
   79.100000000000009       0.99831024683356229     
   79.170000000000002       0.99773300074706450     
   79.240000000000009       0.99657675837933146     
   79.310000000000002       0.99664115483389382     
   79.380000000000010       0.99768417642460916     
   79.450000000000003       0.99806136842744786     
   79.520000000000010       0.99778757902131965     
   79.590000000000003       0.99644821470649159     
   79.660000000000011       0.99813784221672375     
   79.730000000000004       0.99751783199784005     
   79.800000000000011       0.99855368296762970     
   79.870000000000005       0.99685699291548036     
   79.940000000000012       0.99787349172325657     
   80.010000000000005       0.99826330590017009     
   80.080000000000013       0.99736976572339053     
   80.150000000000006       0.99761846127427101     
   80.219999999999999       0.99819955356080492     
   80.290000000000006       0.99742698480902470     
   80.360000000000014       0.99747155997400683     
   80.430000000000007       0.99890122621916777     
   80.500000000000000       0.99805353240353512     
   80.570000000000007       0.99753300200454686     
   80.640000000000015       0.99793645284983767     
   80.710000000000008       0.99698218570037733     
   80.780000000000001       0.99766140681918902     
   80.850000000000009       0.99732386101912573     
   80.920000000000016       0.99788039846941612     
   80.990000000000009       0.99808424934897877     
   81.060000000000002       0.99812017315416279     
   81.130000000000010       0.99804608041399545     
   81.200000000000003       0.99708985966172725     
   81.270000000000010       0.99835405862552795     
   81.340000000000003       0.99775621317645957     
   81.410000000000011       0.99716644057733617     
   81.480000000000004       0.99649716329315685     
   81.550000000000011       0.99734162295553497     
   81.620000000000005       0.99751158962192843     
   81.690000000000012       0.99782111943524188     
   81.760000000000005       0.99721574349225339     
   81.830000000000013       0.99784260078554821     
   81.900000000000006       0.99795862632705090     
   81.969999999999999       0.99790101478022697     
   82.040000000000006       0.99789371168512486     
   82.110000000000014       0.99761344077180880     
   82.180000000000007       0.99703041478027088     
   82.250000000000000       0.99763255056102484     
   82.320000000000007       0.99616029441944420     
   82.390000000000015       0.99781272765489371     
   82.460000000000008       0.99772263715004217     
   82.530000000000001       0.99797627657422627     
   82.600000000000009       0.99812535288213233     
   82.670000000000016       0.99691809672598097     
   82.740000000000009       0.99842820687015965     
   82.810000000000002       0.99710496607896348     
   82.880000000000010       0.99775124651331681     
   82.950000000000017       0.99857682695281591     
   83.019999999999996       0.99754470065224499     
   83.090000000000003       0.99670281369838565     
   83.160000000000011       0.99783495139118106     
   83.230000000000004       0.99799927651232168     
   83.299999999999997       0.99774855261274698     
   83.370000000000005       0.99715096837861017     
   83.440000000000012       0.99781338280292842     
   83.510000000000005       0.99671422784632346     
   83.579999999999998       0.99747692346649997     
   83.650000000000006       0.99677474058503968     
   83.720000000000013       0.99757760897587922     
   83.790000000000006       0.99657138712259341     
   83.860000000000014       0.99768074371056781     
   83.930000000000007       0.99767256568029927     
   84.000000000000000       0.99728761131192922     
   84.070000000000007       0.99754900226180288     
   84.140000000000015       0.99739435449527603     
   84.210000000000008       0.99709911153196495     
   84.280000000000001       0.99705713846661825     
   84.350000000000009       0.99827594623562443     
   84.420000000000016       0.99840201404791895     
   84.490000000000009       0.99769656764234771     
   84.560000000000002       0.99781670196017658     
   84.630000000000010       0.99638117005912252     
   84.700000000000017       0.99799181494678013     
   84.770000000000010       0.99745212823290252     
   84.840000000000003       0.99800176420778752     
   84.910000000000011       0.99807427144386685     
   84.980000000000018       0.99708690856064208     
   85.049999999999997       0.99729163503944052     
   85.120000000000005       0.99525108344148294     
   85.190000000000012       0.99683541182622060     
   85.260000000000005       0.99831401210221693     
   85.329999999999998       0.99687709985196082     
   85.400000000000006       0.99659839820192364     
   85.470000000000013       0.99718203908224690     
   85.540000000000006       0.99681920274396019     
   85.609999999999999       0.99785543931176734     
   85.680000000000007       0.99760027704445142     
   85.750000000000014       0.99526033191713703     
   85.820000000000007       0.99607061518973716     
   85.890000000000001       0.99754009733840088     
   85.960000000000008       0.99816441263107458     
   86.030000000000001       0.99567822283226970     
   86.100000000000009       0.99721540569856015     
   86.170000000000002       0.99731798610213251     
   86.240000000000009       0.99744382959021793     
   86.310000000000002       0.99750460510860006     
   86.380000000000010       0.99830140436654347     
   86.450000000000003       0.99786367307142387     
   86.520000000000010       0.99707325670904468     
   86.590000000000003       0.99736271139965615     
   86.660000000000011       0.99817827790586933     
   86.730000000000018       0.99663765548366234     
   86.800000000000011       0.99799424791007174     
   86.870000000000005       0.99738782280288318     
   86.940000000000012       0.99806246870246884     
   87.010000000000005       0.99795686850957888     
   87.079999999999998       0.99677206704839816     
   87.150000000000006       0.99725304471239984     
   87.220000000000013       0.99825776772614239     
   87.290000000000006       0.99793846419282695     
   87.359999999999999       0.99760218685503632     
   87.430000000000007       0.99741511326236221     
   87.500000000000014       0.99804739291854994     
   87.570000000000007       0.99771286722534458     
   87.640000000000001       0.99762996639293178     
   87.710000000000008       0.99754675428114203     
   87.780000000000015       0.99838433157929085     
   87.850000000000009       0.99826297977168676     
   87.920000000000002       0.99776304282132133     
   87.990000000000009       0.99772724297202708     
   88.060000000000002       0.99821767414672369     
   88.130000000000010       0.99773673870550150     
   88.200000000000003       0.99653503489613982     
   88.270000000000010       0.99773721032183760     
   88.340000000000003       0.99787729175210638     
   88.410000000000011       0.99723661255616869     
   88.480000000000004       0.99696701597865967     
   88.550000000000011       0.99730008798857706     
   88.620000000000005       0.99754208202133632     
   88.690000000000012       0.99779540826353275     
   88.760000000000005       0.99788371296439515     
   88.830000000000013       0.99824403390352512     
   88.900000000000006       0.99699840179803534     
   88.970000000000013       0.99748356672007943     
   89.040000000000006       0.99771806605464686     
   89.109999999999999       0.99715741147184267     
   89.180000000000007       0.99750166483329228     
   89.250000000000014       0.99735104293653554     
   89.320000000000007       0.99704621313040620     
   89.390000000000001       0.99851535097334665     
   89.460000000000008       0.99668943851004999     
   89.530000000000015       0.99713703349763216     
   89.600000000000009       0.99791203360600378     
   89.670000000000002       0.99896277402100131     
   89.740000000000009       0.99811933305675005     
   89.810000000000016       0.99822898322184372     
   89.880000000000010       0.99702547358901916     
   89.950000000000003       0.99728179677656159     
   90.020000000000010       0.99811204117913799     
   90.090000000000003       0.99837084218057237     
   90.160000000000011       0.99663238181085090     
   90.230000000000004       0.99797504741181819     
   90.300000000000011       0.99711249810916758     
   90.370000000000005       0.99563527439901234     
   90.439999999999998       0.99749229177021614     
   90.510000000000005       0.99641320084623330     
   90.580000000000013       0.99748192123334212     
   90.650000000000006       0.99696832430349480     
   90.720000000000013       0.99709292023870777     
   90.790000000000020       0.99639220432071740     
   90.860000000000014       0.99670541244128097     
   90.929999999999993       0.99880243666927171     
   91.000000000000000       0.99733806197119401     
   91.070000000000007       0.99671221019723055     
   91.140000000000001       0.99837626260292023     
   91.210000000000008       0.99752019427001304     
   91.280000000000015       0.99776881635049375     
   91.350000000000009       0.99742721982033422     
   91.420000000000016       0.99760548494357071     
   91.489999999999995       0.99723525785747047     
   91.560000000000002       0.99827692129477341     
   91.630000000000010       0.99750726571383175     
   91.700000000000003       0.99658268985254683     
   91.770000000000010       0.99726211401276321     
   91.840000000000018       0.99840918983509730     
   91.910000000000011       0.99727612780349850     
   91.980000000000018       0.99653611739116077     
   92.049999999999997       0.99703983285513043     
   92.120000000000005       0.99709818977636400     
   92.189999999999998       0.99771108508567408     
   92.260000000000005       0.99794072761152164     
   92.330000000000013       0.99793405432260940     
   92.400000000000006       0.99785830039393142     
   92.470000000000013       0.99731539229043864     
   92.540000000000020       0.99650533449225731     
   92.610000000000014       0.99773340335149518     
   92.680000000000007       0.99674170462893619     
   92.750000000000000       0.99830832730488928     
   92.820000000000007       0.99765317719397784     
   92.890000000000001       0.99533141756668475     
   92.960000000000008       0.99601350508068431     
   93.030000000000015       0.99719882093595669     
   93.100000000000009       0.99704985737419860     
   93.170000000000016       0.99724804225762231     
   93.239999999999995       0.99711030939470424     
   93.310000000000002       0.99644884945014911     
   93.380000000000010       0.99622285792088372     
   93.450000000000003       0.99794651075618546     
   93.520000000000010       0.99730206325393400     
   93.590000000000018       0.99738616128202506     
   93.660000000000011       0.99790111380587543     
   93.730000000000018       0.99747613390447210     
   93.799999999999997       0.99691559826257714     
   93.870000000000005       0.99816307952868821     
   93.939999999999998       0.99581848880878243     
   94.010000000000005       0.99780464936855517     
   94.080000000000013       0.99773588830659032     
   94.150000000000006       0.99767063704009518     
   94.220000000000013       0.99661520285024452     
   94.290000000000020       0.99635243540624785     
   94.359999999999999       0.99715071550321566     
   94.430000000000007       0.99746142424351225     
   94.500000000000000       0.99683609982175014     
   94.570000000000007       0.99701751409075046     
   94.640000000000015       0.99754435685432286     
   94.710000000000008       0.99636821081506188     
   94.780000000000015       0.99765858089163906     
   94.850000000000023       0.99732900359555687     
   94.920000000000002       0.99721513169794174     
   94.989999999999995       0.99681060884517558     
   95.060000000000002       0.99656914478496916     
   95.130000000000010       0.99804190437631024     
   95.200000000000003       0.99568744886409566     
   95.270000000000010       0.99734249009855525     
   95.340000000000018       0.99678582185118880     
   95.410000000000011       0.99766458107883482     
   95.480000000000004       0.99751864039118876     
   95.549999999999997       0.99751862282714832     
   95.620000000000005       0.99816518136901700     
   95.690000000000012       0.99782435852955875     
   95.760000000000005       0.99676786716023347     
   95.830000000000013       0.99653954251365273     
   95.900000000000020       0.99672576130191937     
   95.970000000000013       0.99670021701773714     
   96.040000000000020       0.99779083329572194     
   96.109999999999999       0.99574253813892744     
   96.180000000000007       0.99556680256521113     
   96.250000000000000       0.99718120464701221     
   96.320000000000007       0.99799774269565644     
   96.390000000000015       0.99654839980723064     
   96.460000000000008       0.99623056747847827     
   96.530000000000015       0.99784577350526016     
   96.600000000000023       0.99617280293086741     
   96.670000000000002       0.99763566402502268     
   96.740000000000009       0.99762655554966306     
   96.810000000000002       0.99763100795670367     
   96.880000000000010       0.99647776516333619     
   96.950000000000003       0.99724888580127546     
   97.020000000000010       0.99709517568350026     
   97.090000000000018       0.99771816927776735     
   97.160000000000011       0.99748946484828949     
   97.230000000000004       0.99775111102749481     
   97.299999999999997       0.99469326974895922     
   97.370000000000005       0.99675808165890412     
   97.440000000000012       0.99807632111955358     
   97.510000000000005       0.99695200513784543     
   97.580000000000013       0.99614457403315748     
   97.650000000000020       0.99754041011790950     
   97.720000000000013       0.99739356036747306     
   97.789999999999992       0.99842708363019672     
   97.859999999999999       0.99723985105503588     
   97.930000000000007       0.99782957577952158     
   98.000000000000000       0.99773409060373519     
   98.070000000000007       0.99661484303069070     
   98.140000000000015       0.99641205005691635     
   98.210000000000008       0.99815148841864676     
   98.280000000000015       0.99461310395723179     
   98.349999999999994       0.99718559116739169     
   98.420000000000002       0.99783162907882494     
   98.490000000000009       0.99741975690535656     
   98.560000000000002       0.99755174824023429     
   98.630000000000010       0.99719360133546864     
   98.700000000000017       0.99655388433817471     
   98.770000000000010       0.99759222112548762     
   98.840000000000018       0.99786717936740443     
   98.910000000000025       0.99763467146308582     
   98.980000000000004       0.99760753315804573     
   99.049999999999997       0.99717951390847248     
   99.120000000000005       0.99779534070994425     
   99.190000000000012       0.99634144928219714     
   99.260000000000005       0.99809259274102125     
   99.330000000000013       0.99731501553132451     
   99.400000000000020       0.99716809579022581     
   99.470000000000013       0.99655366436326609     
   99.540000000000006       0.99802450797663200     
   99.609999999999999       0.99722813299778901     
   99.680000000000007       0.99828555192871282     
   99.750000000000014       0.99878965875723436     
   99.820000000000007       0.99806335041356531     
   99.890000000000015       0.99843001924982167     
