   0.0000000000000000       0.99999999999954248     
   8.0000000000000002E-002  0.88183881155798394     
  0.16000000000000000       0.96078479185355503     
  0.23999999999999999       0.97923227966861381     
  0.32000000000000001       0.71607318794828423     
  0.40000000000000008       0.41865275985709488     
  0.47999999999999998       0.68618979657786106     
  0.56000000000000005       0.73569509268679478     
  0.64000000000000001       0.86819316683406000     
  0.72000000000000008       0.52057723185118721     
  0.80000000000000016       0.76941708070584014     
  0.88000000000000000       0.87736693008470501     
  0.95999999999999996       0.85412911741520925     
   1.0400000000000000       0.84723635085370630     
   1.1200000000000001       0.83897610103833087     
   1.2000000000000002       0.66161345143000450     
   1.2800000000000000       0.75415360306213486     
   1.3600000000000001       0.78053411173256471     
   1.4400000000000002       0.63115861454293531     
   1.5200000000000000       0.78095162049595346     
   1.6000000000000003       0.77453106561040064     
   1.6800000000000002       0.68863003708882919     
   1.7600000000000000       0.79546740365583157     
   1.8400000000000001       0.83731697509962744     
   1.9199999999999999       0.76621555633972183     
   2.0000000000000004       0.81415320937309621     
   2.0800000000000001       0.81248455487820426     
   2.1600000000000001       0.66511601840765999     
   2.2400000000000002       0.84810209200503817     
   2.3199999999999998       0.87615852190116239     
   2.4000000000000004       0.85716092354027840     
   2.4800000000000004       0.87856973441978747     
   2.5600000000000001       0.88039269446086421     
   2.6400000000000001       0.84797784009326715     
   2.7200000000000002       0.72375610208028884     
   2.8000000000000003       0.84347138224871632     
   2.8800000000000003       0.85198039436509809     
   2.9600000000000004       0.79102161083614408     
   3.0400000000000000       0.85365802777973587     
   3.1200000000000001       0.85687919988377503     
   3.2000000000000006       0.86335248491165473     
   3.2800000000000002       0.85947961031243725     
   3.3600000000000003       0.85844095404298881     
   3.4400000000000004       0.87795006531931263     
   3.5200000000000000       0.84998688741726858     
   3.6000000000000001       0.86059810640063228     
   3.6800000000000002       0.85297639194693442     
   3.7600000000000002       0.81888349515163683     
   3.8399999999999999       0.79968875456224031     
   3.9200000000000008       0.82790108691419251     
   4.0000000000000009       0.85160415736793982     
   4.0800000000000001       0.86153225650769860     
   4.1600000000000001       0.86075476436684151     
   4.2400000000000002       0.86141800019069070     
   4.3200000000000003       0.83700190252029227     
   4.4000000000000004       0.87500004126996900     
   4.4800000000000004       0.79243619330294857     
   4.5600000000000005       0.88595201681404756     
   4.6399999999999997       0.87509593507554195     
   4.7200000000000006       0.83901431885898037     
   4.8000000000000007       0.89531651309044158     
   4.8800000000000008       0.88429120720033172     
   4.9600000000000009       0.87527779141785145     
   5.0400000000000009       0.88340369277212427     
   5.1200000000000001       0.74653492278940103     
   5.2000000000000002       0.87099939088226164     
   5.2800000000000002       0.89744770168815957     
   5.3600000000000003       0.89054272064720208     
   5.4400000000000004       0.84306804217054909     
   5.5200000000000005       0.88208872572981545     
   5.6000000000000005       0.89518912679539187     
   5.6800000000000006       0.87855712384970430     
   5.7600000000000007       0.88666694006438773     
   5.8400000000000007       0.87167133363895277     
   5.9200000000000008       0.86739984097640810     
   6.0000000000000009       0.87012810870567936     
   6.0800000000000001       0.86460389854778807     
   6.1600000000000001       0.87726732824799369     
   6.2400000000000002       0.87064966075207417     
   6.3200000000000003       0.87850938147088231     
   6.4000000000000012       0.88186079955747210     
   6.4800000000000004       0.89492181504745527     
   6.5600000000000005       0.89732489810640581     
   6.6400000000000006       0.88894949091341258     
   6.7200000000000006       0.89773988851239117     
   6.8000000000000007       0.86823970267390382     
   6.8800000000000008       0.89289932631404989     
   6.9600000000000009       0.89595987378973729     
   7.0400000000000000       0.90174592679413546     
   7.1200000000000001       0.88917440077786525     
   7.2000000000000002       0.90016699702775005     
   7.2800000000000002       0.90166305073229847     
   7.3600000000000003       0.88433254929846594     
   7.4400000000000004       0.89795040980624585     
   7.5200000000000005       0.90173437325368244     
   7.5999999999999996       0.90546806889586606     
   7.6799999999999997       0.91028571371702716     
   7.7600000000000016       0.90335417559446873     
   7.8400000000000016       0.91528127702749518     
   7.9200000000000008       0.90998421489984227     
   8.0000000000000018       0.90046861316333637     
   8.0800000000000018       0.91904143728293164     
   8.1600000000000001       0.90137361352239165     
   8.2400000000000002       0.92348325209452775     
   8.3200000000000003       0.91934735564283965     
   8.4000000000000004       0.89570600988569826     
   8.4800000000000004       0.85765846659643974     
   8.5600000000000005       0.88807706314275459     
   8.6400000000000006       0.89282337456886740     
   8.7200000000000006       0.92044531599918922     
   8.8000000000000007       0.91568525663422928     
   8.8800000000000008       0.91713094328831868     
   8.9600000000000009       0.91994220360729506     
   9.0400000000000009       0.92015831257708669     
   9.1200000000000010       0.92200830242028897     
   9.2000000000000011       0.92034154678328528     
   9.2799999999999994       0.92063944575003720     
   9.3599999999999994       0.91689956901841396     
   9.4400000000000013       0.91000706671394160     
   9.5200000000000014       0.88601345178165469     
   9.6000000000000014       0.90581437602777826     
   9.6800000000000015       0.90963029118034378     
   9.7600000000000016       0.91076051710094541     
   9.8400000000000016       0.90784335592239440     
   9.9200000000000017       0.91422127342033566     
   10.000000000000002       0.91272275045181139     
   10.080000000000002       0.92009687371012283     
   10.160000000000000       0.91961670344741320     
   10.240000000000000       0.91761125693710910     
   10.320000000000000       0.92165358225557170     
   10.400000000000000       0.91611270279598533     
   10.480000000000000       0.91744756636567837     
   10.560000000000000       0.91002326885294182     
   10.640000000000001       0.89128626629413776     
   10.720000000000001       0.91454539168163318     
   10.800000000000001       0.91572279197270834     
   10.880000000000001       0.91414316821569752     
   10.960000000000001       0.91987386502533186     
   11.040000000000001       0.92133758317519965     
   11.120000000000001       0.91857956937118457     
   11.200000000000001       0.91466873498742440     
   11.280000000000001       0.91994182826914295     
   11.360000000000001       0.91393954881951356     
   11.440000000000001       0.92231883690926808     
   11.520000000000001       0.91480602636220720     
   11.600000000000001       0.92028395851507960     
   11.680000000000001       0.91283868023871895     
   11.760000000000002       0.92267419846529397     
   11.840000000000002       0.92289263198822513     
   11.920000000000002       0.91885932338049647     
   12.000000000000002       0.91794967399047478     
   12.080000000000000       0.92216599672969712     
   12.160000000000000       0.91772000894055450     
   12.240000000000000       0.91864584148066641     
   12.320000000000000       0.91798173995042631     
   12.400000000000000       0.92339568672997052     
   12.480000000000000       0.92280703778797890     
   12.560000000000000       0.92619444954308783     
   12.640000000000001       0.92033103392710180     
   12.720000000000001       0.91950475036951795     
   12.800000000000002       0.91442077953895629     
   12.880000000000003       0.91445946340094164     
   12.960000000000001       0.90673352617768488     
   13.040000000000001       0.91309827969206292     
   13.120000000000001       0.91539929395854758     
   13.200000000000001       0.91375448835918049     
   13.280000000000001       0.91367072570579999     
   13.360000000000001       0.91368579319631293     
   13.440000000000001       0.91485398864497403     
   13.520000000000001       0.90855572988497102     
   13.600000000000001       0.91386247495399109     
   13.680000000000001       0.91888268936679929     
   13.760000000000002       0.90939955996637967     
   13.840000000000002       0.91326278938481942     
   13.920000000000002       0.91110079001365907     
   14.000000000000002       0.91362280512029992     
   14.080000000000000       0.91512368874202110     
   14.160000000000000       0.91780513651438778     
   14.240000000000000       0.92009896660806467     
   14.320000000000000       0.91939584889902437     
   14.400000000000000       0.91471586200397181     
   14.480000000000000       0.91860588406027743     
   14.560000000000000       0.91588981756277266     
   14.640000000000001       0.91964491481696131     
   14.720000000000001       0.91741685919247318     
   14.800000000000001       0.91810003980993693     
   14.880000000000001       0.91537575297863405     
   14.960000000000001       0.92012276132608606     
   15.040000000000001       0.91961516614595784     
   15.119999999999999       0.92000547553417222     
   15.199999999999999       0.91811321928836209     
   15.279999999999999       0.92000893618036139     
   15.359999999999999       0.91302848608229614     
   15.440000000000003       0.91946096379788522     
   15.520000000000003       0.91427052642926698     
   15.600000000000003       0.91671091712809716     
   15.680000000000003       0.91616269467104794     
   15.760000000000002       0.91426825436305736     
   15.840000000000002       0.91848511888332285     
   15.920000000000002       0.91175695965313841     
   16.000000000000004       0.91475289589226083     
   16.080000000000002       0.91525973893862389     
   16.160000000000004       0.91268109695575872     
   16.240000000000002       0.91362458804796620     
   16.320000000000000       0.91568871748775160     
   16.400000000000002       0.90747265369815033     
   16.480000000000000       0.91451797067332918     
   16.560000000000002       0.91862011082254080     
   16.640000000000001       0.92036446884327761     
   16.720000000000002       0.91421816624194330     
   16.800000000000001       0.91434873136420047     
   16.880000000000003       0.91774887112064463     
   16.960000000000001       0.91567526454501313     
   17.040000000000003       0.91670815879522538     
   17.120000000000001       0.91671119695356862     
   17.200000000000003       0.91504703012358002     
   17.280000000000001       0.91910706174193724     
   17.360000000000003       0.91608954480799953     
   17.440000000000001       0.91496752707828966     
   17.520000000000000       0.91808442683218194     
   17.600000000000001       0.91846295817546819     
   17.680000000000000       0.91415958904840011     
   17.760000000000002       0.91803433771035814     
   17.840000000000000       0.91525907903430526     
   17.920000000000002       0.91403195043145247     
   18.000000000000000       0.91722809743815992     
   18.080000000000002       0.90996321039378525     
   18.160000000000000       0.91507785926487883     
   18.240000000000002       0.91626882952528210     
   18.320000000000000       0.91508397479916437     
   18.400000000000002       0.91140094187324572     
   18.480000000000000       0.91537185653626219     
   18.559999999999999       0.90957112257504302     
   18.640000000000001       0.91507586100519855     
   18.719999999999999       0.91726327015862008     
   18.800000000000004       0.91402316141177531     
   18.880000000000003       0.91490976064835794     
   18.960000000000004       0.91510034563000953     
   19.040000000000003       0.91415853878692344     
   19.120000000000001       0.91440913482517172     
   19.200000000000003       0.91109497343356849     
   19.280000000000001       0.91408378398299428     
   19.360000000000003       0.91546443169227021     
   19.440000000000001       0.91719543883914523     
   19.520000000000003       0.91700781017008048     
   19.600000000000001       0.91660177995978742     
   19.680000000000003       0.91305988355794088     
   19.760000000000002       0.91213464181809556     
   19.840000000000003       0.91167971085890331     
   19.920000000000002       0.91427205419683955     
   20.000000000000004       0.91268480213972070     
   20.080000000000002       0.91257916403912509     
   20.160000000000004       0.91160130379087601     
   20.240000000000002       0.91538952962955877     
   20.320000000000000       0.91149071120859859     
   20.400000000000002       0.91242379405503615     
   20.480000000000000       0.91214381189785532     
   20.560000000000002       0.91067579251339481     
   20.640000000000001       0.90871378216990628     
   20.720000000000002       0.91047704369220850     
   20.800000000000001       0.90968972262357983     
   20.880000000000003       0.91142660125850383     
   20.960000000000001       0.90882393785047011     
   21.040000000000003       0.90845177743155270     
   21.120000000000001       0.91211727703960677     
   21.200000000000003       0.90729799832725000     
   21.280000000000001       0.91013597909918931     
   21.359999999999999       0.90645896791967062     
   21.440000000000001       0.90931076641975961     
   21.520000000000000       0.90964626570109286     
   21.600000000000001       0.91114290749847782     
   21.680000000000000       0.90323749971311174     
   21.760000000000002       0.90836198302766769     
   21.840000000000000       0.90552210572417136     
   21.920000000000002       0.90740519361983496     
   22.000000000000000       0.90651392571720513     
   22.080000000000002       0.91177954541310247     
   22.160000000000000       0.90465594181218434     
   22.240000000000002       0.90874902394465717     
   22.320000000000004       0.90731771846392295     
   22.400000000000002       0.90416526972504618     
   22.480000000000004       0.90846007192882827     
   22.560000000000002       0.90455443231137100     
   22.640000000000004       0.90806784187826128     
   22.720000000000002       0.90833413911647987     
   22.800000000000004       0.90683696061815100     
   22.880000000000003       0.90295802616868281     
   22.960000000000004       0.90604138463854833     
   23.040000000000003       0.90241005601812252     
   23.120000000000001       0.90359363762622247     
   23.200000000000003       0.90267711802077033     
   23.280000000000001       0.90483527860285251     
   23.360000000000003       0.90616247769087221     
   23.440000000000001       0.90344471627566614     
   23.520000000000003       0.90122923696430135     
   23.600000000000001       0.90291394876710040     
   23.680000000000003       0.90328750476209096     
   23.760000000000002       0.90052545439953413     
   23.840000000000003       0.90439387845998176     
   23.920000000000002       0.90223481903644409     
   24.000000000000004       0.90491216767180416     
   24.080000000000002       0.90107456986850210     
   24.160000000000000       0.89761546894239086     
   24.240000000000002       0.90087588436494004     
   24.320000000000000       0.90111528671666385     
   24.400000000000002       0.90386216527241026     
   24.480000000000000       0.90376312079096566     
   24.560000000000002       0.90228573873189710     
   24.640000000000001       0.90211967281428884     
   24.720000000000002       0.89908862622588237     
   24.800000000000001       0.89925494474130352     
   24.880000000000003       0.89975736079535129     
   24.960000000000001       0.89882465082873897     
   25.040000000000003       0.90051547716180724     
   25.120000000000001       0.89581701185015694     
   25.199999999999999       0.89722998072864069     
   25.280000000000001       0.89660128313069076     
   25.359999999999999       0.89783097019253233     
   25.440000000000001       0.90308704351201541     
   25.520000000000000       0.89693173159828243     
   25.600000000000005       0.90047398091126740     
   25.680000000000003       0.89666981899202725     
   25.760000000000005       0.89896310945142499     
   25.840000000000000       0.89622481133512011     
   25.920000000000002       0.90104011351103708     
   26.000000000000000       0.89614341831431998     
   26.080000000000002       0.89953630835959852     
   26.160000000000000       0.89519651216914242     
   26.240000000000002       0.89870220864472872     
   26.320000000000000       0.89670928247064330     
   26.400000000000002       0.89867241882139548     
   26.480000000000000       0.89605774287499884     
   26.560000000000002       0.89732033178127457     
   26.640000000000001       0.89820177210650853     
   26.720000000000002       0.89387034026193801     
   26.800000000000001       0.89578726496484451     
   26.880000000000003       0.89184917119445895     
   26.960000000000001       0.89656253380888151     
   27.040000000000003       0.89184276713152155     
   27.120000000000001       0.89661343010726613     
   27.200000000000003       0.89373026343634154     
   27.280000000000001       0.89245331350778756     
   27.360000000000003       0.89480089135499552     
   27.440000000000005       0.89571140140427452     
   27.520000000000003       0.89318306362677136     
   27.600000000000005       0.89529473365225054     
   27.680000000000003       0.88951882046365394     
   27.760000000000005       0.89242467606739084     
   27.840000000000003       0.89002328169052869     
   27.920000000000005       0.89472590764732085     
   28.000000000000004       0.89277400172987365     
   28.080000000000005       0.89101482873505955     
   28.160000000000000       0.88911117741167600     
   28.240000000000006       0.89006689497887659     
   28.320000000000000       0.89073435213144003     
   28.400000000000006       0.88875087221110916     
   28.480000000000000       0.88932566891422216     
   28.560000000000006       0.89072854408154911     
   28.640000000000001       0.88752791558697752     
   28.720000000000002       0.88553402740116105     
   28.800000000000001       0.89220177205813811     
   28.880000000000003       0.89169120018772829     
   28.960000000000001       0.89150252627372506     
   29.040000000000003       0.88648566317683686     
   29.120000000000001       0.89056859139385547     
   29.200000000000003       0.89113908817012399     
   29.280000000000001       0.88767900685410206     
   29.360000000000003       0.88490892769703855     
   29.440000000000001       0.88628024807700279     
   29.520000000000003       0.88434640183123192     
   29.600000000000001       0.88703752869536145     
   29.680000000000003       0.88770659448704425     
   29.760000000000002       0.88841592561546845     
   29.840000000000003       0.88523347697191912     
   29.920000000000002       0.88656319145287565     
   30.000000000000004       0.88870599898594993     
   30.080000000000002       0.88604824910154489     
   30.160000000000004       0.88295529463116929     
   30.239999999999998       0.88669109730740259     
   30.320000000000004       0.88364169233440604     
   30.399999999999999       0.88633427925290020     
   30.480000000000004       0.88741291660667143     
   30.559999999999999       0.88511194345473176     
   30.640000000000004       0.88257453074852033     
   30.719999999999999       0.88335213480365526     
   30.800000000000004       0.88387284284585954     
   30.880000000000006       0.88463790199905201     
   30.960000000000001       0.88272765634790373     
   31.040000000000006       0.88132027268283764     
   31.120000000000001       0.88294233473953132     
   31.200000000000006       0.88114889138476882     
   31.280000000000001       0.88050899972766705     
   31.360000000000007       0.88153071543374240     
   31.440000000000001       0.88195024253795562     
   31.520000000000003       0.88053430508823094     
   31.600000000000001       0.88026219437727837     
   31.680000000000003       0.87778369022368863     
   31.760000000000002       0.87957350138765433     
   31.840000000000003       0.87673624422993457     
   31.920000000000002       0.87895694295464932     
   32.000000000000007       0.87893743272555547     
   32.079999999999998       0.87855749229979663     
   32.160000000000004       0.87974271827967276     
   32.240000000000002       0.88241827940361672     
   32.320000000000007       0.87415924200948480     
   32.399999999999999       0.87554116881272981     
   32.480000000000004       0.88064433253874574     
   32.560000000000002       0.87676405355879428     
   32.640000000000001       0.87615631137777195     
   32.719999999999999       0.87772059390816826     
   32.800000000000004       0.87473803193807143     
   32.880000000000003       0.87334686554325003     
   32.960000000000001       0.87168918278131624     
   33.039999999999999       0.87728587538586467     
   33.120000000000005       0.87545989312206840     
   33.200000000000003       0.87781933267637891     
   33.280000000000001       0.87543759446984515     
   33.359999999999999       0.87777559184121678     
   33.440000000000005       0.87933547275076418     
   33.520000000000003       0.87836618034244096     
   33.600000000000001       0.87747638631973879     
   33.680000000000000       0.87369192228945680     
   33.760000000000005       0.87393154582273924     
   33.840000000000003       0.87345425943780264     
   33.920000000000002       0.87156117091406482     
   34.000000000000000       0.87430377971883377     
   34.080000000000005       0.87424641142903858     
   34.160000000000004       0.87119404167772263     
   34.240000000000002       0.87411409055783273     
   34.320000000000007       0.87407204896142210     
   34.400000000000006       0.87318499192899834     
   34.480000000000004       0.87352745105696672     
   34.560000000000002       0.87427752167109174     
   34.640000000000008       0.87006637161520162     
   34.720000000000006       0.87141034858611022     
   34.800000000000004       0.87544914365004278     
   34.880000000000003       0.87564040116542097     
   34.960000000000008       0.86909558054892533     
   35.039999999999999       0.87505383382566837     
   35.120000000000005       0.87114302386569364     
   35.200000000000003       0.87327694800792177     
   35.280000000000008       0.87194146139201656     
   35.359999999999999       0.86852276042460652     
   35.440000000000005       0.86717233037510999     
   35.520000000000003       0.87055176188030725     
   35.600000000000001       0.86839117806067367     
   35.680000000000000       0.87086745350056938     
   35.760000000000005       0.87018884558320131     
   35.840000000000003       0.86807316648354060     
   35.920000000000002       0.86924340699477254     
   36.000000000000000       0.86893795249408745     
   36.080000000000005       0.87164419357323220     
   36.160000000000004       0.86945011836748487     
   36.240000000000002       0.86989747459021050     
   36.320000000000000       0.87110972913437312     
   36.400000000000006       0.86782339254074325     
   36.480000000000004       0.86693119362940674     
   36.560000000000002       0.86589467671144105     
   36.640000000000001       0.86850779335307138     
   36.720000000000006       0.86874306736946305     
   36.800000000000004       0.86674302241307200     
   36.880000000000003       0.86792519966792248     
   36.960000000000001       0.86277473460412180     
   37.040000000000006       0.86521821086411399     
   37.119999999999997       0.86936777376688334     
   37.200000000000003       0.86264175423292322     
   37.280000000000001       0.86399045635812433     
   37.360000000000007       0.86526470149174528     
   37.439999999999998       0.86599231886072126     
   37.520000000000003       0.86473706673669581     
   37.600000000000009       0.86769891193116877     
   37.680000000000000       0.86108802479276125     
   37.760000000000005       0.86217761535536952     
   37.840000000000003       0.86664070613877886     
   37.920000000000009       0.86747154512756697     
   38.000000000000000       0.86055330102922378     
   38.080000000000005       0.86476666179125916     
   38.160000000000004       0.86063592163525060     
   38.240000000000002       0.86180791562815373     
   38.320000000000000       0.86107067129753645     
   38.400000000000006       0.86546444972079062     
   38.480000000000004       0.86662607391611490     
   38.560000000000002       0.86466759283086536     
   38.640000000000001       0.86545157058904076     
   38.720000000000006       0.86217267803813336     
   38.800000000000004       0.86070383420830998     
   38.880000000000003       0.85928150569599926     
   38.960000000000001       0.85986127596162765     
   39.040000000000006       0.86358559462048201     
   39.120000000000005       0.85954148619978021     
   39.200000000000003       0.86003389843707301     
   39.280000000000001       0.86368960714328391     
   39.360000000000007       0.85888837397700668     
   39.440000000000005       0.86437952534717877     
   39.520000000000003       0.86126957590798847     
   39.600000000000001       0.86436295455809664     
   39.680000000000007       0.85893699373183130     
   39.759999999999998       0.86243897147522153     
   39.840000000000003       0.86063591967111119     
   39.920000000000002       0.85687669866155702     
   40.000000000000007       0.86196625809306060     
   40.079999999999998       0.85669102803150277     
   40.160000000000004       0.85698783452483474     
   40.240000000000002       0.85777769098022472     
   40.320000000000007       0.85886462299770006     
   40.399999999999999       0.85570934750277594     
   40.480000000000004       0.85551075137264310     
   40.560000000000002       0.85495186048088379     
   40.640000000000001       0.85743784080555485     
   40.719999999999999       0.85663095285764790     
   40.800000000000004       0.85710023236845123     
   40.880000000000003       0.85627424726096946     
   40.960000000000001       0.85866175937717126     
   41.040000000000006       0.85608825484053885     
   41.120000000000005       0.85428156969780555     
   41.200000000000003       0.85740308015005684     
   41.280000000000001       0.85854373282729501     
   41.360000000000007       0.85500922543096947     
   41.440000000000005       0.85643929429505972     
   41.520000000000003       0.85603383049153436     
   41.600000000000001       0.85720462944622267     
   41.680000000000007       0.86055384125656820     
   41.760000000000005       0.85485296376085917     
   41.840000000000003       0.85202427580407925     
   41.920000000000002       0.85151908887294625     
   42.000000000000007       0.84993218447528340     
   42.080000000000005       0.85760450752144679     
   42.160000000000004       0.85640638932022817     
   42.240000000000002       0.85473040715283244     
   42.320000000000007       0.85243017642767249     
   42.400000000000006       0.85614062188824247     
   42.480000000000004       0.85302471733175622     
   42.560000000000002       0.85686561322414878     
   42.640000000000008       0.85290418553402236     
   42.719999999999999       0.84922040668799259     
   42.800000000000004       0.85202943490106520     
   42.880000000000003       0.84915025019725088     
   42.960000000000008       0.85548447732783350     
   43.039999999999999       0.85710183598368783     
   43.120000000000005       0.85566311710413612     
   43.200000000000003       0.85146009750897700     
   43.280000000000001       0.85731973500759107     
   43.359999999999999       0.85308073982067312     
   43.440000000000005       0.84894791309575635     
   43.520000000000003       0.85367124308362985     
   43.600000000000001       0.85536244788310578     
   43.680000000000000       0.85277098114521144     
   43.760000000000005       0.85140456831646916     
   43.840000000000003       0.85154763517670218     
   43.920000000000002       0.85583684065903420     
   44.000000000000000       0.84725550534634697     
   44.080000000000005       0.84674811032041819     
   44.160000000000004       0.85241910412464295     
   44.240000000000002       0.84721015726619786     
   44.320000000000000       0.84556923886604241     
   44.400000000000006       0.84744984199464557     
   44.480000000000004       0.84739452889214639     
   44.560000000000002       0.85510553217132779     
   44.640000000000008       0.85108035403132531     
   44.720000000000006       0.85061924621771778     
   44.800000000000004       0.84594449684388451     
   44.880000000000003       0.84683415088223979     
   44.960000000000008       0.84608761924316045     
   45.040000000000006       0.85143640164405587     
   45.120000000000005       0.84410100651682096     
   45.200000000000003       0.84589631754164130     
   45.280000000000008       0.84780830007552210     
   45.360000000000007       0.84540510069012031     
   45.440000000000005       0.85164691516914048     
   45.520000000000003       0.84529829881272145     
   45.600000000000009       0.84398511726088910     
   45.680000000000000       0.84965220363387994     
   45.760000000000005       0.84831079723736291     
   45.840000000000003       0.84347129079296679     
   45.920000000000009       0.85192100286487782     
   46.000000000000000       0.84818149135749665     
   46.080000000000005       0.84638287368946874     
   46.160000000000004       0.84654071597518321     
   46.240000000000002       0.84438425806672335     
   46.320000000000000       0.84769428381790313     
   46.400000000000006       0.84574678655040703     
   46.480000000000004       0.84109579185820205     
   46.560000000000002       0.84842940441026327     
   46.640000000000001       0.84760011987958528     
   46.720000000000006       0.84694738305169937     
   46.800000000000004       0.84819362462362680     
   46.880000000000003       0.84911483833256407     
   46.960000000000001       0.84427166593204672     
   47.040000000000006       0.84371705032802746     
   47.120000000000005       0.84187293833737931     
   47.200000000000003       0.85076034485833008     
   47.280000000000001       0.84503424191647414     
   47.360000000000007       0.84378381978419348     
   47.440000000000005       0.84325689326286324     
   47.520000000000003       0.84674715582276983     
   47.600000000000001       0.84842573511035113     
   47.680000000000007       0.84279335456138993     
   47.759999999999998       0.84463229399569251     
   47.840000000000003       0.84839965104107429     
   47.920000000000009       0.84688909006343216     
   48.000000000000007       0.84681056622414286     
   48.080000000000005       0.84455048328783255     
   48.160000000000004       0.84441364597837887     
   48.240000000000009       0.84260562370810255     
   48.320000000000000       0.84143716122971057     
   48.400000000000006       0.84759401020773639     
   48.480000000000004       0.84314663047664107     
   48.560000000000009       0.84535965773876265     
   48.640000000000001       0.84490935219970886     
   48.720000000000006       0.83751139051110846     
   48.800000000000004       0.84840469816725705     
   48.880000000000003       0.84215956359557165     
   48.960000000000001       0.83839713314470665     
   49.040000000000006       0.84338111256607839     
   49.120000000000005       0.83941284612413580     
   49.200000000000003       0.84024472815072571     
   49.280000000000001       0.84051078098739784     
   49.360000000000007       0.84251395436420784     
   49.440000000000005       0.84009841737853908     
   49.520000000000003       0.84004746000239905     
   49.600000000000001       0.84267832289435396     
   49.680000000000007       0.84010286115448196     
   49.760000000000005       0.84378387189791537     
   49.840000000000003       0.83942191798957411     
   49.920000000000002       0.84061077724890942     
   50.000000000000007       0.83686825004421950     
   50.080000000000005       0.83764159792465454     
   50.160000000000004       0.84313676111660718     
   50.240000000000002       0.84315817819564143     
   50.320000000000007       0.84079334148139062     
   50.399999999999999       0.84125235716378266     
   50.480000000000004       0.83558654683868827     
   50.560000000000002       0.83768868537870000     
   50.640000000000008       0.83544194192502164     
   50.719999999999999       0.84021583716682890     
   50.800000000000004       0.83674253106723318     
   50.880000000000003       0.83804670225937694     
   50.960000000000008       0.84102212828864464     
   51.039999999999999       0.83894011206418617     
   51.120000000000005       0.83346584379443212     
   51.200000000000010       0.83575402693975143     
   51.280000000000001       0.84161502262996801     
   51.360000000000007       0.83732338525188499     
   51.440000000000005       0.83495717518463008     
   51.520000000000010       0.83270303395620138     
   51.600000000000001       0.83526174021608168     
   51.680000000000000       0.84150592856350925     
   51.760000000000005       0.83889386960749746     
   51.840000000000003       0.83913409549709828     
   51.920000000000009       0.83518477681000436     
   52.000000000000000       0.83281961215068223     
   52.080000000000005       0.84055807863134668     
   52.160000000000004       0.83830877450779040     
   52.240000000000009       0.83726632374336318     
   52.320000000000000       0.84055398417904836     
   52.400000000000006       0.83485996619607672     
   52.480000000000004       0.84121509452359078     
   52.560000000000009       0.84389905340288240     
   52.640000000000001       0.83658592030260004     
   52.720000000000006       0.84098755085476895     
   52.800000000000004       0.84122578094143630     
   52.880000000000010       0.83308355181633964     
   52.960000000000001       0.83615903811709535     
   53.040000000000006       0.83679802422273464     
   53.120000000000005       0.83389220982008250     
   53.200000000000010       0.82694252381913469     
   53.280000000000001       0.83321279702847584     
   53.359999999999999       0.83409149112280012     
   53.440000000000005       0.83393286903885966     
   53.520000000000010       0.83583841478439247     
   53.600000000000001       0.83651311406076578     
   53.680000000000000       0.82978004599169508     
   53.760000000000005       0.83478989682591787     
   53.840000000000011       0.83615436119053377     
   53.920000000000002       0.83416534869361936     
   54.000000000000000       0.83719727248908660     
   54.080000000000005       0.83507937490678918     
   54.160000000000011       0.83107770650480417     
   54.240000000000002       0.83744090180847996     
   54.320000000000000       0.83462636202568941     
   54.400000000000006       0.83216098849832831     
   54.480000000000011       0.83122228016849731     
   54.560000000000002       0.83206815960563196     
   54.640000000000001       0.83161413418156904     
   54.720000000000006       0.83079458458297162     
   54.800000000000004       0.83529098138104141     
   54.880000000000010       0.83391941820857896     
   54.960000000000001       0.83176494235596621     
   55.040000000000006       0.83448935460157514     
   55.120000000000005       0.83536859458663426     
   55.200000000000010       0.83511330359571434     
   55.280000000000001       0.83215337939396339     
   55.360000000000007       0.83042566168506127     
   55.440000000000005       0.83351160032038130     
   55.520000000000010       0.82885648389922717     
   55.600000000000001       0.82970096572292018     
   55.680000000000007       0.82773114522643554     
   55.760000000000005       0.83389211914844841     
   55.840000000000011       0.82754940252126796     
   55.920000000000002       0.83190865250026724     
   56.000000000000007       0.82937119424458683     
   56.080000000000005       0.82546460598942939     
   56.160000000000011       0.83004078969279182     
   56.240000000000002       0.82832588318572198     
   56.320000000000000       0.82528523672416920     
   56.400000000000006       0.82929472545724203     
   56.480000000000011       0.83004952516033337     
   56.560000000000002       0.83190198899923484     
   56.640000000000001       0.82578133002263310     
   56.720000000000006       0.82506664561424881     
   56.800000000000011       0.82581805428539667     
   56.880000000000003       0.82700864219006343     
   56.960000000000001       0.82849854643968224     
   57.040000000000006       0.83019517079915583     
   57.120000000000012       0.83056821479583343     
   57.200000000000003       0.82862266489450953     
   57.280000000000001       0.82621817182146429     
   57.360000000000007       0.83075757488367052     
   57.440000000000005       0.83012066382991834     
   57.520000000000003       0.82693310670607645     
   57.600000000000001       0.83064129204927595     
   57.680000000000007       0.82913964633073778     
   57.760000000000005       0.82704909793181447     
   57.839999999999996       0.82764884352135737     
   57.920000000000002       0.83072973926986871     
   58.000000000000007       0.82491969083225192     
   58.080000000000005       0.83173319572554116     
   58.160000000000011       0.82881488642250445     
   58.240000000000002       0.82748400984591386     
   58.320000000000007       0.82385474250985968     
   58.400000000000006       0.82615121742965425     
   58.480000000000011       0.82810251526385403     
   58.560000000000002       0.82668197291218781     
   58.640000000000008       0.82638762689011891     
   58.720000000000006       0.82485498828458348     
   58.800000000000011       0.82515282421468505     
   58.880000000000003       0.83008309190620877     
   58.960000000000001       0.83179132596860328     
   59.040000000000006       0.83008366332998451     
   59.120000000000012       0.82592776138725799     
   59.200000000000003       0.83168552454606814     
   59.280000000000001       0.82495666489972841     
   59.360000000000007       0.82414565689689645     
   59.440000000000012       0.82741583728100709     
   59.520000000000003       0.82793053962772134     
   59.600000000000001       0.82425689547359560     
   59.680000000000007       0.82735180657770291     
   59.760000000000012       0.82958465728528696     
   59.840000000000003       0.82832074488154284     
   59.920000000000002       0.82830761185361990     
   60.000000000000007       0.82661570356067970     
   60.080000000000013       0.83070628547071612     
   60.160000000000004       0.82966258957390238     
   60.240000000000002       0.82670199967243352     
   60.320000000000007       0.82450816120522252     
   60.400000000000006       0.82577088190114045     
   60.479999999999997       0.82480275601610975     
   60.560000000000002       0.81434346679314118     
   60.640000000000008       0.82326844038572711     
   60.720000000000006       0.82514211543094584     
   60.799999999999997       0.82396739132001917     
   60.880000000000003       0.82822481543592952     
   60.960000000000008       0.82526665528731535     
   61.040000000000006       0.82728237798425175     
   61.119999999999997       0.82447600525737486     
   61.200000000000003       0.82470860124315515     
   61.280000000000008       0.82308360605337916     
   61.360000000000007       0.82277596777510065     
   61.439999999999998       0.82839838446716241     
   61.520000000000003       0.82598792776149343     
   61.600000000000009       0.82845446410740553     
   61.680000000000007       0.82770330920201685     
   61.760000000000012       0.82573895052473634     
   61.840000000000003       0.82629223983061240     
   61.920000000000002       0.82425864773718927     
   62.000000000000007       0.82761607050394015     
   62.080000000000013       0.82623783705863529     
   62.160000000000004       0.82290984348303409     
   62.240000000000002       0.82286499387176026     
   62.320000000000007       0.81924886732398949     
   62.400000000000013       0.82171663768752390     
   62.480000000000004       0.82587235702965422     
   62.560000000000002       0.82211367409611669     
   62.640000000000008       0.82827548120869343     
   62.720000000000013       0.82333248582702601     
   62.800000000000004       0.82346764896210511     
   62.880000000000003       0.82648012095235168     
   62.960000000000008       0.82338940472964017     
   63.040000000000006       0.82631649796646511     
   63.120000000000005       0.81896129436384557     
   63.200000000000003       0.82325943687860637     
   63.280000000000008       0.81992608073959561     
   63.360000000000007       0.82454821873912842     
   63.439999999999998       0.82550654613103291     
   63.520000000000003       0.81965080886734554     
   63.600000000000009       0.81992923033558618     
   63.680000000000007       0.82536257137368974     
   63.759999999999998       0.82047200513549001     
   63.840000000000003       0.82154886944746508     
   63.920000000000009       0.81947441947483168     
   64.000000000000014       0.82380908384685680     
   64.079999999999998       0.83024919539274089     
   64.159999999999997       0.82126137516568254     
   64.240000000000009       0.82227160726124715     
   64.320000000000007       0.81836890516739624     
   64.400000000000006       0.82246078036347714     
   64.480000000000004       0.82027843413847690     
   64.560000000000002       0.81628203569881852     
   64.640000000000015       0.82028647417667522     
   64.719999999999999       0.82068220389366309     
   64.799999999999997       0.82061507050906801     
   64.880000000000010       0.82016649882923776     
   64.960000000000008       0.81679022271934343     
   65.040000000000006       0.81818911097300939     
   65.120000000000005       0.81505288619964378     
   65.200000000000003       0.81268311256491732     
   65.280000000000001       0.82201155518369429     
   65.360000000000014       0.82503231043387537     
   65.439999999999998       0.81936363285536007     
   65.520000000000010       0.81622290636472461     
   65.600000000000009       0.82305082544494512     
   65.680000000000007       0.81971728170435287     
   65.760000000000005       0.81969708177079936     
   65.840000000000003       0.81331838160999725     
   65.920000000000002       0.82113074766072636     
   66.000000000000014       0.81954640226926567     
   66.079999999999998       0.81637224763195082     
   66.160000000000011       0.82478185806333315     
   66.240000000000009       0.81850795356154116     
   66.320000000000007       0.82181666002177300     
   66.400000000000006       0.82341556268529026     
   66.480000000000004       0.81824369526737595     
   66.560000000000002       0.81754599264203487     
   66.640000000000015       0.81407518878662355     
   66.719999999999999       0.82173415201627109     
   66.799999999999997       0.82624765024940794     
   66.880000000000010       0.81068465296661818     
   66.960000000000008       0.81678057186445729     
   67.040000000000006       0.81709733795031558     
   67.120000000000005       0.81944007175154709     
   67.200000000000003       0.81558013748933622     
   67.280000000000015       0.82479088406832068     
   67.359999999999999       0.82234405910935815     
   67.439999999999998       0.82036209942041738     
   67.520000000000010       0.82006035076920381     
   67.600000000000009       0.82147852034811908     
   67.680000000000007       0.81892403395936630     
   67.760000000000005       0.82764509233922035     
   67.840000000000003       0.82171025321727320     
   67.920000000000016       0.82198385505799487     
   68.000000000000000       0.82061680442392482     
   68.079999999999998       0.81979301234398094     
   68.160000000000011       0.81855590235407638     
   68.240000000000009       0.82005638299867900     
   68.320000000000007       0.81423068083002725     
   68.400000000000006       0.82227902175196088     
   68.480000000000004       0.81778731625147139     
   68.560000000000002       0.81864236865449191     
   68.640000000000015       0.81779723642034041     
   68.719999999999999       0.82126754384834744     
   68.800000000000011       0.81898971380721874     
   68.880000000000010       0.81198336902070500     
   68.960000000000008       0.81889877201943939     
   69.040000000000006       0.81927214471767307     
   69.120000000000005       0.82190313847579144     
   69.200000000000003       0.82100746314124029     
   69.280000000000015       0.81468215812306310     
   69.359999999999999       0.81981339749497906     
   69.440000000000012       0.81923350357309932     
   69.520000000000010       0.82062798454658281     
   69.600000000000009       0.82668804725713130     
   69.680000000000007       0.81439431343576274     
   69.760000000000005       0.82404633272014871     
   69.840000000000003       0.81385918915652333     
   69.920000000000016       0.81927987547219161     
   70.000000000000000       0.81463430397312608     
   70.079999999999998       0.81916755281837472     
   70.160000000000011       0.81605931576295931     
   70.240000000000009       0.81932070893939513     
   70.320000000000007       0.82143906067403660     
   70.400000000000006       0.81684863844943090     
   70.480000000000004       0.82457557265259129     
   70.560000000000016       0.81933496830228159     
   70.640000000000001       0.82139881748107213     
   70.719999999999999       0.82047881066314077     
   70.800000000000011       0.82061501396004566     
   70.880000000000010       0.82008900943670926     
   70.960000000000008       0.82290671010253336     
   71.040000000000006       0.81975265615544746     
   71.120000000000005       0.81351416249209907     
   71.200000000000003       0.82421628330267782     
   71.280000000000001       0.81540076827416141     
   71.359999999999999       0.82215706683049739     
   71.440000000000012       0.81636669797909001     
   71.520000000000010       0.81526800030608559     
   71.599999999999994       0.82017139333300915     
   71.680000000000007       0.81915619455839461     
   71.760000000000005       0.81569263077735688     
   71.840000000000003       0.81971277900726036     
   71.920000000000016       0.81416269913186246     
   72.000000000000000       0.81618309040179560     
   72.080000000000013       0.81567766390530594     
   72.160000000000011       0.82211657726032594     
   72.240000000000009       0.81708793892103948     
   72.320000000000007       0.81554407680377905     
   72.400000000000006       0.81734480989409630     
   72.480000000000004       0.81419539027579391     
   72.560000000000016       0.81893880944775155     
   72.640000000000001       0.81911188570644222     
   72.719999999999999       0.82108077980259153     
   72.800000000000011       0.81518858342162670     
   72.880000000000010       0.82030306911837836     
   72.960000000000008       0.82067609591882906     
   73.040000000000006       0.81350481981204592     
   73.120000000000005       0.82232228412546360     
   73.200000000000017       0.81835542573507414     
   73.280000000000001       0.81638666912135383     
   73.359999999999999       0.81356829087543081     
   73.440000000000012       0.82084077216922069     
   73.520000000000010       0.81534022241830872     
   73.600000000000009       0.81420644362201133     
   73.680000000000007       0.81004378705190339     
   73.760000000000005       0.81139633413440237     
   73.840000000000003       0.80862925444310130     
   73.920000000000002       0.81884650018598126     
   74.000000000000000       0.81253356231441287     
   74.080000000000013       0.81544344378889599     
   74.160000000000011       0.81226930208398107     
   74.239999999999995       0.81110898626088035     
   74.320000000000007       0.80982925158370733     
   74.400000000000006       0.81038326848439934     
   74.480000000000004       0.82311730455994603     
   74.560000000000002       0.81119590265427632     
   74.640000000000001       0.82098216489962794     
   74.720000000000013       0.81772900103381119     
   74.800000000000011       0.81554433317056352     
   74.879999999999995       0.81128538254357996     
   74.960000000000008       0.81382789157820257     
   75.040000000000006       0.81451481129204562     
   75.120000000000005       0.81544041371680298     
   75.200000000000017       0.80742587317138059     
   75.280000000000001       0.81227875719734333     
   75.359999999999999       0.81826833196326110     
   75.440000000000012       0.81889014070537491     
   75.520000000000010       0.81190408283041526     
   75.600000000000009       0.81120422205414267     
   75.680000000000007       0.81405566784908900     
   75.760000000000005       0.80845979688558134     
   75.840000000000018       0.81080074554327808     
   75.920000000000002       0.81427404503337686     
   76.000000000000000       0.81374011203776653     
   76.080000000000013       0.80887209017356931     
   76.160000000000011       0.81295046252536030     
   76.240000000000009       0.82155003125475901     
   76.320000000000007       0.81197904070480587     
   76.400000000000006       0.81095892663698610     
   76.480000000000004       0.81058162911811227     
   76.560000000000002       0.81307745526978681     
   76.640000000000001       0.81254325776408243     
   76.720000000000013       0.81324058588029724     
   76.800000000000011       0.81410133091787906     
   76.879999999999995       0.81198539001073844     
   76.960000000000008       0.80797038841995394     
   77.040000000000006       0.81199313005355200     
   77.120000000000005       0.81137892597199257     
   77.200000000000003       0.81644487608875249     
   77.280000000000001       0.81422168256759286     
   77.360000000000014       0.81074319529663907     
   77.440000000000012       0.81268187774173439     
   77.519999999999996       0.81646628743577698     
   77.600000000000009       0.81652717664935126     
   77.680000000000007       0.80960662524751803     
   77.760000000000005       0.81997318482422565     
   77.840000000000003       0.81495169628280772     
   77.920000000000002       0.81364271500691798     
   78.000000000000000       0.81540996347789607     
   78.080000000000013       0.81908954178690996     
   78.159999999999997       0.81481911313653921     
   78.240000000000009       0.81255144247018518     
   78.320000000000007       0.81867963196212690     
   78.400000000000006       0.81294227286174259     
   78.480000000000004       0.81327636627850974     
   78.560000000000002       0.80779476731322719     
   78.640000000000001       0.80975016478568274     
   78.720000000000013       0.81832307512745461     
   78.800000000000011       0.81535121117899922     
   78.880000000000010       0.81575722973973619     
   78.960000000000008       0.81524255707154480     
   79.040000000000006       0.80963395912818414     
   79.120000000000019       0.81660004190384605     
   79.200000000000003       0.81616043967592922     
   79.280000000000001       0.81006583190484516     
   79.360000000000014       0.81531430717688780     
   79.440000000000012       0.81766985723723973     
   79.519999999999996       0.81741700871381817     
   79.600000000000009       0.80920567534786170     
   79.680000000000007       0.80985444709422549     
   79.760000000000005       0.81113727915772138     
   79.840000000000003       0.81253542590186911     
   79.920000000000002       0.81294190350690820     
   80.000000000000014       0.81311590219303165     
   80.080000000000013       0.80872400050247484     
   80.159999999999997       0.81334174178862340     
   80.240000000000009       0.81225945209607342     
   80.320000000000007       0.81313673638351225     
   80.400000000000006       0.81448770800720383     
   80.480000000000004       0.80612415625321721     
   80.560000000000002       0.80980838766065444     
   80.640000000000015       0.81187767607173633     
   80.720000000000013       0.80756324170826588     
   80.799999999999997       0.81148863035608298     
   80.880000000000010       0.81385728031103077     
   80.960000000000008       0.80837963964138160     
   81.040000000000006       0.81173627668836634     
   81.120000000000005       0.80827839627064491     
   81.200000000000003       0.80759363713809196     
   81.280000000000001       0.81194848579011802     
   81.360000000000014       0.81070461143915873     
   81.439999999999998       0.80570044011450859     
   81.520000000000010       0.81109401309650075     
   81.600000000000009       0.81271237518643924     
   81.680000000000007       0.80875389243986961     
   81.760000000000005       0.81469824451287309     
   81.840000000000003       0.81666618215674580     
   81.920000000000002       0.81731257160153192     
   82.000000000000014       0.81069094165861422     
   82.080000000000013       0.81257814272459961     
   82.160000000000011       0.80893769915182179     
   82.240000000000009       0.80471936369147590     
   82.320000000000007       0.81026024318576650     
   82.400000000000006       0.81105432801402511     
   82.480000000000004       0.81361019687039449     
   82.560000000000002       0.81258378562833933     
   82.640000000000015       0.81603027675318118     
   82.720000000000013       0.80631770652986967     
   82.799999999999997       0.80582083637657487     
   82.880000000000010       0.80890167253640555     
   82.960000000000008       0.81159655790760576     
   83.040000000000006       0.81286781969482402     
   83.120000000000005       0.80952794573281039     
   83.200000000000003       0.81239113352892678     
   83.280000000000015       0.81307994150004781     
   83.360000000000014       0.80947266871705437     
   83.439999999999998       0.80830868853568649     
   83.520000000000010       0.80783765197363522     
   83.600000000000009       0.80954204834851684     
   83.680000000000007       0.81380502043182112     
   83.760000000000005       0.80907974558201878     
   83.840000000000003       0.81450824209073214     
   83.920000000000002       0.81062493280911441     
   84.000000000000014       0.81002086517888594     
   84.079999999999998       0.81454422113208635     
   84.160000000000011       0.81512063286715508     
   84.240000000000009       0.80896010427921650     
   84.320000000000007       0.80884202307857633     
   84.400000000000006       0.80625772908771065     
   84.480000000000004       0.81391969609965142     
   84.560000000000002       0.80252398160236549     
   84.640000000000015       0.80762414744578315     
   84.719999999999999       0.81058820126906450     
   84.800000000000011       0.80787152135904006     
   84.880000000000010       0.81050032189976551     
   84.960000000000008       0.80835250358254995     
   85.040000000000006       0.80777201062617499     
   85.120000000000005       0.80614495179366041     
   85.200000000000003       0.80714482468272519     
   85.280000000000015       0.81264560508828909     
   85.360000000000014       0.80907063537053991     
   85.439999999999998       0.80980621914285367     
   85.520000000000010       0.81230935315680619     
   85.600000000000009       0.80286831477698084     
   85.680000000000007       0.80437111232825620     
   85.760000000000005       0.80398613973807798     
   85.840000000000003       0.80965541196577717     
   85.920000000000016       0.81028172660889564     
   86.000000000000014       0.81188453611205535     
   86.079999999999998       0.80862454360233771     
   86.160000000000011       0.80734184025494216     
   86.240000000000009       0.81024313978392970     
   86.320000000000007       0.80822415367776956     
   86.400000000000006       0.80263244173286574     
   86.480000000000004       0.81290145736929997     
   86.560000000000002       0.81205081495983411     
   86.640000000000015       0.81111208396450818     
   86.719999999999999       0.80342435747596841     
   86.800000000000011       0.81120629197559646     
   86.880000000000010       0.81231303852332626     
   86.960000000000008       0.81281973052265322     
   87.040000000000006       0.80581752211267943     
   87.120000000000005       0.80948356178586978     
   87.200000000000003       0.81027229828603331     
   87.280000000000015       0.80767109922030444     
   87.359999999999999       0.80664619909137969     
   87.440000000000012       0.80498755236599573     
   87.520000000000010       0.81353906296280232     
   87.600000000000009       0.81408976939072308     
   87.680000000000007       0.80599556676158568     
   87.760000000000005       0.80866852539544465     
   87.840000000000003       0.80696503226998628     
   87.920000000000016       0.80270876914360145     
   88.000000000000000       0.80757635822783391     
   88.079999999999998       0.80316118972892292     
   88.160000000000011       0.80860439584426724     
   88.240000000000009       0.80661977184088840     
   88.320000000000007       0.80926473006648758     
   88.400000000000006       0.81122259692585796     
   88.480000000000004       0.80616697595796383     
   88.560000000000016       0.81034720838911967     
   88.640000000000001       0.81049124159371655     
   88.719999999999999       0.80820934540505673     
   88.800000000000011       0.81330800006502912     
   88.880000000000010       0.80879133820470583     
   88.960000000000008       0.81211619158035098     
   89.040000000000006       0.81041226506636288     
   89.120000000000005       0.80818657283306405     
   89.200000000000017       0.81023757160726240     
   89.280000000000015       0.81178045862678438     
   89.359999999999999       0.80824329986762999     
   89.440000000000012       0.80859761838824729     
   89.520000000000010       0.80571059159325265     
   89.600000000000009       0.80916416616104681     
   89.680000000000007       0.81126147707023533     
   89.760000000000005       0.81244613473992033     
   89.840000000000003       0.80498318786220247     
   89.920000000000016       0.81009301459761662     
   90.000000000000000       0.81670847008450531     
   90.080000000000013       0.81411158267697747     
   90.160000000000011       0.81048592159862298     
   90.240000000000009       0.81362514285305165     
   90.320000000000007       0.80500537164364683     
   90.400000000000006       0.80386834064717305     
   90.480000000000004       0.80911625121464426     
   90.560000000000016       0.80969470904019658     
   90.640000000000001       0.81109247952933861     
   90.720000000000013       0.80340473648316657     
   90.800000000000011       0.80568263870187284     
   90.880000000000010       0.81321549138757099     
   90.960000000000008       0.80574938906632099     
   91.040000000000006       0.80643494210296507     
   91.120000000000005       0.80602697856382821     
   91.200000000000017       0.80891830975114098     
   91.280000000000001       0.80788978698827785     
   91.359999999999999       0.80811803939016269     
   91.440000000000012       0.80309473495292227     
   91.520000000000010       0.81376224670747666     
   91.600000000000009       0.80710427814202046     
   91.680000000000007       0.80455974139286013     
   91.760000000000005       0.80840672668952129     
   91.840000000000018       0.80306533392357082     
   91.920000000000002       0.80163185888018973     
   92.000000000000000       0.80602371562318964     
   92.080000000000013       0.80589595896591093     
   92.160000000000011       0.81228762694558831     
   92.240000000000009       0.80814891248702059     
   92.320000000000007       0.80557924537919567     
   92.400000000000006       0.80535987546696775     
   92.480000000000004       0.80794404472135661     
   92.560000000000016       0.80624633363003273     
   92.640000000000001       0.81082859272187702     
   92.720000000000013       0.80727542513742179     
   92.800000000000011       0.80924501454504316     
   92.880000000000010       0.80852670264493942     
   92.960000000000008       0.80864351345195795     
   93.040000000000006       0.80590957599057733     
   93.120000000000005       0.80631189628392563     
   93.200000000000017       0.80106015335431346     
   93.280000000000001       0.80191482270233272     
   93.360000000000014       0.80370752664676814     
   93.440000000000012       0.80342489907084325     
   93.520000000000010       0.80598065308033218     
   93.600000000000009       0.80744342632233568     
   93.680000000000007       0.80615995472426161     
   93.760000000000005       0.81381790215717154     
   93.840000000000018       0.80870098657885670     
   93.920000000000002       0.80467932757831795     
   94.000000000000000       0.81070043350590726     
   94.080000000000013       0.80910282670171996     
   94.160000000000011       0.80695838531885389     
   94.240000000000009       0.80825884255089320     
   94.320000000000007       0.80898556986828285     
   94.400000000000006       0.81625948162192197     
   94.480000000000018       0.80891602331784562     
   94.560000000000002       0.81265967627121349     
   94.640000000000001       0.80678441001110279     
   94.720000000000013       0.80380153731169213     
   94.800000000000011       0.81028053117931254     
   94.880000000000010       0.80633016927511325     
   94.960000000000008       0.80683665037169672     
   95.040000000000006       0.81011218398744111     
   95.120000000000005       0.81229954756086864     
   95.200000000000003       0.80554438503422821     
   95.280000000000001       0.80225935747242327     
   95.360000000000014       0.80935056983255360     
   95.440000000000012       0.80802250287644350     
   95.519999999999996       0.81650686233371184     
   95.600000000000009       0.80795829503935146     
   95.680000000000007       0.80301220861951406     
   95.760000000000005       0.81062557153579573     
   95.840000000000018       0.80865859393861705     
   95.920000000000002       0.80340421730173928     
   96.000000000000014       0.80702491806294996     
   96.080000000000013       0.81063350353196495     
   96.160000000000011       0.80809057509963345     
   96.240000000000009       0.80425312721095232     
   96.320000000000007       0.80681730853452494     
   96.400000000000006       0.80722546150446828     
   96.480000000000018       0.80774233569139131     
   96.560000000000002       0.80533830366275783     
   96.640000000000001       0.80969136949727805     
   96.720000000000013       0.81026023975048489     
   96.800000000000011       0.80914896622182242     
   96.880000000000010       0.80861187797613510     
   96.960000000000008       0.81298083291687229     
   97.040000000000006       0.80685109599076077     
   97.120000000000019       0.80289684370215242     
   97.200000000000003       0.79866280251849131     
   97.280000000000001       0.80696435951457957     
   97.360000000000014       0.80026504012362942     
   97.440000000000012       0.80993981448454544     
   97.520000000000010       0.80884948524724254     
   97.600000000000009       0.80534803012007838     
   97.680000000000007       0.80834700909061796     
   97.760000000000005       0.80706793391549825     
   97.840000000000003       0.80174117742973938     
   97.920000000000002       0.80599371944013387     
   98.000000000000014       0.80800067448889445     
   98.080000000000013       0.80388700571367244     
   98.159999999999997       0.80779376055229113     
   98.240000000000009       0.80412262333303419     
   98.320000000000007       0.80332585986567973     
   98.400000000000006       0.80583572535662717     
   98.480000000000004       0.80456174878719555     
   98.560000000000002       0.81018805129775051     
   98.640000000000015       0.80575897846654987     
   98.720000000000013       0.80728532405133047     
   98.799999999999997       0.80538832339993816     
   98.880000000000010       0.80596797298027345     
   98.960000000000008       0.80557702431909350     
   99.040000000000006       0.80625908191527318     
   99.120000000000019       0.80742414255192052     
   99.200000000000003       0.80573289673874859     
   99.280000000000001       0.80675770327908025     
   99.360000000000014       0.81277149567477913     
   99.440000000000012       0.80780858085872054     
   99.520000000000010       0.80424417200259835     
   99.600000000000009       0.80793020841112262     
   99.680000000000007       0.80535852126009422     
   99.760000000000019       0.81038435595248426     
   99.840000000000003       0.80117677837542856     
   99.920000000000002       0.80410472734746352     
