   0.0000000000000000       0.99999999999996336     
   8.9999999999999993E-003  0.98945294825563090     
   1.7999999999999999E-002  0.96083829190619519     
   2.6999999999999993E-002  0.92234131027837252     
   3.5999999999999997E-002  0.88543326149331636     
   4.4999999999999998E-002  0.86135498686709588     
   5.3999999999999986E-002  0.85671968232963336     
   6.2999999999999987E-002  0.87216079526321311     
   7.1999999999999995E-002  0.90253648274946463     
   8.0999999999999989E-002  0.93781824200561692     
   8.9999999999999997E-002  0.96984861194870653     
   9.8999999999999991E-002  0.99096041167374571     
  0.10799999999999997       0.99917971336483957     
  0.11699999999999999       0.99750303836886856     
  0.12599999999999997       0.99198223784303374     
  0.13499999999999998       0.98763149557289398     
  0.14399999999999999       0.98775842148059501     
  0.15299999999999997       0.99131304393419628     
  0.16199999999999998       0.99577295389736309     
  0.17099999999999999       0.99862533050080127     
  0.17999999999999999       0.99722146081732643     
  0.18899999999999997       0.99002016580694996     
  0.19799999999999998       0.97797899786607700     
  0.20699999999999996       0.96343433036054327     
  0.21599999999999994       0.95121433032778446     
  0.22499999999999998       0.94570583085788074     
  0.23399999999999999       0.94865284314876930     
  0.24299999999999997       0.95965822501735287     
  0.25199999999999995       0.97380484457093242     
  0.26099999999999995       0.98737592938331642     
  0.26999999999999996       0.99641047312551867     
  0.27899999999999997       0.99930640320955832     
  0.28799999999999998       0.99719693245770702     
  0.29699999999999993       0.99262465585998949     
  0.30599999999999994       0.98893261818707090     
  0.31500000000000000       0.98768785869209874     
  0.32399999999999995       0.98925843639423328     
  0.33299999999999996       0.99289616409044734     
  0.34199999999999997       0.99717665334819228     
  0.35099999999999992       0.99745945807943481     
  0.35999999999999999       0.99125592023085052     
  0.36899999999999994       0.98307793652604403     
  0.37799999999999995       0.97122764041289522     
  0.38699999999999996       0.96564826876764531     
  0.39599999999999996       0.95889221019632220     
  0.40499999999999992       0.95255609633643035     
  0.41399999999999992       0.95694688364044811     
  0.42299999999999993       0.95651788056657350     
  0.43199999999999988       0.96076979788991024     
  0.44100000000000000       0.95325895175487740     
  0.44999999999999996       0.95847169791839015     
  0.45899999999999996       0.95815854858963079     
  0.46799999999999997       0.95272982895327507     
  0.47699999999999992       0.94925869971468380     
  0.48599999999999993       0.94463385263379163     
  0.49499999999999994       0.93626614855710333     
  0.50399999999999989       0.92443461511462477     
  0.51299999999999990       0.93793377839472880     
  0.52199999999999991       0.95564503946846568     
  0.53099999999999992       0.96316529206298795     
  0.53999999999999992       0.93337441991301628     
  0.54899999999999993       0.92160881530358851     
  0.55799999999999994       0.91131495558357978     
  0.56699999999999995       0.92559727323645302     
  0.57599999999999996       0.93195735419179804     
  0.58499999999999996       0.93137973284684716     
  0.59399999999999986       0.94587622308678743     
  0.60299999999999987       0.94310341061499692     
  0.61199999999999988       0.93655870115117801     
  0.62099999999999989       0.94826121469234459     
  0.63000000000000000       0.94214799131242266     
  0.63899999999999990       0.92773194792699909     
  0.64799999999999991       0.94017121403427750     
  0.65699999999999992       0.93178441422084213     
  0.66599999999999993       0.92859353383660359     
  0.67499999999999993       0.94248748223062995     
  0.68399999999999994       0.93584351656319043     
  0.69299999999999984       0.93785384194147381     
  0.70199999999999985       0.93164192196306472     
  0.71099999999999985       0.92965320544376850     
  0.71999999999999997       0.93242628633332214     
  0.72899999999999998       0.94399798794130152     
  0.73799999999999988       0.93587948998813608     
  0.74699999999999989       0.94516449263436397     
  0.75599999999999989       0.93450149199867161     
  0.76499999999999990       0.92783589133530764     
  0.77399999999999991       0.93867313659818452     
  0.78299999999999992       0.94656450806294556     
  0.79199999999999993       0.95659238017319348     
  0.80099999999999982       0.93693390466570092     
  0.80999999999999983       0.93015985671807699     
  0.81899999999999984       0.93631814313127493     
  0.82799999999999985       0.93702312787066422     
  0.83699999999999986       0.94000910871811938     
  0.84599999999999986       0.93774239497073386     
  0.85499999999999987       0.94174931087792513     
  0.86399999999999977       0.92367308392334557     
  0.87300000000000000       0.92751714068049795     
  0.88200000000000001       0.93425539373153310     
  0.89099999999999990       0.93363492726396347     
  0.89999999999999991       0.93107824931872751     
  0.90899999999999992       0.94441044392254825     
  0.91799999999999993       0.92924531938463317     
  0.92699999999999994       0.93127918691897926     
  0.93599999999999994       0.91794780238884843     
  0.94499999999999984       0.91605921440904015     
  0.95399999999999985       0.92731288462307770     
  0.96299999999999986       0.93507830941401537     
  0.97199999999999986       0.94709479891923709     
  0.98099999999999987       0.93939670919802443     
  0.98999999999999988       0.90487965033057316     
  0.99899999999999989       0.91279735543801876     
   1.0079999999999998       0.93209755615635081     
   1.0169999999999999       0.91102925904550303     
   1.0259999999999998       0.90088092560879773     
   1.0349999999999997       0.88402743395347694     
   1.0439999999999998       0.91990593164103784     
   1.0529999999999997       0.90098715487363079     
   1.0619999999999998       0.91498496951125008     
   1.0710000000000000       0.93173465538765099     
   1.0799999999999998       0.90947483296245812     
   1.0890000000000000       0.92168527184046123     
   1.0979999999999999       0.92626725992857417     
   1.1070000000000000       0.92143923869891686     
   1.1159999999999999       0.93396123081490279     
   1.1249999999999998       0.92016070783996395     
   1.1339999999999999       0.91850835471637970     
   1.1429999999999998       0.90128526217215310     
   1.1519999999999999       0.91794841557666684     
   1.1609999999999998       0.92379829471516783     
   1.1699999999999999       0.92188989532227950     
   1.1789999999999998       0.93287437814103258     
   1.1879999999999997       0.88030422036715839     
   1.1969999999999998       0.92117119815034343     
   1.2059999999999997       0.91312004762104448     
   1.2149999999999999       0.92556672988949695     
   1.2239999999999998       0.92326347872939585     
   1.2329999999999999       0.88688458515989810     
   1.2419999999999998       0.93318711703612567     
   1.2509999999999999       0.92693207900693086     
   1.2600000000000000       0.92088043325763058     
   1.2689999999999999       0.92712717388452670     
   1.2779999999999998       0.91177726866347575     
   1.2869999999999999       0.91343740116345518     
   1.2959999999999998       0.91506390773258472     
   1.3049999999999999       0.92232620469292692     
   1.3139999999999998       0.91664708807910933     
   1.3230000000000000       0.91019911369635675     
   1.3319999999999999       0.92205461753962792     
   1.3409999999999997       0.91440537011651180     
   1.3499999999999999       0.88796542558085545     
   1.3589999999999998       0.90253773888690614     
   1.3679999999999999       0.88159734112267685     
   1.3769999999999998       0.88669103173408526     
   1.3859999999999997       0.92391265261340250     
   1.3949999999999998       0.90140847218628162     
   1.4039999999999997       0.92241339817638002     
   1.4129999999999998       0.89729371792536228     
   1.4219999999999997       0.86594668892686222     
   1.4309999999999998       0.88982285102446168     
   1.4399999999999999       0.88730644689088889     
   1.4489999999999998       0.87519803218854442     
   1.4580000000000000       0.90170914357769516     
   1.4669999999999999       0.91790834723047932     
   1.4759999999999998       0.88708856247204038     
   1.4849999999999999       0.88400156786196793     
   1.4939999999999998       0.90691172296226963     
   1.5029999999999999       0.89737883462339008     
   1.5119999999999998       0.89658387000324924     
   1.5209999999999999       0.88395325224165289     
   1.5299999999999998       0.87247561682925800     
   1.5389999999999997       0.88549238208197223     
   1.5479999999999998       0.87288675065040922     
   1.5569999999999997       0.90573085429122679     
   1.5659999999999998       0.89742018596502060     
   1.5749999999999997       0.88988375448066082     
   1.5839999999999999       0.89625694218871144     
   1.5929999999999997       0.87743499743441766     
   1.6019999999999996       0.89896048647134219     
   1.6109999999999998       0.90300189861472679     
   1.6199999999999997       0.90427010091902116     
   1.6289999999999998       0.88368054027062315     
   1.6379999999999997       0.85088579501052086     
   1.6469999999999998       0.85908173410880617     
   1.6559999999999997       0.86248172699710413     
   1.6649999999999996       0.88466405189014963     
   1.6739999999999997       0.87696358494801829     
   1.6829999999999996       0.88605823429108110     
   1.6919999999999997       0.85545833892173684     
   1.7009999999999996       0.87879506489184100     
   1.7099999999999997       0.89277355204558206     
   1.7189999999999996       0.86890593674766547     
   1.7279999999999995       0.87107213175157439     
   1.7369999999999999       0.88386677656107360     
   1.7460000000000000       0.85133557575053376     
   1.7549999999999999       0.85531192696911906     
   1.7640000000000000       0.89121485736148243     
   1.7729999999999999       0.88827318310098613     
   1.7819999999999998       0.86654159185849799     
   1.7909999999999999       0.88448025448666301     
   1.7999999999999998       0.87365991490572037     
   1.8089999999999999       0.84950142753914593     
   1.8179999999999998       0.87995852365115179     
   1.8269999999999997       0.89760500743293870     
   1.8359999999999999       0.86766329422118804     
   1.8449999999999998       0.88600070761732486     
   1.8539999999999999       0.88174737577087459     
   1.8629999999999998       0.88255273320001038     
   1.8719999999999999       0.86563584958505679     
   1.8809999999999998       0.88335817340287914     
   1.8899999999999997       0.86320285360125693     
   1.8989999999999998       0.85801502663075591     
   1.9079999999999997       0.83730372193248714     
   1.9169999999999998       0.85442431420895604     
   1.9259999999999997       0.87068332393370840     
   1.9349999999999998       0.84773599069263406     
   1.9439999999999997       0.83509144395791379     
   1.9529999999999996       0.82679207511805131     
   1.9619999999999997       0.84664515456989964     
   1.9709999999999996       0.85654954232264124     
   1.9799999999999998       0.86436765695219975     
   1.9889999999999997       0.83901190751476540     
   1.9979999999999998       0.84660470219435957     
   2.0069999999999997       0.84007233486369437     
   2.0159999999999996       0.85910612681201581     
   2.0249999999999995       0.82026965170379385     
   2.0339999999999998       0.83574094745414507     
   2.0429999999999997       0.84288393035912712     
   2.0519999999999996       0.83659392937755073     
   2.0609999999999995       0.83352882518427329     
   2.0699999999999994       0.82768447700734871     
   2.0789999999999997       0.86621106864156538     
   2.0879999999999996       0.79147834582668475     
   2.0969999999999995       0.82398419726652916     
   2.1059999999999994       0.88163588518573266     
   2.1149999999999998       0.84349543981598618     
   2.1239999999999997       0.82480879267123397     
   2.1330000000000000       0.86014701891150391     
   2.1419999999999999       0.85886503529200808     
   2.1509999999999998       0.86493849951983226     
   2.1599999999999997       0.86975188874565779     
   2.1690000000000000       0.85925464079181924     
   2.1779999999999999       0.83442104678507056     
   2.1869999999999998       0.86804364932327582     
   2.1959999999999997       0.85641004930622078     
   2.2049999999999996       0.84055443814413866     
   2.2140000000000000       0.84387971096952985     
   2.2229999999999999       0.81673905351237708     
   2.2319999999999998       0.82670821305751496     
   2.2409999999999997       0.86120837940258732     
   2.2499999999999996       0.87616425407406251     
   2.2589999999999999       0.83270026954907161     
   2.2679999999999998       0.83050759422901999     
   2.2769999999999997       0.82168459220572698     
   2.2859999999999996       0.85626963936407585     
   2.2949999999999999       0.86480330383083359     
   2.3039999999999998       0.85654741802924284     
   2.3129999999999997       0.84397174421714816     
   2.3219999999999996       0.83592278285699806     
   2.3309999999999995       0.84086159339008670     
   2.3399999999999999       0.86235459613553878     
   2.3489999999999998       0.84456041410314420     
   2.3579999999999997       0.85788937884254457     
   2.3669999999999995       0.85929600943854811     
   2.3759999999999994       0.85872696699694495     
   2.3849999999999998       0.83510395056831299     
   2.3939999999999997       0.85624266449299125     
   2.4029999999999996       0.84384654899098410     
   2.4119999999999995       0.85511424208041220     
   2.4209999999999994       0.85581883467347009     
   2.4299999999999997       0.84122948155997979     
   2.4389999999999996       0.83823417313166237     
   2.4479999999999995       0.83803656412604477     
   2.4569999999999994       0.86204530978134375     
   2.4659999999999997       0.84546255389452540     
   2.4749999999999996       0.82368434845209915     
   2.4839999999999995       0.81670694107782005     
   2.4929999999999994       0.82071858883869342     
   2.5019999999999998       0.80872942622634769     
   2.5109999999999997       0.84781567906737587     
   2.5200000000000000       0.80403795988502225     
   2.5289999999999999       0.81586516608369974     
   2.5379999999999998       0.83875770854413123     
   2.5469999999999997       0.85417018990969362     
   2.5559999999999996       0.83671614749835832     
   2.5649999999999999       0.84257235515073658     
   2.5739999999999998       0.81860742627113969     
   2.5829999999999997       0.83615803249236875     
   2.5919999999999996       0.85104346119693197     
   2.6009999999999995       0.84664245763502344     
   2.6099999999999999       0.82529174834912522     
   2.6189999999999998       0.82316161069958393     
   2.6279999999999997       0.84641655746363342     
   2.6369999999999996       0.80548753563406006     
   2.6459999999999999       0.83209206911916633     
   2.6549999999999998       0.85365344949219990     
   2.6639999999999997       0.81794009762748965     
   2.6729999999999996       0.85239405861303041     
   2.6819999999999995       0.83577488818966850     
   2.6909999999999998       0.83368464617388738     
   2.6999999999999997       0.80970163745678103     
   2.7089999999999996       0.84666472513978119     
   2.7179999999999995       0.86056565988213307     
   2.7269999999999994       0.83555958234910099     
   2.7359999999999998       0.83910025499190455     
   2.7449999999999997       0.84593379860303641     
   2.7539999999999996       0.86470431095296840     
   2.7629999999999995       0.84633663148499594     
   2.7719999999999994       0.86073802040253256     
   2.7809999999999997       0.86838653325397785     
   2.7899999999999996       0.84174897443647567     
   2.7989999999999995       0.82424226598025485     
   2.8079999999999994       0.84263398329294592     
   2.8169999999999997       0.87098144355409357     
   2.8259999999999996       0.86156259886237130     
   2.8349999999999995       0.83813670674829588     
   2.8439999999999994       0.85193278381011184     
   2.8529999999999993       0.81396046836185654     
   2.8619999999999997       0.79959756804760540     
   2.8709999999999996       0.83124529884125942     
   2.8799999999999999       0.82036596147340046     
   2.8889999999999998       0.85170196829135469     
   2.8979999999999997       0.85260243625961607     
   2.9069999999999996       0.84528289703812987     
   2.9159999999999999       0.84475629846966371     
   2.9249999999999994       0.84950737621179895     
   2.9339999999999997       0.80699796314587613     
   2.9429999999999996       0.82862742205034079     
   2.9519999999999995       0.81856782231412273     
   2.9609999999999994       0.83124788064255517     
   2.9699999999999998       0.84776892656272340     
   2.9789999999999992       0.83244504463657465     
   2.9879999999999995       0.85685078258769853     
   2.9969999999999994       0.81833972305292746     
   3.0059999999999998       0.83322537891404502     
   3.0149999999999992       0.86447946348377291     
   3.0239999999999996       0.85397208228208732     
   3.0329999999999995       0.84958263455354588     
   3.0419999999999998       0.82567131070574540     
   3.0509999999999993       0.81115862371091363     
   3.0599999999999996       0.82703387789781069     
   3.0689999999999995       0.80576721852299726     
   3.0779999999999994       0.77702539927726033     
   3.0869999999999997       0.82056507788998401     
   3.0959999999999996       0.85918828607798081     
   3.1050000000000000       0.83883261854247415     
   3.1139999999999994       0.85089453428428985     
   3.1229999999999998       0.85190350666636849     
   3.1319999999999997       0.84069397764773957     
   3.1410000000000000       0.85549578320729491     
   3.1499999999999995       0.81244342609531472     
   3.1589999999999998       0.83987459472322201     
   3.1679999999999997       0.85470459149192879     
   3.1770000000000000       0.84992581229551645     
   3.1859999999999995       0.82923296360390786     
   3.1949999999999998       0.84104020017886094     
   3.2039999999999993       0.82199352298638284     
   3.2129999999999996       0.83234778024564060     
   3.2219999999999995       0.84010796434456658     
   3.2309999999999999       0.83493222824323943     
   3.2399999999999993       0.83787512262436792     
   3.2489999999999997       0.83061546305536149     
   3.2579999999999996       0.86014948002055125     
   3.2669999999999999       0.83029753981627319     
   3.2759999999999994       0.86299488392943757     
   3.2849999999999997       0.85528318756988886     
   3.2939999999999996       0.86598554240359260     
   3.3029999999999995       0.84244831066650017     
   3.3119999999999994       0.82867548511414246     
   3.3209999999999997       0.81361417288214866     
   3.3299999999999992       0.83705492734197817     
   3.3389999999999995       0.84970771256243804     
   3.3479999999999994       0.83975999351407260     
   3.3569999999999998       0.83041250594462646     
   3.3659999999999992       0.86156095500894025     
   3.3749999999999996       0.84482073303772931     
   3.3839999999999995       0.84909884251965517     
   3.3929999999999998       0.82659362271907433     
   3.4019999999999992       0.82807865999677055     
   3.4109999999999996       0.84465584756131684     
   3.4199999999999995       0.81515771027881800     
   3.4289999999999994       0.83919310904212074     
   3.4379999999999993       0.85760264843202216     
   3.4469999999999996       0.79012502694611952     
   3.4559999999999991       0.81977195513080192     
   3.4649999999999994       0.83411771788158151     
   3.4739999999999998       0.79820670824491113     
   3.4829999999999997       0.83456945118352266     
   3.4920000000000000       0.83137046802210335     
   3.5009999999999994       0.78263226130818286     
   3.5099999999999998       0.82003103440837066     
   3.5189999999999997       0.81119023703629978     
   3.5280000000000000       0.80680608023383871     
   3.5369999999999995       0.83280908774648488     
   3.5459999999999998       0.81280210499190653     
   3.5549999999999993       0.82134326029996485     
   3.5639999999999996       0.78936131451511982     
   3.5729999999999995       0.83359003087517936     
   3.5819999999999999       0.82995012449966254     
   3.5909999999999993       0.85144764483819657     
   3.5999999999999996       0.83285060570890235     
   3.6089999999999995       0.82042998416294366     
   3.6179999999999999       0.81694435531510934     
   3.6269999999999993       0.81283182908412055     
   3.6359999999999997       0.79220132980832481     
   3.6449999999999996       0.85323244161431466     
   3.6539999999999995       0.86248577610963328     
   3.6629999999999994       0.80441530958742102     
   3.6719999999999997       0.81681986514057481     
   3.6809999999999992       0.81301321629116252     
   3.6899999999999995       0.82614725800132216     
   3.6989999999999994       0.85300590998941173     
   3.7079999999999997       0.86448648243446202     
   3.7169999999999992       0.81828210441762306     
   3.7259999999999995       0.84043066478811235     
   3.7349999999999994       0.82884762561105385     
   3.7439999999999998       0.80298012977056710     
   3.7529999999999992       0.83967949375259743     
   3.7619999999999996       0.84557141944286318     
   3.7709999999999995       0.83739826818209684     
   3.7799999999999994       0.82112308453898186     
   3.7889999999999993       0.83583156087270138     
   3.7979999999999996       0.84147097670057613     
   3.8069999999999991       0.85459809403096509     
   3.8159999999999994       0.83884300997145156     
   3.8249999999999993       0.83736579193250560     
   3.8339999999999996       0.86325441506150402     
   3.8430000000000000       0.83943772758473367     
   3.8519999999999994       0.83563202955702554     
   3.8609999999999998       0.83523342935044842     
   3.8699999999999997       0.83467876515594752     
   3.8790000000000000       0.84759850045877005     
   3.8879999999999995       0.83401983065604002     
   3.8969999999999998       0.83536209301565645     
   3.9059999999999993       0.82331223029490552     
   3.9149999999999996       0.86158527167155641     
   3.9239999999999995       0.83117941544842455     
   3.9329999999999998       0.86325509724357907     
   3.9419999999999993       0.84433153000557548     
   3.9509999999999996       0.84833186973965469     
   3.9599999999999995       0.86528834871729698     
   3.9689999999999999       0.81975276872749714     
   3.9779999999999993       0.81888265450474662     
   3.9869999999999997       0.83172770213785729     
   3.9959999999999996       0.83738872081036353     
   4.0049999999999999       0.83503590960447427     
   4.0139999999999993       0.83338690796911630     
   4.0229999999999997       0.83660046759290574     
   4.0319999999999991       0.82692027174385441     
   4.0409999999999995       0.84804805777416048     
   4.0499999999999989       0.82378107985559224     
   4.0589999999999993       0.84224481402583762     
   4.0679999999999996       0.84484737616181249     
   4.0770000000000000       0.83873599596413895     
   4.0859999999999994       0.86659381578671579     
   4.0949999999999998       0.83321849590605790     
   4.1039999999999992       0.82306592699382553     
   4.1129999999999995       0.84530338862930154     
   4.1219999999999990       0.83896755228041919     
   4.1309999999999993       0.84697325755607222     
   4.1399999999999988       0.83489431296272043     
   4.1489999999999991       0.84480289684818033     
   4.1579999999999995       0.84904431003292669     
   4.1669999999999998       0.81680501876186118     
   4.1759999999999993       0.85793355662018289     
   4.1849999999999996       0.82567540522203764     
   4.1939999999999991       0.81495447258902709     
   4.2029999999999994       0.83786237791157236     
   4.2119999999999989       0.84135747976562902     
   4.2209999999999992       0.83031917314811199     
   4.2299999999999995       0.82363288491537401     
   4.2389999999999999       0.84586865703590264     
   4.2479999999999993       0.83514960900234225     
   4.2569999999999997       0.82000838261872511     
   4.2660000000000000       0.79633652118126930     
   4.2749999999999995       0.83783869088278407     
   4.2839999999999998       0.80630993211526814     
   4.2929999999999993       0.82228827164761242     
   4.3019999999999996       0.83223317983527656     
   4.3109999999999991       0.82259383845976808     
   4.3199999999999994       0.81603264115837537     
   4.3289999999999997       0.83302907055402142     
   4.3380000000000001       0.81429587814402349     
   4.3469999999999995       0.82894531684099293     
   4.3559999999999999       0.82515598916399291     
   4.3649999999999993       0.78459428040497592     
   4.3739999999999997       0.82780975410974866     
   4.3829999999999991       0.84501409326297161     
   4.3919999999999995       0.82670700115133766     
   4.4009999999999989       0.83517682827178374     
   4.4099999999999993       0.83898993860648019     
   4.4189999999999996       0.82976406799964142     
   4.4279999999999999       0.79311422659534780     
   4.4369999999999994       0.80195315542978507     
   4.4459999999999997       0.83584990687366256     
   4.4549999999999992       0.83166877142419082     
   4.4639999999999995       0.80488040825613627     
   4.4729999999999990       0.80023210311417869     
   4.4819999999999993       0.84195220296023021     
   4.4909999999999988       0.82358299064987628     
   4.4999999999999991       0.82808523010320412     
   4.5089999999999995       0.83894186326203790     
   4.5179999999999998       0.82264746870245076     
   4.5269999999999992       0.80429125834291937     
   4.5359999999999996       0.83065417837684863     
   4.5449999999999990       0.85077959117821467     
   4.5539999999999994       0.81786674262473480     
   4.5629999999999988       0.82375594983287637     
   4.5719999999999992       0.84696084881342926     
   4.5809999999999995       0.82415016386471829     
   4.5899999999999999       0.85528162080643644     
   4.5989999999999993       0.85493371489155034     
   4.6079999999999997       0.81518003870706168     
   4.6170000000000000       0.84136797454048640     
   4.6259999999999994       0.84139546995606851     
   4.6349999999999998       0.82104498246536350     
   4.6439999999999992       0.82800559143701780     
   4.6529999999999996       0.85410005250976906     
   4.6619999999999990       0.85825502197153558     
   4.6709999999999994       0.81343397727061395     
   4.6799999999999997       0.82109604189170604     
   4.6890000000000001       0.86366821480719813     
   4.6979999999999995       0.82033765043267681     
   4.7069999999999999       0.81815883456717142     
   4.7159999999999993       0.81829782808820806     
   4.7249999999999996       0.79134093417745022     
   4.7339999999999991       0.79848639734599602     
   4.7429999999999994       0.84651382652511875     
   4.7519999999999989       0.80840937297214543     
   4.7609999999999992       0.81072519636393714     
   4.7699999999999996       0.85994313562591085     
   4.7789999999999999       0.84881143417959559     
   4.7879999999999994       0.84191314538920281     
   4.7969999999999997       0.85705449653790344     
   4.8059999999999992       0.81733720010476396     
   4.8149999999999995       0.79089776872282302     
   4.8239999999999990       0.82441139787704354     
   4.8329999999999993       0.82968363215219931     
   4.8419999999999987       0.82601364139395284     
   4.8509999999999991       0.84240656891968113     
   4.8599999999999994       0.83393824368713354     
   4.8689999999999998       0.83225779423368307     
   4.8779999999999992       0.83343656858194204     
   4.8869999999999996       0.83812134921246018     
   4.8959999999999990       0.83874427069206658     
   4.9049999999999994       0.85321337986236923     
   4.9139999999999988       0.85506291715073435     
   4.9229999999999992       0.84393099554315332     
   4.9319999999999995       0.83289893136823767     
   4.9409999999999998       0.80240279952686155     
   4.9499999999999993       0.81737900933273777     
   4.9589999999999996       0.78665490039722641     
   4.9679999999999991       0.80033945816099239     
   4.9769999999999994       0.83974016338383994     
   4.9859999999999989       0.84875662579571642     
   4.9949999999999992       0.81599717637571778     
   5.0039999999999996       0.82416612236298803     
   5.0129999999999990       0.81445308063390620     
   5.0219999999999994       0.84182787582284047     
   5.0309999999999997       0.82502550960816934     
   5.0400000000000000       0.79770731214857205     
   5.0489999999999995       0.80014428787996161     
   5.0579999999999998       0.79367689829268528     
   5.0669999999999993       0.80920839030268021     
   5.0759999999999996       0.79939965538542090     
   5.0849999999999991       0.83288618768112410     
   5.0939999999999994       0.81287043331306907     
   5.1029999999999989       0.81952091176176145     
   5.1119999999999992       0.82525115078148936     
   5.1209999999999996       0.79928280422740594     
   5.1299999999999999       0.82360049833313798     
   5.1389999999999993       0.80226996230623249     
   5.1479999999999997       0.82698158076317718     
   5.1569999999999991       0.81628021937265449     
   5.1659999999999995       0.81508384265703360     
   5.1749999999999989       0.79764142653929571     
   5.1839999999999993       0.83432645169666353     
   5.1929999999999987       0.81782837309654632     
   5.2019999999999991       0.82176612844350727     
   5.2109999999999994       0.82675308581170226     
   5.2199999999999998       0.84446957035290504     
   5.2289999999999992       0.83822055464777601     
   5.2379999999999995       0.84850421525856068     
   5.2469999999999990       0.84199068175863701     
   5.2559999999999993       0.84712011062607873     
   5.2649999999999988       0.81627504438478127     
   5.2739999999999991       0.81025446336992057     
   5.2829999999999995       0.82054612139175920     
   5.2919999999999998       0.84127567575892359     
   5.3009999999999993       0.82127590581481713     
   5.3099999999999996       0.80117197894277614     
   5.3189999999999991       0.81101846136412792     
   5.3279999999999994       0.78507581377133207     
   5.3369999999999989       0.83330451667679617     
   5.3459999999999992       0.81748876443074203     
   5.3549999999999986       0.81941001238224653     
   5.3639999999999990       0.83204226574493345     
   5.3729999999999993       0.82307924070263849     
   5.3819999999999997       0.84906522351363700     
   5.3910000000000000       0.81605393513730451     
   5.3999999999999995       0.81370728906908785     
   5.4089999999999998       0.81731792463596020     
   5.4179999999999993       0.80027375466654393     
   5.4269999999999996       0.83248001824694640     
   5.4359999999999991       0.84128156201437587     
   5.4449999999999994       0.82197715700206797     
   5.4539999999999988       0.81690803090279607     
   5.4629999999999992       0.81491685711700623     
   5.4719999999999995       0.81827720506118962     
   5.4809999999999999       0.81850652121093337     
   5.4899999999999993       0.82390735042113972     
   5.4989999999999997       0.82353492322770694     
   5.5079999999999991       0.84769647010851301     
   5.5169999999999995       0.76988124352428833     
   5.5259999999999989       0.80452459397707687     
   5.5349999999999993       0.83244438634337148     
   5.5439999999999987       0.83337770054426530     
   5.5529999999999990       0.82410236849333618     
   5.5619999999999994       0.79958222134715684     
   5.5709999999999997       0.79071805647188032     
   5.5799999999999992       0.83507962944612091     
   5.5889999999999995       0.82777953485633793     
   5.5979999999999990       0.83009820348451313     
   5.6069999999999993       0.82313289488108832     
   5.6159999999999988       0.80328996399413766     
   5.6249999999999991       0.83974363683385878     
   5.6339999999999995       0.84715672429283118     
   5.6429999999999998       0.85004577380593105     
   5.6519999999999992       0.83361213637659470     
   5.6609999999999996       0.84550444734316044     
   5.6699999999999990       0.82892731919205853     
   5.6789999999999994       0.84424577380490817     
   5.6879999999999988       0.82995884801898157     
   5.6969999999999992       0.82606845014686492     
   5.7059999999999986       0.83703694654208705     
   5.7149999999999990       0.85393576918738001     
   5.7239999999999993       0.81438247099355676     
   5.7329999999999997       0.83626095770768660     
   5.7419999999999991       0.81526930047022872     
   5.7509999999999994       0.82484101334427173     
   5.7599999999999998       0.84006593102532268     
   5.7689999999999992       0.83065525054091283     
   5.7779999999999996       0.84461143771887426     
   5.7869999999999990       0.84090036978531513     
   5.7959999999999994       0.85158089057338482     
   5.8049999999999988       0.84202760869047610     
   5.8139999999999992       0.79966271521683319     
   5.8229999999999995       0.81532341504591022     
   5.8319999999999999       0.82372424684771450     
   5.8410000000000002       0.84394949857086843     
   5.8499999999999988       0.84176680764758105     
   5.8589999999999991       0.84839686564218642     
   5.8679999999999994       0.85082281799543724     
   5.8769999999999998       0.84015092891527476     
   5.8859999999999992       0.83349673073943487     
   5.8949999999999987       0.83498124150118747     
   5.9039999999999990       0.83150923250832065     
   5.9129999999999994       0.83093436381149655     
   5.9219999999999988       0.82653610711453918     
   5.9309999999999992       0.81718526229423916     
   5.9399999999999995       0.83112348194453900     
   5.9489999999999998       0.83709804222241557     
   5.9579999999999984       0.83754453975293475     
   5.9669999999999987       0.81463650446078661     
   5.9759999999999991       0.82171176801381363     
   5.9849999999999994       0.81212858705671975     
   5.9939999999999989       0.82674730071372449     
   6.0029999999999992       0.79948897615231995     
   6.0119999999999996       0.81313658546857726     
   6.0209999999999999       0.83136505916478309     
   6.0299999999999985       0.79530792567280062     
   6.0389999999999988       0.82260087502221291     
   6.0479999999999992       0.79071829442724173     
   6.0569999999999995       0.84017192027742993     
   6.0659999999999989       0.84410423533744505     
   6.0749999999999993       0.83919897281727485     
   6.0839999999999996       0.84265678359043772     
   6.0930000000000000       0.80922961277340288     
   6.1019999999999985       0.83525744042343442     
   6.1109999999999989       0.83022922485715833     
   6.1199999999999992       0.82034385432355716     
   6.1289999999999996       0.83156472846715346     
   6.1379999999999990       0.84585907756642931     
   6.1469999999999985       0.83242298039779572     
   6.1559999999999988       0.81382203980745749     
   6.1649999999999991       0.83459403299783963     
   6.1739999999999995       0.79644997120640348     
   6.1829999999999989       0.79941374270649501     
   6.1919999999999993       0.78150399582337537     
   6.2009999999999996       0.81486209982755486     
   6.2100000000000000       0.79550812326714715     
   6.2189999999999985       0.80950392926544779     
   6.2279999999999989       0.80443507044981855     
   6.2369999999999992       0.78147631674460571     
   6.2459999999999996       0.82100067155083634     
   6.2549999999999990       0.82012951363260289     
   6.2639999999999993       0.80821707868785420     
   6.2729999999999997       0.82954553501571882     
   6.2820000000000000       0.83645246203904178     
   6.2909999999999986       0.83772654747110753     
   6.2999999999999989       0.81088236440134043     
   6.3089999999999993       0.83105104228018134     
   6.3179999999999996       0.82780136947133864     
   6.3269999999999991       0.79848454014444770     
   6.3359999999999994       0.82122373851469965     
   6.3449999999999998       0.82892484874962136     
   6.3540000000000001       0.83052100515062521     
   6.3629999999999987       0.77823643341186755     
   6.3719999999999990       0.79075717617187913     
   6.3809999999999993       0.82590373545611284     
   6.3899999999999997       0.82335277609271273     
   6.3989999999999982       0.81487455519063012     
   6.4079999999999986       0.81840680090102791     
   6.4169999999999989       0.83149863144080938     
   6.4259999999999993       0.81615722578062666     
   6.4349999999999987       0.79773162969673517     
   6.4439999999999991       0.81586442710191565     
   6.4529999999999994       0.80525311917772657     
   6.4619999999999997       0.77575288237350870     
   6.4709999999999983       0.81260333863208845     
   6.4799999999999986       0.80174715574441480     
   6.4889999999999990       0.78139949943294473     
   6.4979999999999993       0.79954959180135898     
   6.5069999999999988       0.78693830846669521     
   6.5159999999999991       0.82343607722960654     
   6.5249999999999995       0.79604889855866989     
   6.5339999999999998       0.80462897614832896     
   6.5430000000000001       0.81543661644824605     
   6.5519999999999987       0.83649873371794881     
   6.5609999999999991       0.86649462835666913     
   6.5699999999999994       0.83393324963555115     
   6.5789999999999997       0.81917162193934723     
   6.5879999999999992       0.81397341902176568     
   6.5969999999999995       0.83166610230322091     
   6.6059999999999990       0.82149960171765923     
   6.6149999999999993       0.84775235530276793     
   6.6239999999999988       0.85459456467690209     
   6.6329999999999991       0.81225828965911906     
   6.6419999999999995       0.82521376354230169     
   6.6509999999999998       0.79904218515383552     
   6.6599999999999984       0.80835640707851952     
   6.6689999999999987       0.83528547647281359     
   6.6779999999999990       0.82088367872025181     
   6.6869999999999994       0.84876826374082226     
   6.6959999999999988       0.85099009028454409     
   6.7049999999999992       0.84328497977444206     
   6.7139999999999995       0.83475612358559559     
   6.7229999999999999       0.84456034586693252     
   6.7319999999999984       0.82666223573353304     
   6.7409999999999988       0.79727720068184937     
   6.7499999999999991       0.80603316379110790     
   6.7589999999999995       0.85336435302074598     
   6.7679999999999989       0.83142639775965921     
   6.7769999999999992       0.83894890871621308     
   6.7859999999999996       0.84448078296170925     
   6.7949999999999999       0.77494303402115428     
   6.8039999999999985       0.83195123936374504     
   6.8129999999999988       0.85673547884105572     
   6.8219999999999992       0.80587776181198256     
   6.8309999999999995       0.85396306232910568     
   6.8399999999999990       0.83820623737802336     
   6.8489999999999984       0.80559327225735711     
   6.8579999999999988       0.83189225184868232     
   6.8669999999999991       0.81325929203404701     
   6.8759999999999986       0.82807885749684984     
   6.8849999999999989       0.83361044966264330     
   6.8939999999999992       0.80955800131721911     
   6.9029999999999996       0.83263322326299349     
   6.9119999999999981       0.82583183831280937     
   6.9209999999999985       0.86043770216771309     
   6.9299999999999988       0.84057300068029661     
   6.9389999999999992       0.83179768903906326     
   6.9479999999999995       0.85397825879050704     
   6.9569999999999990       0.81650943110927798     
   6.9659999999999993       0.81796074066818114     
   6.9749999999999996       0.84964456584070702     
   6.9840000000000000       0.82538664505894010     
   6.9929999999999986       0.82099112165726118     
   7.0019999999999989       0.84756947908650548     
   7.0109999999999992       0.84685560488036615     
   7.0199999999999996       0.79334294789096549     
   7.0289999999999990       0.83116986561012740     
   7.0379999999999994       0.82131833265994947     
   7.0469999999999997       0.84824991554104101     
   7.0560000000000000       0.84036978889968605     
   7.0649999999999986       0.84855851379490699     
   7.0739999999999990       0.84718405376172634     
   7.0829999999999993       0.83213074521013597     
   7.0919999999999996       0.81403029819864969     
   7.1009999999999982       0.78849199737083386     
   7.1099999999999985       0.82487835283450839     
   7.1189999999999989       0.82757453353656052     
   7.1279999999999992       0.82285400352790161     
   7.1369999999999987       0.82343330568197781     
   7.1459999999999990       0.82501249858194070     
   7.1549999999999994       0.78746692522460471     
   7.1639999999999997       0.78362755275680585     
   7.1729999999999983       0.77023740529846196     
   7.1819999999999986       0.77197107672076115     
   7.1909999999999989       0.77856480980207610     
   7.1999999999999993       0.81477644175880137     
   7.2089999999999987       0.81400405820381805     
   7.2179999999999991       0.79480028002951419     
   7.2269999999999994       0.80646417157936112     
   7.2359999999999998       0.82521311726807989     
   7.2449999999999983       0.82069289224115438     
   7.2539999999999987       0.78432850174468716     
   7.2629999999999990       0.81123509860073661     
   7.2719999999999994       0.79171368748615345     
   7.2809999999999988       0.80159415482518281     
   7.2899999999999991       0.83398866195028243     
   7.2989999999999995       0.82632928704059461     
   7.3079999999999989       0.81340897209582308     
   7.3169999999999993       0.83251234311148914     
   7.3259999999999987       0.84426169772139448     
   7.3349999999999991       0.83497506787946518     
   7.3439999999999994       0.78709184706287350     
   7.3529999999999998       0.82793445742313954     
   7.3619999999999983       0.83558419550800633     
   7.3709999999999987       0.82940789886176802     
   7.3799999999999990       0.82020106883856470     
   7.3889999999999993       0.79202478570152113     
   7.3979999999999988       0.80041493489075566     
   7.4069999999999991       0.81094933539660496     
   7.4159999999999995       0.78892645564913577     
   7.4249999999999998       0.83526347153843084     
   7.4339999999999984       0.81672282781262806     
   7.4429999999999987       0.81873275962537284     
   7.4519999999999991       0.84614862704809757     
   7.4609999999999994       0.83824995067290997     
   7.4699999999999989       0.80587748531718684     
   7.4789999999999992       0.78295964482948011     
   7.4879999999999995       0.80362570403961553     
   7.4969999999999999       0.84449660805418114     
   7.5059999999999985       0.82789801871327906     
   7.5149999999999988       0.82953878717033969     
   7.5239999999999991       0.84039486526688412     
   7.5329999999999995       0.84067318166490812     
   7.5419999999999989       0.83823510145618374     
   7.5509999999999984       0.80800081271254365     
   7.5599999999999987       0.81082694046011772     
   7.5689999999999991       0.83447031740894795     
   7.5779999999999985       0.81750478158244266     
   7.5869999999999989       0.82627433750915857     
   7.5959999999999992       0.86027200562651518     
   7.6049999999999995       0.83433217723593978     
   7.6139999999999981       0.79025154416702248     
   7.6229999999999984       0.83556823149661230     
   7.6319999999999988       0.83106172838093040     
   7.6409999999999991       0.82110110479310727     
   7.6499999999999986       0.81119494889863453     
   7.6589999999999989       0.82464792419668176     
   7.6679999999999993       0.83436388921616111     
   7.6769999999999996       0.80288598311728243     
   7.6859999999999999       0.83521353314858293     
   7.6949999999999985       0.81064746824586564     
   7.7039999999999988       0.81250973468456078     
   7.7129999999999992       0.83654759320417837     
   7.7219999999999995       0.85180654111305032     
   7.7309999999999990       0.82898259258545337     
   7.7399999999999993       0.84968806355189330     
   7.7489999999999997       0.87371163757604042     
   7.7580000000000000       0.87110062420370682     
   7.7669999999999986       0.86011270019945818     
   7.7759999999999989       0.84800269332130573     
   7.7849999999999993       0.80876435073890685     
   7.7939999999999996       0.81845200360235804     
   7.8029999999999982       0.78475027804200792     
   7.8119999999999985       0.80992667771688664     
   7.8209999999999988       0.81188553314749745     
   7.8299999999999992       0.82998777120857059     
   7.8389999999999986       0.81277155212911312     
   7.8479999999999990       0.80345592818072309     
   7.8569999999999993       0.82669615054600587     
   7.8659999999999997       0.82586467224380000     
   7.8749999999999982       0.82352939995458374     
   7.8839999999999986       0.78839850551490032     
   7.8929999999999989       0.81823326176996758     
   7.9019999999999992       0.79666612368277634     
   7.9109999999999987       0.82482523418533860     
   7.9199999999999990       0.83668522497650155     
   7.9289999999999994       0.82461534988129670     
   7.9379999999999997       0.86552007424879362     
   7.9469999999999983       0.84420471046667933     
   7.9559999999999986       0.83955579686918824     
   7.9649999999999990       0.85516374084298641     
   7.9739999999999993       0.83814431568325087     
   7.9829999999999988       0.83864620359467568     
   7.9919999999999991       0.84339230054322623     
   8.0009999999999994       0.82657556330753956     
   8.0099999999999998       0.78529745405390072     
   8.0189999999999984       0.82508797733129879     
   8.0279999999999987       0.81204342709867328     
   8.0369999999999990       0.83313772148692378     
   8.0459999999999994       0.81898613022802225     
   8.0549999999999979       0.83051463185063001     
   8.0639999999999983       0.83740725847704423     
   8.0729999999999986       0.82631781276382010     
   8.0819999999999990       0.84698495376676464     
   8.0909999999999993       0.82892009010759926     
   8.0999999999999979       0.84602664175215148     
   8.1089999999999982       0.83965990815502756     
   8.1179999999999986       0.83170038282755743     
   8.1269999999999989       0.82445377072814141     
   8.1359999999999992       0.81329238748417920     
   8.1449999999999996       0.80151031445067011     
   8.1539999999999999       0.85259473912630213     
   8.1630000000000003       0.83186318942798032     
   8.1719999999999988       0.81532192882683374     
   8.1809999999999992       0.82612561645382188     
   8.1899999999999995       0.83146969849028463     
   8.1989999999999998       0.82900629892610889     
   8.2079999999999984       0.81911614817031131     
   8.2169999999999987       0.87301599303889876     
   8.2259999999999991       0.82346689182312294     
   8.2349999999999994       0.82143858503808220     
   8.2439999999999980       0.85492821635814331     
   8.2529999999999983       0.84450994043735406     
   8.2619999999999987       0.83336352665012492     
   8.2709999999999990       0.82811678118413323     
   8.2799999999999976       0.85934906229135888     
   8.2889999999999979       0.83693129899284180     
   8.2979999999999983       0.84612191804734449     
   8.3069999999999986       0.82775343428770043     
   8.3159999999999989       0.82155061114716577     
   8.3249999999999993       0.82546246013236879     
   8.3339999999999996       0.83600262938407077     
   8.3430000000000000       0.83164676186970088     
   8.3519999999999985       0.79345006357953785     
   8.3609999999999989       0.79823455532759247     
   8.3699999999999992       0.79494189415787941     
   8.3789999999999996       0.79662103028595199     
   8.3879999999999981       0.79005834330606195     
   8.3969999999999985       0.82722327889294545     
   8.4059999999999988       0.80525541248006716     
   8.4149999999999991       0.78235804620155047     
   8.4239999999999977       0.82231071296280722     
   8.4329999999999981       0.82841561579705059     
   8.4419999999999984       0.80876587322470828     
   8.4509999999999987       0.82294771361330332     
   8.4599999999999991       0.79823986673439851     
   8.4689999999999994       0.80439341730428016     
   8.4779999999999998       0.81951430646920664     
   8.4869999999999983       0.81322499960080263     
   8.4959999999999987       0.80294244271538295     
   8.5049999999999990       0.78543720423375085     
   8.5139999999999993       0.80826413272722264     
   8.5229999999999997       0.81451048837863760     
   8.5320000000000000       0.81998059988633831     
   8.5409999999999986       0.83404050874107405     
   8.5499999999999989       0.82741707391950947     
   8.5589999999999993       0.80983211315957604     
   8.5679999999999996       0.79164957960013116     
   8.5769999999999982       0.83395852296596273     
   8.5859999999999985       0.81748159413359800     
   8.5949999999999989       0.82043116888998568     
   8.6039999999999992       0.84081423254073318     
   8.6129999999999978       0.83044487614095697     
   8.6219999999999981       0.82648548734231853     
   8.6309999999999985       0.78436053280994356     
   8.6399999999999988       0.83154790786821531     
   8.6489999999999991       0.85216770180188117     
   8.6579999999999995       0.79580236190733367     
   8.6669999999999998       0.80237551556189424     
   8.6760000000000002       0.82568594213186608     
   8.6849999999999987       0.81717483672779967     
   8.6939999999999991       0.82995458145336787     
   8.7029999999999994       0.82062221505205046     
   8.7119999999999997       0.81900545355836263     
   8.7209999999999983       0.80887470920928772     
   8.7299999999999986       0.80667611287401264     
   8.7389999999999990       0.82009030056796239     
   8.7479999999999993       0.81162044048391258     
   8.7569999999999979       0.81302925331908960     
   8.7659999999999982       0.77822516171713207     
   8.7749999999999986       0.77824493751287771     
   8.7839999999999989       0.82839951622838004     
   8.7929999999999975       0.81942722467386619     
   8.8019999999999978       0.79977517260234476     
   8.8109999999999982       0.82870436312566687     
   8.8199999999999985       0.77295549636895355     
   8.8289999999999988       0.76752397837698250     
   8.8379999999999992       0.79608475686302127     
   8.8469999999999995       0.78712173622639459     
   8.8559999999999999       0.79889651114086424     
   8.8650000000000002       0.82955611502118287     
   8.8739999999999988       0.79845420686270419     
   8.8829999999999991       0.81312241720306522     
   8.8919999999999995       0.82340271931518461     
   8.9009999999999998       0.82972869296819274     
   8.9099999999999984       0.81978958184619044     
   8.9189999999999987       0.83705887971328952     
   8.9279999999999990       0.81671828660920076     
   8.9369999999999994       0.79364847067544841     
   8.9459999999999980       0.79296981790127918     
   8.9549999999999983       0.83001752741056745     
   8.9639999999999986       0.77697918866620175     
   8.9729999999999990       0.78796004867464320     
   8.9819999999999975       0.80346971855245763     
   8.9909999999999979       0.82299782936749510     
   8.9999999999999982       0.80240673518315409     
   9.0089999999999986       0.83717823795301327     
   9.0179999999999989       0.83444372984442594     
   9.0269999999999992       0.84010605143819850     
   9.0359999999999996       0.85186708497633323     
   9.0449999999999999       0.83050633547223440     
   9.0539999999999985       0.80639572758084954     
   9.0629999999999988       0.82481282996101712     
   9.0719999999999992       0.84539806111473725     
   9.0809999999999995       0.84232806453469367     
   9.0899999999999981       0.81788509895134276     
   9.0989999999999984       0.83081282835634296     
   9.1079999999999988       0.84898173246310416     
   9.1169999999999991       0.84011395697545099     
   9.1259999999999977       0.81712997747974148     
   9.1349999999999980       0.83207579295332035     
   9.1439999999999984       0.80340849024156313     
   9.1529999999999987       0.83304012414841055     
   9.1619999999999990       0.83195135603195258     
   9.1709999999999994       0.83927890327330845     
   9.1799999999999997       0.80816588492822505     
   9.1889999999999983       0.84831992091468100     
   9.1979999999999986       0.82765818754387399     
   9.2069999999999990       0.82114057431675436     
   9.2159999999999993       0.81211175197712493     
   9.2249999999999996       0.80006370179377173     
   9.2340000000000000       0.79575816140382949     
   9.2429999999999986       0.81384413386856314     
   9.2519999999999989       0.83758423866141429     
   9.2609999999999992       0.83188824888604029     
   9.2699999999999996       0.83132104899530945     
   9.2789999999999981       0.81578368664918433     
   9.2879999999999985       0.83162457590660044     
   9.2969999999999988       0.83747374988542334     
   9.3059999999999992       0.82838730639937308     
   9.3149999999999977       0.81420232104206458     
   9.3239999999999981       0.83778898047710260     
   9.3329999999999984       0.80732080236200054     
   9.3419999999999987       0.80603624244435212     
   9.3509999999999991       0.80929076438232006     
   9.3599999999999994       0.79552577154755222     
   9.3689999999999998       0.82904046262222642     
   9.3780000000000001       0.82497272368307861     
   9.3869999999999987       0.79416214215502190     
   9.3959999999999990       0.82522661077937043     
   9.4049999999999994       0.81697149781509415     
   9.4139999999999997       0.83431833355326757     
   9.4229999999999983       0.78450140999825169     
   9.4319999999999986       0.80878925862277540     
   9.4409999999999989       0.82687920108469259     
   9.4499999999999993       0.81504418352875496     
   9.4589999999999979       0.81820617712762922     
   9.4679999999999982       0.83849683800742381     
   9.4769999999999985       0.85265938431378707     
   9.4859999999999989       0.83397944982258920     
   9.4949999999999974       0.84197380610964168     
   9.5039999999999978       0.84160776680620486     
   9.5129999999999981       0.83841194088328408     
   9.5219999999999985       0.84098074769026254     
   9.5309999999999988       0.85470166099530998     
   9.5399999999999991       0.86510020436962531     
   9.5489999999999995       0.87427780996358817     
   9.5579999999999998       0.83033669234455310     
   9.5669999999999984       0.81134784270267357     
   9.5759999999999987       0.84275212350382478     
   9.5849999999999991       0.83514512329417923     
   9.5939999999999994       0.83913432717165137     
   9.6029999999999998       0.85014786666315501     
   9.6119999999999983       0.83546614748231030     
   9.6209999999999987       0.84236958179449695     
   9.6299999999999990       0.81944189366804276     
   9.6389999999999993       0.82610733268970671     
   9.6479999999999979       0.82156596651825631     
   9.6569999999999983       0.79788473888544453     
   9.6659999999999986       0.84958796263414549     
   9.6749999999999989       0.82901041458135505     
   9.6839999999999975       0.81110524362153724     
   9.6929999999999978       0.81686053102809786     
   9.7019999999999982       0.80560592994980973     
   9.7109999999999985       0.80097406653258729     
   9.7199999999999989       0.82965287615118666     
   9.7289999999999992       0.82095208562677691     
   9.7379999999999995       0.84791430462526185     
   9.7469999999999999       0.82304779091852454     
   9.7559999999999985       0.82336603255922192     
   9.7649999999999988       0.82916473657070333     
   9.7739999999999991       0.80652908731408746     
   9.7829999999999995       0.80796142258581816     
   9.7919999999999980       0.77049747736031571     
   9.8009999999999984       0.77225806691353960     
   9.8099999999999987       0.82251209577131634     
   9.8189999999999991       0.79432574743542961     
   9.8279999999999976       0.80087788758003653     
   9.8369999999999980       0.81306658665232245     
   9.8459999999999983       0.84545500651776762     
   9.8549999999999986       0.81538579321246929     
   9.8639999999999990       0.83197640237773385     
   9.8729999999999993       0.82487135791641686     
   9.8819999999999997       0.82561614030754915     
   9.8909999999999982       0.83012310167814529     
   9.8999999999999986       0.82263082365044116     
   9.9089999999999989       0.82728645584780081     
   9.9179999999999993       0.82756057319000020     
   9.9269999999999996       0.80605373857813944     
   9.9359999999999982       0.84582499879276707     
   9.9449999999999985       0.81431038300505609     
   9.9539999999999988       0.82021947891059876     
   9.9629999999999992       0.82589626694235130     
   9.9719999999999978       0.80519781502682630     
   9.9809999999999981       0.82905725020629584     
   9.9899999999999984       0.83581062812547857     
