   0.0000000000000000        1.0000000000001228     
   8.9999999999999993E-003  0.98204697057815427     
   1.7999999999999999E-002  0.99965063479733585     
   2.6999999999999993E-002  0.99957200207419128     
   3.5999999999999997E-002  0.99939527206984669     
   4.4999999999999998E-002  0.99933460595878520     
   5.3999999999999986E-002  0.99909080969686481     
   6.2999999999999987E-002  0.99902559658446988     
   7.1999999999999995E-002  0.99891329276445395     
   8.0999999999999989E-002  0.99867952048590702     
   8.9999999999999997E-002  0.99871076293963890     
   9.8999999999999991E-002  0.99845773592739218     
  0.10799999999999997       0.99831858837531062     
  0.11699999999999999       0.99795528306460390     
  0.12599999999999997       0.99777490458900431     
  0.13499999999999998       0.99769336043519619     
  0.14399999999999999       0.99738164953606567     
  0.15299999999999997       0.99695107380210679     
  0.16199999999999998       0.99677684940409172     
  0.17099999999999999       0.99660911708997224     
  0.17999999999999999       0.99655033464054799     
  0.18899999999999997       0.99628478682582933     
  0.19799999999999998       0.99611814169385249     
  0.20699999999999996       0.99599810421105694     
  0.21599999999999994       0.99547590377101414     
  0.22499999999999998       0.99519376458000963     
  0.23399999999999999       0.99487385035346965     
  0.24299999999999997       0.99437850717745779     
  0.25199999999999995       0.99425315165490546     
  0.26099999999999995       0.99398464218469740     
  0.26999999999999996       0.99342295329980901     
  0.27899999999999997       0.99329207722150226     
  0.28799999999999998       0.99306821890150609     
  0.29699999999999993       0.99266804855755031     
  0.30599999999999994       0.99272253682753653     
  0.31500000000000000       0.99267840929502293     
  0.32399999999999995       0.99272033191382181     
  0.33299999999999996       0.99238177082149281     
  0.34199999999999997       0.99225666669626456     
  0.35099999999999992       0.99210541155374099     
  0.35999999999999999       0.99171514740222966     
  0.36899999999999994       0.99170210098556022     
  0.37799999999999995       0.99165565936194677     
  0.38699999999999996       0.99195922429071970     
  0.39599999999999996       0.99199523842204185     
  0.40499999999999992       0.99233016327811197     
  0.41399999999999992       0.99248223106916789     
  0.42299999999999993       0.99280826519611787     
  0.43199999999999988       0.99284851806449026     
  0.44100000000000000       0.99308359062502272     
  0.44999999999999996       0.99302640118157304     
  0.45899999999999996       0.99310107611028553     
  0.46799999999999997       0.99309382833949023     
  0.47699999999999992       0.99292249748442674     
  0.48599999999999993       0.99282888366044064     
  0.49499999999999994       0.99269886436181853     
  0.50399999999999989       0.99248182077463143     
  0.51299999999999990       0.99238969288385237     
  0.52199999999999991       0.99244507697073348     
  0.53099999999999992       0.99244874548832607     
  0.53999999999999992       0.99227481097481152     
  0.54899999999999993       0.99205034375631229     
  0.55799999999999994       0.99187410923582953     
  0.56699999999999995       0.99175799241677309     
  0.57599999999999996       0.99160518635865402     
  0.58499999999999996       0.99128809101064419     
  0.59399999999999986       0.99113546744787673     
  0.60299999999999987       0.99088136299305396     
  0.61199999999999988       0.99078925843682619     
  0.62099999999999989       0.99062589111051702     
  0.63000000000000000       0.99038756494150137     
  0.63899999999999990       0.99020252619633486     
  0.64799999999999991       0.99009602204102931     
  0.65699999999999992       0.98985677870200628     
  0.66599999999999993       0.98956771200007487     
  0.67499999999999993       0.98932456981396899     
  0.68399999999999994       0.98916815071101749     
  0.69299999999999984       0.98904178380171770     
  0.70199999999999985       0.98886451824691612     
  0.71099999999999985       0.98883087745956122     
  0.71999999999999997       0.98861013621450755     
  0.72899999999999998       0.98852539527964867     
  0.73799999999999988       0.98833436515937456     
  0.74699999999999989       0.98815078059796624     
  0.75599999999999989       0.98790639581746109     
  0.76499999999999990       0.98760740372925326     
  0.77399999999999991       0.98743542742324331     
  0.78299999999999992       0.98717184429842353     
  0.79199999999999993       0.98693827785499555     
  0.80099999999999982       0.98668806396637665     
  0.80999999999999983       0.98653733979468516     
  0.81899999999999984       0.98620824601359769     
  0.82799999999999985       0.98614849429356466     
  0.83699999999999986       0.98593767789679487     
  0.84599999999999986       0.98571505729534292     
  0.85499999999999987       0.98548946354867317     
  0.86399999999999977       0.98514684970923461     
  0.87300000000000000       0.98504460203662592     
  0.88200000000000001       0.98465457417418789     
  0.89099999999999990       0.98445327018028617     
  0.89999999999999991       0.98415761445732675     
  0.90899999999999992       0.98386009962351095     
  0.91799999999999993       0.98372527420584543     
  0.92699999999999994       0.98348174421092616     
  0.93599999999999994       0.98333551460543001     
  0.94499999999999984       0.98297558163533427     
  0.95399999999999985       0.98290953119668723     
  0.96299999999999986       0.98271611675696291     
  0.97199999999999986       0.98263619937884972     
  0.98099999999999987       0.98250267273706393     
  0.98999999999999988       0.98236971485771984     
  0.99899999999999989       0.98191162555879785     
   1.0079999999999998       0.98171201017347975     
   1.0169999999999999       0.98145476814381416     
   1.0259999999999998       0.98122036934888446     
   1.0349999999999997       0.98100068059697809     
   1.0439999999999998       0.98090362982453982     
   1.0529999999999997       0.98065627983785364     
   1.0619999999999998       0.98051691560407195     
   1.0710000000000000       0.98033835181459317     
   1.0799999999999998       0.98009663828862814     
   1.0890000000000000       0.97989648948014274     
   1.0979999999999999       0.97958959760901665     
   1.1070000000000000       0.97942508757912849     
   1.1159999999999999       0.97914102096638267     
   1.1249999999999998       0.97883747261087117     
   1.1339999999999999       0.97860039572091617     
   1.1429999999999998       0.97830212078655854     
   1.1519999999999999       0.97801920893198169     
   1.1609999999999998       0.97774144482760239     
   1.1699999999999999       0.97746227894400572     
   1.1789999999999998       0.97730294658823180     
   1.1879999999999997       0.97700527357867106     
   1.1969999999999998       0.97686848091245271     
   1.2059999999999997       0.97652020396590433     
   1.2149999999999999       0.97639966825681612     
   1.2239999999999998       0.97613290260191232     
   1.2329999999999999       0.97585180942759187     
   1.2419999999999998       0.97556835505078365     
   1.2509999999999999       0.97541646762560574     
   1.2600000000000000       0.97514577501374944     
   1.2689999999999999       0.97474076032022872     
   1.2779999999999998       0.97453005199253839     
   1.2869999999999999       0.97416355713655911     
   1.2959999999999998       0.97380896208525625     
   1.3049999999999999       0.97338415126824041     
   1.3139999999999998       0.97315787888189920     
   1.3230000000000000       0.97281770384906019     
   1.3319999999999999       0.97257718296731155     
   1.3409999999999997       0.97215977471790749     
   1.3499999999999999       0.97180472416327923     
   1.3589999999999998       0.97157911821409948     
   1.3679999999999999       0.97118143845623672     
   1.3769999999999998       0.97087663339922203     
   1.3859999999999997       0.97069466109399039     
   1.3949999999999998       0.97029685913361330     
   1.4039999999999997       0.97007991333916765     
   1.4129999999999998       0.96966602666873181     
   1.4219999999999997       0.96929281039698889     
   1.4309999999999998       0.96915659297775114     
   1.4399999999999999       0.96854085475106622     
   1.4489999999999998       0.96825802068408895     
   1.4580000000000000       0.96809865054720623     
   1.4669999999999999       0.96806634159483462     
   1.4759999999999998       0.96805100960493706     
   1.4849999999999999       0.96769546578732157     
   1.4939999999999998       0.96737029585051271     
   1.5029999999999999       0.96727614252885630     
   1.5119999999999998       0.96698352647261909     
   1.5209999999999999       0.96662433324830588     
   1.5299999999999998       0.96639486421709808     
   1.5389999999999997       0.96623695198260973     
   1.5479999999999998       0.96606322804562172     
   1.5569999999999997       0.96575145407243856     
   1.5659999999999998       0.96549709836506015     
   1.5749999999999997       0.96528907149477239     
   1.5839999999999999       0.96490719816692994     
   1.5929999999999997       0.96447083434989167     
   1.6019999999999996       0.96409530080001427     
   1.6109999999999998       0.96400149377503708     
   1.6199999999999997       0.96359027092113669     
   1.6289999999999998       0.96317606419937052     
   1.6379999999999997       0.96290022084385685     
   1.6469999999999998       0.96268735857294263     
   1.6559999999999997       0.96216677130975270     
   1.6649999999999996       0.96185065209844756     
   1.6739999999999997       0.96153800147004442     
   1.6829999999999996       0.96117558232278733     
   1.6919999999999997       0.96118958722804992     
   1.7009999999999996       0.96093491636700035     
   1.7099999999999997       0.96044290851710068     
   1.7189999999999996       0.95986809884491142     
   1.7279999999999995       0.95955487762350777     
   1.7369999999999999       0.95923180029423472     
   1.7460000000000000       0.95882842302954552     
   1.7549999999999999       0.95862249965421609     
   1.7640000000000000       0.95846276217650372     
   1.7729999999999999       0.95819892788109928     
   1.7819999999999998       0.95784793525906498     
   1.7909999999999999       0.95730170035147322     
   1.7999999999999998       0.95689836242685833     
   1.8089999999999999       0.95693058254820451     
   1.8179999999999998       0.95671386194671182     
   1.8269999999999997       0.95631562293924777     
   1.8359999999999999       0.95602635420330240     
   1.8449999999999998       0.95569008108999587     
   1.8539999999999999       0.95535928534502612     
   1.8629999999999998       0.95511750076254753     
   1.8719999999999999       0.95467475266364521     
   1.8809999999999998       0.95452708291994282     
   1.8899999999999997       0.95427403743700234     
   1.8989999999999998       0.95398391109255831     
   1.9079999999999997       0.95377565831302558     
   1.9169999999999998       0.95358793035975686     
   1.9259999999999997       0.95310983048278486     
   1.9349999999999998       0.95276688799351084     
   1.9439999999999997       0.95226584021852978     
   1.9529999999999996       0.95196450080249928     
   1.9619999999999997       0.95175651150520924     
   1.9709999999999996       0.95138540897813106     
   1.9799999999999998       0.95115939261727733     
   1.9889999999999997       0.95080707796573938     
   1.9979999999999998       0.95038830070260039     
   2.0069999999999997       0.95021653958662544     
   2.0159999999999996       0.95000962081169271     
   2.0249999999999995       0.94970604012750992     
   2.0339999999999998       0.94938608028326887     
   2.0429999999999997       0.94904984542494319     
   2.0519999999999996       0.94889660166608791     
   2.0609999999999995       0.94864583767785138     
   2.0699999999999994       0.94853928054667702     
   2.0789999999999997       0.94845615855930243     
   2.0879999999999996       0.94821364923445117     
   2.0969999999999995       0.94785094107328161     
   2.1059999999999994       0.94750079816403232     
   2.1149999999999998       0.94740470632019513     
   2.1239999999999997       0.94711657040176245     
   2.1330000000000000       0.94682851828320558     
   2.1419999999999999       0.94649117379043612     
   2.1509999999999998       0.94643968122534039     
   2.1599999999999997       0.94629119562612796     
   2.1690000000000000       0.94599768686758079     
   2.1779999999999999       0.94591513000587091     
   2.1869999999999998       0.94540909863578859     
   2.1959999999999997       0.94484990412063485     
   2.2049999999999996       0.94460801560162144     
   2.2140000000000000       0.94424306469252539     
   2.2229999999999999       0.94402941740653390     
   2.2319999999999998       0.94377014847143659     
   2.2409999999999997       0.94357336291813609     
   2.2499999999999996       0.94316306101306502     
   2.2589999999999999       0.94294413565303981     
   2.2679999999999998       0.94266481575445704     
   2.2769999999999997       0.94250887792970128     
   2.2859999999999996       0.94218488869229167     
   2.2949999999999999       0.94176696346007838     
   2.3039999999999998       0.94150036636368195     
   2.3129999999999997       0.94149265536571825     
   2.3219999999999996       0.94119748493582089     
   2.3309999999999995       0.94099182783305280     
   2.3399999999999999       0.94059603511507139     
   2.3489999999999998       0.94026398728617999     
   2.3579999999999997       0.93983453128641115     
   2.3669999999999995       0.93946840026178180     
   2.3759999999999994       0.93918411936732538     
   2.3849999999999998       0.93893462774116798     
   2.3939999999999997       0.93872057655958485     
   2.4029999999999996       0.93835183431673364     
   2.4119999999999995       0.93824311269983274     
   2.4209999999999994       0.93814397627918789     
   2.4299999999999997       0.93765734912325294     
   2.4389999999999996       0.93722848104369227     
   2.4479999999999995       0.93683097377856528     
   2.4569999999999994       0.93648758352288930     
   2.4659999999999997       0.93638290895053877     
   2.4749999999999996       0.93599428996594025     
   2.4839999999999995       0.93584498577017938     
   2.4929999999999994       0.93593465811993704     
   2.5019999999999998       0.93566528323887588     
   2.5109999999999997       0.93496837298600399     
   2.5200000000000000       0.93480617050593318     
   2.5289999999999999       0.93472044711430458     
   2.5379999999999998       0.93435638577081004     
   2.5469999999999997       0.93408829494115453     
   2.5559999999999996       0.93367610266289447     
   2.5649999999999999       0.93347807590951759     
   2.5739999999999998       0.93312642758664577     
   2.5829999999999997       0.93285520230022967     
   2.5919999999999996       0.93260786482940261     
   2.6009999999999995       0.93241081067441900     
   2.6099999999999999       0.93225864295475203     
   2.6189999999999998       0.93210055968651118     
   2.6279999999999997       0.93190908034234876     
   2.6369999999999996       0.93162239384420509     
   2.6459999999999999       0.93145581290475732     
   2.6549999999999998       0.93106116426197183     
   2.6639999999999997       0.93058909646176990     
   2.6729999999999996       0.93018871744921094     
   2.6819999999999995       0.92992109000281498     
   2.6909999999999998       0.92967736782036359     
   2.6999999999999997       0.92933355972747400     
   2.7089999999999996       0.92924491192970415     
   2.7179999999999995       0.92897128306171362     
   2.7269999999999994       0.92850868640440221     
   2.7359999999999998       0.92808001242671134     
   2.7449999999999997       0.92787260200067712     
   2.7539999999999996       0.92781320417721924     
   2.7629999999999995       0.92746291102939316     
   2.7719999999999994       0.92691752226265089     
   2.7809999999999997       0.92668199017277142     
   2.7899999999999996       0.92647604824843843     
   2.7989999999999995       0.92628215608605657     
   2.8079999999999994       0.92600862011644536     
   2.8169999999999997       0.92577695710675589     
   2.8259999999999996       0.92530304010745756     
   2.8349999999999995       0.92488004619786046     
   2.8439999999999994       0.92456123833995185     
   2.8529999999999993       0.92444874911861308     
   2.8619999999999997       0.92429486039394038     
   2.8709999999999996       0.92401918558036400     
   2.8799999999999999       0.92384210750430518     
   2.8889999999999998       0.92334805402005649     
   2.8979999999999997       0.92296186865209306     
   2.9069999999999996       0.92269769792356215     
   2.9159999999999999       0.92256857779100654     
   2.9249999999999994       0.92232031877315312     
   2.9339999999999997       0.92184529760025125     
   2.9429999999999996       0.92144548699870077     
   2.9519999999999995       0.92125127207670399     
   2.9609999999999994       0.92124789313741851     
   2.9699999999999998       0.92085703267352137     
   2.9789999999999992       0.92059310063787303     
   2.9879999999999995       0.92028180167137863     
   2.9969999999999994       0.91988986850520871     
   3.0059999999999998       0.91976282602132964     
   3.0149999999999992       0.91957963786089958     
   3.0239999999999996       0.91914557337418623     
   3.0329999999999995       0.91900620523286936     
   3.0419999999999998       0.91881204327049792     
   3.0509999999999993       0.91866109191223266     
   3.0599999999999996       0.91854405032483100     
   3.0689999999999995       0.91818911608243658     
   3.0779999999999994       0.91792235108901465     
   3.0869999999999997       0.91742153436116269     
   3.0959999999999996       0.91725914871978032     
   3.1050000000000000       0.91678167196937466     
   3.1139999999999994       0.91661966804005646     
   3.1229999999999998       0.91639581128745362     
   3.1319999999999997       0.91627746786035091     
   3.1410000000000000       0.91592386467553411     
   3.1499999999999995       0.91576874834401567     
   3.1589999999999998       0.91544572506422828     
   3.1679999999999997       0.91525671414352883     
   3.1770000000000000       0.91496249969439236     
   3.1859999999999995       0.91489508555681620     
   3.1949999999999998       0.91469119634231033     
   3.2039999999999993       0.91463958648845367     
   3.2129999999999996       0.91431874432278071     
   3.2219999999999995       0.91393893522292591     
   3.2309999999999999       0.91386304510758420     
   3.2399999999999993       0.91356936364770081     
   3.2489999999999997       0.91309004177530351     
   3.2579999999999996       0.91290914417304425     
   3.2669999999999999       0.91271810480291038     
   3.2759999999999994       0.91238441130551795     
   3.2849999999999997       0.91247107723013032     
   3.2939999999999996       0.91232427627371426     
   3.3029999999999995       0.91214584484643935     
   3.3119999999999994       0.91192093061437662     
   3.3209999999999997       0.91171922435262631     
   3.3299999999999992       0.91163132794828539     
   3.3389999999999995       0.91139671970956559     
   3.3479999999999994       0.91109270079100901     
   3.3569999999999998       0.91077744251130932     
   3.3659999999999992       0.91032571177901100     
   3.3749999999999996       0.90998211055287037     
   3.3839999999999995       0.90981633064195311     
   3.3929999999999998       0.90921606493401486     
   3.4019999999999992       0.90897159929004856     
   3.4109999999999996       0.90875985781432245     
   3.4199999999999995       0.90817894598332416     
   3.4289999999999994       0.90779557714228298     
   3.4379999999999993       0.90777002329587042     
   3.4469999999999996       0.90743358495758919     
   3.4559999999999991       0.90730588614898122     
   3.4649999999999994       0.90737835639463582     
   3.4739999999999998       0.90693874985286838     
   3.4829999999999997       0.90673141394601953     
   3.4920000000000000       0.90687327698349784     
   3.5009999999999994       0.90647578050012156     
   3.5099999999999998       0.90650698810718067     
   3.5189999999999997       0.90612250600148947     
   3.5280000000000000       0.90579233991210051     
   3.5369999999999995       0.90558506135204186     
   3.5459999999999998       0.90525906259985434     
   3.5549999999999993       0.90512885325075632     
   3.5639999999999996       0.90499883242192614     
   3.5729999999999995       0.90485650891206137     
   3.5819999999999999       0.90467794892595199     
   3.5909999999999993       0.90451261714889253     
   3.5999999999999996       0.90410643376776145     
   3.6089999999999995       0.90406034607477836     
   3.6179999999999999       0.90382067986916403     
   3.6269999999999993       0.90363430968812397     
   3.6359999999999997       0.90328052570843420     
   3.6449999999999996       0.90303613208763633     
   3.6539999999999995       0.90296750581392982     
   3.6629999999999994       0.90268352032352839     
   3.6719999999999997       0.90212541000547908     
   3.6809999999999992       0.90167978353311118     
   3.6899999999999995       0.90151990421522377     
   3.6989999999999994       0.90132639721706920     
   3.7079999999999997       0.90124748700523793     
   3.7169999999999992       0.90114317250615161     
   3.7259999999999995       0.90100907114214968     
   3.7349999999999994       0.90085954398220180     
   3.7439999999999998       0.90043398692908250     
   3.7529999999999992       0.90035279652125044     
   3.7619999999999996       0.90018206059078876     
   3.7709999999999995       0.89980306385340325     
   3.7799999999999994       0.89958438669743035     
   3.7889999999999993       0.89927790527375506     
   3.7979999999999996       0.89893222158274932     
   3.8069999999999991       0.89895005387950100     
   3.8159999999999994       0.89868530059055252     
   3.8249999999999993       0.89841355695000003     
   3.8339999999999996       0.89815311930020347     
   3.8430000000000000       0.89766972506163512     
   3.8519999999999994       0.89761329524189637     
   3.8609999999999998       0.89743865632464159     
   3.8699999999999997       0.89706103655116531     
   3.8790000000000000       0.89671489472196908     
   3.8879999999999995       0.89635059558917873     
   3.8969999999999998       0.89629748577017221     
   3.9059999999999993       0.89609476471112770     
   3.9149999999999996       0.89569284117562220     
   3.9239999999999995       0.89531136326134231     
   3.9329999999999998       0.89519166603236222     
   3.9419999999999993       0.89503890406446396     
   3.9509999999999996       0.89487257723754465     
   3.9599999999999995       0.89472454715873528     
   3.9689999999999999       0.89448883986431027     
   3.9779999999999993       0.89441896991695558     
   3.9869999999999997       0.89430966917928512     
   3.9959999999999996       0.89433079584333841     
   4.0049999999999999       0.89438923832779782     
   4.0139999999999993       0.89434133132359694     
   4.0229999999999997       0.89424086843821138     
   4.0319999999999991       0.89411504405810527     
   4.0409999999999995       0.89376756536470936     
   4.0499999999999989       0.89366956972192946     
   4.0589999999999993       0.89326898368477037     
   4.0679999999999996       0.89299446088224954     
   4.0770000000000000       0.89268088255318456     
   4.0859999999999994       0.89241918768559403     
   4.0949999999999998       0.89219810746812045     
   4.1039999999999992       0.89207990978449647     
   4.1129999999999995       0.89198149168626883     
   4.1219999999999990       0.89176429103920951     
   4.1309999999999993       0.89146797053325821     
   4.1399999999999988       0.89127873115977585     
   4.1489999999999991       0.89099783924194864     
   4.1579999999999995       0.89081168038221559     
   4.1669999999999998       0.89050553451585768     
   4.1759999999999993       0.89019903837842362     
   4.1849999999999996       0.89027454027695352     
   4.1939999999999991       0.89016344677938330     
   4.2029999999999994       0.89001991265034941     
   4.2119999999999989       0.88990628088898638     
   4.2209999999999992       0.88952739565294248     
   4.2299999999999995       0.88916767778200534     
   4.2389999999999999       0.88874609025992668     
   4.2479999999999993       0.88859178414629780     
   4.2569999999999997       0.88814892545062030     
   4.2660000000000000       0.88778504882519294     
   4.2749999999999995       0.88758255139669928     
   4.2839999999999998       0.88750190034885468     
   4.2929999999999993       0.88729768877230597     
   4.3019999999999996       0.88729145866974313     
   4.3109999999999991       0.88693846843473712     
   4.3199999999999994       0.88679631031633988     
   4.3289999999999997       0.88661441778815053     
   4.3380000000000001       0.88632845686372286     
   4.3469999999999995       0.88624792227921334     
   4.3559999999999999       0.88581878002263037     
   4.3649999999999993       0.88552380154445742     
   4.3739999999999997       0.88529069476167888     
   4.3829999999999991       0.88511414495048468     
   4.3919999999999995       0.88507380608374475     
   4.4009999999999989       0.88503158297908213     
   4.4099999999999993       0.88496084366404537     
   4.4189999999999996       0.88486163387047578     
   4.4279999999999999       0.88497979015020511     
   4.4369999999999994       0.88472228967315780     
   4.4459999999999997       0.88456625588771221     
   4.4549999999999992       0.88440359984384420     
   4.4639999999999995       0.88441780403478854     
   4.4729999999999990       0.88427527604748613     
   4.4819999999999993       0.88386830796722626     
   4.4909999999999988       0.88358484228490419     
   4.4999999999999991       0.88355881649670753     
   4.5089999999999995       0.88339547884375713     
   4.5179999999999998       0.88336749087964672     
   4.5269999999999992       0.88326961089723621     
   4.5359999999999996       0.88314583388292645     
   4.5449999999999990       0.88306461922854440     
   4.5539999999999994       0.88297504703812335     
   4.5629999999999988       0.88281737323300713     
   4.5719999999999992       0.88256856984488830     
   4.5809999999999995       0.88239951097068614     
   4.5899999999999999       0.88185331310432546     
   4.5989999999999993       0.88172391563472252     
   4.6079999999999997       0.88146032009587927     
   4.6170000000000000       0.88111388016297820     
   4.6259999999999994       0.88086102215292228     
   4.6349999999999998       0.88097884160943929     
   4.6439999999999992       0.88075851271025274     
   4.6529999999999996       0.88041843222236682     
   4.6619999999999990       0.88003502406147327     
   4.6709999999999994       0.87996690479275730     
   4.6799999999999997       0.88001096056553341     
   4.6890000000000001       0.87955820904556381     
   4.6979999999999995       0.87939118092185464     
   4.7069999999999999       0.87926229334695005     
   4.7159999999999993       0.87929657101682301     
   4.7249999999999996       0.87914520826451070     
   4.7339999999999991       0.87905650163409654     
   4.7429999999999994       0.87890813006645974     
   4.7519999999999989       0.87872089799329200     
   4.7609999999999992       0.87853998323527416     
   4.7699999999999996       0.87839477040037239     
   4.7789999999999999       0.87841311120300591     
   4.7879999999999994       0.87815099676720654     
   4.7969999999999997       0.87795110042784130     
   4.8059999999999992       0.87787592414659554     
   4.8149999999999995       0.87798548643228558     
   4.8239999999999990       0.87780916083778271     
   4.8329999999999993       0.87760964212146542     
   4.8419999999999987       0.87724013655179511     
   4.8509999999999991       0.87707302936656695     
   4.8599999999999994       0.87677362645038170     
   4.8689999999999998       0.87645233407547585     
   4.8779999999999992       0.87643272373634395     
   4.8869999999999996       0.87655273468065265     
   4.8959999999999990       0.87656542536827819     
   4.9049999999999994       0.87639265424569035     
   4.9139999999999988       0.87610838900491572     
   4.9229999999999992       0.87578931515111524     
   4.9319999999999995       0.87545779659137291     
   4.9409999999999998       0.87522389895153130     
   4.9499999999999993       0.87525929875086150     
   4.9589999999999996       0.87480432874597613     
   4.9679999999999991       0.87489606228729921     
   4.9769999999999994       0.87473360283712687     
   4.9859999999999989       0.87455564930139229     
   4.9949999999999992       0.87437517687764987     
   5.0039999999999996       0.87429456787061210     
   5.0129999999999990       0.87408932783255855     
   5.0219999999999994       0.87382330299741262     
   5.0309999999999997       0.87381329172854794     
   5.0400000000000000       0.87364432129924718     
   5.0489999999999995       0.87374460232956119     
   5.0579999999999998       0.87358282716214963     
   5.0669999999999993       0.87376818518791310     
   5.0759999999999996       0.87351694365040788     
   5.0849999999999991       0.87344877487231920     
   5.0939999999999994       0.87335247113871717     
   5.1029999999999989       0.87303843538800852     
   5.1119999999999992       0.87277863575978809     
   5.1209999999999996       0.87275694458901054     
   5.1299999999999999       0.87252832558378624     
   5.1389999999999993       0.87220013631437088     
   5.1479999999999997       0.87203613998608731     
   5.1569999999999991       0.87180331332402816     
   5.1659999999999995       0.87156359976638509     
   5.1749999999999989       0.87177542927690777     
   5.1839999999999993       0.87164125021092420     
   5.1929999999999987       0.87133231048204229     
   5.2019999999999991       0.87130486981740163     
   5.2109999999999994       0.87120909017085268     
   5.2199999999999998       0.87085166353197530     
   5.2289999999999992       0.87058668250642235     
   5.2379999999999995       0.87043698224978772     
   5.2469999999999990       0.87029303911783817     
   5.2559999999999993       0.87033862960729269     
   5.2649999999999988       0.87030889029508074     
   5.2739999999999991       0.87006676681679229     
   5.2829999999999995       0.87004921232175958     
   5.2919999999999998       0.86990805763236378     
   5.3009999999999993       0.86985023437857900     
   5.3099999999999996       0.86969478469172090     
   5.3189999999999991       0.86980961381922428     
   5.3279999999999994       0.86979255438383951     
   5.3369999999999989       0.86959285779448126     
   5.3459999999999992       0.86970918256136431     
   5.3549999999999986       0.86971272618210893     
   5.3639999999999990       0.86970657073862434     
   5.3729999999999993       0.86982293785519071     
   5.3819999999999997       0.86978429972712734     
   5.3910000000000000       0.86948486635521971     
   5.3999999999999995       0.86930439210283905     
   5.4089999999999998       0.86915555695655655     
   5.4179999999999993       0.86921435482941778     
   5.4269999999999996       0.86890586006813741     
   5.4359999999999991       0.86856562228398260     
   5.4449999999999994       0.86843305106929602     
   5.4539999999999988       0.86843320625274378     
   5.4629999999999992       0.86841868860213389     
   5.4719999999999995       0.86829566749879150     
   5.4809999999999999       0.86827363368076205     
   5.4899999999999993       0.86791531233633468     
   5.4989999999999997       0.86766724602504941     
   5.5079999999999991       0.86754703901501962     
   5.5169999999999995       0.86739673249239535     
   5.5259999999999989       0.86743571610938219     
   5.5349999999999993       0.86733539144322813     
   5.5439999999999987       0.86724010182467715     
   5.5529999999999990       0.86704712770505443     
   5.5619999999999994       0.86695839439060363     
   5.5709999999999997       0.86657615067297933     
   5.5799999999999992       0.86694330990783930     
   5.5889999999999995       0.86683814794507907     
   5.5979999999999990       0.86669716473665448     
   5.6069999999999993       0.86671090876600598     
   5.6159999999999988       0.86651893206822861     
   5.6249999999999991       0.86665156827766487     
   5.6339999999999995       0.86656408749421410     
   5.6429999999999998       0.86645042653700577     
   5.6519999999999992       0.86622316280786182     
   5.6609999999999996       0.86611797176893035     
   5.6699999999999990       0.86588587626223035     
   5.6789999999999994       0.86589978669235712     
   5.6879999999999988       0.86559377795613046     
   5.6969999999999992       0.86522715864382815     
   5.7059999999999986       0.86515635495842436     
   5.7149999999999990       0.86499654358598355     
   5.7239999999999993       0.86478852503936354     
   5.7329999999999997       0.86472383567398436     
   5.7419999999999991       0.86485637011211836     
   5.7509999999999994       0.86474544346922966     
   5.7599999999999998       0.86459973041807159     
   5.7689999999999992       0.86451840122701351     
   5.7779999999999996       0.86439478482569754     
   5.7869999999999990       0.86439573796223590     
   5.7959999999999994       0.86419295536564600     
   5.8049999999999988       0.86432466246035211     
   5.8139999999999992       0.86443776909531189     
   5.8229999999999995       0.86426889396142637     
   5.8319999999999999       0.86417018542047486     
   5.8410000000000002       0.86417498966103101     
   5.8499999999999988       0.86403940790180189     
   5.8589999999999991       0.86377839065266360     
   5.8679999999999994       0.86379258639484080     
   5.8769999999999998       0.86364546859810709     
   5.8859999999999992       0.86337389193065439     
   5.8949999999999987       0.86327547269477689     
   5.9039999999999990       0.86313254208254786     
   5.9129999999999994       0.86310730985539630     
   5.9219999999999988       0.86308536194076102     
   5.9309999999999992       0.86292858119544458     
   5.9399999999999995       0.86265467753642744     
   5.9489999999999998       0.86262529303013069     
   5.9579999999999984       0.86228691228697407     
   5.9669999999999987       0.86209380746115694     
   5.9759999999999991       0.86193311979348619     
   5.9849999999999994       0.86173624480778477     
   5.9939999999999989       0.86169617978362856     
   6.0029999999999992       0.86162947070027784     
   6.0119999999999996       0.86160920693982190     
   6.0209999999999999       0.86138961220043209     
   6.0299999999999985       0.86109018947012061     
   6.0389999999999988       0.86116045289138965     
   6.0479999999999992       0.86113214694118889     
   6.0569999999999995       0.86082034500303617     
   6.0659999999999989       0.86038543509525811     
   6.0749999999999993       0.86057462438219501     
   6.0839999999999996       0.86043577807477822     
   6.0930000000000000       0.86009822004231096     
   6.1019999999999985       0.85974837865626774     
   6.1109999999999989       0.85937833670265651     
   6.1199999999999992       0.85937806911570735     
   6.1289999999999996       0.85929605117116470     
   6.1379999999999990       0.85946249391599383     
   6.1469999999999985       0.85925804197550992     
   6.1559999999999988       0.85928501756416908     
   6.1649999999999991       0.85922831068174266     
   6.1739999999999995       0.85899129231329230     
   6.1829999999999989       0.85886245150682183     
   6.1919999999999993       0.85889316219297107     
   6.2009999999999996       0.85869935813103215     
   6.2100000000000000       0.85827446618654857     
   6.2189999999999985       0.85802866814056622     
   6.2279999999999989       0.85800560851729346     
   6.2369999999999992       0.85775986849173669     
   6.2459999999999996       0.85757954162349070     
   6.2549999999999990       0.85743877840122673     
   6.2639999999999993       0.85737350015049485     
   6.2729999999999997       0.85738080897793878     
   6.2820000000000000       0.85753819809545395     
   6.2909999999999986       0.85753966539484949     
   6.2999999999999989       0.85728899012088600     
   6.3089999999999993       0.85693370638325028     
   6.3179999999999996       0.85719451151111481     
   6.3269999999999991       0.85725946313344503     
   6.3359999999999994       0.85699649707001457     
   6.3449999999999998       0.85666350680186432     
   6.3540000000000001       0.85609748957312926     
   6.3629999999999987       0.85598881248120939     
   6.3719999999999990       0.85593045787314259     
   6.3809999999999993       0.85607056378590385     
   6.3899999999999997       0.85586627426885953     
   6.3989999999999982       0.85581128522430983     
   6.4079999999999986       0.85569242801045875     
   6.4169999999999989       0.85560644800803587     
   6.4259999999999993       0.85544348336343590     
   6.4349999999999987       0.85533181257697932     
   6.4439999999999991       0.85538459119663268     
   6.4529999999999994       0.85541366048589351     
   6.4619999999999997       0.85547876002939460     
   6.4709999999999983       0.85554352217335872     
   6.4799999999999986       0.85565236155670221     
   6.4889999999999990       0.85561331649006733     
   6.4979999999999993       0.85530527039739646     
   6.5069999999999988       0.85524568116297273     
   6.5159999999999991       0.85519820822377923     
   6.5249999999999995       0.85549170996821411     
   6.5339999999999998       0.85566660392666549     
   6.5430000000000001       0.85567291469913220     
   6.5519999999999987       0.85561472907610348     
   6.5609999999999991       0.85555934101976217     
   6.5699999999999994       0.85526063384332651     
   6.5789999999999997       0.85522125577861319     
   6.5879999999999992       0.85486499716471331     
   6.5969999999999995       0.85494642025801770     
   6.6059999999999990       0.85477058363555969     
   6.6149999999999993       0.85480249991008805     
   6.6239999999999988       0.85468463969879394     
   6.6329999999999991       0.85441583026125822     
   6.6419999999999995       0.85473180093156687     
   6.6509999999999998       0.85451371484676220     
   6.6599999999999984       0.85458072013959097     
   6.6689999999999987       0.85455558278429189     
   6.6779999999999990       0.85456892658542916     
   6.6869999999999994       0.85441023821869289     
   6.6959999999999988       0.85440426970023597     
   6.7049999999999992       0.85444326850595642     
   6.7139999999999995       0.85427759569461459     
   6.7229999999999999       0.85414509114699877     
   6.7319999999999984       0.85412895278161416     
   6.7409999999999988       0.85412868514987805     
   6.7499999999999991       0.85401878863109926     
   6.7589999999999995       0.85382930983464600     
   6.7679999999999989       0.85358408963619059     
   6.7769999999999992       0.85347194018756856     
   6.7859999999999996       0.85344501995999456     
   6.7949999999999999       0.85319225898179096     
   6.8039999999999985       0.85314386069157433     
   6.8129999999999988       0.85307745307779803     
   6.8219999999999992       0.85303195440016244     
   6.8309999999999995       0.85258608065632413     
   6.8399999999999990       0.85254784893680746     
   6.8489999999999984       0.85234099349201875     
   6.8579999999999988       0.85230519597696275     
   6.8669999999999991       0.85227353180848608     
   6.8759999999999986       0.85187447561774343     
   6.8849999999999989       0.85169851521249873     
   6.8939999999999992       0.85180167116630723     
   6.9029999999999996       0.85175532699074230     
   6.9119999999999981       0.85179192659844127     
   6.9209999999999985       0.85183617358806274     
   6.9299999999999988       0.85180297748382539     
   6.9389999999999992       0.85163132980076106     
   6.9479999999999995       0.85143518720728595     
   6.9569999999999990       0.85124431445404958     
   6.9659999999999993       0.85105502477163142     
   6.9749999999999996       0.85104365855521336     
   6.9840000000000000       0.85113531395850917     
   6.9929999999999986       0.85097238453624391     
   7.0019999999999989       0.85091776737801117     
   7.0109999999999992       0.85087661529326508     
   7.0199999999999996       0.85068439747615754     
   7.0289999999999990       0.85057086062292808     
   7.0379999999999994       0.85059846249436943     
   7.0469999999999997       0.85070144793113855     
   7.0560000000000000       0.85064908461903166     
   7.0649999999999986       0.85064515751317116     
   7.0739999999999990       0.85050467946458952     
   7.0829999999999993       0.85033169844309342     
   7.0919999999999996       0.85046486629593832     
   7.1009999999999982       0.85052433623240797     
   7.1099999999999985       0.85061518118073365     
   7.1189999999999989       0.85066856498925536     
   7.1279999999999992       0.85082991271294606     
   7.1369999999999987       0.85057163561657079     
   7.1459999999999990       0.85061892742936385     
   7.1549999999999994       0.85064597524207264     
   7.1639999999999997       0.85059100691871870     
   7.1729999999999983       0.85054079713449560     
   7.1819999999999986       0.85057220617781604     
   7.1909999999999989       0.85065579965488269     
   7.1999999999999993       0.85084991320211911     
   7.2089999999999987       0.85093500818735013     
   7.2179999999999991       0.85090385625252507     
   7.2269999999999994       0.85089585874427975     
   7.2359999999999998       0.85095616019312648     
   7.2449999999999983       0.85063614688062072     
   7.2539999999999987       0.85049060447533253     
   7.2629999999999990       0.85065241589653307     
   7.2719999999999994       0.85056311329445033     
   7.2809999999999988       0.85064508141734796     
   7.2899999999999991       0.85026113741435438     
   7.2989999999999995       0.85043210831784932     
   7.3079999999999989       0.85032953654364951     
   7.3169999999999993       0.85010922898101327     
   7.3259999999999987       0.84999409794006808     
   7.3349999999999991       0.84997405001423065     
   7.3439999999999994       0.84987340355119356     
   7.3529999999999998       0.84996352355972360     
   7.3619999999999983       0.84956121170118803     
   7.3709999999999987       0.84930715905795640     
   7.3799999999999990       0.84907330565152561     
   7.3889999999999993       0.84904181705418458     
   7.3979999999999988       0.84892392209190848     
   7.4069999999999991       0.84885103523949190     
   7.4159999999999995       0.84877030797191744     
   7.4249999999999998       0.84882122643317093     
   7.4339999999999984       0.84878791158763967     
   7.4429999999999987       0.84888675844162931     
   7.4519999999999991       0.84874801674909894     
   7.4609999999999994       0.84873180387748914     
   7.4699999999999989       0.84881360645807657     
   7.4789999999999992       0.84857153468345403     
   7.4879999999999995       0.84834165640955128     
   7.4969999999999999       0.84839764515981309     
   7.5059999999999985       0.84839481487402835     
   7.5149999999999988       0.84827308017266756     
   7.5239999999999991       0.84808352069725557     
   7.5329999999999995       0.84819333783060458     
   7.5419999999999989       0.84833093458541542     
   7.5509999999999984       0.84839414806228930     
   7.5599999999999987       0.84801509145075149     
   7.5689999999999991       0.84789871909144254     
   7.5779999999999985       0.84780122305786121     
   7.5869999999999989       0.84779693369341325     
   7.5959999999999992       0.84768190729125359     
   7.6049999999999995       0.84768872969026510     
   7.6139999999999981       0.84747321188213520     
   7.6229999999999984       0.84754632261339358     
   7.6319999999999988       0.84744280424242224     
   7.6409999999999991       0.84718465895203421     
   7.6499999999999986       0.84703369018005670     
   7.6589999999999989       0.84723130537641100     
   7.6679999999999993       0.84710843234276412     
   7.6769999999999996       0.84709231144698283     
   7.6859999999999999       0.84734482463716854     
   7.6949999999999985       0.84717074252049041     
   7.7039999999999988       0.84722034704387372     
   7.7129999999999992       0.84693552830684049     
   7.7219999999999995       0.84690763136337543     
   7.7309999999999990       0.84686527014640034     
   7.7399999999999993       0.84691115978347309     
   7.7489999999999997       0.84693836423992097     
   7.7580000000000000       0.84686134742897501     
   7.7669999999999986       0.84703657464234128     
   7.7759999999999989       0.84679577730494948     
   7.7849999999999993       0.84685611520095871     
   7.7939999999999996       0.84689290338944934     
   7.8029999999999982       0.84699897921709255     
   7.8119999999999985       0.84697748278630502     
   7.8209999999999988       0.84682691813089284     
   7.8299999999999992       0.84673511354240028     
   7.8389999999999986       0.84669980512171650     
   7.8479999999999990       0.84666559357784166     
   7.8569999999999993       0.84682238793781450     
   7.8659999999999997       0.84654588940113418     
   7.8749999999999982       0.84640977898336389     
   7.8839999999999986       0.84618854454738623     
   7.8929999999999989       0.84609308583413123     
   7.9019999999999992       0.84579218564204661     
   7.9109999999999987       0.84559780510910132     
   7.9199999999999990       0.84534038715367110     
   7.9289999999999994       0.84512682737086042     
   7.9379999999999997       0.84516785834872898     
   7.9469999999999983       0.84513965362767485     
   7.9559999999999986       0.84471285005072150     
   7.9649999999999990       0.84485614587775471     
   7.9739999999999993       0.84469155379657923     
   7.9829999999999988       0.84440968501373415     
   7.9919999999999991       0.84454172145242756     
   8.0009999999999994       0.84447537425905894     
   8.0099999999999998       0.84455829768688850     
   8.0189999999999984       0.84473359799677106     
   8.0279999999999987       0.84468412008123939     
   8.0369999999999990       0.84467988907930225     
   8.0459999999999994       0.84460072612929682     
   8.0549999999999979       0.84454590673364260     
   8.0639999999999983       0.84462755381014698     
   8.0729999999999986       0.84468072859532795     
   8.0819999999999990       0.84470417597854863     
   8.0909999999999993       0.84457429046093357     
   8.0999999999999979       0.84468086653177843     
   8.1089999999999982       0.84448318557111379     
   8.1179999999999986       0.84445820883492240     
   8.1269999999999989       0.84457299949879439     
   8.1359999999999992       0.84455343004066963     
   8.1449999999999996       0.84472951334373048     
   8.1539999999999999       0.84451512285926900     
   8.1630000000000003       0.84427809611107851     
   8.1719999999999988       0.84416273394383479     
   8.1809999999999992       0.84427909963721393     
   8.1899999999999995       0.84440937305795716     
   8.1989999999999998       0.84442657416021549     
   8.2079999999999984       0.84442997350014093     
   8.2169999999999987       0.84457239010373686     
   8.2259999999999991       0.84455626688304142     
   8.2349999999999994       0.84435351377203205     
   8.2439999999999980       0.84436835122121034     
   8.2529999999999983       0.84459138959685376     
   8.2619999999999987       0.84466576991788611     
   8.2709999999999990       0.84425507199094363     
   8.2799999999999976       0.84428758589298336     
   8.2889999999999979       0.84432540158585945     
   8.2979999999999983       0.84428738562556394     
   8.3069999999999986       0.84424831889297047     
   8.3159999999999989       0.84417083444778340     
   8.3249999999999993       0.84396493172175613     
   8.3339999999999996       0.84402584595259589     
   8.3430000000000000       0.84395214634498161     
   8.3519999999999985       0.84401110487190922     
   8.3609999999999989       0.84403836839095359     
   8.3699999999999992       0.84420560698969549     
   8.3789999999999996       0.84419175180897132     
   8.3879999999999981       0.84433324343161509     
   8.3969999999999985       0.84442197288365539     
   8.4059999999999988       0.84438891626056534     
   8.4149999999999991       0.84433664426413368     
   8.4239999999999977       0.84403245776995983     
   8.4329999999999981       0.84406797686055768     
   8.4419999999999984       0.84396376293720587     
   8.4509999999999987       0.84392492985033796     
   8.4599999999999991       0.84381604169392399     
   8.4689999999999994       0.84360971430805087     
   8.4779999999999998       0.84356180890029808     
   8.4869999999999983       0.84341440379520671     
   8.4959999999999987       0.84342664668832357     
   8.5049999999999990       0.84343663152286963     
   8.5139999999999993       0.84345891727989675     
   8.5229999999999997       0.84325047624211225     
   8.5320000000000000       0.84321822253778267     
   8.5409999999999986       0.84314442577847104     
   8.5499999999999989       0.84292670761369137     
   8.5589999999999993       0.84280029622121133     
   8.5679999999999996       0.84263179217239981     
   8.5769999999999982       0.84281074597050576     
   8.5859999999999985       0.84283672476815008     
   8.5949999999999989       0.84263662090984659     
   8.6039999999999992       0.84282157992584417     
   8.6129999999999978       0.84244075328562329     
   8.6219999999999981       0.84245129194623225     
   8.6309999999999985       0.84247358521650995     
   8.6399999999999988       0.84246786393881146     
   8.6489999999999991       0.84267245358635545     
   8.6579999999999995       0.84265565814199139     
   8.6669999999999998       0.84238775122811760     
   8.6760000000000002       0.84237201408428519     
   8.6849999999999987       0.84219112211966984     
   8.6939999999999991       0.84216716469690911     
   8.7029999999999994       0.84195438951765189     
   8.7119999999999997       0.84196642101276487     
   8.7209999999999983       0.84168276441196799     
   8.7299999999999986       0.84137974426854267     
   8.7389999999999990       0.84151963334443691     
   8.7479999999999993       0.84156704315050235     
   8.7569999999999979       0.84139221142993592     
   8.7659999999999982       0.84154838566966128     
   8.7749999999999986       0.84153978437545607     
   8.7839999999999989       0.84143915115647550     
   8.7929999999999975       0.84135776023869857     
   8.8019999999999978       0.84125307372550628     
   8.8109999999999982       0.84114994383023556     
   8.8199999999999985       0.84116446231589126     
   8.8289999999999988       0.84132917958117903     
   8.8379999999999992       0.84106739332616298     
   8.8469999999999995       0.84102815780514151     
   8.8559999999999999       0.84092473816044466     
   8.8650000000000002       0.84073942736683027     
   8.8739999999999988       0.84074034023258681     
   8.8829999999999991       0.84066764348432421     
   8.8919999999999995       0.84083223497303050     
   8.9009999999999998       0.84076281301246736     
   8.9099999999999984       0.84064899465782539     
   8.9189999999999987       0.84069832354500351     
   8.9279999999999990       0.84030343714942457     
   8.9369999999999994       0.84035462050232901     
   8.9459999999999980       0.84039680616948453     
   8.9549999999999983       0.83995988462035820     
   8.9639999999999986       0.84014240191239486     
   8.9729999999999990       0.84012136867413145     
   8.9819999999999975       0.84009088266788978     
   8.9909999999999979       0.83991465419307609     
   8.9999999999999982       0.84009175543718428     
   9.0089999999999986       0.84000541159213959     
   9.0179999999999989       0.83984504130574278     
   9.0269999999999992       0.83975701595707342     
   9.0359999999999996       0.83942216870068775     
   9.0449999999999999       0.83952297779916440     
   9.0539999999999985       0.83946743111502342     
   9.0629999999999988       0.83959035756037015     
   9.0719999999999992       0.83966699041604553     
   9.0809999999999995       0.83970864963090408     
   9.0899999999999981       0.83979172932162061     
   9.0989999999999984       0.83963929585222941     
   9.1079999999999988       0.83959614755094270     
   9.1169999999999991       0.83951162842722171     
   9.1259999999999977       0.83940493116131987     
   9.1349999999999980       0.83947525309444793     
   9.1439999999999984       0.83926691847279822     
   9.1529999999999987       0.83923030045536817     
   9.1619999999999990       0.83924834282723104     
   9.1709999999999994       0.83924460143859070     
   9.1799999999999997       0.83938598084300353     
   9.1889999999999983       0.83939778290107026     
   9.1979999999999986       0.83934302543001582     
   9.2069999999999990       0.83923684118476194     
   9.2159999999999993       0.83917927126344105     
   9.2249999999999996       0.83913596376203714     
   9.2340000000000000       0.83919239381724742     
   9.2429999999999986       0.83927177970508660     
   9.2519999999999989       0.83927848676383632     
   9.2609999999999992       0.83944750359924958     
   9.2699999999999996       0.83939121236742842     
   9.2789999999999981       0.83938467181159848     
   9.2879999999999985       0.83936632795068433     
   9.2969999999999988       0.83943244047419918     
   9.3059999999999992       0.83947354813215747     
   9.3149999999999977       0.83911795140334544     
   9.3239999999999981       0.83911690222675717     
   9.3329999999999984       0.83901289649610911     
   9.3419999999999987       0.83898091447833856     
   9.3509999999999991       0.83913848801344715     
   9.3599999999999994       0.83925002545788152     
   9.3689999999999998       0.83942399193241857     
   9.3780000000000001       0.83941737839113861     
   9.3869999999999987       0.83935124953620543     
   9.3959999999999990       0.83942396941842612     
   9.4049999999999994       0.83938322094675055     
   9.4139999999999997       0.83941279479985476     
   9.4229999999999983       0.83954039989654172     
   9.4319999999999986       0.83948926255797252     
   9.4409999999999989       0.83945390096154726     
   9.4499999999999993       0.83946532166103616     
   9.4589999999999979       0.83939857449036459     
   9.4679999999999982       0.83965983794338439     
   9.4769999999999985       0.83962604841583566     
   9.4859999999999989       0.83955490192707038     
   9.4949999999999974       0.83937598924868806     
   9.5039999999999978       0.83939293442737362     
   9.5129999999999981       0.83940576151044521     
   9.5219999999999985       0.83942245771421586     
   9.5309999999999988       0.83950640694594503     
   9.5399999999999991       0.83936743270150604     
   9.5489999999999995       0.83943156585301426     
   9.5579999999999998       0.83943288033052499     
   9.5669999999999984       0.83934383525155587     
   9.5759999999999987       0.83935455998140129     
   9.5849999999999991       0.83923130959950820     
   9.5939999999999994       0.83938529729932754     
   9.6029999999999998       0.83926161033393676     
   9.6119999999999983       0.83926609753882919     
   9.6209999999999987       0.83942809860155987     
   9.6299999999999990       0.83930052346180473     
   9.6389999999999993       0.83925520548677357     
   9.6479999999999979       0.83906102196716870     
   9.6569999999999983       0.83900631643462198     
   9.6659999999999986       0.83888521110944836     
   9.6749999999999989       0.83879256441643668     
   9.6839999999999975       0.83879760438934414     
   9.6929999999999978       0.83905525973431905     
   9.7019999999999982       0.83878276544156283     
   9.7109999999999985       0.83875759467326139     
   9.7199999999999989       0.83891054287682276     
   9.7289999999999992       0.83883884371020823     
   9.7379999999999995       0.83874591465867798     
   9.7469999999999999       0.83873668891845088     
   9.7559999999999985       0.83860641214323695     
   9.7649999999999988       0.83877611615708225     
   9.7739999999999991       0.83888398290753852     
   9.7829999999999995       0.83883792175118421     
   9.7919999999999980       0.83889713287498602     
   9.8009999999999984       0.83906522831300590     
   9.8099999999999987       0.83903496136913214     
   9.8189999999999991       0.83929007188197402     
   9.8279999999999976       0.83902404738455827     
   9.8369999999999980       0.83876457999445297     
   9.8459999999999983       0.83879339944574882     
   9.8549999999999986       0.83872551858603650     
   9.8639999999999990       0.83873379428372796     
   9.8729999999999993       0.83888404631499380     
   9.8819999999999997       0.83891698262541792     
   9.8909999999999982       0.83905921381822035     
   9.8999999999999986       0.83901331374862587     
   9.9089999999999989       0.83899413192069350     
   9.9179999999999993       0.83910023389516675     
   9.9269999999999996       0.83937655977370029     
   9.9359999999999982       0.83916867729555433     
   9.9449999999999985       0.83907342111577798     
   9.9539999999999988       0.83893136803615376     
   9.9629999999999992       0.83882077171626246     
   9.9719999999999978       0.83869097707876883     
   9.9809999999999981       0.83882203286352386     
   9.9899999999999984       0.83877869456037413     
   9.9989999999999988       0.83901471961540286     
   10.007999999999999       0.83883641732793979     
   10.016999999999998       0.83875550482510830     
   10.025999999999998       0.83870631557771624     
   10.034999999999998       0.83886871299104926     
   10.043999999999999       0.83880080649462097     
   10.052999999999999       0.83865420976486815     
   10.061999999999999       0.83871008918322465     
   10.071000000000000       0.83893861320120144     
   10.080000000000000       0.83888596816602667     
   10.088999999999999       0.83861350131727841     
   10.097999999999999       0.83859946273553876     
   10.106999999999999       0.83858960253865833     
   10.116000000000000       0.83849099421280615     
   10.124999999999998       0.83846332237890131     
   10.133999999999999       0.83843520800200377     
   10.142999999999999       0.83844315634910960     
   10.151999999999999       0.83820808755129106     
   10.160999999999998       0.83853883240348459     
   10.169999999999998       0.83855488162755609     
   10.178999999999998       0.83861616999937183     
   10.187999999999999       0.83874988498856218     
   10.196999999999997       0.83889719153247688     
   10.205999999999998       0.83874776949977481     
   10.214999999999998       0.83872700443993675     
   10.223999999999998       0.83868323357881058     
   10.232999999999999       0.83872297461907219     
   10.241999999999999       0.83899047293595375     
   10.250999999999999       0.83893148302369769     
   10.260000000000000       0.83884370619120208     
   10.268999999999998       0.83881042105397929     
   10.277999999999999       0.83888705264624319     
   10.286999999999999       0.83850582781129845     
   10.295999999999999       0.83855152779871123     
   10.304999999999998       0.83856481524073845     
   10.313999999999998       0.83817209573913876     
   10.322999999999999       0.83832764193287512     
   10.331999999999999       0.83808065857994618     
   10.340999999999998       0.83792564347388998     
   10.349999999999998       0.83794218116324870     
   10.358999999999998       0.83780188903050279     
   10.367999999999999       0.83784706668662745     
   10.376999999999999       0.83791586229244652     
   10.385999999999997       0.83776787330857017     
   10.394999999999998       0.83758244301593465     
   10.403999999999998       0.83777794529240168     
   10.412999999999998       0.83776425260419551     
   10.421999999999999       0.83762228147951778     
   10.430999999999999       0.83744789195312264     
   10.440000000000000       0.83735174650161892     
   10.449000000000000       0.83722532935641480     
   10.457999999999998       0.83725254124438253     
   10.466999999999999       0.83723209501891305     
   10.475999999999999       0.83720024564105910     
   10.484999999999999       0.83721528552890045     
   10.493999999999998       0.83714246309152929     
   10.502999999999998       0.83699545219264571     
   10.511999999999999       0.83715443088123742     
   10.520999999999999       0.83724302988522448     
   10.529999999999998       0.83735704588562876     
   10.538999999999998       0.83740879435705484     
   10.547999999999998       0.83732975615676597     
   10.556999999999999       0.83750043239744476     
   10.565999999999999       0.83733719910976367     
   10.574999999999999       0.83736260062588619     
   10.584000000000000       0.83722410545040749     
   10.593000000000000       0.83724244597374842     
   10.601999999999999       0.83720188037272214     
   10.610999999999999       0.83729960489476163     
   10.619999999999999       0.83709377295004372     
   10.629000000000000       0.83716293750907789     
   10.637999999999998       0.83709281625027898     
   10.646999999999998       0.83715629553957194     
   10.655999999999999       0.83725425479826310     
   10.664999999999999       0.83728319463699097     
   10.673999999999998       0.83724798497515629     
   10.682999999999998       0.83710501555675132     
   10.691999999999998       0.83692553852298224     
   10.700999999999999       0.83689778776853019     
   10.709999999999997       0.83712083124373726     
   10.718999999999998       0.83716602142253826     
   10.727999999999998       0.83726925847621858     
   10.736999999999998       0.83709525101123206     
   10.745999999999999       0.83692589849647492     
   10.754999999999999       0.83686312131979601     
   10.763999999999999       0.83675134081259916     
   10.773000000000000       0.83681006332702013     
   10.782000000000000       0.83670688680946304     
   10.790999999999999       0.83649586886425376     
   10.799999999999999       0.83650351269091494     
   10.808999999999999       0.83640396653994409     
   10.818000000000000       0.83639874012996052     
   10.826999999999998       0.83640575190383215     
   10.835999999999999       0.83641022206643878     
   10.844999999999999       0.83617803963722148     
   10.853999999999999       0.83628230077919863     
   10.862999999999998       0.83600439948006100     
   10.871999999999998       0.83606166348003330     
   10.880999999999998       0.83607141406688157     
   10.889999999999999       0.83610821702002247     
   10.898999999999997       0.83606515291874894     
   10.907999999999998       0.83606122207022238     
   10.916999999999998       0.83591128656029678     
   10.925999999999998       0.83577571514642068     
   10.934999999999999       0.83571820683610554     
   10.943999999999999       0.83573534301475771     
   10.952999999999999       0.83566068040171670     
   10.962000000000000       0.83558050801851114     
   10.970999999999998       0.83553820895288566     
   10.979999999999999       0.83567985563301961     
   10.988999999999999       0.83566546420318810     
   10.997999999999999       0.83548402637437313     
   11.006999999999998       0.83545052039352818     
   11.015999999999998       0.83549140108065123     
   11.024999999999999       0.83546607618604007     
   11.033999999999999       0.83552371699102645     
   11.042999999999997       0.83529043648852863     
   11.051999999999998       0.83514340702409440     
   11.060999999999998       0.83502734297331349     
   11.069999999999999       0.83503758783287296     
   11.078999999999999       0.83504461039329203     
   11.087999999999997       0.83514899401390297     
   11.096999999999998       0.83514120046211093     
   11.105999999999998       0.83487882454302009     
   11.114999999999998       0.83486405707814837     
   11.123999999999999       0.83479960154581723     
   11.132999999999999       0.83472593264213224     
   11.141999999999999       0.83464769722967613     
   11.151000000000000       0.83453210092059427     
   11.159999999999998       0.83438932102290020     
   11.168999999999999       0.83446569595210418     
   11.177999999999999       0.83442563481662169     
   11.186999999999999       0.83448616067299841     
   11.195999999999998       0.83457037330817341     
   11.204999999999998       0.83462719939412799     
   11.213999999999999       0.83460298678549383     
   11.222999999999999       0.83470960846167919     
   11.231999999999998       0.83480485747683297     
   11.240999999999998       0.83474395197779716     
   11.249999999999998       0.83477598611871417     
   11.258999999999999       0.83465548028350123     
   11.267999999999999       0.83462335785498953     
   11.276999999999999       0.83465547511647464     
   11.286000000000000       0.83480689812968356     
   11.295000000000000       0.83489592953089176     
   11.303999999999998       0.83454989862350448     
   11.312999999999999       0.83430701672267149     
   11.321999999999999       0.83442268584647961     
   11.331000000000000       0.83449623878916335     
   11.339999999999998       0.83443917855097605     
   11.348999999999998       0.83440422447790363     
   11.357999999999999       0.83431629256027828     
   11.366999999999999       0.83431758439430692     
   11.375999999999998       0.83439169681877590     
   11.384999999999998       0.83450762145064106     
   11.393999999999998       0.83451009872885695     
   11.402999999999999       0.83453291098051630     
   11.411999999999997       0.83449080378372109     
   11.420999999999998       0.83437566654446371     
   11.429999999999998       0.83438451116288870     
   11.438999999999998       0.83451339998534579     
   11.447999999999999       0.83416760316311922     
   11.456999999999999       0.83431555116742762     
   11.465999999999999       0.83436836621586707     
   11.475000000000000       0.83443343236161427     
   11.483999999999998       0.83443846522314358     
   11.492999999999999       0.83428674019450388     
   11.501999999999999       0.83427847909755615     
   11.510999999999999       0.83414800088709329     
   11.520000000000000       0.83434011413760012     
   11.528999999999998       0.83411751399713963     
   11.537999999999998       0.83418452536502352     
   11.546999999999999       0.83417817679762307     
   11.555999999999999       0.83418759784740359     
   11.564999999999998       0.83419525019798446     
   11.573999999999998       0.83405120092395257     
   11.582999999999998       0.83406687728312046     
   11.591999999999999       0.83398245392058812     
   11.600999999999997       0.83379078583574973     
   11.609999999999998       0.83385518808173431     
   11.618999999999998       0.83390837350462399     
   11.627999999999998       0.83391478650103157     
   11.636999999999999       0.83385136697765372     
   11.645999999999999       0.83386223853577734     
   11.654999999999999       0.83384725212688515     
   11.664000000000000       0.83404734582339701     
   11.673000000000000       0.83399175014519578     
   11.682000000000000       0.83382259376228807     
   11.690999999999997       0.83405781742104868     
   11.699999999999998       0.83413973643746941     
   11.708999999999998       0.83437415408551119     
   11.717999999999998       0.83455834378335381     
   11.726999999999999       0.83437877605631938     
   11.735999999999999       0.83447995414824994     
   11.744999999999999       0.83439549104534272     
   11.754000000000000       0.83435479265817869     
   11.762999999999998       0.83412782316994372     
   11.771999999999998       0.83439737416537518     
   11.780999999999999       0.83435880359688619     
   11.789999999999997       0.83431664099641600     
   11.798999999999998       0.83407411719980629     
   11.807999999999998       0.83411768975623124     
   11.816999999999998       0.83418201829812100     
   11.825999999999999       0.83412583418722708     
   11.834999999999997       0.83408118821547605     
   11.843999999999998       0.83393634020354146     
   11.852999999999998       0.83393432686943125     
   11.861999999999998       0.83405758074528824     
   11.870999999999999       0.83418016093907776     
   11.879999999999999       0.83426386149187126     
   11.888999999999999       0.83432374498078210     
   11.898000000000000       0.83417532853719689     
   11.907000000000000       0.83399116551007746     
   11.915999999999997       0.83419996401660723     
   11.924999999999997       0.83418800424692363     
   11.933999999999997       0.83436240232563963     
   11.942999999999998       0.83424083720198383     
   11.951999999999998       0.83423293951316924     
   11.960999999999999       0.83430549910638174     
   11.969999999999999       0.83442018821905595     
   11.978999999999999       0.83451576897730861     
   11.987999999999998       0.83497650805171419     
   11.996999999999998       0.83502313634476766     
   12.005999999999998       0.83494175241198465     
   12.014999999999999       0.83463132168215448     
   12.023999999999999       0.83453704998304556     
   12.032999999999999       0.83441981973935864     
   12.042000000000000       0.83423325367200729     
   12.051000000000000       0.83435665841556439     
   12.059999999999997       0.83424344591569644     
   12.068999999999997       0.83431173194281605     
   12.077999999999998       0.83424723376610577     
   12.086999999999998       0.83424882074774565     
   12.095999999999998       0.83405215120194787     
   12.104999999999999       0.83398937241645854     
   12.113999999999999       0.83378468551012230     
   12.122999999999999       0.83389253064217173     
   12.131999999999998       0.83391961389448011     
   12.140999999999998       0.83397226366996280     
   12.149999999999999       0.83399801597449486     
   12.158999999999999       0.83382205620539862     
   12.167999999999999       0.83376463657706945     
   12.177000000000000       0.83380227445792543     
   12.186000000000000       0.83392711246303131     
   12.195000000000000       0.83381951397776599     
   12.203999999999997       0.83381302186774742     
   12.212999999999997       0.83389766351108585     
   12.221999999999998       0.83395854692745364     
   12.230999999999998       0.83404789542781876     
   12.239999999999998       0.83387389671089118     
   12.248999999999999       0.83403354584492995     
   12.257999999999999       0.83415562559091505     
   12.266999999999999       0.83407332877633666     
   12.275999999999998       0.83402429297356750     
   12.284999999999997       0.83387378648102251     
   12.293999999999997       0.83394586769749868     
   12.302999999999997       0.83387565198623792     
   12.311999999999998       0.83397379415351292     
   12.320999999999998       0.83390823676910142     
   12.329999999999998       0.83391758313853825     
   12.338999999999999       0.83364455191726627     
   12.347999999999999       0.83367677541294982     
   12.356999999999998       0.83352227125175749     
   12.365999999999998       0.83360502483227239     
   12.374999999999998       0.83373132537732775     
   12.383999999999999       0.83366603383287452     
   12.392999999999999       0.83380501420229203     
   12.401999999999999       0.83396369280534488     
   12.411000000000000       0.83408359047590630     
   12.420000000000000       0.83379360037673000     
   12.428999999999997       0.83391325260220128     
   12.437999999999997       0.83389220416216703     
   12.446999999999997       0.83398452378663335     
   12.455999999999998       0.83412570575904232     
   12.464999999999998       0.83404916830058551     
   12.473999999999998       0.83407560347404142     
   12.482999999999999       0.83418676721868668     
   12.491999999999999       0.83426189985094468     
   12.500999999999998       0.83439800555389709     
   12.509999999999998       0.83437074687793800     
   12.518999999999998       0.83427130127805715     
   12.527999999999999       0.83435190395590575     
   12.536999999999999       0.83441064275638810     
   12.545999999999999       0.83448418112280776     
   12.555000000000000       0.83447546495151692     
   12.564000000000000       0.83439865248410638     
   12.572999999999997       0.83435162155154940     
   12.581999999999997       0.83439696729486801     
   12.590999999999998       0.83446016234638343     
   12.599999999999998       0.83441246566974447     
   12.608999999999998       0.83444461696668504     
   12.617999999999999       0.83439038840210922     
   12.626999999999999       0.83430701046898803     
   12.635999999999999       0.83426067120918856     
   12.644999999999998       0.83428071653340952     
   12.653999999999998       0.83447737679237322     
   12.662999999999998       0.83443380100565423     
   12.671999999999999       0.83434114149347760     
   12.680999999999999       0.83438629778603235     
   12.690000000000000       0.83435951690321830     
   12.699000000000000       0.83424820104430064     
   12.708000000000000       0.83420388106311949     
   12.716999999999999       0.83426586204234909     
   12.725999999999997       0.83410908267864448     
   12.734999999999998       0.83420759870415462     
   12.743999999999998       0.83405624026729452     
   12.752999999999998       0.83411388381743523     
   12.761999999999999       0.83395784455766220     
   12.770999999999999       0.83378384385054349     
   12.779999999999999       0.83379776794834193     
   12.789000000000000       0.83381428333702368     
   12.797999999999996       0.83384379476649562     
   12.806999999999997       0.83381367580297872     
   12.815999999999997       0.83374656522419921     
   12.824999999999998       0.83366011709277799     
   12.833999999999998       0.83363639927232935     
   12.842999999999998       0.83376000494968894     
   12.851999999999999       0.83353583297124967     
   12.860999999999999       0.83346117931786623     
   12.869999999999997       0.83333420312530637     
   12.878999999999998       0.83345318701240800     
   12.887999999999998       0.83359785213497550     
   12.896999999999998       0.83339672435376599     
   12.905999999999999       0.83314405245540490     
   12.914999999999999       0.83322109498941099     
   12.923999999999999       0.83320450011920977     
   12.933000000000000       0.83325686291982393     
   12.941999999999997       0.83334887577288985     
   12.950999999999997       0.83330216939144275     
   12.959999999999997       0.83338378859929596     
   12.968999999999998       0.83349306254239697     
   12.977999999999998       0.83361314771135719     
   12.986999999999998       0.83339141193265798     
   12.995999999999999       0.83334897059278612     
   13.004999999999999       0.83353329871854642     
   13.013999999999998       0.83336193331292385     
   13.022999999999998       0.83325071745187440     
   13.031999999999998       0.83323914084308803     
   13.040999999999999       0.83333361884395896     
   13.049999999999999       0.83346543513813376     
   13.058999999999999       0.83335147258729003     
   13.068000000000000       0.83331775185857615     
   13.077000000000000       0.83324865851318342     
   13.086000000000000       0.83338988388770874     
   13.094999999999997       0.83353968061231654     
   13.103999999999997       0.83375284068034705     
   13.112999999999998       0.83373351588931566     
   13.121999999999998       0.83385392956944093     
   13.130999999999998       0.83385734301479697     
   13.139999999999999       0.83404463058442702     
   13.148999999999999       0.83401040255921355     
   13.157999999999999       0.83413897286441230     
   13.166999999999998       0.83429414162762683     
   13.175999999999998       0.83431249769638682     
   13.184999999999999       0.83422486641122784     
   13.193999999999999       0.83419149346781996     
   13.202999999999998       0.83411818596217491     
   13.211999999999998       0.83397222161427842     
   13.220999999999998       0.83385124659702492     
   13.229999999999999       0.83381672784683858     
   13.238999999999997       0.83415627015022009     
   13.247999999999998       0.83415068014996629     
   13.256999999999998       0.83421697689237817     
   13.265999999999998       0.83427230722756485     
   13.274999999999999       0.83435334343515477     
   13.283999999999999       0.83425050264711542     
   13.292999999999999       0.83429117998098379     
   13.302000000000000       0.83428856904187498     
   13.310999999999996       0.83424137344537019     
   13.319999999999997       0.83397901394652130     
   13.328999999999997       0.83403115855694154     
   13.337999999999997       0.83398355193907492     
   13.346999999999998       0.83392869341006703     
   13.355999999999998       0.83390474343166954     
   13.364999999999998       0.83394058173703178     
   13.373999999999999       0.83368326546757243     
   13.382999999999997       0.83363491134090117     
   13.391999999999998       0.83365613160972751     
   13.400999999999998       0.83375381865705855     
   13.409999999999998       0.83364214827441485     
   13.418999999999999       0.83366507141872992     
   13.427999999999999       0.83365634423552326     
   13.436999999999999       0.83349050698724136     
   13.446000000000000       0.83356300565399277     
   13.455000000000000       0.83372304733470759     
   13.463999999999997       0.83367446193433536     
   13.472999999999997       0.83381451627376146     
   13.481999999999998       0.83375800039823145     
   13.490999999999998       0.83374453883684418     
   13.499999999999998       0.83373659571364922     
   13.508999999999999       0.83367753435959058     
   13.517999999999999       0.83367021089861548     
   13.526999999999999       0.83360075685690771     
   13.535999999999998       0.83362434061575796     
   13.544999999999998       0.83363845199280073     
   13.553999999999998       0.83341896214583833     
   13.562999999999999       0.83356496661510038     
   13.571999999999999       0.83351401737246233     
   13.581000000000000       0.83349802242066406     
   13.590000000000000       0.83357766741132333     
   13.599000000000000       0.83355859757144779     
   13.607999999999997       0.83362567161369516     
   13.616999999999997       0.83360218253482299     
   13.625999999999998       0.83351291513941073     
   13.634999999999998       0.83346372822288384     
   13.643999999999998       0.83350994939247702     
   13.652999999999999       0.83346451653504827     
   13.661999999999999       0.83354148780947457     
   13.670999999999999       0.83364918187132764     
   13.679999999999998       0.83377713188351388     
   13.688999999999997       0.83378729022869147     
   13.697999999999997       0.83373766971041174     
   13.706999999999997       0.83384136904586470     
   13.715999999999998       0.83379136185648894     
   13.724999999999998       0.83368840429978319     
   13.733999999999998       0.83368293368695912     
   13.742999999999999       0.83357243621335742     
   13.751999999999997       0.83351991901064471     
   13.760999999999997       0.83329418749830209     
   13.769999999999998       0.83338297846810827     
   13.778999999999998       0.83339557215392412     
   13.787999999999998       0.83342781907298569     
   13.796999999999999       0.83345250499727241     
   13.805999999999999       0.83341627418201103     
   13.815000000000000       0.83324491494200470     
   13.823999999999996       0.83323453531356839     
   13.832999999999997       0.83314557461798822     
   13.841999999999997       0.83298154773954347     
   13.850999999999997       0.83284182668549389     
   13.859999999999998       0.83280458603745944     
   13.868999999999998       0.83281635045842273     
   13.877999999999998       0.83293651485590381     
   13.886999999999999       0.83296838151522179     
   13.895999999999999       0.83275878093186206     
   13.904999999999998       0.83279937183132635     
   13.913999999999998       0.83286562568960854     
   13.922999999999998       0.83275409220784491     
   13.931999999999999       0.83259382043208030     
   13.940999999999999       0.83252297286370047     
   13.949999999999999       0.83242821942938805     
   13.959000000000000       0.83251607223449497     
   13.968000000000000       0.83270247229592909     
   13.976999999999997       0.83250685908835131     
   13.985999999999997       0.83263367905077534     
   13.994999999999997       0.83265160762171753     
   14.003999999999998       0.83278328589040729     
   14.012999999999998       0.83265369034667513     
   14.021999999999998       0.83264694456613797     
   14.030999999999999       0.83270833449426751     
   14.039999999999999       0.83276709442154184     
   14.048999999999998       0.83251274047212986     
   14.057999999999998       0.83249890733922771     
   14.066999999999998       0.83237362846154184     
   14.075999999999999       0.83230595520597117     
   14.084999999999999       0.83220332082217374     
   14.093999999999999       0.83214843448335318     
   14.103000000000000       0.83189491867748988     
   14.112000000000000       0.83193407432664368     
   14.120999999999997       0.83185214581698752     
   14.129999999999997       0.83192089096528343     
   14.138999999999998       0.83181497643844138     
   14.147999999999998       0.83184000969013649     
   14.156999999999998       0.83160714541969738     
   14.165999999999999       0.83130460357558311     
   14.174999999999999       0.83135059541070699     
   14.183999999999999       0.83141370152980587     
   14.192999999999996       0.83137946823317099     
   14.201999999999996       0.83126101458383805     
   14.210999999999997       0.83140708066708702     
   14.219999999999997       0.83131097328342229     
   14.228999999999997       0.83121234176196224     
   14.237999999999998       0.83109629892006864     
   14.246999999999998       0.83107057174146248     
   14.255999999999998       0.83132241395448891     
   14.264999999999999       0.83126329172692681     
   14.273999999999997       0.83123491012234030     
   14.282999999999998       0.83120545721894501     
   14.291999999999998       0.83127600808539470     
   14.300999999999998       0.83125613659249464     
   14.309999999999999       0.83117924243089014     
   14.318999999999999       0.83118401649531981     
   14.327999999999999       0.83136880529846646     
   14.337000000000000       0.83123136678568743     
   14.345999999999997       0.83106236856019089     
   14.354999999999997       0.83096890099525489     
   14.363999999999997       0.83099136712607347     
   14.372999999999998       0.83100262912811929     
   14.381999999999998       0.83094007627159205     
   14.390999999999998       0.83073689681086416     
   14.399999999999999       0.83080334250266263     
   14.408999999999999       0.83071397016494097     
   14.417999999999997       0.83071975431922496     
   14.426999999999998       0.83064448611783226     
   14.435999999999998       0.83061401159690207     
   14.444999999999999       0.83089805058875388     
   14.453999999999999       0.83062766026371082     
   14.462999999999999       0.83069156463991733     
   14.472000000000000       0.83094548054725847     
   14.481000000000000       0.83115239458396351     
   14.489999999999997       0.83117835864607192     
   14.498999999999997       0.83104239000932878     
   14.507999999999997       0.83108356989303456     
   14.516999999999998       0.83097755397891682     
   14.525999999999998       0.83102640533964089     
   14.534999999999998       0.83119132901105175     
   14.543999999999999       0.83118464112002555     
   14.552999999999999       0.83107218767822266     
   14.561999999999998       0.83119974029786292     
   14.570999999999998       0.83115842981685428     
   14.579999999999998       0.83104172241428886     
   14.588999999999999       0.83115597707849220     
   14.597999999999999       0.83128721442193954     
   14.606999999999998       0.83124281549651069     
   14.615999999999998       0.83132868306683305     
   14.624999999999998       0.83126182538578564     
   14.633999999999999       0.83134509807460844     
   14.642999999999997       0.83143528476344342     
   14.651999999999997       0.83138999021176618     
   14.660999999999998       0.83124644102360978     
   14.669999999999998       0.83134279481769779     
   14.678999999999998       0.83142989741324802     
   14.687999999999999       0.83166506261345141     
   14.696999999999999       0.83153737746580869     
   14.706000000000000       0.83151870187905330     
   14.714999999999996       0.83153857325669855     
   14.723999999999997       0.83155831683776027     
   14.732999999999997       0.83166142455707548     
   14.741999999999997       0.83161047501500229     
   14.750999999999998       0.83141321396842882     
   14.759999999999998       0.83128930978918869     
   14.768999999999998       0.83136809448520510     
   14.777999999999999       0.83141449247114063     
   14.786999999999997       0.83144411653247474     
   14.795999999999998       0.83142014527028574     
   14.804999999999998       0.83137906986139476     
   14.813999999999998       0.83127378953690090     
   14.822999999999999       0.83125681089320547     
   14.831999999999999       0.83126817284496746     
   14.840999999999999       0.83124989317433617     
   14.850000000000000       0.83123178393799613     
   14.858999999999996       0.83129535270653632     
   14.867999999999997       0.83126700604652781     
   14.876999999999997       0.83116263745913832     
   14.885999999999997       0.83111248619118039     
   14.894999999999998       0.83089748729335544     
   14.903999999999998       0.83085106254263297     
   14.912999999999998       0.83080174187232081     
   14.921999999999999       0.83065293340458657     
   14.930999999999997       0.83083158066485407     
   14.939999999999998       0.83079063887750593     
   14.948999999999998       0.83067544946402583     
   14.957999999999998       0.83046284999050179     
   14.966999999999999       0.83029655072664055     
   14.975999999999999       0.83026434477374389     
   14.984999999999999       0.83022237175190028     
