   0.0000000000000000        1.0000000000000175     
   8.0000000000000002E-002  0.88183455716117065     
  0.16000000000000000       0.96078905491630595     
  0.23999999999999999       0.97946262716194199     
  0.32000000000000001       0.71915800108420003     
  0.40000000000000008       0.42331175763871204     
  0.47999999999999998       0.68821343547503389     
  0.56000000000000005       0.72988781420812443     
  0.64000000000000001       0.86719094674582009     
  0.72000000000000008       0.52565880033478529     
  0.80000000000000016       0.76505346405999641     
  0.88000000000000000       0.87639507746894219     
  0.95999999999999996       0.85060101640300878     
   1.0400000000000000       0.84749111610865402     
   1.1200000000000001       0.83625189108504550     
   1.2000000000000002       0.65880107427049450     
   1.2800000000000000       0.73968655960759144     
   1.3600000000000001       0.77845478003443180     
   1.4400000000000002       0.62433007080602576     
   1.5200000000000000       0.77898484771849985     
   1.6000000000000003       0.76688125635403759     
   1.6800000000000002       0.69069207836890634     
   1.7600000000000000       0.80820267381148347     
   1.8400000000000001       0.84999619712290553     
   1.9199999999999999       0.78546376673767571     
   2.0000000000000004       0.82425324545209455     
   2.0800000000000001       0.81678841150912584     
   2.1600000000000001       0.66076442328023899     
   2.2400000000000002       0.84594612277440318     
   2.3199999999999998       0.87739425213656885     
   2.4000000000000004       0.85976380141613318     
   2.4800000000000004       0.88420160086683641     
   2.5600000000000001       0.87845959506661442     
   2.6400000000000001       0.84525451328177681     
   2.7200000000000002       0.73105912448632748     
   2.8000000000000003       0.84943422890603193     
   2.8800000000000003       0.85552648699154310     
   2.9600000000000004       0.79241015082760757     
   3.0400000000000000       0.84359188652723438     
   3.1200000000000001       0.85177223732464735     
   3.2000000000000006       0.86125880142680289     
   3.2800000000000002       0.86375538256552975     
   3.3600000000000003       0.85367868506788036     
   3.4400000000000004       0.87274050075370746     
   3.5200000000000000       0.85841422713599058     
   3.6000000000000001       0.86694800808426975     
   3.6800000000000002       0.85958580083084069     
   3.7600000000000002       0.81601328995997957     
   3.8399999999999999       0.80707545955490512     
   3.9200000000000008       0.82989377247468932     
   4.0000000000000009       0.85481271868424880     
   4.0800000000000001       0.87244713403438579     
   4.1600000000000001       0.87203660240684333     
   4.2400000000000002       0.86185950144355172     
   4.3200000000000003       0.83413381490455207     
   4.4000000000000004       0.87580324637762019     
   4.4800000000000004       0.78906183381539774     
   4.5600000000000005       0.89050457444185704     
   4.6399999999999997       0.88217980257147777     
   4.7200000000000006       0.84208797561226678     
   4.8000000000000007       0.89744295047260914     
   4.8800000000000008       0.88434574545865452     
   4.9600000000000009       0.88011927300638215     
   5.0400000000000009       0.89501841201411714     
   5.1200000000000001       0.75440746318962604     
   5.2000000000000002       0.87423355009298687     
   5.2800000000000002       0.89851452905816109     
   5.3600000000000003       0.89703677697474049     
   5.4400000000000004       0.83916765324903098     
   5.5200000000000005       0.89447420837492209     
   5.6000000000000005       0.90115554312120127     
   5.6800000000000006       0.89177287363295832     
   5.7600000000000007       0.87897171966117316     
   5.8400000000000007       0.86911466188790687     
   5.9200000000000008       0.86535559585796107     
   6.0000000000000009       0.87787225900912857     
   6.0800000000000001       0.86958867352069535     
   6.1600000000000001       0.88960955921210461     
   6.2400000000000002       0.87058431317031504     
   6.3200000000000003       0.88392451232544278     
   6.4000000000000012       0.88438516314338889     
   6.4800000000000004       0.88930764654029915     
   6.5600000000000005       0.90356009500010548     
   6.6400000000000006       0.87908913624768681     
   6.7200000000000006       0.90168581094673650     
   6.8000000000000007       0.86325785979080250     
   6.8800000000000008       0.90242384197020908     
   6.9600000000000009       0.89344433985269078     
   7.0400000000000000       0.89498835510374031     
   7.1200000000000001       0.89030406016375818     
   7.2000000000000002       0.90312230154146977     
   7.2800000000000002       0.90091944226967657     
   7.3600000000000003       0.88675604199373015     
   7.4400000000000004       0.89048635089263772     
   7.5200000000000005       0.89818250788429954     
   7.5999999999999996       0.90685523198704288     
   7.6799999999999997       0.90909767823019005     
   7.7600000000000016       0.89812467658870843     
   7.8400000000000016       0.91864866213673302     
   7.9200000000000008       0.91065944806498722     
   8.0000000000000018       0.90212880262682249     
   8.0800000000000018       0.91822188924834303     
   8.1600000000000001       0.89997771887544475     
   8.2400000000000002       0.92684157069839024     
   8.3200000000000003       0.91902616786911495     
   8.4000000000000004       0.89620234630073137     
   8.4800000000000004       0.85385297234895774     
   8.5600000000000005       0.88351286329233847     
   8.6400000000000006       0.89371626203999477     
   8.7200000000000006       0.91705411112910518     
   8.8000000000000007       0.91951430675077683     
   8.8800000000000008       0.91841282645866362     
   8.9600000000000009       0.91583997976820297     
   9.0400000000000009       0.92108635068006151     
   9.1200000000000010       0.92410201934329961     
   9.2000000000000011       0.92671205467170059     
   9.2799999999999994       0.91997270801934317     
   9.3599999999999994       0.91398652183391427     
   9.4400000000000013       0.90275985124243197     
   9.5200000000000014       0.88549654138517431     
   9.6000000000000014       0.90530632139047318     
   9.6800000000000015       0.90820059867295699     
   9.7600000000000016       0.90426655378802423     
   9.8400000000000016       0.91027235172759124     
   9.9200000000000017       0.91478445399871122     
   10.000000000000002       0.91509217124647513     
   10.080000000000002       0.92505965585218108     
   10.160000000000000       0.92213245817045209     
   10.240000000000000       0.91685275442366221     
   10.320000000000000       0.92159458383357562     
   10.400000000000000       0.91379653098654468     
   10.480000000000000       0.91685343933317420     
   10.560000000000000       0.91084595716097061     
   10.640000000000001       0.89264192802309006     
   10.720000000000001       0.91191876720649179     
   10.800000000000001       0.90929751987048768     
   10.880000000000001       0.91926426307962228     
   10.960000000000001       0.91762815663444530     
   11.040000000000001       0.91785830360950715     
   11.120000000000001       0.92311690859989248     
   11.200000000000001       0.90882827930393362     
   11.280000000000001       0.92010035626449604     
   11.360000000000001       0.91536507473317419     
   11.440000000000001       0.92183207332654238     
   11.520000000000001       0.91707287976268415     
   11.600000000000001       0.92144856546280585     
   11.680000000000001       0.91186488765581197     
   11.760000000000002       0.91938895139521359     
   11.840000000000002       0.92207718160202634     
   11.920000000000002       0.91753543905324875     
   12.000000000000002       0.92190733889873644     
   12.080000000000000       0.92417898365647910     
   12.160000000000000       0.92423734984833750     
   12.240000000000000       0.92018438107307321     
   12.320000000000000       0.91479765109284250     
   12.400000000000000       0.92266800823629491     
   12.480000000000000       0.92824047671871013     
   12.560000000000000       0.92153843395916080     
   12.640000000000001       0.92795159422776619     
   12.720000000000001       0.92157001486244139     
   12.800000000000002       0.90816100380504139     
   12.880000000000003       0.91765069138233812     
   12.960000000000001       0.91378234488116505     
   13.040000000000001       0.91567481023550212     
   13.120000000000001       0.92000339653445573     
   13.200000000000001       0.91129698541867887     
   13.280000000000001       0.91523440212666685     
   13.360000000000001       0.91717487347194360     
   13.440000000000001       0.91367776042707849     
   13.520000000000001       0.90436829239223260     
   13.600000000000001       0.91129519159105343     
   13.680000000000001       0.92253390026515558     
   13.760000000000002       0.91062343608820961     
   13.840000000000002       0.91401229883482504     
   13.920000000000002       0.91683770919265695     
   14.000000000000002       0.91083033742555231     
   14.080000000000000       0.92105666692037358     
   14.160000000000000       0.91624608577781597     
   14.240000000000000       0.92376253095087268     
   14.320000000000000       0.91997467425299906     
   14.400000000000000       0.91957428900005767     
   14.480000000000000       0.91922819839079661     
   14.560000000000000       0.92509702008035199     
   14.640000000000001       0.91831744032521567     
   14.720000000000001       0.91343725483462290     
   14.800000000000001       0.91730961728926141     
   14.880000000000001       0.91450841641362346     
   14.960000000000001       0.91921195035753667     
   15.040000000000001       0.92558690794834986     
   15.119999999999999       0.91754570174602557     
   15.199999999999999       0.92560112184869214     
   15.279999999999999       0.91818655444885322     
   15.359999999999999       0.91469675962199348     
   15.440000000000003       0.91509669165715679     
   15.520000000000003       0.91114754861891123     
   15.600000000000003       0.91338043545773528     
   15.680000000000003       0.91936395928657288     
   15.760000000000002       0.91597647348058486     
   15.840000000000002       0.91667439772459425     
   15.920000000000002       0.90878571766655714     
   16.000000000000004       0.91625552739436877     
   16.080000000000002       0.91280530007939742     
   16.160000000000004       0.91441259375170336     
   16.240000000000002       0.92293594242218935     
   16.320000000000000       0.91652820230423981     
   16.400000000000002       0.92044771420458549     
   16.480000000000000       0.92758792163638137     
   16.560000000000002       0.91879144816349068     
   16.640000000000001       0.91920296441613314     
   16.720000000000002       0.91554173531565064     
   16.800000000000001       0.91298530265668543     
   16.880000000000003       0.92012729333674592     
   16.960000000000001       0.91696215924934499     
   17.040000000000003       0.92258749317895961     
   17.120000000000001       0.91478158910426988     
   17.200000000000003       0.91425549070337198     
   17.280000000000001       0.92100356198086064     
   17.360000000000003       0.90918303384044774     
   17.440000000000001       0.91543483063561093     
   17.520000000000000       0.92045262757065061     
   17.600000000000001       0.91979599357968800     
   17.680000000000000       0.91036226553269439     
   17.760000000000002       0.91968718981667696     
   17.840000000000000       0.91914538270510493     
   17.920000000000002       0.91331791960436093     
   18.000000000000000       0.92159131439681474     
   18.080000000000002       0.92188677134569630     
   18.160000000000000       0.91449093573476636     
   18.240000000000002       0.91605814008980380     
   18.320000000000000       0.91219950149640339     
   18.400000000000002       0.91941221648565374     
   18.480000000000000       0.91500947670059463     
   18.559999999999999       0.90530498102104484     
   18.640000000000001       0.91326235747593587     
   18.719999999999999       0.91518888109344265     
   18.800000000000004       0.91102072819448654     
   18.880000000000003       0.91556712905847648     
   18.960000000000004       0.91975287734548472     
   19.040000000000003       0.92170566139806365     
   19.120000000000001       0.91467750637575462     
   19.200000000000003       0.90961130184658301     
   19.280000000000001       0.91588878953036623     
   19.360000000000003       0.91153169593511629     
   19.440000000000001       0.91335381072040178     
   19.520000000000003       0.91007863417957269     
   19.600000000000001       0.91461237205387858     
   19.680000000000003       0.91699723611709683     
   19.760000000000002       0.92170324369516787     
   19.840000000000003       0.91967466220288263     
   19.920000000000002       0.91068417912943789     
   20.000000000000004       0.91797430452901629     
   20.080000000000002       0.91697587827930915     
   20.160000000000004       0.91479319530615233     
   20.240000000000002       0.91970880929598320     
   20.320000000000000       0.91231893050187751     
   20.400000000000002       0.91896702262270247     
   20.480000000000000       0.91129845879530147     
   20.560000000000002       0.90502718904557189     
   20.640000000000001       0.90224576424459924     
   20.720000000000002       0.91107778695765518     
   20.800000000000001       0.91005245697554360     
   20.880000000000003       0.91261697099060057     
   20.960000000000001       0.90855792236106614     
   21.040000000000003       0.91768276910343338     
   21.120000000000001       0.90748676250915594     
   21.200000000000003       0.90782690838555280     
   21.280000000000001       0.90671135806997516     
   21.359999999999999       0.90438186327295111     
   21.440000000000001       0.91093571697689146     
   21.520000000000000       0.91514964013729838     
   21.600000000000001       0.91128831110491171     
   21.680000000000000       0.90551833854993258     
   21.760000000000002       0.91826501654631798     
   21.840000000000000       0.90674369212285710     
   21.920000000000002       0.91108204302212437     
   22.000000000000000       0.90868938853757697     
   22.080000000000002       0.91509834918515554     
   22.160000000000000       0.90529394302454747     
   22.240000000000002       0.90764367666791201     
   22.320000000000004       0.91056255745964321     
   22.400000000000002       0.89850169583512873     
   22.480000000000004       0.90555495192964586     
   22.560000000000002       0.91272887649635082     
   22.640000000000004       0.90970559662192385     
   22.720000000000002       0.91246193773818307     
   22.800000000000004       0.90937342688065403     
   22.880000000000003       0.89939654079847609     
   22.960000000000004       0.90909851272466335     
   23.040000000000003       0.90333052149081827     
   23.120000000000001       0.90770023444787717     
   23.200000000000003       0.90457947614379408     
   23.280000000000001       0.90990397972126447     
   23.360000000000003       0.90536689947095128     
   23.440000000000001       0.90498084052990813     
   23.520000000000003       0.89040637384400201     
   23.600000000000001       0.90247947505107418     
   23.680000000000003       0.90814870689586746     
   23.760000000000002       0.90298393187840353     
   23.840000000000003       0.89253797393751466     
   23.920000000000002       0.90308796023795201     
   24.000000000000004       0.90254270283653293     
   24.080000000000002       0.90305102892129396     
   24.160000000000000       0.90675869518422192     
   24.240000000000002       0.90095084104433731     
   24.320000000000000       0.90581963636612728     
   24.400000000000002       0.90651075935840819     
   24.480000000000000       0.89987241494403025     
   24.560000000000002       0.89738648289661938     
   24.640000000000001       0.90368427871800683     
   24.720000000000002       0.90256718851244444     
   24.800000000000001       0.90531452434766035     
   24.880000000000003       0.90821400749793280     
   24.960000000000001       0.90074895062159699     
   25.040000000000003       0.90538289675444938     
   25.120000000000001       0.90283797678020095     
   25.199999999999999       0.90297503624900222     
   25.280000000000001       0.90106585782968884     
   25.359999999999999       0.89942815073033777     
   25.440000000000001       0.90112207568173530     
   25.520000000000000       0.89038668761946316     
   25.600000000000005       0.89721650622635030     
   25.680000000000003       0.90322731053725458     
   25.760000000000005       0.90592102467465596     
   25.840000000000000       0.89659308437637120     
   25.920000000000002       0.89766196673825582     
   26.000000000000000       0.89780757800649458     
   26.080000000000002       0.90007748444026825     
   26.160000000000000       0.89791363158418058     
   26.240000000000002       0.90005341693951191     
   26.320000000000000       0.89655571947188961     
   26.400000000000002       0.89582811858387956     
   26.480000000000000       0.89114512351347186     
   26.560000000000002       0.89532776317566054     
   26.640000000000001       0.89978807441905062     
   26.720000000000002       0.90097263125474036     
   26.800000000000001       0.90277835358326886     
   26.880000000000003       0.89294636410738926     
   26.960000000000001       0.90005199553083126     
   27.040000000000003       0.89443114025512294     
   27.120000000000001       0.89557150907117011     
   27.200000000000003       0.90151668388929718     
   27.280000000000001       0.90588232818355896     
   27.360000000000003       0.89623089662891853     
   27.440000000000005       0.89432603437187519     
   27.520000000000003       0.89629990224356482     
   27.600000000000005       0.89329756256025827     
   27.680000000000003       0.89407840937035366     
   27.760000000000005       0.89767841213483257     
   27.840000000000003       0.89023268678080802     
   27.920000000000005       0.89037814156420514     
   28.000000000000004       0.88779575017100798     
   28.080000000000005       0.89044922168881513     
   28.160000000000000       0.88473792821653607     
   28.240000000000006       0.89569166569602054     
   28.320000000000000       0.88884654485220016     
   28.400000000000006       0.89697279537940344     
   28.480000000000000       0.89199152805606863     
   28.560000000000006       0.88851740344523422     
   28.640000000000001       0.89291316563051149     
   28.720000000000002       0.88893443454567900     
   28.800000000000001       0.89539391278936076     
   28.880000000000003       0.89175643132378168     
   28.960000000000001       0.89447418445044646     
   29.040000000000003       0.89192325363562963     
   29.120000000000001       0.89261922314300268     
   29.200000000000003       0.88813589200404497     
   29.280000000000001       0.89605410779368644     
   29.360000000000003       0.89892461801559898     
   29.440000000000001       0.88951898982786193     
   29.520000000000003       0.89023460992208125     
   29.600000000000001       0.88814189984045155     
   29.680000000000003       0.88975655739163828     
   29.760000000000002       0.89338668693005052     
   29.840000000000003       0.89143596186671037     
   29.920000000000002       0.88674979528680975     
   30.000000000000004       0.88458922036707954     
   30.080000000000002       0.88677147771511755     
   30.160000000000004       0.88039799168650512     
   30.239999999999998       0.88959653816887152     
   30.320000000000004       0.88686283529182564     
   30.399999999999999       0.88949654140846046     
   30.480000000000004       0.88545044423957664     
   30.559999999999999       0.88784104214517645     
   30.640000000000004       0.88635555456670923     
   30.719999999999999       0.88758753796258827     
   30.800000000000004       0.88759609861445277     
   30.880000000000006       0.87497154004406252     
   30.960000000000001       0.89242203581711654     
   31.040000000000006       0.87585391979268712     
   31.120000000000001       0.87723937605974212     
   31.200000000000006       0.87362122077125381     
   31.280000000000001       0.88858645028213357     
   31.360000000000007       0.88145594152933993     
   31.440000000000001       0.88561576007303411     
   31.520000000000003       0.88103035907196658     
   31.600000000000001       0.89538938003361201     
   31.680000000000003       0.88625090976458309     
   31.760000000000002       0.88940771181589118     
   31.840000000000003       0.88204348343110472     
   31.920000000000002       0.88879685539970033     
   32.000000000000007       0.88200206223098154     
   32.079999999999998       0.88683077014481637     
   32.160000000000004       0.88008854266909187     
   32.240000000000002       0.87387523998833350     
   32.320000000000007       0.88559124947534529     
   32.399999999999999       0.87640729059095013     
   32.480000000000004       0.88302855190520035     
   32.560000000000002       0.87469841019371475     
   32.640000000000001       0.88113364337050792     
   32.719999999999999       0.87380613683999764     
   32.800000000000004       0.86719089548729356     
   32.880000000000003       0.87327652660983401     
   32.960000000000001       0.87438192409668902     
   33.039999999999999       0.87970102738512490     
   33.120000000000005       0.87282245107159995     
   33.200000000000003       0.87849218526904793     
   33.280000000000001       0.87096962984202109     
   33.359999999999999       0.87700643539804335     
   33.440000000000005       0.87909611112189956     
   33.520000000000003       0.86743597093044189     
   33.600000000000001       0.87359871620552532     
   33.680000000000000       0.87181528730998092     
   33.760000000000005       0.87212423810808271     
   33.840000000000003       0.87051584531117843     
   33.920000000000002       0.86711592741491439     
   34.000000000000000       0.86752148990834976     
   34.080000000000005       0.86294926367853331     
   34.160000000000004       0.87662836655111875     
   34.240000000000002       0.87256759047185528     
   34.320000000000007       0.87464386204943800     
   34.400000000000006       0.87940348864162921     
   34.480000000000004       0.86345091467849810     
   34.560000000000002       0.87453399574319679     
   34.640000000000008       0.87090617280716565     
   34.720000000000006       0.87165178486312545     
   34.800000000000004       0.86468379506380733     
   34.880000000000003       0.87316308210897264     
   34.960000000000008       0.87171607054150735     
   35.039999999999999       0.86558891123032122     
   35.120000000000005       0.87759336798723397     
   35.200000000000003       0.86193679950976398     
   35.280000000000008       0.87310339925948177     
   35.359999999999999       0.87449307073829075     
   35.440000000000005       0.87843576943763124     
   35.520000000000003       0.86663641738711794     
   35.600000000000001       0.86890394816781213     
   35.680000000000000       0.87414136324286973     
   35.760000000000005       0.86635444651358828     
   35.840000000000003       0.87448058438173903     
   35.920000000000002       0.86854255067231712     
   36.000000000000000       0.87097692480288313     
   36.080000000000005       0.86473892602308278     
   36.160000000000004       0.86781813280820319     
   36.240000000000002       0.86979126110754645     
   36.320000000000000       0.86522554990385725     
   36.400000000000006       0.86707535655550605     
   36.480000000000004       0.86388048706562681     
   36.560000000000002       0.85569672847811795     
   36.640000000000001       0.85933256833095584     
   36.720000000000006       0.85983387057721572     
   36.800000000000004       0.86475607248421216     
   36.880000000000003       0.86262039010180847     
   36.960000000000001       0.86901288723005932     
   37.040000000000006       0.86427945541650619     
   37.119999999999997       0.86184919432780083     
   37.200000000000003       0.87645004389813852     
   37.280000000000001       0.86357254457857324     
   37.360000000000007       0.86432265570514377     
   37.439999999999998       0.87007669556331579     
   37.520000000000003       0.85982329562838000     
   37.600000000000009       0.85078823273125948     
   37.680000000000000       0.86398923398258809     
   37.760000000000005       0.85398610066732727     
   37.840000000000003       0.86555353473344909     
   37.920000000000009       0.85408061973404803     
   38.000000000000000       0.85827275396796354     
   38.080000000000005       0.86669275766131415     
   38.160000000000004       0.84868009719319670     
   38.240000000000002       0.85869406051021868     
   38.320000000000000       0.86628844537510741     
   38.400000000000006       0.86392879292657798     
   38.480000000000004       0.85709577194675435     
   38.560000000000002       0.86341503884574489     
   38.640000000000001       0.86553707507262612     
   38.720000000000006       0.85998882438700897     
   38.800000000000004       0.85798372724472716     
   38.880000000000003       0.84734560222832989     
   38.960000000000001       0.86420197555734357     
   39.040000000000006       0.85716427037464471     
   39.120000000000005       0.85658526608980845     
   39.200000000000003       0.85070269277190058     
   39.280000000000001       0.86176429074614902     
   39.360000000000007       0.86577399545772737     
   39.440000000000005       0.85911492244687815     
   39.520000000000003       0.84871487599655571     
   39.600000000000001       0.85625869055809767     
   39.680000000000007       0.86481689834837183     
   39.759999999999998       0.85688165428097762     
   39.840000000000003       0.85936945935522313     
   39.920000000000002       0.85907573229002920     
   40.000000000000007       0.85515683566841760     
   40.079999999999998       0.87000011102893582     
   40.160000000000004       0.85920464282244879     
   40.240000000000002       0.86987287035829763     
   40.320000000000007       0.85927766173059594     
   40.399999999999999       0.85534893942973833     
   40.480000000000004       0.85993734702547520     
   40.560000000000002       0.85346204962358130     
   40.640000000000001       0.85374106286595164     
   40.719999999999999       0.85637209767267064     
   40.800000000000004       0.86045026816570647     
   40.880000000000003       0.85607201323686311     
   40.960000000000001       0.85084988870179967     
   41.040000000000006       0.86335810438331806     
   41.120000000000005       0.85710374399261857     
   41.200000000000003       0.86022890686015618     
   41.280000000000001       0.85417642028373120     
   41.360000000000007       0.84818098294976085     
   41.440000000000005       0.86307645540672950     
   41.520000000000003       0.85802549202578771     
   41.600000000000001       0.85571954584822418     
   41.680000000000007       0.85988506545531651     
   41.760000000000005       0.85442570447925881     
   41.840000000000003       0.85184350092519834     
   41.920000000000002       0.85982616656378463     
   42.000000000000007       0.85529484095224539     
   42.080000000000005       0.85466651486019296     
   42.160000000000004       0.84624716888831775     
   42.240000000000002       0.85819604764390400     
   42.320000000000007       0.85167763481563086     
   42.400000000000006       0.86368455574411074     
   42.480000000000004       0.84259151493199991     
   42.560000000000002       0.84797496180783460     
   42.640000000000008       0.86577869759178461     
   42.719999999999999       0.83725266068725723     
   42.800000000000004       0.85682537341613674     
   42.880000000000003       0.85445012590800029     
   42.960000000000008       0.84922169062468456     
   43.039999999999999       0.84720135684321396     
   43.120000000000005       0.85379720385028379     
   43.200000000000003       0.84202870238896244     
   43.280000000000001       0.85750112479796314     
   43.359999999999999       0.85233620693388201     
   43.440000000000005       0.84562258686986680     
   43.520000000000003       0.83607067669649981     
   43.600000000000001       0.83446549178768004     
   43.680000000000000       0.84232936606524600     
   43.760000000000005       0.83610671521338298     
   43.840000000000003       0.84910296721938905     
   43.920000000000002       0.83959976960098281     
   44.000000000000000       0.83616199509104061     
   44.080000000000005       0.83562016162153996     
   44.160000000000004       0.83963717525256165     
   44.240000000000002       0.84816826863416650     
   44.320000000000000       0.84965055103314258     
   44.400000000000006       0.84207074646916513     
   44.480000000000004       0.85042817472243637     
   44.560000000000002       0.84376969104848554     
   44.640000000000008       0.83924189489034473     
   44.720000000000006       0.84557961939352477     
   44.800000000000004       0.84923251419516588     
   44.880000000000003       0.85444756328642357     
   44.960000000000008       0.84209386553473664     
   45.040000000000006       0.84553027406543968     
   45.120000000000005       0.83946012165744466     
   45.200000000000003       0.84148729460772409     
   45.280000000000008       0.84837204574322955     
   45.360000000000007       0.84585610936052613     
   45.440000000000005       0.84597517677045309     
   45.520000000000003       0.83561507311988026     
   45.600000000000009       0.84488392737829632     
   45.680000000000000       0.84502954125608998     
   45.760000000000005       0.83970220296867137     
   45.840000000000003       0.84809555173692552     
   45.920000000000009       0.85772295519154373     
   46.000000000000000       0.83994706397937990     
   46.080000000000005       0.83181291950575964     
   46.160000000000004       0.83393491295916644     
   46.240000000000002       0.83903805206894633     
   46.320000000000000       0.83594138120692729     
   46.400000000000006       0.83994203274797796     
   46.480000000000004       0.84055053186232875     
   46.560000000000002       0.84433487870599289     
   46.640000000000001       0.83843566826920379     
   46.720000000000006       0.84056827022868696     
   46.800000000000004       0.83704041336859814     
   46.880000000000003       0.85088547753646127     
   46.960000000000001       0.85287564978512709     
   47.040000000000006       0.85820135170077827     
   47.120000000000005       0.83901009363073953     
   47.200000000000003       0.84185666800958081     
   47.280000000000001       0.85068673594621291     
   47.360000000000007       0.84507609109338078     
   47.440000000000005       0.83753982556348749     
   47.520000000000003       0.84622561391869422     
   47.600000000000001       0.84803024500461144     
   47.680000000000007       0.84226668347715461     
   47.759999999999998       0.84083494755720456     
   47.840000000000003       0.83944565712255026     
   47.920000000000009       0.82376836718033097     
   48.000000000000007       0.83228473377434398     
   48.080000000000005       0.83216772168167585     
   48.160000000000004       0.83403418090118719     
   48.240000000000009       0.83432013198388211     
   48.320000000000000       0.83970932731338510     
   48.400000000000006       0.84168690047538708     
   48.480000000000004       0.82990800917186791     
   48.560000000000009       0.83796093731537036     
   48.640000000000001       0.84594609891149808     
   48.720000000000006       0.83891664819950185     
   48.800000000000004       0.85432145086998912     
   48.880000000000003       0.83480324585797139     
   48.960000000000001       0.83510825816342404     
   49.040000000000006       0.84599987010247313     
   49.120000000000005       0.83507941003251474     
   49.200000000000003       0.83791075376623014     
   49.280000000000001       0.83955793501462361     
   49.360000000000007       0.85732212662273666     
   49.440000000000005       0.83861656502734183     
   49.520000000000003       0.83148847922244384     
   49.600000000000001       0.84037128883875123     
   49.680000000000007       0.83867983312544381     
   49.760000000000005       0.84778997722176663     
   49.840000000000003       0.82903921505659806     
   49.920000000000002       0.83947815639707257     
   50.000000000000007       0.85160216101062614     
   50.080000000000005       0.83759085377523079     
   50.160000000000004       0.84440340645224155     
   50.240000000000002       0.82375864281020073     
   50.320000000000007       0.84904384964763846     
   50.399999999999999       0.82514447292994064     
   50.480000000000004       0.83679988908005343     
   50.560000000000002       0.83595288357806752     
   50.640000000000008       0.84373128668900754     
   50.719999999999999       0.83249856754397555     
   50.800000000000004       0.84171903849536034     
   50.880000000000003       0.83674352016091402     
   50.960000000000008       0.84048063322316269     
   51.039999999999999       0.83867054317400325     
   51.120000000000005       0.83897187687203545     
   51.200000000000010       0.83569077391940516     
   51.280000000000001       0.83496367578906028     
   51.360000000000007       0.84796280079094044     
   51.440000000000005       0.83812760523222418     
   51.520000000000010       0.83735546413621453     
   51.600000000000001       0.84165309200880600     
   51.680000000000000       0.82829533063233629     
   51.760000000000005       0.83634638198885891     
   51.840000000000003       0.84675414630087598     
   51.920000000000009       0.83260258862891046     
   52.000000000000000       0.81726872175507237     
   52.080000000000005       0.83480397814737739     
   52.160000000000004       0.83721897592878991     
   52.240000000000009       0.83146537727761682     
   52.320000000000000       0.84277956053206293     
   52.400000000000006       0.83753834170177310     
   52.480000000000004       0.81919154956745821     
   52.560000000000009       0.84366499787377414     
   52.640000000000001       0.84908645766417745     
   52.720000000000006       0.83088570570581344     
   52.800000000000004       0.83761017718815201     
   52.880000000000010       0.83949609461623054     
   52.960000000000001       0.83732387641215422     
   53.040000000000006       0.83504169321365118     
   53.120000000000005       0.83966356611729065     
   53.200000000000010       0.84142433311744813     
   53.280000000000001       0.83683371224108560     
   53.359999999999999       0.83663057700754817     
   53.440000000000005       0.82882472734598400     
   53.520000000000010       0.82685465662574043     
   53.600000000000001       0.82293735078207697     
   53.680000000000000       0.84285306506936608     
   53.760000000000005       0.84430457507671453     
   53.840000000000011       0.82419800507138430     
   53.920000000000002       0.83571983962314300     
   54.000000000000000       0.84087268339502774     
   54.080000000000005       0.83030825078268977     
   54.160000000000011       0.82295689182146048     
   54.240000000000002       0.83128760331233131     
   54.320000000000000       0.82024268219313323     
   54.400000000000006       0.82945311945865030     
   54.480000000000011       0.82404194054998625     
   54.560000000000002       0.83166032801179213     
   54.640000000000001       0.83077863188344558     
   54.720000000000006       0.84235066389603230     
   54.800000000000004       0.82821653553915697     
   54.880000000000010       0.83537157160888309     
   54.960000000000001       0.83072594506637232     
   55.040000000000006       0.83386771259595460     
   55.120000000000005       0.84140830009984235     
   55.200000000000010       0.82920782686094496     
   55.280000000000001       0.83222362422763341     
   55.360000000000007       0.82073508092334324     
   55.440000000000005       0.82852492090562591     
   55.520000000000010       0.84016752431110708     
   55.600000000000001       0.82712600846100337     
   55.680000000000007       0.83420015563943384     
   55.760000000000005       0.83051420913639706     
   55.840000000000011       0.83614481298139220     
   55.920000000000002       0.83646825192198559     
   56.000000000000007       0.82520645143220683     
   56.080000000000005       0.82530246610446667     
   56.160000000000011       0.84453210145495905     
   56.240000000000002       0.83206134777195695     
   56.320000000000000       0.83417484188314051     
   56.400000000000006       0.83290548497509731     
   56.480000000000011       0.81616060340651497     
   56.560000000000002       0.83477023917284354     
   56.640000000000001       0.80436591233026555     
   56.720000000000006       0.81681789134956473     
   56.800000000000011       0.83388656121852456     
   56.880000000000003       0.82647051355543266     
   56.960000000000001       0.81745589771481864     
   57.040000000000006       0.83621228113292312     
   57.120000000000012       0.81135329033144643     
   57.200000000000003       0.82468807172225933     
   57.280000000000001       0.82934781831193083     
   57.360000000000007       0.82908877982123519     
   57.440000000000005       0.82224076704107396     
   57.520000000000003       0.80937844720333885     
   57.600000000000001       0.82626356243832799     
   57.680000000000007       0.82695368341097308     
   57.760000000000005       0.82906214901691833     
   57.839999999999996       0.81612951344329376     
   57.920000000000002       0.83333309452267090     
   58.000000000000007       0.82399044964587775     
   58.080000000000005       0.83176357669770329     
   58.160000000000011       0.81991570302807482     
   58.240000000000002       0.82822100007095556     
   58.320000000000007       0.82790209822859218     
   58.400000000000006       0.82202383525976908     
   58.480000000000011       0.83978490157540708     
   58.560000000000002       0.83117213059687278     
   58.640000000000008       0.83345273310368428     
   58.720000000000006       0.82428038795324210     
   58.800000000000011       0.81233928203994210     
   58.880000000000003       0.82411285607335227     
   58.960000000000001       0.82682510489359917     
   59.040000000000006       0.81459091237672510     
   59.120000000000012       0.81058056678837542     
   59.200000000000003       0.83445472514058783     
   59.280000000000001       0.83792375665311447     
   59.360000000000007       0.83323029007869986     
   59.440000000000012       0.82514657856112994     
   59.520000000000003       0.81401276810565482     
   59.600000000000001       0.81745113290668048     
   59.680000000000007       0.80905553975871369     
   59.760000000000012       0.82938310966272477     
   59.840000000000003       0.80649409541600059     
   59.920000000000002       0.82197757235981006     
   60.000000000000007       0.81714772609093689     
   60.080000000000013       0.82192302767625769     
   60.160000000000004       0.82318467901539039     
   60.240000000000002       0.82113084998179620     
   60.320000000000007       0.81814274361108763     
   60.400000000000006       0.82671746757910514     
   60.479999999999997       0.81517313358376120     
   60.560000000000002       0.83405300290628015     
   60.640000000000008       0.83912173685163305     
   60.720000000000006       0.82563515849313518     
   60.799999999999997       0.80761156847316518     
   60.880000000000003       0.81902471624565409     
   60.960000000000008       0.81911896611493773     
   61.040000000000006       0.81783769122022998     
   61.119999999999997       0.81199797890269532     
   61.200000000000003       0.82009475456395253     
   61.280000000000008       0.83152147907453000     
   61.360000000000007       0.80934504137762198     
   61.439999999999998       0.81998868861406915     
   61.520000000000003       0.81762882171709339     
   61.600000000000009       0.81493216201461183     
   61.680000000000007       0.82416788391513329     
   61.760000000000012       0.80589523564903998     
   61.840000000000003       0.80254045772089688     
   61.920000000000002       0.81407988339294679     
   62.000000000000007       0.81853120699357351     
   62.080000000000013       0.82065350305182461     
   62.160000000000004       0.81521385228442433     
   62.240000000000002       0.81550517339545281     
   62.320000000000007       0.82350542583727182     
   62.400000000000013       0.81911542104258883     
   62.480000000000004       0.81965773729660774     
   62.560000000000002       0.82300802909367465     
   62.640000000000008       0.81595109654282549     
   62.720000000000013       0.81750257448072294     
   62.800000000000004       0.82375697618461563     
   62.880000000000003       0.82253187628943192     
   62.960000000000008       0.81985193755103281     
   63.040000000000006       0.81060050603375999     
   63.120000000000005       0.83257164361059444     
   63.200000000000003       0.81066499060536301     
   63.280000000000008       0.82905004835359575     
   63.360000000000007       0.81830520957499564     
   63.439999999999998       0.81076686397505149     
   63.520000000000003       0.80838888125156461     
   63.600000000000009       0.81262876282850627     
   63.680000000000007       0.81443701308118122     
   63.759999999999998       0.81370593768259691     
   63.840000000000003       0.82391589743632410     
   63.920000000000009       0.82123524695100225     
   64.000000000000014       0.81183474091713159     
   64.079999999999998       0.81824151529109435     
   64.159999999999997       0.82043987265361940     
   64.240000000000009       0.83159526139444151     
   64.320000000000007       0.81373224624006812     
   64.400000000000006       0.81993685441244601     
   64.480000000000004       0.81245966317134866     
   64.560000000000002       0.82268536488162425     
   64.640000000000015       0.80085873359179738     
   64.719999999999999       0.81122612670452288     
   64.799999999999997       0.80766126448497322     
   64.880000000000010       0.82712493716369240     
   64.960000000000008       0.81661267400853399     
   65.040000000000006       0.81521139018168720     
   65.120000000000005       0.81902120990953320     
   65.200000000000003       0.80558021200692143     
   65.280000000000001       0.81779182284040897     
   65.360000000000014       0.81917620652942458     
   65.439999999999998       0.81193643763931089     
   65.520000000000010       0.80720947700690204     
   65.600000000000009       0.80581001423884013     
   65.680000000000007       0.81331578798857773     
   65.760000000000005       0.82666283216806624     
   65.840000000000003       0.82706284484586101     
   65.920000000000002       0.80278243122614867     
   66.000000000000014       0.80615790432344470     
   66.079999999999998       0.80522116777213104     
   66.160000000000011       0.81360261891446284     
   66.240000000000009       0.82019921646062499     
   66.320000000000007       0.80151234351507861     
   66.400000000000006       0.81192425645050070     
   66.480000000000004       0.81268821353529763     
   66.560000000000002       0.81853488235806471     
   66.640000000000015       0.82066847935393961     
   66.719999999999999       0.81417495852143074     
   66.799999999999997       0.80762348120893379     
   66.880000000000010       0.81631578234661573     
   66.960000000000008       0.81033500017153881     
   67.040000000000006       0.81767638093492678     
   67.120000000000005       0.82355134480260128     
   67.200000000000003       0.81384421340299806     
   67.280000000000015       0.80677652385916876     
   67.359999999999999       0.81844011536200101     
   67.439999999999998       0.82857767682609995     
   67.520000000000010       0.81631948843334390     
   67.600000000000009       0.82249192255347447     
   67.680000000000007       0.82737300454981999     
   67.760000000000005       0.81625897534565484     
   67.840000000000003       0.83059261459331168     
   67.920000000000016       0.80931064096291905     
   68.000000000000000       0.80265007294008262     
   68.079999999999998       0.81638581370439678     
   68.160000000000011       0.82086899813035996     
   68.240000000000009       0.82094521354973471     
   68.320000000000007       0.80824122133932108     
   68.400000000000006       0.82161453612916957     
   68.480000000000004       0.82111136261636197     
   68.560000000000002       0.81301798025855232     
   68.640000000000015       0.81064496675109898     
   68.719999999999999       0.81953327085670991     
   68.800000000000011       0.80802350288815983     
   68.880000000000010       0.81097412563987403     
   68.960000000000008       0.81858554345607848     
   69.040000000000006       0.80490134358534138     
   69.120000000000005       0.81647968491149203     
   69.200000000000003       0.80354904020978069     
   69.280000000000015       0.82099673625708769     
   69.359999999999999       0.82369559091438349     
   69.440000000000012       0.80856159108431980     
   69.520000000000010       0.82348733678887842     
   69.600000000000009       0.83076884966722353     
   69.680000000000007       0.81111639669314672     
   69.760000000000005       0.81292059448323317     
   69.840000000000003       0.81715635603052195     
   69.920000000000016       0.81615336362952584     
   70.000000000000000       0.81095774487301386     
   70.079999999999998       0.82209142853286121     
   70.160000000000011       0.81264892713199899     
   70.240000000000009       0.81494211222392410     
   70.320000000000007       0.81214918771414435     
   70.400000000000006       0.81188174766415522     
   70.480000000000004       0.81532998517447508     
   70.560000000000016       0.82092823386659952     
   70.640000000000001       0.81042032314178758     
   70.719999999999999       0.81189666017301765     
   70.800000000000011       0.81808872293754287     
   70.880000000000010       0.82967357072685177     
   70.960000000000008       0.82154931007488963     
   71.040000000000006       0.82501528048709993     
   71.120000000000005       0.82323744230971208     
   71.200000000000003       0.82034594713992193     
   71.280000000000001       0.82284673913583428     
   71.359999999999999       0.82097607030370678     
   71.440000000000012       0.81030396834345952     
   71.520000000000010       0.83347925349895735     
   71.599999999999994       0.83136781119951775     
   71.680000000000007       0.81934389799570850     
   71.760000000000005       0.82216932285852706     
   71.840000000000003       0.83140341631806935     
   71.920000000000016       0.81637952025229110     
   72.000000000000000       0.84116482063180520     
   72.080000000000013       0.81879238612020444     
   72.160000000000011       0.80765358509968677     
   72.240000000000009       0.80661201335173205     
   72.320000000000007       0.80913835308441362     
   72.400000000000006       0.80743447935344159     
   72.480000000000004       0.80880044363329961     
   72.560000000000016       0.81514545057643428     
   72.640000000000001       0.81544259946537789     
   72.719999999999999       0.81856514761303623     
   72.800000000000011       0.80437269989429860     
   72.880000000000010       0.80943580015740113     
   72.960000000000008       0.81272527799741934     
   73.040000000000006       0.81434317445577598     
   73.120000000000005       0.81347193076660296     
   73.200000000000017       0.80984951485489998     
   73.280000000000001       0.81968194523342008     
   73.359999999999999       0.81308250328743126     
   73.440000000000012       0.81350000530749722     
   73.520000000000010       0.82266643397102690     
   73.600000000000009       0.79547381441525389     
   73.680000000000007       0.80097249260979120     
   73.760000000000005       0.82102373274562090     
   73.840000000000003       0.80257178706516719     
   73.920000000000002       0.80854345339864386     
   74.000000000000000       0.80902308804030321     
   74.080000000000013       0.80420037192325045     
   74.160000000000011       0.80855063661663962     
   74.239999999999995       0.80927648882975500     
   74.320000000000007       0.80200631132767397     
   74.400000000000006       0.80754081276585488     
   74.480000000000004       0.80108609203034753     
   74.560000000000002       0.80988061471147599     
   74.640000000000001       0.81780703736754290     
   74.720000000000013       0.81649635509858576     
   74.800000000000011       0.80482280283099072     
   74.879999999999995       0.81682276736340920     
   74.960000000000008       0.81673425064274641     
   75.040000000000006       0.81674082419795990     
   75.120000000000005       0.80998623798585634     
   75.200000000000017       0.81678259171314105     
   75.280000000000001       0.80566449396796413     
   75.359999999999999       0.80399885204527388     
   75.440000000000012       0.82513024041510052     
   75.520000000000010       0.82126410696098684     
   75.600000000000009       0.81272437726793523     
   75.680000000000007       0.81213333210778671     
   75.760000000000005       0.81215941993555096     
   75.840000000000018       0.80348038472692473     
   75.920000000000002       0.80474176507996253     
   76.000000000000000       0.80486841648664798     
   76.080000000000013       0.82763061633510837     
   76.160000000000011       0.82647900678661590     
   76.240000000000009       0.81334810307251593     
   76.320000000000007       0.82186100943388174     
   76.400000000000006       0.80810509631190908     
   76.480000000000004       0.81623978961464783     
   76.560000000000002       0.81243194544532449     
   76.640000000000001       0.81055963522175911     
   76.720000000000013       0.80802244252982336     
   76.800000000000011       0.80819910003212370     
   76.879999999999995       0.83584809143758121     
   76.960000000000008       0.81042891212317514     
   77.040000000000006       0.80797834843934146     
   77.120000000000005       0.80317552353688138     
   77.200000000000003       0.80330280979562796     
   77.280000000000001       0.80803645163808302     
   77.360000000000014       0.81203652127159309     
   77.440000000000012       0.80553765222561169     
   77.519999999999996       0.79198877163369685     
   77.600000000000009       0.81323068871704907     
   77.680000000000007       0.82336290265362699     
   77.760000000000005       0.81524127028337157     
   77.840000000000003       0.80966010216187789     
   77.920000000000002       0.79557996572254941     
   78.000000000000000       0.81872803088218304     
   78.080000000000013       0.82068012794413114     
   78.159999999999997       0.81581646187635071     
   78.240000000000009       0.80474713696666100     
   78.320000000000007       0.80767736071682061     
   78.400000000000006       0.80524090235715462     
   78.480000000000004       0.80756029590085943     
   78.560000000000002       0.79058616359011336     
   78.640000000000001       0.81606631651587336     
   78.720000000000013       0.81719092485679412     
   78.800000000000011       0.79638552777413574     
   78.880000000000010       0.81199139711301982     
   78.960000000000008       0.81251514924266699     
   79.040000000000006       0.81784817954867617     
   79.120000000000019       0.80618581462813366     
   79.200000000000003       0.80409669548677831     
   79.280000000000001       0.81807786648510050     
   79.360000000000014       0.80757734439400763     
   79.440000000000012       0.82204134723952560     
   79.519999999999996       0.82059921901151356     
   79.600000000000009       0.80794102057078299     
   79.680000000000007       0.81125995609380719     
   79.760000000000005       0.80691387820589910     
   79.840000000000003       0.81123760895720509     
   79.920000000000002       0.82347184308656163     
   80.000000000000014       0.79639051202531796     
   80.080000000000013       0.81710257898682337     
   80.159999999999997       0.80724898755227359     
   80.240000000000009       0.81825475124220504     
   80.320000000000007       0.81934580625623166     
   80.400000000000006       0.79364328011526364     
   80.480000000000004       0.82690713159786633     
   80.560000000000002       0.81345214040907399     
   80.640000000000015       0.81177566748704821     
   80.720000000000013       0.80795316316997834     
   80.799999999999997       0.81722686105190145     
   80.880000000000010       0.81757881123976806     
   80.960000000000008       0.82017578379717992     
   81.040000000000006       0.81233106767073626     
   81.120000000000005       0.81549624558942069     
   81.200000000000003       0.83884246217562719     
   81.280000000000001       0.81943588900608266     
   81.360000000000014       0.82097938839053708     
   81.439999999999998       0.80255192291752009     
   81.520000000000010       0.80851152830414363     
   81.600000000000009       0.81310917320272369     
   81.680000000000007       0.82330716483406308     
   81.760000000000005       0.81742631946741351     
   81.840000000000003       0.79944160977587375     
   81.920000000000002       0.80329074691420965     
   82.000000000000014       0.81164069013379325     
   82.080000000000013       0.82169690296550180     
   82.160000000000011       0.81782815393331809     
   82.240000000000009       0.79947180760654923     
   82.320000000000007       0.81253347516561902     
   82.400000000000006       0.81327929782941599     
   82.480000000000004       0.81856463147270109     
   82.560000000000002       0.81221280906919591     
   82.640000000000015       0.81829967742988430     
   82.720000000000013       0.80030553387298464     
   82.799999999999997       0.80686331822366719     
   82.880000000000010       0.80608808587676173     
   82.960000000000008       0.81298045015250830     
   83.040000000000006       0.81641997438078739     
   83.120000000000005       0.80384526564820757     
   83.200000000000003       0.79917372721179436     
   83.280000000000015       0.80761305850094378     
   83.360000000000014       0.80331888442865296     
   83.439999999999998       0.81269996312592307     
   83.520000000000010       0.81062042629268338     
   83.600000000000009       0.81015784801849444     
   83.680000000000007       0.81245848882580685     
   83.760000000000005       0.81102249767463974     
   83.840000000000003       0.80428088805058506     
   83.920000000000002       0.79396466985511138     
   84.000000000000014       0.80694257151299753     
   84.079999999999998       0.80749463216539175     
   84.160000000000011       0.81101323207855580     
   84.240000000000009       0.80271464194747422     
   84.320000000000007       0.79592217497354312     
   84.400000000000006       0.81720917682924121     
   84.480000000000004       0.81176108292281968     
   84.560000000000002       0.80071553769939552     
   84.640000000000015       0.80997339453286588     
   84.719999999999999       0.81261772247417574     
   84.800000000000011       0.80621398276224043     
   84.880000000000010       0.81491106624346721     
   84.960000000000008       0.80333899743399229     
   85.040000000000006       0.80791332461458332     
   85.120000000000005       0.79557173160665573     
   85.200000000000003       0.81262797701854428     
   85.280000000000015       0.80570116649546430     
   85.360000000000014       0.80430630287363525     
   85.439999999999998       0.79929453923252336     
   85.520000000000010       0.81103452099462869     
   85.600000000000009       0.80867485247125814     
   85.680000000000007       0.81587549710044582     
   85.760000000000005       0.81205467951859933     
   85.840000000000003       0.81431500858271300     
   85.920000000000016       0.81308168364432443     
   86.000000000000014       0.81177633767514057     
   86.079999999999998       0.81148213691621962     
   86.160000000000011       0.80447585375247777     
   86.240000000000009       0.81411074365266090     
   86.320000000000007       0.81175392783973388     
   86.400000000000006       0.80977126372789388     
   86.480000000000004       0.80564372077632318     
   86.560000000000002       0.81077532343460301     
   86.640000000000015       0.80762019432700349     
   86.719999999999999       0.81277027541055891     
   86.800000000000011       0.79686472014139798     
   86.880000000000010       0.82025743442518761     
   86.960000000000008       0.81784971275235119     
   87.040000000000006       0.80528748788258653     
   87.120000000000005       0.80803454388066931     
   87.200000000000003       0.81881498983629486     
   87.280000000000015       0.79711320767154603     
   87.359999999999999       0.82157047048025234     
   87.440000000000012       0.81649984830770872     
   87.520000000000010       0.80632562405985087     
   87.600000000000009       0.81546169579388150     
   87.680000000000007       0.82030229361663987     
   87.760000000000005       0.83238910180818626     
   87.840000000000003       0.82003482796148963     
   87.920000000000016       0.79636788692579930     
   88.000000000000000       0.81079962318967569     
   88.079999999999998       0.82171040017427588     
   88.160000000000011       0.81861017885442600     
   88.240000000000009       0.80743095872851400     
   88.320000000000007       0.81199958736856681     
   88.400000000000006       0.81611304785871908     
   88.480000000000004       0.81698177128924199     
   88.560000000000016       0.81377991405728711     
   88.640000000000001       0.81135997806363591     
   88.719999999999999       0.80877909086037347     
   88.800000000000011       0.82216935045968098     
   88.880000000000010       0.81732141390038149     
   88.960000000000008       0.80190650914160722     
   89.040000000000006       0.80727192111661039     
   89.120000000000005       0.82084855517721500     
   89.200000000000017       0.80599639640541731     
   89.280000000000015       0.82327917177881482     
   89.359999999999999       0.80516353248779038     
   89.440000000000012       0.82115844588710041     
   89.520000000000010       0.81801843001861851     
   89.600000000000009       0.81504835408657250     
   89.680000000000007       0.80619662885558696     
   89.760000000000005       0.81449062387742466     
   89.840000000000003       0.82823004526067012     
   89.920000000000016       0.82457344053423642     
   90.000000000000000       0.82538246082990085     
   90.080000000000013       0.80866534614010543     
   90.160000000000011       0.81352548822943449     
   90.240000000000009       0.81336337416752380     
   90.320000000000007       0.80875900354322983     
   90.400000000000006       0.80816045942497072     
   90.480000000000004       0.80012433157235119     
   90.560000000000016       0.81250748856592747     
   90.640000000000001       0.81354225508515843     
   90.720000000000013       0.81018622144027874     
   90.800000000000011       0.82744044757558111     
   90.880000000000010       0.82015701284437470     
   90.960000000000008       0.81311663062639039     
   91.040000000000006       0.81950644352863333     
   91.120000000000005       0.80320396529374893     
   91.200000000000017       0.81868374403536104     
   91.280000000000001       0.81550906405018919     
   91.359999999999999       0.80060001288268590     
   91.440000000000012       0.81441746039386109     
   91.520000000000010       0.80976560799053654     
   91.600000000000009       0.80788162821856946     
   91.680000000000007       0.81594840679016389     
   91.760000000000005       0.81046665946005902     
   91.840000000000018       0.82449418302821176     
   91.920000000000002       0.82790408863268528     
   92.000000000000000       0.82239037486951871     
   92.080000000000013       0.82250562741204791     
   92.160000000000011       0.81731707247779140     
   92.240000000000009       0.82827352920856212     
   92.320000000000007       0.82088939332537192     
   92.400000000000006       0.81798441383137177     
   92.480000000000004       0.80582917876659610     
   92.560000000000016       0.82442801624696693     
   92.640000000000001       0.81118479977288227     
   92.720000000000013       0.80657670541973436     
   92.800000000000011       0.82824716051115943     
   92.880000000000010       0.82313322035952607     
   92.960000000000008       0.79679291940586927     
   93.040000000000006       0.81638945850017974     
   93.120000000000005       0.80424356701606303     
   93.200000000000017       0.79992611564625060     
   93.280000000000001       0.80624763709085123     
   93.360000000000014       0.80820055442085059     
   93.440000000000012       0.79694760229074113     
   93.520000000000010       0.81028122150857329     
   93.600000000000009       0.80464553444502673     
   93.680000000000007       0.80281012253225259     
   93.760000000000005       0.80018174897065875     
   93.840000000000018       0.79621403846412742     
   93.920000000000002       0.82195121801159099     
   94.000000000000000       0.81104492345889845     
   94.080000000000013       0.80303868149026392     
   94.160000000000011       0.81081275922635210     
   94.240000000000009       0.79840829635968080     
   94.320000000000007       0.81153276915146766     
   94.400000000000006       0.81126821138808769     
   94.480000000000018       0.80368938920163491     
   94.560000000000002       0.80714177916382546     
   94.640000000000001       0.79525705871424224     
   94.720000000000013       0.81012450635545552     
   94.800000000000011       0.81095857519674230     
   94.880000000000010       0.80945264717794851     
   94.960000000000008       0.81837848740824704     
   95.040000000000006       0.80146024307149399     
   95.120000000000005       0.80908239992685227     
   95.200000000000003       0.80744978517569743     
   95.280000000000001       0.81785840078180716     
   95.360000000000014       0.80377302627022196     
   95.440000000000012       0.81104867109941470     
   95.519999999999996       0.81786760280496273     
   95.600000000000009       0.81454142668183849     
   95.680000000000007       0.79978003030605960     
   95.760000000000005       0.80272221797105192     
   95.840000000000018       0.79626011577892020     
   95.920000000000002       0.81722801742738893     
   96.000000000000014       0.79762910143303289     
   96.080000000000013       0.80762068742944526     
   96.160000000000011       0.80024179090235226     
   96.240000000000009       0.80541961799586337     
   96.320000000000007       0.79998484000616477     
   96.400000000000006       0.80023301943629499     
   96.480000000000018       0.80949612210248501     
   96.560000000000002       0.81170599985987668     
   96.640000000000001       0.80642790160039024     
   96.720000000000013       0.80076463840672718     
   96.800000000000011       0.80669791694668724     
   96.880000000000010       0.80645499150822253     
   96.960000000000008       0.80036847904886099     
   97.040000000000006       0.80709184004071821     
   97.120000000000019       0.80601661853400564     
   97.200000000000003       0.78961730808232422     
   97.280000000000001       0.80354510330682127     
   97.360000000000014       0.80307390641699683     
   97.440000000000012       0.80286937293700711     
   97.520000000000010       0.80576140657450546     
   97.600000000000009       0.80910025783943362     
   97.680000000000007       0.81123294624113462     
   97.760000000000005       0.81682422579735192     
   97.840000000000003       0.81114864762029903     
   97.920000000000002       0.80540711415294086     
   98.000000000000014       0.81390448880250299     
   98.080000000000013       0.81029118893032615     
   98.159999999999997       0.80330058701911999     
   98.240000000000009       0.81433099035728596     
   98.320000000000007       0.79315891385227988     
   98.400000000000006       0.80550231093633118     
   98.480000000000004       0.81313397782813768     
   98.560000000000002       0.79714255232978781     
   98.640000000000015       0.79365530840687204     
   98.720000000000013       0.80193758926402359     
   98.799999999999997       0.80889533724548246     
   98.880000000000010       0.79781716850507378     
   98.960000000000008       0.80911047502530853     
   99.040000000000006       0.79034592887781363     
   99.120000000000019       0.80143782041769762     
   99.200000000000003       0.81270351111001959     
   99.280000000000001       0.80230850993450709     
   99.360000000000014       0.80437484769616019     
   99.440000000000012       0.79139890128993451     
   99.520000000000010       0.80135221419942571     
   99.600000000000009       0.80698393023347914     
   99.680000000000007       0.80295253382745346     
   99.760000000000019       0.80369479785560549     
   99.840000000000003       0.80351606892127492     
   99.920000000000002       0.80424668254070730     
   100.00000000000001       0.82113111231599267     
   100.08000000000001       0.80448247194822087     
   100.16000000000001       0.80469123987251867     
   100.24000000000001       0.80234866454972853     
   100.32000000000001       0.80863228732356340     
   100.40000000000002       0.80983974808448111     
   100.48000000000000       0.80877031380227438     
   100.56000000000000       0.80792056962380776     
   100.64000000000001       0.79303486069041496     
   100.72000000000001       0.80154525660584464     
   100.80000000000000       0.80120937442971685     
   100.88000000000001       0.80936983682028296     
   100.96000000000001       0.81037666816790666     
   101.04000000000001       0.82116475047891013     
   101.12000000000000       0.81404063269934912     
   101.20000000000000       0.80926762082450532     
   101.28000000000002       0.80595228723436974     
   101.36000000000001       0.80319788355034027     
   101.44000000000000       0.81318874607317093     
   101.52000000000001       0.80866247592874740     
   101.60000000000001       0.80311193524323665     
   101.68000000000001       0.79333847009244751     
   101.76000000000001       0.80836700948239637     
   101.84000000000000       0.79690341709578483     
   101.92000000000002       0.80892430661608450     
   102.00000000000001       0.79644318320663177     
   102.08000000000000       0.80554518931640062     
   102.16000000000001       0.78976191707201704     
   102.24000000000001       0.80536331752856272     
   102.32000000000001       0.80672922966269855     
   102.40000000000002       0.80325647832300073     
   102.48000000000000       0.81695919714195497     
   102.56000000000000       0.82073483852803852     
   102.64000000000001       0.80498896384783791     
   102.72000000000001       0.80888338208158961     
   102.80000000000001       0.79969867806606187     
   102.88000000000001       0.79858329789267424     
   102.96000000000001       0.80293370442978507     
   103.04000000000002       0.80342852265424536     
   103.12000000000000       0.80565935241265940     
   103.20000000000000       0.82099261154896863     
   103.28000000000002       0.79582295545510928     
   103.36000000000000       0.81195638660703062     
   103.44000000000001       0.80962856773600167     
   103.52000000000001       0.82459243271116378     
   103.60000000000001       0.83222545120890723     
   103.68000000000001       0.81896712566173813     
   103.76000000000002       0.79930489926355364     
   103.84000000000002       0.80852238911380747     
   103.92000000000000       0.81016493585542348     
   104.00000000000000       0.80763405723029169     
   104.08000000000000       0.81869927180607627     
   104.16000000000001       0.80698284841686418     
   104.24000000000001       0.80128078635294875     
   104.32000000000001       0.81788997759178728     
   104.40000000000002       0.80425483900279304     
   104.48000000000002       0.79943188284904854     
   104.56000000000000       0.79809051864519065     
   104.64000000000000       0.79959855414535352     
   104.72000000000000       0.80862562356927026     
   104.80000000000001       0.80894602300985918     
   104.88000000000001       0.81599770088737933     
   104.96000000000001       0.81492942277900204     
   105.04000000000002       0.79906658713442358     
   105.12000000000002       0.81708027172090292     
   105.20000000000000       0.80121028332423572     
   105.28000000000000       0.80173655057407101     
   105.36000000000000       0.80398688835155085     
   105.44000000000001       0.81078620092004494     
   105.52000000000001       0.81122837256426605     
   105.60000000000001       0.80891476040882060     
   105.68000000000002       0.80297145759190225     
   105.76000000000002       0.79510629808684241     
   105.84000000000002       0.80616096598635045     
   105.92000000000000       0.80288341989863532     
   106.00000000000000       0.81502460547930311     
   106.08000000000001       0.79863500664540887     
   106.16000000000001       0.81429602909898879     
   106.24000000000001       0.80609105464200226     
   106.32000000000001       0.81003068231097608     
   106.40000000000002       0.80635441074513969     
   106.48000000000002       0.79797205263801352     
   106.56000000000000       0.80165927765057554     
   106.64000000000000       0.79515730392696871     
   106.72000000000000       0.80424092201930220     
   106.80000000000001       0.81396181484281227     
   106.88000000000001       0.80593021087843042     
   106.96000000000001       0.80002715783773037     
   107.04000000000002       0.78813420383374011     
   107.12000000000002       0.80764903527651133     
   107.20000000000000       0.79981778292330052     
   107.28000000000000       0.81267010698281061     
   107.36000000000000       0.81813705597186237     
   107.44000000000001       0.80141820702291644     
   107.52000000000001       0.78406639486560903     
   107.60000000000001       0.80022144180238486     
   107.68000000000002       0.82282772483546307     
   107.76000000000002       0.81212399072211627     
   107.84000000000000       0.80658570683498676     
   107.92000000000000       0.79561437793084877     
   108.00000000000000       0.79669924649700630     
   108.08000000000001       0.80712533511674989     
   108.16000000000001       0.82061775839355067     
   108.24000000000001       0.79345377743323242     
   108.32000000000002       0.79646168194809086     
   108.40000000000002       0.80538509264908953     
   108.48000000000000       0.81763013206403468     
   108.56000000000000       0.81697795553446195     
   108.64000000000000       0.79817646614917037     
   108.72000000000001       0.80283110772284350     
   108.80000000000001       0.78752855463966387     
   108.88000000000001       0.79970158514860157     
   108.96000000000002       0.78513074394515603     
   109.04000000000002       0.80472323888200603     
   109.12000000000000       0.80069872826016397     
   109.20000000000000       0.80020032404790575     
   109.28000000000000       0.80765968977100522     
   109.36000000000000       0.80434398805741969     
   109.44000000000001       0.79722521383988643     
   109.52000000000001       0.81229130876586175     
   109.60000000000001       0.80830799520402730     
   109.68000000000002       0.80226362020593567     
   109.76000000000002       0.79714425215446938     
   109.84000000000000       0.80814476016021186     
   109.92000000000000       0.80790081799197089     
   110.00000000000000       0.81744077552943473     
   110.08000000000001       0.81322775688372717     
   110.16000000000001       0.80812502787888774     
   110.24000000000001       0.79880134307588346     
   110.32000000000002       0.80551596927650992     
   110.40000000000002       0.80744575649405448     
   110.48000000000000       0.82537780596901433     
   110.56000000000000       0.79170097464596534     
   110.64000000000000       0.80529898879188100     
   110.72000000000001       0.80624276037744935     
   110.80000000000001       0.81330525309530388     
   110.88000000000001       0.80476585669288037     
   110.96000000000002       0.80620831026667927     
   111.04000000000002       0.81554377500811237     
   111.12000000000000       0.80430149030899789     
   111.20000000000000       0.80988050847663939     
   111.28000000000000       0.81581765361003489     
   111.36000000000001       0.80345501628534899     
   111.44000000000001       0.80553627904501812     
   111.52000000000001       0.80659613439148647     
   111.60000000000002       0.80612041190298700     
   111.68000000000002       0.79077805622029562     
   111.76000000000001       0.79815584105033699     
   111.84000000000000       0.81281877809307201     
   111.92000000000000       0.80675163851535037     
   112.00000000000001       0.81027553758468840     
   112.08000000000001       0.81667644776972648     
   112.16000000000001       0.80223192656465125     
   112.24000000000001       0.80879356657064061     
   112.32000000000002       0.80814478837356096     
   112.39999999999999       0.80290968881794456     
   112.48000000000000       0.81448990939613153     
   112.56000000000000       0.79972272555978485     
   112.64000000000000       0.80918502027934214     
   112.72000000000001       0.80602115580381195     
   112.80000000000001       0.80943085975641949     
   112.88000000000001       0.81491051138372916     
   112.96000000000002       0.80687491996387273     
   113.04000000000002       0.80173302084056097     
   113.12000000000000       0.79706194811919573     
   113.20000000000000       0.79890977663701945     
   113.28000000000000       0.80211573690990301     
   113.36000000000001       0.80478274105741165     
   113.44000000000001       0.79557188705342030     
   113.52000000000001       0.79927340868546148     
   113.60000000000002       0.79726353171307363     
   113.68000000000002       0.80648308692645221     
   113.76000000000001       0.80406961210212979     
   113.84000000000000       0.81168006891306155     
   113.92000000000000       0.80870211207019327     
   114.00000000000001       0.79872059602037004     
   114.08000000000001       0.80422376756736214     
   114.16000000000001       0.80139907158602064     
   114.24000000000002       0.81687971237124646     
   114.32000000000002       0.80468254277030882     
   114.40000000000001       0.80154080645749104     
   114.48000000000000       0.81587252518254771     
   114.56000000000000       0.81031114579779973     
   114.64000000000001       0.79955650092623709     
   114.72000000000001       0.82215876436155855     
   114.80000000000001       0.80927886775562929     
   114.88000000000001       0.80119864261242324     
   114.96000000000002       0.80489136483886559     
   115.04000000000001       0.80787607991789578     
   115.12000000000000       0.79935431996026451     
   115.20000000000000       0.80290169197687500     
   115.28000000000000       0.80270477352944103     
   115.36000000000001       0.81956954095248002     
   115.44000000000001       0.79779684658548289     
   115.52000000000001       0.81975515240170482     
   115.60000000000002       0.80417334313189226     
   115.67999999999999       0.80178828854708495     
   115.76000000000001       0.80541983487472790     
   115.84000000000000       0.80075688497266184     
   115.92000000000000       0.80039063966567792     
   116.00000000000001       0.81580345750941763     
   116.08000000000001       0.80662417194416880     
   116.16000000000001       0.80067090900206506     
   116.24000000000002       0.81062990658346312     
   116.32000000000002       0.80474889178665998     
   116.40000000000001       0.80671809726735633     
   116.48000000000000       0.80832702281201463     
   116.56000000000000       0.81378665341115464     
   116.64000000000001       0.80802921240301506     
   116.72000000000001       0.80582378862850146     
   116.80000000000001       0.80874226077790734     
   116.88000000000002       0.81835256004054258     
   116.96000000000002       0.79913639296152594     
   117.04000000000001       0.80350017415574981     
   117.12000000000000       0.80564754882834688     
   117.20000000000000       0.81019039676830706     
   117.28000000000002       0.79653886165008059     
   117.36000000000001       0.78983633863364688     
   117.44000000000001       0.79683142618500258     
   117.52000000000002       0.79458413880609657     
   117.60000000000002       0.79539068941197677     
   117.68000000000001       0.80303189063126390     
   117.76000000000001       0.79987972063137314     
   117.84000000000000       0.80009631903486667     
   117.92000000000000       0.81260245942713605     
   118.00000000000001       0.79774463858196665     
   118.08000000000001       0.80350798305806925     
   118.16000000000001       0.79779029269798141     
   118.24000000000002       0.80777568938209088     
   118.31999999999999       0.79194804669822338     
   118.40000000000001       0.80105838747793734     
   118.48000000000000       0.79035078475537113     
   118.56000000000000       0.80920554605024042     
   118.64000000000001       0.78860713011179573     
   118.72000000000001       0.80381672246158009     
   118.80000000000001       0.80346837858589915     
   118.88000000000002       0.80434853505744275     
   118.95999999999999       0.80501017070733993     
   119.04000000000001       0.80721499151106146     
   119.12000000000000       0.80374547464842327     
   119.20000000000000       0.80745438087955967     
   119.28000000000002       0.79912966833287069     
   119.36000000000001       0.81412353850316210     
   119.44000000000001       0.80726669889160252     
   119.52000000000002       0.80567114597755640     
   119.60000000000002       0.79830772431862607     
   119.68000000000001       0.80426119768252247     
   119.76000000000001       0.79754610743624821     
   119.84000000000000       0.78909442585803902     
   119.92000000000002       0.80812025889472339     
   120.00000000000001       0.80776600740587012     
   120.08000000000001       0.80772256415260668     
   120.16000000000003       0.81118515357638266     
   120.24000000000002       0.80899920391302316     
   120.32000000000001       0.81354128480848631     
   120.40000000000001       0.81819270852183035     
   120.48000000000000       0.80248604050358130     
   120.56000000000000       0.81320078094840587     
   120.64000000000001       0.81195264927354716     
   120.72000000000001       0.80627932787141743     
   120.80000000000001       0.80162758333159712     
   120.88000000000002       0.80508516139495478     
   120.95999999999999       0.79841192890346269     
   121.04000000000001       0.79790607097966415     
   121.12000000000000       0.81584405540620242     
   121.20000000000000       0.80913299143700113     
   121.28000000000002       0.80202892400204029     
   121.36000000000001       0.79110807512639791     
   121.44000000000001       0.80294696693220702     
   121.52000000000002       0.80745056919296421     
   121.59999999999999       0.80331430389090341     
   121.68000000000001       0.81668981000206553     
   121.76000000000001       0.80630574348134809     
   121.84000000000000       0.80790474895655606     
   121.92000000000002       0.80103285487532172     
   122.00000000000001       0.81239676053672893     
   122.08000000000001       0.82021594190233149     
   122.16000000000003       0.80722127766163410     
   122.23999999999999       0.80796190873331231     
   122.32000000000001       0.81659839093168285     
   122.40000000000001       0.80723690525647185     
   122.48000000000000       0.82131896634320800     
   122.56000000000002       0.81288079970047256     
   122.64000000000001       0.81182860697163162     
   122.72000000000001       0.79032682848889513     
   122.80000000000003       0.81008324623295314     
   122.88000000000000       0.80522800119507487     
   122.96000000000001       0.79801036831388394     
   123.04000000000001       0.80306243033207447     
   123.12000000000000       0.80746656842446862     
   123.20000000000002       0.80131273607845832     
   123.28000000000002       0.80794394128611546     
   123.36000000000001       0.82008937105377300     
   123.44000000000001       0.81790204975436187     
   123.52000000000002       0.81948044790396468     
   123.59999999999999       0.82324880556326463     
   123.68000000000001       0.82340680465674831     
   123.76000000000001       0.80088476950468557     
   123.84000000000000       0.81722871664913188     
   123.92000000000002       0.81312498884577566     
   124.00000000000001       0.81395814133120226     
   124.08000000000001       0.81711279106082424     
   124.16000000000003       0.80127247608857644     
   124.23999999999999       0.80541428077319788     
   124.32000000000001       0.80198980951008902     
   124.40000000000001       0.80775157745267079     
   124.48000000000000       0.80479056726541531     
   124.56000000000002       0.81152022217632747     
   124.64000000000001       0.81927611259842781     
   124.72000000000001       0.81053057138342044     
   124.80000000000003       0.80058582039562620     
   124.88000000000000       0.81081353855792737     
   124.96000000000001       0.81297834944318803     
   125.04000000000001       0.81160835554407273     
   125.12000000000000       0.80691017419267175     
   125.20000000000002       0.79865526901228634     
   125.28000000000002       0.80101943784565033     
   125.36000000000001       0.81463960836483373     
   125.44000000000003       0.80757702358739913     
   125.52000000000000       0.79934072617409369     
   125.60000000000001       0.79950630437264958     
   125.68000000000001       0.79908770462486989     
   125.76000000000001       0.80988506691252482     
   125.84000000000002       0.80159570481087283     
   125.92000000000002       0.80692894133204696     
   126.00000000000001       0.81086408658918363     
   126.08000000000001       0.79621998468642996     
   126.16000000000000       0.81213443058764889     
   126.24000000000001       0.80233981077215810     
   126.32000000000001       0.79231199969741428     
   126.40000000000001       0.80835000043148664     
   126.48000000000000       0.80947637243678783     
   126.56000000000002       0.80179607587460600     
   126.64000000000001       0.79698395638549269     
   126.72000000000001       0.80297157130572849     
   126.80000000000003       0.81355961095231777     
   126.88000000000000       0.81708458423499208     
   126.96000000000001       0.80346539388732940     
   127.04000000000001       0.82030197803613703     
   127.12000000000000       0.80984721978290963     
   127.20000000000002       0.80428048998827961     
   127.28000000000002       0.81111959383710763     
   127.36000000000001       0.80364378175205764     
   127.44000000000003       0.81041082915940399     
   127.52000000000000       0.79095282117376298     
   127.60000000000001       0.79284355788358019     
   127.68000000000001       0.81187897759865379     
   127.76000000000001       0.82008967585296011     
   127.84000000000002       0.80100760497829582     
   127.92000000000002       0.78899970191834623     
   128.00000000000003       0.80837562646913841     
   128.08000000000001       0.80763510244624059     
   128.16000000000000       0.81055150240938023     
   128.24000000000001       0.79617983369774703     
   128.31999999999999       0.80175748387348300     
   128.40000000000001       0.80086259152177230     
   128.48000000000002       0.80510955683815233     
   128.56000000000000       0.79911179137408095     
   128.64000000000001       0.81639201537465866     
   128.72000000000003       0.79650065442320084     
   128.80000000000001       0.81018229210753578     
   128.88000000000000       0.79813343285780680     
   128.96000000000001       0.80896269836695078     
   129.04000000000002       0.79597560407278123     
   129.12000000000000       0.80120273243374363     
   129.20000000000002       0.80229380909157821     
   129.28000000000003       0.80222017570835180     
   129.36000000000001       0.80151355897912635     
   129.44000000000000       0.79204568362432359     
   129.52000000000001       0.81257647116282061     
   129.59999999999999       0.80013218591537638     
   129.68000000000001       0.79875010343896058     
   129.76000000000002       0.80418925364587834     
   129.84000000000000       0.79625103254870666     
   129.92000000000002       0.77955948810142917     
   130.00000000000003       0.79227307292223192     
   130.08000000000001       0.80325352683102536     
   130.16000000000000       0.79603443387543671     
   130.24000000000001       0.80738576604394552     
   130.32000000000002       0.79949498786807349     
   130.40000000000001       0.80270739635000077     
   130.48000000000002       0.79576333060243598     
   130.56000000000000       0.80339210201784894     
   130.64000000000001       0.80725889812214313     
   130.72000000000003       0.80075776084365702     
   130.80000000000001       0.81573817580610852     
   130.88000000000000       0.79130320208968075     
   130.96000000000001       0.81194326161844788     
   131.04000000000002       0.79707821203179485     
   131.12000000000000       0.79030300803571285     
   131.20000000000002       0.80627365698291875     
   131.28000000000003       0.79442831011113790     
   131.36000000000001       0.79135146098648634     
   131.44000000000000       0.80354352874003165     
   131.52000000000001       0.79586259736478893     
   131.59999999999999       0.80204450736858313     
   131.68000000000001       0.79095066421868720     
   131.76000000000002       0.80297432093161603     
   131.84000000000000       0.81210662186804816     
   131.92000000000002       0.79654197911132230     
   132.00000000000003       0.79765300620462143     
   132.08000000000001       0.80946932692463403     
   132.16000000000000       0.80022408528297639     
   132.24000000000001       0.80188554643601040     
   132.32000000000002       0.81646399837579953     
   132.40000000000001       0.79696224841124808     
   132.48000000000002       0.81516197293892878     
   132.56000000000003       0.79225001239829673     
   132.64000000000001       0.78825763695886231     
   132.72000000000000       0.78850990240777741     
   132.80000000000001       0.80710333887674401     
   132.88000000000000       0.80387382090135739     
   132.96000000000001       0.80244600145239509     
   133.04000000000002       0.80210534370047570     
   133.12000000000000       0.79777238364955860     
   133.20000000000002       0.80865732685451952     
   133.28000000000003       0.79423341843643158     
   133.36000000000001       0.79726117814576070     
   133.44000000000000       0.81300863891437003     
   133.52000000000001       0.80069639889536648     
   133.59999999999999       0.79635261881877317     
   133.68000000000001       0.80438457516213036     
   133.76000000000002       0.80078015961027560     
   133.84000000000000       0.81332518854550973     
   133.92000000000002       0.81429994668737604     
   134.00000000000003       0.80026904663841725     
   134.08000000000001       0.80223585014671461     
   134.16000000000000       0.80049589695132117     
   134.24000000000001       0.79941382088045398     
   134.32000000000002       0.79835367295097637     
   134.40000000000001       0.81988586370673933     
   134.48000000000002       0.79462272011237611     
   134.56000000000003       0.80385393468454081     
   134.64000000000001       0.79905444868667952     
   134.72000000000000       0.80573775525799274     
   134.80000000000001       0.80149855201271381     
   134.88000000000000       0.79559553860862853     
   134.96000000000001       0.81196479165763669     
   135.04000000000002       0.78620986355986988     
   135.12000000000000       0.79910689969890769     
   135.20000000000002       0.81445250228541843     
   135.28000000000003       0.82097523741016398     
   135.36000000000001       0.81952244905830052     
   135.44000000000000       0.79551027202564351     
   135.52000000000001       0.82038773740566817     
   135.60000000000002       0.79377367275045785     
   135.68000000000001       0.79459286711763466     
   135.76000000000002       0.81076140150502429     
   135.84000000000003       0.81780765660486610     
   135.92000000000002       0.81345435836928337     
   136.00000000000000       0.79836984571418179     
   136.08000000000001       0.79516587636022074     
   136.16000000000000       0.78901241144041756     
   136.24000000000001       0.81468046559215179     
   136.32000000000002       0.80706443453649490     
   136.40000000000001       0.79822941124350333     
   136.48000000000002       0.79894939602305604     
   136.56000000000003       0.81005379201119421     
   136.64000000000001       0.80339470003870928     
   136.72000000000000       0.80965806955336905     
   136.80000000000001       0.81063283355787186     
   136.88000000000000       0.80261655012980448     
   136.96000000000001       0.80406264125684368     
   137.04000000000002       0.80952061213491588     
   137.12000000000000       0.79769541910473674     
   137.20000000000002       0.79651334609409929     
   137.28000000000003       0.81151153008605992     
   137.36000000000001       0.80652780254526135     
   137.44000000000000       0.81507351491932423     
   137.52000000000001       0.80798857276181602     
   137.60000000000002       0.79134551349751037     
   137.68000000000001       0.79925743240756042     
   137.76000000000002       0.79167930305272516     
   137.84000000000003       0.80569914400888065     
   137.92000000000002       0.80901450198530223     
   138.00000000000000       0.81449042208065170     
   138.08000000000001       0.78521731145149520     
   138.16000000000000       0.80763702106542401     
   138.24000000000001       0.80250875854846915     
   138.32000000000002       0.78900432157557610     
   138.40000000000001       0.81019886655326612     
   138.48000000000002       0.80377406989765676     
   138.56000000000003       0.82235091939445137     
   138.64000000000001       0.80343292811130951     
   138.72000000000000       0.79854981116207369     
   138.80000000000001       0.80850082576558946     
   138.88000000000002       0.80770712675609124     
   138.96000000000001       0.80806201637722674     
   139.04000000000002       0.78715548173924632     
   139.12000000000000       0.82339460904413753     
   139.20000000000002       0.80263919070184997     
   139.28000000000000       0.81287284415740091     
   139.36000000000001       0.80563061071257891     
   139.44000000000000       0.78909834024132453     
   139.52000000000001       0.80260496030132489     
   139.60000000000002       0.79915588573729146     
   139.68000000000001       0.79869156095596328     
   139.76000000000002       0.79859482317255348     
   139.84000000000003       0.79936774939471122     
   139.91999999999999       0.79989081710298138     
   140.00000000000000       0.80081015696469382     
   140.08000000000001       0.80408368434435229     
   140.16000000000000       0.80500082724058719     
   140.24000000000001       0.79509037003618965     
   140.32000000000002       0.80357647480248362     
   140.40000000000001       0.80044424500883660     
   140.48000000000002       0.80374863338331082     
   140.56000000000003       0.81474441908831896     
   140.64000000000001       0.78744458058784117     
   140.72000000000000       0.79508367033422067     
   140.80000000000001       0.81413935652398628     
   140.88000000000002       0.80402780653057304     
   140.96000000000001       0.79977415838265198     
   141.04000000000002       0.80253524856218594     
   141.12000000000003       0.80262621213127183     
   141.20000000000002       0.79403348839344889     
   141.28000000000000       0.80324900247242137     
   141.36000000000001       0.81359745674406581     
   141.44000000000000       0.81016186528794587     
   141.52000000000001       0.80558854646772993     
   141.60000000000002       0.80052222193753464     
   141.68000000000001       0.80985943589096809     
   141.76000000000002       0.79734866825174600     
   141.84000000000003       0.80867344377345529     
   141.92000000000002       0.79505750963299782     
   142.00000000000000       0.81331397770680747     
   142.08000000000001       0.80524250638660466     
   142.16000000000000       0.80370519405398866     
   142.24000000000001       0.79492088616487033     
   142.32000000000002       0.80622830113749078     
   142.40000000000001       0.79649810220541328     
   142.48000000000002       0.79291786982805579     
   142.56000000000000       0.79425593720586296     
   142.64000000000001       0.79933369186392589     
   142.72000000000000       0.81170997220563290     
   142.80000000000001       0.79906782126562315     
   142.88000000000002       0.78101758904393537     
   142.96000000000001       0.81391674352168875     
   143.04000000000002       0.79710310754783364     
   143.12000000000003       0.80027811594166265     
   143.19999999999999       0.79005908163540750     
   143.28000000000000       0.78629741943311171     
   143.36000000000001       0.80933007383721212     
   143.44000000000000       0.78717378503097113     
   143.52000000000001       0.80367660076498437     
   143.60000000000002       0.80492247026891839     
   143.68000000000001       0.79934242172373005     
   143.76000000000002       0.79752421096539561     
   143.84000000000003       0.80876980140580124     
   143.92000000000002       0.79645749326280113     
   144.00000000000000       0.79435922658771674     
   144.08000000000001       0.78973553609524971     
   144.16000000000003       0.79834505901174724     
   144.24000000000001       0.79554556427410084     
   144.32000000000002       0.80851852837231031     
   144.40000000000003       0.80805050153796931     
   144.48000000000002       0.79878060295549580     
   144.56000000000000       0.81131151823816416     
   144.64000000000001       0.80363939589029687     
   144.72000000000000       0.80708660026138446     
   144.80000000000001       0.79320483360035221     
   144.88000000000002       0.80813561185722771     
   144.96000000000001       0.80512733033049355     
   145.04000000000002       0.80779949008877105     
   145.12000000000003       0.81313184750760537     
   145.19999999999999       0.79526952996088063     
   145.28000000000000       0.80715540638969252     
   145.36000000000001       0.80202520534750976     
   145.44000000000000       0.80363728315748251     
   145.52000000000001       0.79266348067377490     
   145.60000000000002       0.79474672749861852     
   145.68000000000001       0.80763632727466461     
   145.76000000000002       0.80301767336966590     
   145.84000000000000       0.78013821852965659     
   145.92000000000002       0.80220602216428660     
   146.00000000000000       0.81813503415622124     
   146.08000000000001       0.80574961308685455     
   146.16000000000003       0.80414781989027762     
   146.24000000000001       0.80003216880920025     
   146.32000000000002       0.81164399046659530     
   146.40000000000003       0.79928117064364035     
   146.47999999999999       0.81067482551696590     
   146.56000000000000       0.79647443572817134     
   146.64000000000001       0.79683258986117655     
   146.72000000000000       0.80466881187980821     
   146.80000000000001       0.80617165065214291     
   146.88000000000002       0.79084153977973681     
   146.96000000000001       0.80588194433191951     
   147.04000000000002       0.80078122370202831     
   147.12000000000003       0.79137500706249531     
   147.20000000000002       0.79149730886845138     
   147.28000000000000       0.80930789543809389     
   147.36000000000001       0.80449489344659375     
   147.44000000000003       0.81788035955667471     
   147.52000000000001       0.80879223368319098     
   147.60000000000002       0.80801641071561647     
   147.68000000000001       0.80168424624008683     
   147.76000000000002       0.79458112131788117     
   147.84000000000000       0.79985442792079342     
   147.92000000000002       0.80264769194477681     
   148.00000000000000       0.80296703902960709     
   148.08000000000001       0.80150330122369251     
   148.16000000000003       0.79556653158301804     
   148.24000000000001       0.80103263853536133     
   148.32000000000002       0.78322192662758117     
   148.40000000000003       0.78887417187994757     
   148.47999999999999       0.78628506444557988     
   148.56000000000000       0.77735194102218830     
   148.64000000000001       0.79251203987085050     
   148.72000000000000       0.80569490706704505     
   148.80000000000001       0.79173387886509372     
   148.88000000000002       0.79805644192554159     
   148.96000000000001       0.80697883317704455     
   149.04000000000002       0.80805606817560927     
   149.12000000000000       0.80037953100058723     
   149.20000000000002       0.80271746171986236     
   149.28000000000000       0.80274110403647769     
   149.36000000000001       0.79495449480623526     
   149.44000000000003       0.79207915748034541     
   149.52000000000001       0.81117094175517790     
   149.60000000000002       0.80224762201285071     
   149.68000000000004       0.80440194019408284     
   149.75999999999999       0.80150385120730494     
   149.84000000000000       0.79772521646938888     
   149.92000000000002       0.80909723603029537     
