   0.0000000000000000        1.0000000000000107     
   7.0000000000000001E-003  0.99708025439693215     
   1.4000000000000000E-002  0.98922181899652162     
   2.0999999999999998E-002  0.97838506242490464     
   2.8000000000000001E-002  0.96762343654941707     
   3.5000000000000003E-002  0.95940104610434929     
   4.1999999999999996E-002  0.95592220755310930     
   4.9000000000000002E-002  0.95777598003945941     
   5.6000000000000001E-002  0.96435371572663353     
   6.3000000000000000E-002  0.97275357890825642     
   7.0000000000000007E-002  0.97865600661006114     
   7.6999999999999999E-002  0.96819647149046228     
   8.3999999999999991E-002  0.87985963726917293     
   9.1000000000000011E-002  0.72866536341886134     
   9.8000000000000004E-002  0.50744021974023201     
  0.10500000000000001       0.25070248801498146     
  0.11200000000000000       0.10299415093057761     
  0.11899999999999999        3.4180164200030817E-002
  0.12600000000000000       -9.5583267627433934E-003
  0.13300000000000001        3.0591939490094903E-003
  0.14000000000000001       -4.4328961987798447E-002
  0.14700000000000002       -1.1880274016549053E-002
  0.15400000000000000        4.0605322774314853E-003
  0.16100000000000000        1.9379255188706958E-004
  0.16799999999999998       -1.7231551344200725E-002
  0.17500000000000002        1.3505871596248848E-003
  0.18200000000000002       -2.8671994984576015E-003
  0.18900000000000000       -4.4179576961654615E-002
  0.19600000000000001        2.3878758860263197E-002
  0.20299999999999999        3.3253143370317539E-002
  0.21000000000000002        2.6458005784201242E-002
  0.21700000000000003       -1.5555289962468754E-002
  0.22400000000000000       -1.1228008137979081E-002
  0.23100000000000001        4.2638645143229438E-002
  0.23799999999999999        3.4943226852928153E-002
  0.24500000000000002        2.7966515650390329E-002
  0.25200000000000000       -4.4308883299094695E-003
  0.25900000000000001        3.6396765642017499E-002
  0.26600000000000001       -1.0791137445544087E-002
  0.27300000000000002        1.6261720697964915E-002
  0.28000000000000003       -1.7643460014703769E-002
  0.28700000000000003        8.5868560564309349E-003
  0.29400000000000004        3.4400068188620084E-002
  0.30099999999999999        6.0357275833177919E-003
  0.30800000000000000        2.6665707555114972E-002
  0.31500000000000000        3.7686026657743850E-002
  0.32200000000000001       -2.4107948663928572E-003
  0.32900000000000001        4.1217335051084034E-002
  0.33599999999999997        5.8364088710550550E-002
  0.34300000000000003       -3.3055195063473139E-002
  0.35000000000000003       -2.8129003686569617E-002
  0.35700000000000004       -3.7755961862779588E-002
  0.36400000000000005        2.1936752603941644E-002
  0.37100000000000000       -1.5054571667429737E-002
  0.37800000000000000        5.6067307021416685E-002
  0.38500000000000001        2.6706557372698442E-003
  0.39200000000000002        2.1670236356060458E-002
  0.39900000000000002        4.2949714332998316E-002
  0.40599999999999997       -3.2237308695453270E-004
  0.41300000000000003       -7.1024120701421722E-003
  0.42000000000000004        5.0273135463669710E-003
  0.42700000000000005       -5.9834733532969633E-003
  0.43400000000000005       -8.7796471637898617E-003
  0.44100000000000000        1.5596725437752471E-003
  0.44800000000000001       -7.9987913976540294E-003
  0.45500000000000002       -1.3351481935273022E-002
  0.46200000000000002        1.3935172747448031E-002
  0.46900000000000003        1.6485910569797292E-002
  0.47599999999999998       -2.0431711161852443E-002
  0.48299999999999998       -1.5694261041743065E-002
  0.49000000000000005        4.0180276423133023E-002
  0.49700000000000005       -9.3258564454868416E-004
  0.50400000000000000       -1.6277833655937178E-002
  0.51100000000000001        1.0366771292458360E-002
  0.51800000000000002        1.9873788671664273E-002
  0.52500000000000002        6.4109657990441354E-002
  0.53200000000000003        6.6844631625928661E-003
  0.53900000000000003        2.3214845407090720E-002
  0.54600000000000004        3.9943024791361699E-003
  0.55300000000000005        2.9761849621966849E-002
  0.56000000000000005        1.4646185581616523E-002
  0.56700000000000006       -4.6073810574760468E-002
  0.57400000000000007        1.4595824817002383E-002
  0.58100000000000007       -2.1504487108731034E-002
  0.58800000000000008       -1.6952683348605061E-003
  0.59500000000000008        1.2477822223241647E-003
  0.60199999999999998       -3.2922463404834340E-003
  0.60899999999999999        1.0895380792474591E-002
  0.61599999999999999        5.6741756633834017E-002
  0.62300000000000000        6.8235103949326317E-002
  0.63000000000000000       -2.0392114175774252E-002
  0.63700000000000001        1.6722800574987273E-002
  0.64400000000000002       -4.8917246512943536E-003
  0.65100000000000002        3.8377450141167592E-002
  0.65800000000000003       -9.8470895186299999E-003
  0.66499999999999992        3.2161413075690093E-002
  0.67199999999999993       -3.4105664362811226E-003
  0.67900000000000005       -1.8273789797440730E-002
  0.68600000000000005       -4.1992949948966976E-002
  0.69300000000000006        3.0239778127109707E-003
  0.70000000000000007        5.6170283499863097E-002
  0.70700000000000007       -1.7796370122143104E-002
  0.71400000000000008       -1.1885752526715517E-003
  0.72100000000000009        1.2434739678770909E-002
  0.72800000000000009       -2.2633207559278688E-002
  0.73500000000000010       -1.8720757384568184E-002
  0.74199999999999999       -5.3078836928960984E-003
  0.74900000000000000        1.9057755788503862E-002
  0.75600000000000001        3.6903297534241201E-002
  0.76300000000000001       -4.6019791725002236E-002
  0.77000000000000002        3.6297353000570132E-002
  0.77700000000000002       -1.2875605006332815E-003
  0.78400000000000003        3.4322624396704135E-003
  0.79100000000000004        3.0226357225271238E-002
  0.79800000000000004       -1.1205928996006694E-002
  0.80499999999999994        1.3183858518918059E-002
  0.81199999999999994        3.0479496733576802E-002
  0.81899999999999995       -8.3746971249136579E-003
  0.82600000000000007        1.3434313640432223E-002
  0.83300000000000007       -4.0969441436410473E-002
  0.84000000000000008       -1.1574397821817850E-002
  0.84700000000000009        4.3092210868389796E-002
  0.85400000000000009       -3.9404338543651213E-003
  0.86100000000000010        5.4441648538635895E-002
  0.86800000000000010       -4.5442945057239314E-003
  0.87500000000000011       -1.2904527283296999E-002
  0.88200000000000001        4.2905888058270922E-003
  0.88900000000000001        2.3028893078432092E-002
  0.89600000000000002       -4.0715242502108326E-002
  0.90300000000000002        2.8669151655519427E-002
  0.91000000000000003       -1.1758841138659264E-002
  0.91700000000000004        3.9420914929726387E-002
  0.92400000000000004        1.0491868678115619E-002
  0.93100000000000005        2.5353949895084008E-003
  0.93800000000000006        1.0800820133535069E-002
  0.94499999999999995        8.6714258453239063E-003
  0.95199999999999996       -3.1928733897143527E-002
  0.95899999999999996        1.5731732245153673E-002
  0.96599999999999997        3.1893975478552328E-002
  0.97300000000000009       -1.1643888965615997E-002
  0.98000000000000009        2.8728920927783543E-002
  0.98700000000000010        2.3390247740101965E-003
  0.99400000000000011        2.4211462079059770E-003
   1.0010000000000001        1.5865640276154783E-002
   1.0080000000000000        3.2243421389750594E-002
   1.0150000000000001        3.2607743132335790E-003
   1.0220000000000000        2.7909590398752820E-002
   1.0290000000000001        8.1528954705609065E-003
   1.0360000000000000        9.0249684758586773E-002
   1.0430000000000001        4.5167809596619320E-002
   1.0500000000000000       -1.2116652077039148E-002
   1.0569999999999999       -1.8314936097446194E-002
   1.0640000000000001       -5.0313813752053292E-003
   1.0710000000000000        8.7722326978552801E-003
   1.0780000000000001       -4.0182110625098860E-003
   1.0850000000000000        1.6969346784103641E-003
   1.0920000000000001        4.4189539507884018E-003
   1.0990000000000000       -8.4402346538266573E-003
   1.1060000000000001        8.4758285318643507E-003
   1.1130000000000000        6.3667249744449065E-003
   1.1200000000000001        1.8340554004456052E-002
   1.1270000000000000       -1.0864928996133645E-002
   1.1340000000000001        5.2043166146946943E-002
   1.1410000000000000       -1.0124498309860577E-002
   1.1480000000000001        2.2630875226246225E-002
   1.1550000000000000       -1.8301744022755858E-002
   1.1620000000000001       -3.8927341616873254E-004
   1.1690000000000000        7.1237235279525496E-002
   1.1760000000000002       -3.6483624137355057E-002
   1.1830000000000001       -1.2159925154405648E-004
   1.1900000000000002       -2.8587075103619276E-002
   1.1970000000000001       -9.2573273991874306E-003
   1.2040000000000000       -3.0383048318942834E-003
   1.2110000000000001        1.2136393648150544E-002
   1.2180000000000000       -8.0973609139490931E-003
   1.2250000000000001       -1.2295446950931217E-002
   1.2320000000000000        3.3466952727106501E-002
   1.2390000000000001       -3.4057342886136349E-002
   1.2460000000000000        1.0530716480679077E-002
   1.2530000000000001        5.0263204498182820E-002
   1.2600000000000000        7.7314865940281870E-003
   1.2669999999999999       -5.4785531549189414E-005
   1.2740000000000000       -3.2828483303042388E-002
   1.2809999999999999       -2.0197429555629698E-002
   1.2880000000000000        3.6260864430832727E-002
   1.2949999999999999       -1.7754137518840411E-002
   1.3020000000000000       -2.8844000556997117E-002
   1.3089999999999999       -5.1055067593879296E-002
   1.3160000000000001        3.1376459944885145E-002
   1.3230000000000000       -6.1247362788062780E-003
   1.3299999999999998       -3.7266077258814576E-003
   1.3370000000000000       -2.9783642944634883E-002
   1.3439999999999999        5.9205358130885455E-002
   1.3510000000000002        2.6504291981031592E-002
   1.3580000000000001       -2.6718544339161029E-002
   1.3650000000000002       -1.7503920049756289E-002
   1.3720000000000001        1.4989894196975513E-003
   1.3790000000000002        1.3006335347597308E-002
   1.3860000000000001        2.5385388311597503E-002
   1.3930000000000002        1.0595858916845462E-002
   1.4000000000000001       -2.5074549415415870E-003
   1.4070000000000000        3.5710352343998636E-002
   1.4140000000000001        1.6064383249057939E-002
   1.4210000000000000       -1.8393755167587646E-002
   1.4280000000000002       -7.7335615480537891E-004
   1.4350000000000001        2.9599667380688095E-002
   1.4420000000000002        3.3744722819974838E-003
   1.4490000000000001       -5.2105442605544410E-003
   1.4560000000000002        1.5403999589175989E-002
   1.4630000000000001        1.6792964166885374E-002
   1.4700000000000002        4.4733572030680305E-002
   1.4770000000000001        2.4254933080266959E-002
   1.4840000000000000        1.3482952231721740E-002
   1.4910000000000001        3.8737236868975752E-003
   1.4980000000000000       -3.1818869239988376E-002
   1.5050000000000001        5.1219880184452074E-002
   1.5120000000000000        1.3769963394309786E-002
   1.5190000000000001        4.3408083446100552E-002
   1.5260000000000000        3.5158239200305391E-002
   1.5330000000000001        1.0462597069042397E-002
   1.5400000000000000        9.1921928618246881E-003
   1.5469999999999999        7.9487738501540853E-003
   1.5540000000000000       -1.9755423635479795E-002
   1.5609999999999999       -1.1748543767110582E-002
   1.5680000000000001       -1.6849619588152041E-002
   1.5750000000000000       -4.8676340648269194E-002
   1.5820000000000001       -1.8244027811415688E-002
   1.5890000000000000       -1.3113299661222733E-002
   1.5960000000000001        1.3892036766667705E-002
   1.6030000000000000       -1.1892322391529497E-002
   1.6099999999999999        6.1131952550747826E-002
   1.6170000000000000        6.1543627889257997E-002
   1.6239999999999999        9.6201317170925191E-004
   1.6310000000000000        3.0387348291699770E-002
   1.6379999999999999        4.7312407656371507E-002
   1.6450000000000002       -4.1128147000959348E-002
   1.6520000000000001       -6.0596703427250098E-002
   1.6590000000000003       -1.5228571170108864E-002
   1.6660000000000001        2.4284371900400118E-003
   1.6730000000000003       -5.2701766404979103E-002
   1.6800000000000002        1.8392571459725695E-002
   1.6870000000000001        2.9487721398472475E-002
   1.6940000000000002       -3.7804235595411413E-002
   1.7010000000000001       -2.0951795183501758E-002
   1.7080000000000002       -3.9961837254676230E-003
   1.7150000000000001       -3.8682271942372212E-002
   1.7220000000000002        2.8128250108623364E-002
   1.7290000000000001        3.2471993444724932E-003
   1.7360000000000002        5.2907152638923489E-002
   1.7430000000000001       -1.2624787174182323E-002
   1.7500000000000002        1.5374717888526231E-002
   1.7570000000000001       -4.2230391112673031E-003
   1.7640000000000000        7.1656199386572299E-003
   1.7710000000000001        1.8474569763855340E-002
   1.7780000000000000        3.6188031004943312E-002
   1.7850000000000001       -9.2918927234030019E-003
   1.7920000000000000       -4.7158087654340514E-002
   1.7990000000000002       -1.0057644150469268E-002
   1.8060000000000000        2.3940119963138620E-002
   1.8130000000000002       -1.7604519990842924E-002
   1.8200000000000001        2.0549883425312360E-002
   1.8270000000000000       -3.2412510944607037E-002
   1.8340000000000001       -1.7795673273140057E-002
   1.8410000000000000        1.1314982579110743E-004
   1.8480000000000001        2.7105942364980779E-002
   1.8550000000000000        3.4850129838758764E-002
   1.8620000000000001       -2.5990175357979220E-002
   1.8690000000000000       -1.5296969239298169E-002
   1.8760000000000001       -4.0158989921808405E-003
   1.8830000000000000       -4.3305055708076357E-002
   1.8899999999999999        6.8512596598193790E-003
   1.8970000000000000        2.6203863339950714E-002
   1.9039999999999999       -2.0440251887031507E-002
   1.9110000000000000       -8.7942109692188079E-003
   1.9179999999999999        2.6136693647102097E-002
   1.9250000000000000       -4.6984536090597252E-002
   1.9319999999999999        2.1900485958058057E-003
   1.9390000000000001       -6.0151273442423337E-003
   1.9460000000000002       -1.9336072333063885E-002
   1.9530000000000003       -1.9580087940447809E-002
   1.9600000000000002        1.1127843797950554E-004
   1.9670000000000003       -1.0449434984583252E-002
   1.9740000000000002       -2.5538930406353060E-002
   1.9810000000000001       -5.8132407186442844E-002
   1.9880000000000002       -1.7990375838226113E-002
