   0.0000000000000000       0.99999999999999467     
   5.0000000000000003E-002  0.98346046207261784     
  0.10000000000000001       0.99913503622392486     
  0.14999999999999999       0.99998245594536472     
  0.20000000000000001       0.99747757813445248     
  0.25000000000000006       0.99308259568259316     
  0.29999999999999999       0.98656583636435224     
  0.35000000000000003       0.97402357017868191     
  0.40000000000000002       0.98944131356338416     
  0.45000000000000007       0.99603225100352510     
  0.50000000000000011       0.98415879468477219     
  0.55000000000000004       0.98028380952043614     
  0.59999999999999998       0.97240100228115001     
  0.65000000000000002       0.98479614449849118     
  0.70000000000000007       0.96407337805042148     
  0.75000000000000011       0.85443954049635862     
  0.80000000000000004       0.93078877391928605     
  0.84999999999999998       0.90319325611093815     
  0.90000000000000013       0.84697482498291743     
  0.95000000000000007       0.92065917909830863     
   1.0000000000000002       0.95204984100614498     
   1.0500000000000000       0.86285010836945752     
   1.1000000000000001       0.94822980072947138     
   1.1500000000000001       0.96301325701683205     
   1.2000000000000000       0.96398457133767990     
   1.2500000000000002       0.75219687773807753     
   1.3000000000000000       0.94690989951192706     
   1.3500000000000001       0.96871476432735104     
   1.4000000000000001       0.96359446802126258     
   1.4500000000000000       0.96598216396524439     
   1.5000000000000002       0.95973823443304107     
   1.5500000000000003       0.94626466937030906     
   1.6000000000000001       0.96197109997376351     
   1.6500000000000001       0.94572659307478879     
   1.7000000000000000       0.89741643051277720     
   1.7500000000000002       0.94580688861986584     
   1.8000000000000003       0.95455346068856917     
   1.8500000000000001       0.94071872169817128     
   1.9000000000000001       0.95430383250999917     
   1.9500000000000002       0.96601156234039176     
   2.0000000000000004       0.95577647837973401     
   2.0500000000000003       0.95472131279532080     
   2.1000000000000001       0.92465959594927305     
   2.1500000000000004       0.96033571000512385     
   2.2000000000000002       0.95829894993939202     
   2.2500000000000000       0.96270109314257801     
   2.3000000000000003       0.96619791269737521     
   2.3500000000000001       0.93779434615954227     
   2.3999999999999999       0.96442917193041600     
   2.4500000000000002       0.95904532021571187     
   2.5000000000000004       0.94272090259911656     
   2.5500000000000003       0.94908642958302081     
   2.6000000000000001       0.93938332204919017     
   2.6500000000000004       0.94714707409112464     
   2.7000000000000002       0.94954020000680039     
   2.7500000000000000       0.92927747057310717     
   2.8000000000000003       0.94831061229336033     
   2.8500000000000001       0.92297002160094288     
   2.8999999999999999       0.94418713936562171     
   2.9500000000000006       0.94691228238631131     
   3.0000000000000004       0.91537335792119168     
   3.0500000000000003       0.93929954536026594     
   3.1000000000000005       0.87386212946961639     
   3.1500000000000004       0.92453525060333097     
   3.2000000000000002       0.93394418811504121     
   3.2500000000000004       0.92034185125709855     
   3.3000000000000003       0.93410881179088545     
   3.3500000000000001       0.85574851030537746     
   3.3999999999999999       0.93426557260311105     
   3.4500000000000002       0.91668487735144843     
   3.5000000000000004       0.88492834112695073     
   3.5500000000000003       0.94378741741435090     
   3.6000000000000005       0.94575917658674558     
   3.6500000000000004       0.92252221296169645     
   3.7000000000000002       0.95731260051279354     
   3.7500000000000004       0.93670617893591046     
   3.8000000000000003       0.95470465825891759     
   3.8500000000000001       0.96266635704016357     
   3.9000000000000004       0.95691170940682269     
   3.9500000000000002       0.96768695967094454     
   4.0000000000000009       0.96328363898337011     
   4.0500000000000007       0.95684441655177332     
   4.1000000000000005       0.94175861039254594     
   4.1500000000000004       0.95179112024806622     
   4.2000000000000002       0.95287559171986358     
   4.2500000000000000       0.96007352182062977     
   4.3000000000000007       0.93801076956299201     
   4.3500000000000005       0.94088183623819799     
   4.4000000000000004       0.93654742717911776     
   4.4500000000000002       0.95018941932812140     
   4.5000000000000000       0.95559896124982546     
   4.5499999999999998       0.94497011540234710     
   4.6000000000000005       0.95751633377005807     
   4.6500000000000004       0.90939190001671455     
   4.7000000000000002       0.96151982559813609     
   4.7500000000000000       0.95002784096455573     
   4.7999999999999998       0.87816774932568764     
   4.8500000000000005       0.96047639726816914     
   4.9000000000000004       0.92366036329508872     
   4.9500000000000011       0.93737994072332864     
   5.0000000000000009       0.95386233565035849     
   5.0500000000000007       0.91648753012263606     
   5.1000000000000005       0.94174369518535639     
   5.1500000000000004       0.92603699550925567     
   5.2000000000000002       0.86707757996490475     
   5.2500000000000009       0.88874710781488042     
   5.3000000000000007       0.91516695920081748     
   5.3500000000000005       0.71214119450952174     
   5.4000000000000004       0.92139613861542180     
   5.4500000000000002       0.92494096735400588     
   5.5000000000000000       0.82067550829455560     
   5.5500000000000007       0.89645364735145616     
   5.6000000000000005       0.91179709890904537     
   5.6500000000000004       0.91218795656765972     
   5.7000000000000002       0.89645878190742956     
   5.7500000000000000       0.90008878681739224     
   5.7999999999999998       0.89858642187659643     
   5.8499999999999996       0.88164961984223533     
   5.9000000000000012       0.90713318444649560     
   5.9500000000000011       0.91543692962203638     
   6.0000000000000009       0.84323576736325323     
   6.0500000000000007       0.88828154434348827     
   6.1000000000000005       0.92715255438264421     
   6.1500000000000004       0.93137632495939848     
   6.2000000000000011       0.92947013723141103     
   6.2500000000000009       0.93861458328362712     
   6.3000000000000007       0.87570331352061836     
   6.3500000000000005       0.91024722116349133     
   6.4000000000000004       0.89515263853015481     
   6.4500000000000002       0.85345741362012206     
   6.5000000000000009       0.91455649166123054     
   6.5500000000000007       0.91045363553590541     
   6.6000000000000005       0.87950808553985493     
   6.6500000000000004       0.89225555286310898     
   6.7000000000000002       0.88547995111234912     
   6.7500000000000000       0.88331586535293216     
   6.7999999999999998       0.82444312737909498     
   6.8500000000000005       0.85107422506414121     
   6.9000000000000004       0.85538196473102068     
   6.9500000000000011       0.84113276627146794     
   7.0000000000000009       0.86197322628860107     
   7.0500000000000007       0.86518027383308327     
   7.1000000000000005       0.88980254280876714     
   7.1500000000000012       0.87700253288320296     
   7.2000000000000011       0.89977906407048180     
   7.2500000000000009       0.90091260030537990     
   7.3000000000000007       0.89586882027238857     
   7.3500000000000005       0.91010485047058887     
   7.4000000000000004       0.90298851914714984     
   7.4500000000000011       0.86462780529768557     
   7.5000000000000009       0.90168744546455903     
   7.5500000000000007       0.91806453048737646     
   7.6000000000000005       0.91351442464702559     
   7.6500000000000004       0.91300341078058911     
   7.7000000000000002       0.90550070763449408     
   7.7500000000000000       0.88419763403778640     
   7.8000000000000007       0.88837197341378893     
   7.8500000000000005       0.87617034415202055     
   7.9000000000000004       0.88642023822839766     
   7.9500000000000002       0.89871363448032870     
   8.0000000000000018       0.86944463442063036     
   8.0500000000000007       0.87819782987141770     
   8.1000000000000014       0.86840189373606858     
   8.1500000000000004       0.89086342546734232     
   8.2000000000000011       0.87895186120881230     
   8.2500000000000018       0.88264994846608658     
   8.3000000000000007       0.89676663599947437     
   8.3500000000000014       0.90304437072631205     
   8.4000000000000004       0.90222805379311100     
   8.4500000000000011       0.88821597676111741     
   8.5000000000000000       0.87440424024020480     
   8.5500000000000007       0.88965412372149311     
   8.6000000000000014       0.87246076076029144     
   8.6500000000000004       0.87593417104659788     
   8.7000000000000011       0.87405913692951520     
   8.7500000000000000       0.86573746108429328     
   8.8000000000000007       0.85973702328938761     
   8.8499999999999996       0.85106835342197862     
   8.9000000000000004       0.85115916556082194     
   8.9500000000000011       0.84511512150550105     
   9.0000000000000000       0.84094687277117375     
   9.0500000000000007       0.83972787258195813     
   9.0999999999999996       0.86060557717799091     
   9.1500000000000004       0.83800099324801958     
   9.2000000000000011       0.79449766815613432     
   9.2500000000000000       0.80663852959898374     
   9.3000000000000007       0.79358174575567642     
   9.3499999999999996       0.77848221176347310     
   9.4000000000000004       0.76460943321376296     
   9.4499999999999993       0.75193147499189739     
   9.5000000000000000       0.75777542955031485     
   9.5500000000000007       0.74893356901594399     
   9.5999999999999996       0.79123115300755753     
   9.6500000000000021       0.77448714956157583     
   9.7000000000000011       0.79701837762207284     
   9.7500000000000018       0.79314177826162480     
   9.8000000000000007       0.75801599535079955     
   9.8500000000000014       0.80188114366993024     
   9.9000000000000021       0.79359777045906865     
   9.9500000000000011       0.77338474572751059     
   10.000000000000002       0.78163532313625039     
   10.050000000000001       0.75562119168150521     
   10.100000000000001       0.75770485014879252     
   10.150000000000002       0.75862134521516400     
   10.200000000000001       0.74211704921560018     
   10.250000000000002       0.74425290429811519     
   10.300000000000001       0.76731894923507948     
   10.350000000000001       0.76657363812246671     
   10.400000000000000       0.78660691144498174     
   10.450000000000001       0.76144502039264561     
   10.500000000000002       0.77912351341931485     
   10.550000000000001       0.77463819059900874     
   10.600000000000001       0.78151242639647744     
   10.650000000000000       0.77700245200772089     
   10.700000000000001       0.78454307232197951     
   10.750000000000000       0.76507970871441577     
   10.800000000000001       0.78849264004820363     
   10.850000000000001       0.77863902177903210     
   10.900000000000000       0.78438775245053771     
   10.950000000000001       0.75096110663526017     
   11.000000000000000       0.79094336118850961     
   11.050000000000001       0.80012455656978154     
   11.100000000000001       0.80299126503301765     
   11.150000000000000       0.78671900963295638     
   11.200000000000001       0.79403281871298304     
   11.250000000000000       0.76448724140388635     
   11.300000000000001       0.77401567355185552     
   11.350000000000000       0.75395671903905925     
   11.400000000000000       0.75295996390969111     
   11.450000000000001       0.78055885314966322     
   11.500000000000000       0.78201301526409128     
   11.550000000000001       0.79219193264059129     
   11.600000000000000       0.79347303070902675     
   11.650000000000000       0.79089030435997021     
   11.699999999999999       0.80410969438256330     
   11.750000000000002       0.83464659566945043     
   11.800000000000002       0.77998684319435263     
   11.850000000000001       0.81653656187282375     
   11.900000000000002       0.84200771541752639     
   11.950000000000001       0.84112028179271414     
   12.000000000000002       0.85406144123772199     
   12.050000000000002       0.87382453275943983     
   12.100000000000001       0.81667553625300959     
   12.150000000000002       0.84035637418530329     
   12.200000000000001       0.79683314995996557     
   12.250000000000002       0.84696967865002348     
   12.300000000000001       0.85425734908357775     
   12.350000000000001       0.81375423914538247     
   12.400000000000002       0.81930873568123530     
   12.450000000000001       0.85704785832645447     
   12.500000000000002       0.85830126655924233     
   12.550000000000001       0.86173860908872479     
   12.600000000000001       0.83265134450403999     
   12.650000000000000       0.84605436452782201     
   12.700000000000001       0.83968570244312679     
   12.750000000000002       0.80678087486229633     
   12.800000000000001       0.80062677336212662     
   12.850000000000001       0.82826693286837461     
   12.900000000000000       0.81140672732630081     
   12.950000000000001       0.79990076599716875     
   13.000000000000002       0.80804838396640932     
   13.050000000000001       0.80970106294632105     
   13.100000000000001       0.80273815107364677     
   13.150000000000000       0.80327615213101400     
   13.200000000000001       0.81946325056632308     
   13.250000000000000       0.77942094437195553     
   13.300000000000001       0.77424687591015806     
   13.350000000000001       0.73001056554988886     
   13.400000000000000       0.76080735325298066     
   13.450000000000001       0.74816157743747702     
   13.500000000000000       0.80379031155844660     
   13.550000000000001       0.77142722963126953     
   13.600000000000000       0.73852544766243589     
   13.650000000000000       0.73460895813509353     
   13.700000000000001       0.72435959604530964     
   13.750000000000000       0.75629935528801573     
   13.800000000000001       0.75842546523790133     
   13.850000000000000       0.71039464508103656     
   13.900000000000002       0.75801269214703171     
   13.950000000000003       0.74994590223951940     
   14.000000000000002       0.70336125755396572     
   14.050000000000002       0.77196219949833067     
   14.100000000000001       0.78944296611355580     
   14.150000000000002       0.78993002392209144     
   14.200000000000001       0.79728195183353645     
   14.250000000000002       0.79541786359523470     
   14.300000000000002       0.79185209554716718     
   14.350000000000001       0.84098349030160957     
   14.400000000000002       0.83729404564771148     
   14.450000000000001       0.83167371990420036     
   14.500000000000002       0.82427522920243801     
   14.550000000000001       0.81463234809554219     
   14.600000000000001       0.82423122230326396     
   14.650000000000002       0.81769889776453275     
   14.700000000000001       0.82318509966742726     
   14.750000000000002       0.81333296618475348     
   14.800000000000001       0.81980967162182150     
   14.850000000000001       0.81664791489535338     
   14.900000000000002       0.79637562574187870     
   14.950000000000001       0.84002196649956795     
   15.000000000000002       0.84085244217948529     
   15.050000000000001       0.81618422207580921     
   15.100000000000001       0.82234327534593465     
   15.150000000000000       0.83427539886121216     
   15.200000000000001       0.83553465648557335     
   15.250000000000002       0.80000077048535290     
   15.300000000000001       0.85870789538088088     
   15.350000000000001       0.83903108113487324     
   15.400000000000000       0.85466385600639316     
   15.450000000000001       0.86689686594487558     
   15.500000000000000       0.84274553261282892     
   15.550000000000001       0.83265911764049061     
   15.600000000000001       0.85443056702866305     
   15.650000000000000       0.80516479576731914     
   15.700000000000001       0.86833960736252680     
   15.750000000000000       0.86585621023140502     
   15.800000000000001       0.89297611346200845     
   15.850000000000001       0.87508985685731344     
   15.900000000000000       0.88569948962563627     
   15.950000000000001       0.88401348415092051     
   16.000000000000004       0.79261828981283844     
   16.050000000000001       0.87253719968845933     
   16.100000000000001       0.83549950161665487     
   16.149999999999999       0.79945864956695456     
   16.200000000000003       0.84069951558604084     
   16.250000000000000       0.84000271272254856     
   16.300000000000001       0.84339838190122329     
   16.350000000000001       0.78334115057343368     
   16.400000000000002       0.84138542335772082     
   16.449999999999999       0.81325201981992878     
   16.500000000000004       0.79107982199837734     
   16.550000000000001       0.83639438181805847     
   16.600000000000001       0.82797242496577128     
   16.649999999999999       0.82800019974289241     
   16.700000000000003       0.83239292774216167     
   16.750000000000000       0.82801096304381416     
   16.800000000000001       0.82383027896708017     
   16.850000000000001       0.82972713092073191     
   16.900000000000002       0.84007475895781314     
   16.949999999999999       0.80966695773154951     
   17.000000000000000       0.87236931551772801     
   17.050000000000001       0.87738348390071885     
   17.100000000000001       0.87352786874866595     
   17.150000000000002       0.83607632525373232     
   17.200000000000003       0.89592274671702266     
   17.250000000000004       0.89231645004918825     
   17.300000000000001       0.90048221198757417     
   17.350000000000001       0.88345532501749591     
   17.400000000000002       0.89337597629246002     
   17.450000000000003       0.87018669098786994     
   17.500000000000000       0.88535662800157877     
   17.550000000000004       0.83568037601055034     
   17.600000000000001       0.88306421540610991     
   17.650000000000002       0.84414455008848943     
   17.699999999999999       0.85249154505164293     
   17.750000000000004       0.86962359383184751     
   17.800000000000001       0.87833756904939442     
   17.850000000000001       0.85105300052770783     
   17.900000000000002       0.87038682958165992     
   17.950000000000003       0.86668297409752182     
   18.000000000000000       0.85131991393913076     
   18.050000000000004       0.89221167341033558     
   18.100000000000001       0.89428112271545768     
   18.150000000000002       0.88230326505189083     
   18.199999999999999       0.90624369643608726     
   18.250000000000004       0.89900211865993296     
   18.300000000000001       0.90683870821294543     
   18.350000000000001       0.87409505653827269     
   18.400000000000002       0.90702501744347952     
   18.450000000000003       0.88956988988398999     
   18.500000000000000       0.89511517265595464     
   18.550000000000001       0.90026780928635519     
   18.600000000000001       0.89971488663028332     
   18.650000000000002       0.88575821081623618     
   18.699999999999999       0.90257882789773658     
   18.750000000000004       0.91299867838840487     
   18.800000000000001       0.90290568580306896     
   18.850000000000001       0.89746517360894262     
   18.899999999999999       0.90528815245212446     
   18.950000000000003       0.91765316387205498     
   19.000000000000000       0.91539552100649069     
   19.050000000000001       0.92233143370548287     
   19.100000000000001       0.92285655479643647     
   19.150000000000002       0.92293796725796051     
   19.199999999999999       0.90760747367991390     
   19.250000000000000       0.91644953541705343     
   19.300000000000004       0.91708372715053588     
   19.350000000000001       0.87783828067090330     
   19.400000000000002       0.89733874858440621     
   19.450000000000003       0.80805271581679039     
   19.500000000000004       0.89271637929986491     
   19.550000000000001       0.87344415123969232     
   19.600000000000001       0.80412404128803305     
   19.650000000000002       0.88030806252554994     
   19.700000000000003       0.87309419098706675     
   19.750000000000000       0.86595605775894846     
   19.800000000000004       0.87846055430559700     
   19.850000000000001       0.87993765466063023     
   19.900000000000002       0.88401013727798095     
   19.949999999999999       0.88232425451830632     
   20.000000000000004       0.87612433079904650     
   20.050000000000001       0.89302903679957146     
   20.100000000000001       0.88763613499712579     
   20.150000000000002       0.90611665219765669     
   20.200000000000003       0.89849516824447528     
   20.250000000000000       0.90584283016058109     
   20.300000000000004       0.91248337664939283     
   20.350000000000001       0.89699339752967810     
   20.400000000000002       0.92306666066396381     
   20.449999999999999       0.91683522051902533     
   20.500000000000004       0.90765997917680963     
   20.550000000000001       0.89926321166484924     
   20.600000000000001       0.91567068177644606     
   20.650000000000002       0.92015843101119932     
   20.700000000000003       0.92186557051813744     
   20.750000000000000       0.91772386549645002     
   20.800000000000001       0.91418740276878252     
   20.850000000000001       0.91525506817196711     
   20.900000000000002       0.90243085944669621     
   20.949999999999999       0.92172602864074826     
   21.000000000000004       0.93590604045124992     
   21.050000000000001       0.90202189411649847     
   21.100000000000001       0.92858173252392662     
   21.149999999999999       0.91170258268117255     
   21.200000000000003       0.92935470820633193     
   21.250000000000000       0.91770631014074844     
   21.300000000000001       0.91891679334280807     
   21.350000000000005       0.94037248791416239     
   21.400000000000002       0.91063296963429319     
   21.450000000000003       0.92142906366862731     
   21.500000000000000       0.92375408964040173     
   21.550000000000004       0.91838009620288674     
   21.600000000000001       0.92320616487828733     
   21.650000000000002       0.92710230340843958     
   21.700000000000003       0.92448258448283149     
   21.750000000000004       0.92794997479774499     
   21.800000000000001       0.93057910128452315     
   21.850000000000005       0.94094445579662922     
   21.900000000000002       0.89477740947950524     
   21.950000000000003       0.93755278259225039     
   22.000000000000000       0.89173053666986979     
   22.050000000000004       0.93345041713044774     
   22.100000000000001       0.93845066121175924     
   22.150000000000002       0.92015223265084078     
   22.200000000000003       0.91577100188270399     
   22.250000000000004       0.89719601476907729     
   22.300000000000001       0.92452607755643001     
   22.350000000000001       0.92714324940686466     
   22.400000000000002       0.92780020072388625     
   22.450000000000003       0.91372493202278637     
   22.500000000000000       0.91920601095610632     
   22.550000000000004       0.91948196481092948     
   22.600000000000001       0.90174155581337345     
   22.650000000000002       0.91581961461254158     
   22.699999999999999       0.90237654279996293     
   22.750000000000004       0.88401419955488869     
   22.800000000000001       0.85056833781297381     
   22.850000000000001       0.87945322890376310     
   22.900000000000002       0.87534120893390810     
   22.950000000000003       0.87754684759252455     
   23.000000000000000       0.82332447873127812     
   23.050000000000001       0.86324469890247513     
   23.100000000000001       0.88088064702537683     
   23.150000000000002       0.82336702561044106     
   23.199999999999999       0.88011032192586958     
   23.250000000000004       0.87473554800308140     
   23.300000000000001       0.85756330646909407     
   23.350000000000001       0.87357432138737845     
   23.399999999999999       0.87730829845361358     
   23.450000000000003       0.87705482822560321     
   23.500000000000004       0.86358509236270398     
   23.550000000000001       0.84777752305875265     
   23.600000000000005       0.80531949477054721     
   23.650000000000002       0.83383152603775534     
   23.700000000000003       0.84394935682574201     
   23.750000000000004       0.84005156054763397     
   23.800000000000004       0.84022370672151103     
   23.850000000000001       0.80576968901665580     
   23.900000000000002       0.80018966746970177     
   23.950000000000003       0.83582776375365164     
   24.000000000000004       0.81224922633603658     
   24.050000000000001       0.80319857827189911     
   24.100000000000005       0.79109092065890463     
   24.150000000000002       0.79119488479962008     
   24.200000000000003       0.73884492813054403     
   24.250000000000000       0.72400384747226920     
   24.300000000000004       0.73927435809345687     
   24.350000000000001       0.77102524848993736     
   24.400000000000002       0.74541641527323199     
   24.450000000000003       0.76618302233042435     
   24.500000000000004       0.75420963214263448     
   24.550000000000001       0.74308294644478379     
   24.600000000000001       0.72134571715047135     
   24.650000000000002       0.75140247266416826     
   24.700000000000003       0.73523527888146689     
   24.750000000000000       0.77929536295652635     
   24.800000000000004       0.82281065580594459     
   24.850000000000001       0.84552848787771584     
   24.900000000000002       0.82842023864915104     
   24.949999999999999       0.83526445995431042     
   25.000000000000004       0.83578922988560744     
   25.050000000000001       0.83735797173633453     
   25.100000000000001       0.83525322629902687     
   25.150000000000002       0.80881609568267532     
   25.200000000000003       0.81196030786242823     
   25.250000000000000       0.81810990738277600     
   25.300000000000001       0.85730919058787503     
   25.350000000000001       0.84112992900023853     
   25.400000000000002       0.84040778679458139     
   25.449999999999999       0.83868709397612351     
   25.500000000000004       0.84476706734301232     
   25.550000000000001       0.85359181975788023     
   25.600000000000001       0.83600130801282246     
   25.650000000000006       0.83401760546807924     
   25.700000000000003       0.85585776409511360     
   25.750000000000004       0.83059991204374750     
   25.800000000000001       0.82261625344849698     
   25.850000000000005       0.81477509203182974     
   25.900000000000002       0.78828308501658462     
   25.950000000000003       0.81423109377059832     
   26.000000000000004       0.79891486495335340     
   26.050000000000004       0.79446855457673271     
   26.100000000000001       0.80354098914465510     
   26.150000000000002       0.77693005176046925     
   26.200000000000003       0.79007372181261881     
   26.250000000000004       0.80707599041422384     
   26.300000000000001       0.81508098086179115     
   26.350000000000005       0.81705264989522952     
   26.400000000000002       0.78902247188776398     
   26.450000000000003       0.79098101275077903     
   26.500000000000000       0.79811269745668789     
   26.550000000000004       0.82425306641674367     
   26.600000000000001       0.80924668876611650     
   26.650000000000002       0.80148305336003867     
   26.700000000000003       0.82197556494992707     
   26.750000000000004       0.81392526272216126     
   26.800000000000001       0.83477786228080053     
   26.850000000000001       0.81322562532891995     
   26.900000000000002       0.79316458837999360     
   26.950000000000003       0.83921188672269831     
   27.000000000000000       0.82934924506384522     
   27.050000000000004       0.83221780881678642     
   27.100000000000001       0.83134347333439174     
   27.150000000000002       0.84731356321554152     
   27.199999999999999       0.86105210268923504     
   27.250000000000004       0.83487202226799395     
   27.300000000000001       0.81063764777720382     
   27.350000000000001       0.83197502987136207     
   27.400000000000002       0.80483604510015405     
   27.450000000000003       0.79154268312044496     
   27.500000000000000       0.81172679467587294     
   27.550000000000004       0.80306592160919976     
   27.600000000000001       0.79807989879810548     
   27.650000000000002       0.79664568531424207     
   27.699999999999999       0.77507943851755823     
   27.750000000000004       0.75440531847808112     
   27.800000000000004       0.78096734095804465     
   27.850000000000001       0.77387911662748532     
   27.900000000000006       0.77136221269355587     
   27.950000000000003       0.76785051629436163     
   28.000000000000004       0.73773652501206022     
   28.050000000000001       0.72921772554128839     
   28.100000000000005       0.75626964487524762     
   28.150000000000002       0.72881076431662883     
   28.200000000000003       0.72701823647798758     
   28.250000000000004       0.75465945460323114     
   28.300000000000004       0.71656104127861786     
   28.350000000000001       0.79051889170429535     
   28.400000000000002       0.81550735893524706     
   28.450000000000003       0.79197847125405219     
   28.500000000000004       0.79632602038177691     
   28.550000000000001       0.80313044813192780     
   28.600000000000005       0.79875885265753599     
   28.650000000000002       0.81925529430825816     
   28.700000000000003       0.78353595167343659     
   28.750000000000000       0.81065124261432631     
   28.800000000000004       0.78525513992792084     
   28.850000000000001       0.74036119871313233     
   28.900000000000002       0.78204833936880469     
   28.950000000000003       0.79541854522782096     
   29.000000000000004       0.71252041730654669     
   29.050000000000001       0.79374022375901410     
   29.100000000000001       0.77963421185662396     
   29.150000000000002       0.76095276337402151     
   29.200000000000003       0.79382608441083358     
   29.250000000000000       0.79799964994256334     
   29.300000000000004       0.79331897619503133     
   29.350000000000001       0.82179409942214099     
   29.400000000000002       0.80908438404289496     
   29.449999999999999       0.83305717250319233     
   29.500000000000004       0.81774927360290328     
   29.550000000000001       0.81649002585778363     
   29.600000000000001       0.82104551992630925     
   29.650000000000002       0.78991916163354425     
   29.700000000000003       0.79967739074947475     
   29.750000000000000       0.80702806665580784     
   29.800000000000004       0.78722799316086967     
   29.850000000000001       0.77529726784573516     
   29.900000000000002       0.78787265535866580     
   29.950000000000003       0.78204495229019022     
   30.000000000000004       0.76262524747929505     
   30.050000000000004       0.77601966300398773     
   30.100000000000001       0.76102243307261808     
   30.150000000000006       0.77292722989143403     
   30.200000000000003       0.76064608098276987     
   30.250000000000004       0.75421369165064878     
   30.300000000000001       0.72824307858964044     
   30.350000000000005       0.75198419081840551     
   30.400000000000002       0.74739294114836663     
   30.450000000000003       0.75502714618827393     
   30.500000000000004       0.75239626307004381     
   30.550000000000004       0.76728601124056772     
   30.600000000000001       0.74981028711510611     
   30.650000000000002       0.75500034457689602     
   30.700000000000003       0.77465176740062591     
   30.750000000000004       0.74755785093394356     
   30.800000000000001       0.77006875019737775     
   30.850000000000005       0.78293737922738083     
   30.900000000000002       0.76059668443691841     
   30.950000000000003       0.77424656200541997     
   31.000000000000000       0.77289354943624855     
   31.050000000000004       0.79211864835419354     
   31.100000000000001       0.76470731519889701     
   31.150000000000002       0.75816118409991984     
   31.200000000000003       0.75888460005915870     
   31.250000000000004       0.73921916623731709     
   31.300000000000001       0.76745440939875131     
   31.350000000000005       0.78082185644856850     
   31.400000000000002       0.76193794843956364     
   31.450000000000003       0.77848780865953537     
   31.500000000000000       0.75882360128228421     
   31.550000000000004       0.77151531573458443     
   31.600000000000001       0.75108057092106129     
   31.650000000000002       0.74144618586964151     
   31.700000000000003       0.74320020965062550     
   31.750000000000004       0.75348903814541957     
   31.800000000000001       0.74863956334546555     
   31.850000000000001       0.73079159166464569     
   31.900000000000002       0.74338404961919180     
   31.950000000000003       0.72389340212664277     
   32.000000000000007       0.73143297568403842     
   32.050000000000004       0.73296246860348058     
   32.100000000000001       0.72966508402828278     
   32.150000000000006       0.71984861847858383     
   32.200000000000003       0.72564165440821105     
   32.250000000000000       0.70640899292117165     
   32.299999999999997       0.71454590301569743     
   32.350000000000001       0.70544736529741292     
   32.400000000000006       0.66834544900380177     
   32.450000000000003       0.66381949467902546     
   32.500000000000000       0.67303340251200983     
   32.550000000000004       0.63900239325522457     
   32.600000000000001       0.67052614648350595     
   32.650000000000006       0.68642361593351175     
   32.700000000000003       0.67070450456317576     
   32.750000000000000       0.64696087473590458     
   32.800000000000004       0.69659348642889207     
   32.850000000000009       0.67362428155251852     
   32.899999999999999       0.71149568825666554     
   32.950000000000003       0.69189829426483629     
   33.000000000000007       0.70085939897570926     
   33.050000000000004       0.75253642873025450     
   33.100000000000001       0.68940102314196339     
   33.149999999999999       0.68631788757638201     
   33.200000000000003       0.68679125249163642     
   33.250000000000007       0.70558424295816780     
   33.299999999999997       0.70814223074906624     
   33.350000000000001       0.72518206819253417     
   33.400000000000006       0.68932550388333147     
   33.450000000000003       0.71008984013095466     
   33.500000000000000       0.71315594268736371     
   33.550000000000004       0.72689407628166181     
   33.600000000000001       0.68541392460257655     
   33.650000000000006       0.70350077413381706     
   33.700000000000003       0.69209105805643001     
   33.750000000000000       0.63559167860029675     
   33.800000000000004       0.63925840726005678     
   33.850000000000001       0.66557660714660805     
   33.899999999999999       0.66873085471840599     
   33.950000000000003       0.66180078051101077     
   34.000000000000000       0.66415094190062862     
   34.050000000000004       0.64938217631123551     
   34.100000000000001       0.67597901048835074     
   34.149999999999999       0.67879285348641427     
   34.200000000000003       0.64409593084288197     
   34.250000000000007       0.63205561870717586     
   34.300000000000004       0.64881743196434183     
   34.350000000000001       0.64244009190946372     
   34.400000000000006       0.64859459806764763     
   34.450000000000003       0.67352582626388002     
   34.500000000000007       0.68059443310864887     
   34.550000000000004       0.69133350225459089     
   34.600000000000001       0.65447881759960591     
   34.650000000000006       0.67591129481309853     
   34.700000000000003       0.60382110408573630     
   34.750000000000000       0.66007952107039425     
   34.800000000000004       0.69778953712396352     
   34.850000000000001       0.65722463960288946     
   34.900000000000006       0.73666204106028932     
   34.950000000000003       0.73536824861022976     
   35.000000000000000       0.69719034683720826     
   35.050000000000004       0.73002483466985657     
   35.100000000000009       0.72609440406151660     
   35.149999999999999       0.71016223136992440     
   35.200000000000003       0.69579517444260619     
   35.250000000000007       0.73599039823466772     
   35.300000000000004       0.72431019482948600     
   35.350000000000001       0.74206831960454200     
   35.399999999999999       0.73590661424751258     
   35.450000000000003       0.78539408342006778     
   35.500000000000007       0.74770135092643586     
   35.549999999999997       0.75297261606923693     
   35.600000000000001       0.74391438894024853     
   35.650000000000006       0.75772346572245575     
   35.700000000000003       0.76218775479193235     
   35.750000000000000       0.77009134881002450     
   35.800000000000004       0.74700523019943577     
   35.850000000000001       0.76921666479094775     
   35.900000000000006       0.79125520824878304     
   35.950000000000003       0.78492836243181496     
   36.000000000000000       0.79904378902146589     
   36.050000000000004       0.79001783978339157     
   36.100000000000009       0.77319770222937112     
   36.149999999999999       0.75384208582095391     
   36.200000000000003       0.76810429266079239     
   36.250000000000000       0.76815453467782191     
   36.300000000000004       0.77664306843868613     
   36.350000000000009       0.78503171899977431     
   36.399999999999999       0.80352871691040884     
   36.450000000000003       0.81480003724271310     
   36.500000000000007       0.80556164269592745     
   36.550000000000004       0.78250980533448133     
   36.600000000000001       0.78369278219204519     
   36.650000000000006       0.79136424289490037     
   36.700000000000003       0.79791038690615124     
   36.750000000000007       0.81236785950396984     
   36.800000000000004       0.80063905462490059     
   36.850000000000001       0.81079636795059185     
   36.900000000000006       0.82247537909154012     
   36.950000000000003       0.82491026762412545     
   37.000000000000000       0.83661130661399807     
   37.050000000000004       0.82397651533779437     
   37.100000000000001       0.82347027599072498     
   37.150000000000006       0.85109688287058360     
   37.200000000000003       0.84026035417386602     
   37.250000000000000       0.84785783895925271     
   37.300000000000004       0.82382888759523010     
   37.350000000000009       0.81646058528106713     
   37.399999999999999       0.81707076748971053     
   37.450000000000003       0.82172056714213071     
   37.500000000000007       0.80064582913566551     
   37.550000000000004       0.81548963502401739     
   37.600000000000001       0.81161957431068754     
   37.649999999999999       0.79558704971097982     
   37.700000000000003       0.80419131057729387     
   37.750000000000007       0.75073702740570136     
   37.799999999999997       0.74126235073238333     
   37.850000000000001       0.75360636076721721     
   37.900000000000006       0.77703472112629579     
   37.950000000000003       0.73850917583879461     
   38.000000000000000       0.74614015387680865     
   38.050000000000004       0.76583557403763503     
   38.100000000000001       0.74647922304279946     
   38.150000000000006       0.73256402004915611     
   38.200000000000003       0.73612437165341693     
   38.250000000000000       0.75328322095974298     
   38.300000000000004       0.73405135063271432     
   38.350000000000009       0.74569930565285081     
   38.399999999999999       0.76770762308254303     
   38.450000000000003       0.75491477020644437     
   38.500000000000000       0.75053917263978231     
   38.550000000000004       0.78226716659345796     
   38.600000000000009       0.79132971625947035     
   38.649999999999999       0.79502148852205590     
   38.700000000000003       0.80984216510169793     
   38.750000000000007       0.77948469073329696     
   38.800000000000004       0.79284354184608374     
   38.850000000000001       0.79470760233444826     
   38.900000000000006       0.80381442757216448     
   38.950000000000003       0.81727131924422980     
   39.000000000000007       0.80077327077314586     
   39.050000000000004       0.80634731335232324     
   39.100000000000001       0.78230810178312182     
   39.150000000000006       0.78901816230070154     
   39.200000000000003       0.79911987515320448     
   39.250000000000000       0.80171554413158241     
   39.300000000000004       0.80211625587817492     
   39.350000000000001       0.80529696158858965     
   39.400000000000006       0.82899151739537935     
   39.450000000000003       0.81058955850946979     
   39.500000000000000       0.82951262854874808     
   39.550000000000004       0.83969342192303864     
   39.600000000000009       0.81092438180401927     
   39.649999999999999       0.86374625077332368     
   39.700000000000003       0.87214130452670546     
   39.750000000000007       0.79082633188355222     
   39.800000000000004       0.83646603659783825     
   39.850000000000001       0.86004508292151738     
   39.899999999999999       0.85484457159073823     
   39.950000000000003       0.86880888759112285     
