   0.0000000000000000       0.99999999999995770     
   2.0000000000000000E-002  0.95437232603204925     
   4.0000000000000001E-002  0.87676948891186846     
   5.9999999999999998E-002  0.86801760555761598     
   8.0000000000000002E-002  0.93314118980720373     
  0.10000000000000002       0.98960410661208020     
  0.12000000000000000       0.99655047403108710     
  0.14000000000000001       0.98762058232951566     
  0.16000000000000000       0.99259798393301846     
  0.18000000000000002       0.99624698826491775     
  0.20000000000000004       0.97081375076531906     
  0.22000000000000000       0.91288379563193123     
  0.23999999999999999       0.79254529551905073     
  0.26000000000000001       0.45531438316804368     
  0.28000000000000003       0.10530624547472649     
  0.30000000000000004      -0.14089900729619390     
  0.32000000000000001      -0.19600841890814605     
  0.34000000000000002      -0.21373464893079000     
  0.36000000000000004      -0.22913584414010971     
  0.38000000000000000      -0.20776325379910285     
  0.40000000000000008      -0.21513094794034374     
  0.42000000000000004      -0.17721025171836477     
  0.44000000000000000      -0.20176849254350110     
  0.46000000000000002      -0.18587889124784354     
  0.47999999999999998      -0.20603426920336954     
  0.50000000000000011      -0.17320309400683576     
  0.52000000000000002      -0.17396249184906049     
  0.54000000000000004      -0.14341755007250520     
  0.56000000000000005      -0.14578814618286889     
  0.57999999999999996      -0.14076423586026060     
  0.60000000000000009      -0.11272434655046162     
  0.62000000000000011      -0.11492661598143029     
  0.64000000000000001      -0.11639670953598778     
  0.66000000000000003       -8.4435891920026901E-002
  0.68000000000000005       -6.3217451843054343E-002
  0.70000000000000007       -2.6366291482450989E-002
  0.72000000000000008        2.8821325751302376E-002
  0.74000000000000010        2.6006803326713131E-002
  0.76000000000000001        2.4251027643354239E-002
  0.78000000000000003        1.9131063984186342E-003
  0.80000000000000016        1.4389029912326243E-002
  0.82000000000000006       -5.7024102142623828E-003
  0.84000000000000008        1.2820804377042371E-002
  0.86000000000000010        8.3855468027481690E-003
  0.88000000000000000        1.3230979482795989E-002
  0.90000000000000002        9.6543786541980290E-003
  0.92000000000000004       -1.9430824286035531E-003
  0.94000000000000006       -5.7739057818961825E-004
  0.95999999999999996       -5.1018720690876145E-002
  0.98000000000000020       -2.6136759917887824E-002
   1.0000000000000002       -5.6941593142220054E-002
   1.0200000000000000       -4.4188607586134659E-002
   1.0400000000000000       -3.4318749976405230E-002
   1.0600000000000001       -1.7488569261926112E-002
   1.0800000000000001       -1.1550167345119223E-002
   1.1000000000000001        2.7045061996182566E-003
   1.1200000000000001        4.0730336931956650E-002
   1.1400000000000001        4.8397903271406431E-002
   1.1599999999999999        1.6016092669182535E-002
   1.1800000000000002        1.6169322181679685E-002
   1.2000000000000002        1.9028649361600421E-002
   1.2200000000000002        1.1969427014811415E-003
   1.2400000000000002       -4.0187098245023069E-002
   1.2600000000000002       -1.4486975773810532E-002
   1.2800000000000000       -4.1092372629320084E-002
   1.3000000000000000       -1.1256596693226662E-002
   1.3200000000000001        2.5325904626059426E-002
   1.3400000000000001       -1.8070559945922784E-002
   1.3600000000000001       -1.7622565673055653E-002
   1.3800000000000001       -3.6346020711086641E-002
   1.4000000000000001       -8.0099233929170316E-002
   1.4200000000000002       -9.4509267271482358E-002
   1.4400000000000002      -0.14004848463508809     
   1.4600000000000002      -0.11358796701613424     
   1.4800000000000002      -0.17047018024167765     
   1.5000000000000002      -0.14443885281473687     
   1.5200000000000000      -0.13642838914655228     
   1.5400000000000000      -0.14596257399899268     
   1.5600000000000001      -0.17790808982077982     
   1.5800000000000001      -0.19844055443747782     
   1.6000000000000003      -0.19899576006452918     
   1.6200000000000001      -0.22459106777053592     
   1.6400000000000001      -0.25083923283763127     
   1.6600000000000001      -0.27304034333154298     
   1.6800000000000002      -0.28930776866688418     
   1.7000000000000002      -0.28886891376735763     
   1.7200000000000002      -0.26825975032139004     
   1.7400000000000002      -0.27507608655540655     
   1.7600000000000000      -0.26685189989758845     
   1.7800000000000000      -0.26265721586663915     
   1.8000000000000000      -0.26052608176658160     
   1.8200000000000001      -0.26207329354894354     
   1.8400000000000001      -0.28161746790352432     
   1.8600000000000001      -0.25236906096979356     
   1.8800000000000001      -0.23807318037180258     
   1.8999999999999999      -0.26333131664047121     
   1.9199999999999999      -0.27430617598356694     
   1.9400000000000004      -0.26738566223681870     
   1.9600000000000004      -0.22164907647043919     
   1.9800000000000002      -0.27193462375058636     
   2.0000000000000004      -0.29106613084291050     
   2.0200000000000005      -0.27694220353247273     
   2.0400000000000000      -0.28035212909876195     
   2.0600000000000001      -0.31684938919516820     
   2.0800000000000001      -0.31743488551486937     
   2.1000000000000001      -0.31930907536999314     
   2.1200000000000001      -0.34114467412892790     
   2.1400000000000001      -0.35172814723734475     
   2.1600000000000001      -0.35913157085887254     
   2.1800000000000002      -0.37479985144505390     
   2.2000000000000002      -0.40062740506695277     
   2.2200000000000002      -0.38957113939297583     
   2.2400000000000002      -0.37368756101743927     
   2.2600000000000002      -0.39966618826970385     
   2.2800000000000002      -0.40658265280832723     
   2.3000000000000003      -0.43929526181147599     
   2.3199999999999998      -0.44454206163594456     
   2.3399999999999999      -0.43754572236000394     
   2.3600000000000003      -0.44469524704916646     
   2.3800000000000003      -0.43662589860215201     
   2.4000000000000004      -0.44458398614709160     
   2.4200000000000004      -0.45695330088228181     
   2.4400000000000004      -0.46264042222256757     
   2.4600000000000004      -0.42231128770769305     
   2.4800000000000004      -0.41243797754841510     
   2.5000000000000004      -0.42762699525668280     
   2.5200000000000005      -0.44703773768540500     
   2.5400000000000000      -0.44068062706449324     
   2.5600000000000001      -0.44402440592437653     
   2.5800000000000001      -0.45977128937343581     
   2.6000000000000001      -0.46565557924460288     
   2.6200000000000001      -0.48710984809941671     
   2.6400000000000001      -0.48732422349029730     
   2.6600000000000001      -0.50853258787270950     
   2.6800000000000002      -0.47569009261536210     
   2.7000000000000002      -0.48168872841533050     
   2.7200000000000002      -0.46536462372126702     
   2.7400000000000002      -0.44225796736256834     
   2.7600000000000002      -0.45861527993721163     
   2.7800000000000002      -0.49562795901563894     
   2.8000000000000003      -0.53287671792476887     
   2.8200000000000003      -0.51957451812676503     
   2.8400000000000003      -0.49641102321290936     
   2.8600000000000003      -0.48159517512360245     
   2.8800000000000003      -0.47677958810944715     
   2.9000000000000004      -0.50831483495979046     
   2.9200000000000004      -0.52427857896713004     
   2.9400000000000004      -0.49561029629184061     
   2.9600000000000004      -0.50839331492903339     
   2.9800000000000004      -0.51799302449198470     
   3.0000000000000004      -0.49485542474026262     
   3.0200000000000000      -0.49160281899995045     
   3.0400000000000000      -0.51947209034564601     
   3.0600000000000001      -0.52446016649934035     
   3.0800000000000001      -0.53513795137798958     
   3.1000000000000001      -0.52388060553350968     
   3.1200000000000001      -0.52360082035556865     
   3.1400000000000001      -0.50465200032998581     
   3.1600000000000001      -0.54818190509149611     
   3.1800000000000002      -0.57692862386573718     
   3.2000000000000006      -0.60120763693492940     
   3.2200000000000006      -0.58331051710143889     
   3.2400000000000002      -0.56133892147655373     
   3.2600000000000002      -0.58450076900478976     
   3.2800000000000002      -0.57185154193106491     
   3.3000000000000003      -0.58840048604390305     
   3.3200000000000003      -0.58069411738143173     
   3.3400000000000003      -0.57545258514560194     
   3.3600000000000003      -0.56013016652015035     
   3.3800000000000003      -0.59705165503435620     
   3.4000000000000004      -0.60620274576038458     
   3.4200000000000004      -0.58543632916442079     
   3.4400000000000004      -0.59180661636687448     
   3.4600000000000004      -0.58615149538578704     
   3.4800000000000004      -0.59545795619176867     
   3.5000000000000004      -0.60775928557735381     
   3.5200000000000000      -0.58574971111613872     
   3.5400000000000000      -0.60725115609021429     
   3.5600000000000001      -0.65139341566558129     
   3.5800000000000001      -0.65370719127808141     
   3.6000000000000001      -0.65206114658494307     
   3.6200000000000001      -0.63126861740298390     
   3.6400000000000001      -0.64349930967446467     
   3.6600000000000001      -0.64511007229428075     
   3.6800000000000002      -0.66750340032902866     
   3.7000000000000002      -0.62875123183265602     
   3.7200000000000002      -0.60277613843999067     
   3.7400000000000002      -0.58084298086938713     
   3.7600000000000002      -0.60552117622079737     
   3.7799999999999998      -0.62351835772798037     
   3.7999999999999998      -0.62723860445301627     
   3.8199999999999998      -0.60343065771001470     
   3.8399999999999999      -0.57475476993063812     
   3.8600000000000008      -0.60082133160171791     
   3.8800000000000008      -0.59495065783085843     
   3.9000000000000008      -0.59807046839933309     
   3.9200000000000008      -0.58007074541619519     
   3.9400000000000004      -0.61012351593004821     
   3.9600000000000004      -0.59318956384043464     
   3.9800000000000004      -0.62744124620934538     
   4.0000000000000009      -0.63616942790787423     
   4.0200000000000005      -0.64585992240509926     
   4.0400000000000009      -0.63366260759394821     
   4.0600000000000005      -0.64432420782669986     
   4.0800000000000001      -0.65558582794668263     
   4.1000000000000005      -0.63798974660041941     
   4.1200000000000001      -0.62556994612826278     
   4.1400000000000006      -0.64389701867123073     
   4.1600000000000001      -0.63924743987409216     
   4.1800000000000006      -0.66989357870879351     
   4.2000000000000002      -0.67694452847463205     
   4.2200000000000006      -0.65769821152036112     
   4.2400000000000002      -0.65274214554680310     
   4.2600000000000007      -0.66414414779604303     
   4.2800000000000002      -0.68083017025836057     
   4.3000000000000007      -0.70310069079470194     
   4.3200000000000003      -0.68404210518020414     
   4.3400000000000007      -0.68637566203929434     
   4.3600000000000003      -0.70051619496663187     
   4.3799999999999999      -0.68472975507452882     
   4.4000000000000004      -0.69335517423356197     
   4.4199999999999999      -0.68542675663036556     
   4.4400000000000004      -0.67559813165067362     
   4.4600000000000000      -0.67567903680907893     
   4.4800000000000004      -0.67314602613794949     
   4.5000000000000000      -0.68635193785792381     
   4.5200000000000005      -0.70373168689297483     
   4.5400000000000000      -0.70811965230669860     
   4.5600000000000005      -0.71785093109474851     
   4.5800000000000001      -0.71191905706856373     
   4.6000000000000005      -0.71364435686125627     
   4.6200000000000001      -0.69929941307006382     
   4.6399999999999997      -0.69337459545030056     
   4.6600000000000001      -0.71085498407046288     
   4.6799999999999997      -0.72865525104539342     
   4.7000000000000011      -0.76349603948360023     
   4.7200000000000006      -0.75051312889100186     
   4.7400000000000011      -0.75491277602171158     
   4.7600000000000007      -0.76516030473776731     
   4.7800000000000002      -0.74503510396790518     
   4.8000000000000007      -0.75928165882470666     
   4.8200000000000003      -0.74986351113959793     
   4.8400000000000007      -0.74831259460825983     
   4.8600000000000003      -0.76907923257286737     
   4.8800000000000008      -0.78335274078887318     
   4.9000000000000004      -0.76856894003720044     
   4.9200000000000008      -0.76025699525434109     
   4.9400000000000004      -0.75359303863695570     
   4.9600000000000009      -0.74445087273508270     
   4.9800000000000004      -0.75244505352585878     
   5.0000000000000009      -0.74143546212865419     
   5.0200000000000005      -0.74773717143090968     
   5.0400000000000009      -0.74848099937665380     
   5.0600000000000005      -0.77164512838532306     
   5.0800000000000001      -0.76175214954566084     
   5.1000000000000005      -0.74179928450773758     
   5.1200000000000001      -0.74753773178787453     
   5.1400000000000006      -0.75935086471210977     
   5.1600000000000001      -0.76703128879986227     
   5.1800000000000006      -0.77194514592245322     
   5.2000000000000002      -0.78505409758485012     
   5.2200000000000006      -0.79331600855390616     
   5.2400000000000002      -0.80281100552393769     
   5.2600000000000007      -0.75246835243107124     
   5.2800000000000002      -0.72759623427790798     
   5.3000000000000007      -0.75213046689609020     
   5.3200000000000003      -0.76671886373543319     
   5.3399999999999999      -0.77507081340280770     
   5.3600000000000003      -0.75935381960759307     
   5.3799999999999999      -0.76482639534786434     
   5.4000000000000004      -0.77133854947018021     
   5.4199999999999999      -0.76672588362993088     
   5.4400000000000004      -0.78233289391820870     
   5.4600000000000000      -0.77420880269649839     
   5.4800000000000004      -0.77035533030985337     
   5.5000000000000000      -0.76973486999900753     
   5.5200000000000005      -0.78789846755850590     
   5.5400000000000000      -0.77564617008172376     
   5.5600000000000005      -0.78032438593741094     
   5.5800000000000010      -0.78727094577020029     
   5.6000000000000005      -0.76154743643141176     
   5.6200000000000010      -0.76387937831697561     
   5.6400000000000006      -0.76347135703207492     
   5.6600000000000010      -0.77197329607975573     
   5.6800000000000006      -0.78603772053578236     
   5.7000000000000011      -0.78804388914068979     
   5.7200000000000006      -0.77941723964061016     
   5.7400000000000011      -0.74716544758182013     
   5.7600000000000007      -0.76525698072717496     
   5.7800000000000002      -0.76819560976178258     
   5.8000000000000007      -0.79300589294547608     
   5.8200000000000003      -0.77912788826031032     
   5.8400000000000007      -0.80498772909842664     
   5.8600000000000003      -0.81222001672161626     
   5.8800000000000008      -0.82487808005596386     
   5.9000000000000004      -0.82851719488407483     
   5.9200000000000008      -0.82147215551886688     
   5.9400000000000004      -0.81330355310595637     
   5.9600000000000009      -0.79323191265353288     
   5.9800000000000004      -0.79098229004609244     
   6.0000000000000009      -0.77223484486684602     
   6.0200000000000005      -0.77836004898514533     
   6.0400000000000000      -0.77640803113554624     
   6.0600000000000005      -0.79055101108933101     
   6.0800000000000001      -0.77620810933364082     
   6.1000000000000005      -0.77790673523434539     
   6.1200000000000001      -0.77744319059002842     
   6.1400000000000006      -0.76780876208232507     
   6.1600000000000001      -0.76595109839219444     
   6.1800000000000006      -0.77462222280694304     
   6.2000000000000002      -0.76475419952382073     
   6.2200000000000006      -0.73470030978210021     
   6.2400000000000002      -0.73543027278502360     
   6.2600000000000007      -0.74700159819601264     
   6.2800000000000002      -0.74200655580468244     
   6.2999999999999998      -0.75739419015512932     
   6.3200000000000003      -0.76429478577529975     
   6.3399999999999999      -0.78252337318088161     
   6.3600000000000003      -0.80461844810064664     
   6.3799999999999999      -0.81104245482233084     
   6.4000000000000012      -0.80911272178849114     
   6.4200000000000008      -0.80252217780458490     
   6.4400000000000013      -0.79946215237428186     
   6.4600000000000000      -0.80630448453458348     
   6.4800000000000004      -0.80918240544858488     
   6.5000000000000000      -0.82072400695657277     
   6.5200000000000005      -0.80986433668985269     
   6.5400000000000000      -0.80333659862637630     
   6.5600000000000005      -0.79868888170244445     
   6.5800000000000001      -0.79672623691637456     
   6.6000000000000005      -0.80017645134812987     
   6.6200000000000001      -0.80288239288161378     
   6.6400000000000006      -0.81977521645536378     
   6.6600000000000001      -0.82391049180620934     
   6.6800000000000006      -0.83443864924569799     
   6.7000000000000002      -0.84477371267833801     
   6.7200000000000006      -0.84887568005238645     
   6.7400000000000002      -0.84044258034334107     
   6.7600000000000007      -0.83672788783522312     
   6.7800000000000002      -0.83553312655727519     
   6.8000000000000007      -0.83487623180882919     
   6.8200000000000003      -0.80887962135018121     
   6.8400000000000007      -0.81961958767255017     
   6.8600000000000012      -0.81115428887986785     
   6.8800000000000008      -0.80837199716713692     
   6.9000000000000012      -0.79414578001693048     
   6.9200000000000008      -0.79933852552804852     
   6.9400000000000013      -0.80049033147636883     
   6.9600000000000009      -0.79602493610274938     
   6.9800000000000013      -0.79361883223587437     
   7.0000000000000009      -0.80157733621616867     
   7.0200000000000014      -0.80174708200187161     
   7.0400000000000000      -0.80420692977674291     
   7.0600000000000014      -0.81847106707963113     
   7.0800000000000001      -0.81829034770031428     
   7.1000000000000014      -0.83290165893469681     
   7.1200000000000001      -0.82400767450066936     
   7.1400000000000015      -0.81834553490734374     
   7.1600000000000001      -0.82741248307486470     
   7.1800000000000006      -0.85096168338503575     
   7.2000000000000002      -0.83934245825880216     
   7.2200000000000006      -0.83613531377770345     
   7.2400000000000002      -0.82242942890427984     
   7.2600000000000007      -0.80279099192484826     
   7.2800000000000002      -0.81254306070238314     
   7.3000000000000007      -0.82596428358278051     
   7.3200000000000003      -0.83352904219953239     
   7.3400000000000007      -0.83840452025779910     
   7.3600000000000003      -0.82990789452113323     
   7.3800000000000008      -0.82569035074746544     
   7.4000000000000004      -0.83202826082334125     
   7.4200000000000008      -0.83378158039517458     
   7.4400000000000004      -0.82623966898430834     
   7.4600000000000009      -0.82291646480071778     
   7.4800000000000004      -0.83132339907300301     
   7.5000000000000009      -0.84335837163303040     
   7.5200000000000005      -0.84216046190178540     
   7.5400000000000009      -0.83718382505041411     
   7.5599999999999996      -0.82393959290980190     
   7.5800000000000010      -0.82518212937472391     
   7.5999999999999996      -0.82288167245193133     
   7.6200000000000010      -0.83386704828407154     
   7.6399999999999997      -0.84236080862378482     
   7.6600000000000010      -0.84474997858442813     
   7.6799999999999997      -0.83380593471441655     
   7.7000000000000011      -0.83504967012677278     
   7.7200000000000015      -0.83124771165296907     
   7.7400000000000002      -0.83367439609275928     
   7.7600000000000016      -0.83601254769051181     
   7.7800000000000002      -0.83309060452528916     
   7.8000000000000016      -0.83626023810391481     
   7.8200000000000003      -0.81785349620240777     
   7.8400000000000016      -0.82286615238655214     
   7.8600000000000003      -0.82562996018548618     
   7.8800000000000008      -0.82032992672886851     
   7.9000000000000004      -0.81132109275683795     
   7.9200000000000008      -0.79049289897769903     
   7.9400000000000004      -0.80332618357804308     
   7.9600000000000009      -0.81697680190638067     
   7.9800000000000004      -0.78349091078424704     
   8.0000000000000018      -0.79198820470405484     
   8.0199999999999996      -0.76479284261582969     
   8.0400000000000009      -0.75743066753680444     
   8.0600000000000005      -0.78204273835481974     
   8.0800000000000018      -0.78468075982502372     
   8.0999999999999996      -0.80127569727385295     
   8.1200000000000010      -0.80461007187251177     
   8.1400000000000006      -0.81910207532804880     
   8.1600000000000001      -0.82971010753850716     
   8.1799999999999997      -0.84914970979111282     
   8.2000000000000011      -0.85774687531821125     
   8.2200000000000006      -0.85825038788628638     
   8.2400000000000002      -0.85830641519171469     
   8.2599999999999998      -0.86405428274868112     
   8.2800000000000011      -0.85409884164533190     
   8.3000000000000007      -0.86097340351479879     
   8.3200000000000003      -0.87109260579518910     
   8.3399999999999999      -0.86419835988947658     
   8.3600000000000012      -0.84707356238363241     
   8.3800000000000008      -0.83832917149482589     
   8.4000000000000004      -0.83707217309506010     
   8.4199999999999999      -0.84335618997563777     
   8.4400000000000013      -0.85413242142239298     
   8.4600000000000009      -0.85833848557251013     
   8.4800000000000004      -0.84521977743148569     
   8.5000000000000000      -0.84493709058760591     
   8.5200000000000014      -0.84696728132200716     
   8.5400000000000009      -0.84321087652431470     
   8.5600000000000005      -0.85049043863417806     
   8.5800000000000018      -0.84763720230391582     
   8.6000000000000014      -0.84014179261521282     
   8.6200000000000010      -0.84522717697216443     
   8.6400000000000006      -0.84403053819746598     
   8.6600000000000019      -0.83600363843071546     
   8.6800000000000015      -0.82530142057135569     
   8.7000000000000011      -0.83662607981772974     
   8.7200000000000006      -0.83397053460438431     
   8.7400000000000020      -0.82758434572726014     
   8.7599999999999998      -0.82617951490583086     
   8.7800000000000011      -0.82406181373098975     
   8.8000000000000007      -0.81655244821157558     
   8.8200000000000021      -0.81390301711608437     
   8.8399999999999999      -0.80460915929386911     
   8.8600000000000012      -0.80785239788571150     
   8.8800000000000008      -0.81536219731284454     
   8.9000000000000004      -0.81883243925171501     
   8.9199999999999999      -0.81757995656010263     
   8.9400000000000013      -0.82292325660321741     
   8.9600000000000009      -0.82952386807932388     
   8.9800000000000004      -0.84811106926444269     
   9.0000000000000000      -0.85600932241500372     
   9.0200000000000014      -0.84903638295149808     
   9.0400000000000009      -0.86385537412015878     
   9.0600000000000005      -0.84686988186807410     
   9.0800000000000001      -0.84830236527723879     
   9.1000000000000014      -0.84902924495989784     
   9.1200000000000010      -0.86431375042709446     
   9.1400000000000006      -0.86196823290520264     
   9.1600000000000001      -0.84500286346713527     
   9.1800000000000015      -0.85034686555899841     
   9.2000000000000011      -0.85702762914165409     
   9.2200000000000006      -0.85349794783721444     
   9.2400000000000002      -0.85258536177762689     
   9.2600000000000016      -0.85169317124018473     
   9.2799999999999994      -0.85481404353217472     
   9.3000000000000007      -0.86669151451948301     
   9.3200000000000003      -0.86647593812226109     
   9.3400000000000016      -0.87811429495603388     
   9.3599999999999994      -0.83053308366247347     
   9.3800000000000008      -0.84844220665913206     
   9.4000000000000021      -0.85491453663802486     
   9.4199999999999999      -0.85980043247613158     
   9.4400000000000013      -0.86888220625819257     
   9.4600000000000009      -0.86537045461185658     
   9.4800000000000022      -0.86136967256770303     
   9.5000000000000000      -0.83953165060598389     
   9.5200000000000014      -0.84261051293885691     
   9.5400000000000009      -0.84306138754631010     
   9.5600000000000005      -0.85665652665876590     
   9.5800000000000001      -0.86236388372501593     
   9.6000000000000014      -0.86107806881596660     
   9.6200000000000010      -0.87006736280970287     
   9.6400000000000006      -0.86440764561510175     
   9.6600000000000001      -0.87456839211761528     
   9.6800000000000015      -0.87462628081016047     
   9.7000000000000011      -0.87958953551563124     
   9.7200000000000006      -0.88246147459233659     
   9.7400000000000002      -0.88626046161570826     
   9.7600000000000016      -0.88095946471152042     
   9.7800000000000011      -0.86908816418499313     
   9.8000000000000007      -0.87595493668332325     
   9.8200000000000003      -0.85076450815948268     
   9.8400000000000016      -0.86170605528615651     
   9.8600000000000012      -0.87107133871853826     
   9.8800000000000008      -0.86469714552000698     
   9.9000000000000004      -0.87636678669848800     
   9.9200000000000017      -0.88463317066721059     
   9.9399999999999995      -0.89534353983915005     
   9.9600000000000009      -0.89273278174962845     
