   0.0000000000000000       0.99999999999999978     
   5.0000000000000003E-002  0.98346056530641057     
  0.10000000000000001       0.99913481521410696     
  0.14999999999999999       0.99997930206205488     
  0.20000000000000001       0.99857300926958970     
  0.25000000000000006       0.97756704775261938     
  0.29999999999999999       0.99123171121507347     
  0.35000000000000003       0.99879701996087500     
  0.40000000000000002       0.99875426953345370     
  0.45000000000000007       0.98906865050462645     
  0.50000000000000011       0.98079402487591982     
  0.55000000000000004       0.99779576412890458     
  0.59999999999999998       0.99897102294862561     
  0.65000000000000002       0.99864600569862749     
  0.70000000000000007       0.99879979013057862     
  0.75000000000000011       0.99829686768687320     
  0.80000000000000004       0.99786176284944894     
  0.84999999999999998       0.99786392043905014     
  0.90000000000000013       0.99672806872144137     
  0.95000000000000007       0.99396687993958854     
   1.0000000000000002       0.99746425744211364     
   1.0500000000000000       0.99666116009387962     
   1.1000000000000001       0.99413462198036662     
   1.1500000000000001       0.99682874592589277     
   1.2000000000000000       0.99586875563842636     
   1.2500000000000002       0.99065437180859539     
   1.3000000000000000       0.99479973452268589     
   1.3500000000000001       0.99321042228325518     
   1.4000000000000001       0.98576023793653511     
   1.4500000000000000       0.98870420055547448     
   1.5000000000000002       0.98910024495224480     
   1.5500000000000003       0.98351444233365104     
   1.6000000000000001       0.98040062158126640     
   1.6500000000000001       0.98593637415655166     
   1.7000000000000000       0.98226447403449624     
   1.7500000000000002       0.97250908104847578     
   1.8000000000000003       0.98262289649921220     
   1.8500000000000001       0.97969787265674257     
   1.9000000000000001       0.96414972816295053     
   1.9500000000000002       0.97546219341880236     
   2.0000000000000004       0.97575622817711383     
   2.0500000000000003       0.95599660720575208     
   2.1000000000000001       0.96638241083283150     
   2.1500000000000004       0.96929806466518398     
   2.2000000000000002       0.95281256520548485     
   2.2500000000000000       0.96062011321873109     
   2.3000000000000003       0.96382231078859959     
   2.3500000000000001       0.95262986073328737     
   2.3999999999999999       0.95511284159971488     
   2.4500000000000002       0.96225429730265866     
   2.5000000000000004       0.95547303899218095     
   2.5500000000000003       0.94491413117024670     
   2.6000000000000001       0.95970633304470254     
   2.6500000000000004       0.95932623501207892     
   2.7000000000000002       0.94587191746832078     
   2.7500000000000000       0.95817457204049017     
   2.8000000000000003       0.95980670919733013     
   2.8500000000000001       0.94094038175850359     
   2.8999999999999999       0.95019091843939807     
   2.9500000000000006       0.95593598697216875     
   3.0000000000000004       0.93575380131527841     
   3.0500000000000003       0.93482374030493087     
   3.1000000000000005       0.95152062815797489     
   3.1500000000000004       0.93996390365609561     
   3.2000000000000002       0.93233755206456359     
   3.2500000000000004       0.95275583329166447     
   3.3000000000000003       0.94706448511558539     
   3.3500000000000001       0.92585016519760766     
   3.3999999999999999       0.94413777728234372     
   3.4500000000000002       0.93971538695971024     
   3.5000000000000004       0.91856313254185540     
   3.5500000000000003       0.93197629966038997     
   3.6000000000000005       0.93062436042176255     
   3.6500000000000004       0.91801799275561524     
   3.7000000000000002       0.92578551731573888     
   3.7500000000000004       0.93386920205500656     
   3.8000000000000003       0.91967419248827265     
   3.8500000000000001       0.91335301330052110     
   3.9000000000000004       0.92629012201100791     
   3.9500000000000002       0.92103408543859389     
   4.0000000000000009       0.90707116656578457     
   4.0500000000000007       0.92549322539920187     
   4.1000000000000005       0.92139863776130637     
   4.1500000000000004       0.90792066909263647     
   4.2000000000000002       0.92673990289383024     
   4.2500000000000000       0.92715851924026293     
   4.3000000000000007       0.90767203888117298     
   4.3500000000000005       0.92213092301364896     
   4.4000000000000004       0.92530873034339789     
   4.4500000000000002       0.91191958907124915     
   4.5000000000000000       0.91885848014806271     
   4.5499999999999998       0.92625982441084553     
   4.6000000000000005       0.92030560901590552     
   4.6500000000000004       0.91382625647212645     
   4.7000000000000002       0.92811134922246086     
   4.7500000000000000       0.92861575664026719     
   4.7999999999999998       0.91815042547570969     
   4.8500000000000005       0.93193774032548526     
   4.9000000000000004       0.93454170859882657     
   4.9500000000000011       0.92201677746723221     
   5.0000000000000009       0.93615553547930064     
   5.0500000000000007       0.93819645539582253     
   5.1000000000000005       0.92584673765110415     
   5.1500000000000004       0.93586381060988033     
   5.2000000000000002       0.94114320254452166     
   5.2500000000000009       0.93527644093027862     
   5.3000000000000007       0.93661953058360536     
   5.3500000000000005       0.94185688308285354     
   5.4000000000000004       0.93906180654275428     
   5.4500000000000002       0.93202759418975345     
   5.5000000000000000       0.93979703074633314     
   5.5500000000000007       0.93938833892673124     
   5.6000000000000005       0.92904304900940515     
   5.6500000000000004       0.94137145233604769     
   5.7000000000000002       0.94139214907121549     
   5.7500000000000000       0.93299039100445735     
   5.7999999999999998       0.94117317987598925     
   5.8499999999999996       0.94192344809058048     
   5.9000000000000012       0.93595068943421211     
   5.9500000000000011       0.93806419866407142     
   6.0000000000000009       0.93953683461543824     
   6.0500000000000007       0.93878071086372938     
   6.1000000000000005       0.93886921258395406     
   6.1500000000000004       0.94150380004350487     
   6.2000000000000011       0.94352521787488530     
   6.2500000000000009       0.93937686757392880     
   6.3000000000000007       0.94356368852772632     
   6.3500000000000005       0.94512259047898928     
   6.4000000000000004       0.94002840651031017     
   6.4500000000000002       0.94497761639336475     
   6.5000000000000009       0.94266673234105591     
   6.5500000000000007       0.94080681462575866     
   6.6000000000000005       0.94461440084791459     
   6.6500000000000004       0.94074686932835194     
   6.7000000000000002       0.94046388400896697     
   6.7500000000000000       0.94082534589908939     
   6.7999999999999998       0.93945092112391149     
   6.8500000000000005       0.93877136989637389     
   6.9000000000000004       0.93682839603037604     
   6.9500000000000011       0.93837086655108826     
   7.0000000000000009       0.94126741807176062     
   7.0500000000000007       0.93970384056597378     
   7.1000000000000005       0.94329021499765353     
   7.1500000000000012       0.94388267021168915     
   7.2000000000000011       0.94208010119155605     
   7.2500000000000009       0.94511613677066675     
   7.3000000000000007       0.94431278793280782     
   7.3500000000000005       0.94469683876104793     
   7.4000000000000004       0.94456301230361961     
   7.4500000000000011       0.94150601105368381     
   7.5000000000000009       0.94116242981307674     
   7.5500000000000007       0.94124923925706350     
   7.6000000000000005       0.94213866303254057     
   7.6500000000000004       0.94529377853307917     
   7.7000000000000002       0.94367588639655975     
   7.7500000000000000       0.94544077928977210     
   7.8000000000000007       0.94600640514214929     
   7.8500000000000005       0.94396151643681458     
   7.9000000000000004       0.94553117818690813     
   7.9500000000000002       0.94459062981100150     
   8.0000000000000018       0.94080109747893814     
   8.0500000000000007       0.94431412279455873     
   8.1000000000000014       0.94295679654077802     
   8.1500000000000004       0.94064267334499729     
   8.2000000000000011       0.93952525177800150     
   8.2500000000000018       0.94092097683758469     
   8.3000000000000007       0.94153783464763063     
   8.3500000000000014       0.94049663852395060     
   8.4000000000000004       0.93935265795773848     
   8.4500000000000011       0.94208986797728744     
   8.5000000000000000       0.93924964611960882     
   8.5500000000000007       0.93776177123941351     
   8.6000000000000014       0.93655829971512394     
   8.6500000000000004       0.93731710591557704     
   8.7000000000000011       0.93795550570117314     
   8.7500000000000000       0.93575067730853945     
   8.8000000000000007       0.93567305701016412     
   8.8499999999999996       0.93659556577850145     
   8.9000000000000004       0.93488984234614980     
   8.9500000000000011       0.93722339883599537     
   9.0000000000000000       0.93823809900498445     
   9.0500000000000007       0.93684925081218828     
   9.0999999999999996       0.93814254315488166     
   9.1500000000000004       0.93841769627199156     
   9.2000000000000011       0.93837994890474263     
   9.2500000000000000       0.93775109814072821     
   9.3000000000000007       0.93738985630973315     
   9.3499999999999996       0.93955297755654477     
   9.4000000000000004       0.93807169700824600     
   9.4499999999999993       0.93904795341200475     
   9.5000000000000000       0.93820948508761415     
   9.5500000000000007       0.93609770944731152     
   9.5999999999999996       0.93638072408652939     
   9.6500000000000021       0.93502794441117631     
   9.7000000000000011       0.93492994756920467     
   9.7500000000000018       0.93615739375351426     
   9.8000000000000007       0.93615924414291907     
   9.8500000000000014       0.93834445762284380     
   9.9000000000000021       0.93881297181981549     
   9.9500000000000011       0.93932053557817141     
   10.000000000000002       0.93804011160206435     
   10.050000000000001       0.93766038762494974     
   10.100000000000001       0.93768489440025105     
   10.150000000000002       0.93782304507436087     
   10.200000000000001       0.93712993674179867     
   10.250000000000002       0.93789345960652115     
   10.300000000000001       0.93529002091637814     
   10.350000000000001       0.93406343120063107     
   10.400000000000000       0.93438449458073114     
   10.450000000000001       0.93303294647693924     
   10.500000000000002       0.93249237038934052     
   10.550000000000001       0.93249954288865877     
   10.600000000000001       0.93108137933616775     
   10.650000000000000       0.92740114682167563     
   10.700000000000001       0.92592522272150102     
   10.750000000000000       0.92692443162155269     
   10.800000000000001       0.92588892705443460     
   10.850000000000001       0.92543510954888142     
   10.900000000000000       0.92638929539415493     
   10.950000000000001       0.92654988232398294     
   11.000000000000000       0.92529765327668023     
   11.050000000000001       0.92791921190662319     
   11.100000000000001       0.92996371946409140     
   11.150000000000000       0.93038139024197430     
   11.200000000000001       0.93210126899847590     
   11.250000000000000       0.93107313334865671     
   11.300000000000001       0.92966845651698027     
   11.350000000000000       0.93073679657826913     
   11.400000000000000       0.93215418384490478     
   11.450000000000001       0.93228009861685690     
   11.500000000000000       0.93137923824092839     
   11.550000000000001       0.93299934363813708     
   11.600000000000000       0.93041744691986061     
   11.650000000000000       0.92692318114812133     
   11.699999999999999       0.92380259589494318     
   11.750000000000002       0.92612353601978814     
   11.800000000000002       0.92280347141001395     
   11.850000000000001       0.92048778408244725     
   11.900000000000002       0.92342781275183572     
   11.950000000000001       0.92161432844515034     
   12.000000000000002       0.92369056204068722     
   12.050000000000002       0.92135525410555619     
   12.100000000000001       0.91989618192848210     
   12.150000000000002       0.92101700668518383     
   12.200000000000001       0.92064629705231460     
   12.250000000000002       0.92169433405210921     
   12.300000000000001       0.92230354929914737     
   12.350000000000001       0.92700853618487444     
   12.400000000000002       0.92802907237924603     
   12.450000000000001       0.92675527725547624     
   12.500000000000002       0.92791129489785895     
   12.550000000000001       0.92703343262734683     
   12.600000000000001       0.92880799400458591     
   12.650000000000000       0.92635839627514061     
   12.700000000000001       0.92727863174528735     
   12.750000000000002       0.92527635255848373     
   12.800000000000001       0.92776979563764717     
   12.850000000000001       0.92672960402297444     
   12.900000000000000       0.92578021217774553     
   12.950000000000001       0.92734639114468220     
   13.000000000000002       0.92758545257518499     
   13.050000000000001       0.92703754057037890     
   13.100000000000001       0.92755121192254619     
   13.150000000000000       0.92748637617510343     
   13.200000000000001       0.92834417417120330     
   13.250000000000000       0.92530384658166687     
   13.300000000000001       0.92582979821526923     
   13.350000000000001       0.92627741176210865     
   13.400000000000000       0.92412366750542696     
   13.450000000000001       0.92522327894307066     
   13.500000000000000       0.92611892330995138     
   13.550000000000001       0.92428602062524123     
   13.600000000000000       0.92342122637013169     
   13.650000000000000       0.92434638918136347     
   13.700000000000001       0.92639486133439841     
   13.750000000000000       0.92711129736684650     
   13.800000000000001       0.92746356625751969     
   13.850000000000000       0.92821076083716414     
   13.900000000000002       0.92912576323911045     
   13.950000000000003       0.92776154241029096     
   14.000000000000002       0.92431259832639356     
   14.050000000000002       0.92550768488771706     
   14.100000000000001       0.92297045158003155     
   14.150000000000002       0.92239442287600737     
   14.200000000000001       0.92203870466320959     
   14.250000000000002       0.92561153696018550     
   14.300000000000002       0.92564743157828511     
   14.350000000000001       0.92488139661624491     
   14.400000000000002       0.92474796597468312     
   14.450000000000001       0.92553090990545073     
   14.500000000000002       0.92333236616008951     
   14.550000000000001       0.92372803649454693     
   14.600000000000001       0.92565884755937133     
   14.650000000000002       0.92540115946542334     
   14.700000000000001       0.92546706297681436     
   14.750000000000002       0.92730094492690363     
   14.800000000000001       0.92727745010483298     
   14.850000000000001       0.92659897140392600     
   14.900000000000002       0.92878821124094701     
   14.950000000000001       0.93109619355349715     
   15.000000000000002       0.93022180075789818     
   15.050000000000001       0.93368175045627333     
   15.100000000000001       0.93316050084952207     
   15.150000000000000       0.92989689249739593     
   15.200000000000001       0.92911352714666251     
   15.250000000000002       0.92934269691693894     
   15.300000000000001       0.93011191880776867     
   15.350000000000001       0.92878096327154969     
   15.400000000000000       0.93107683215630344     
   15.450000000000001       0.93176308802350183     
   15.500000000000000       0.93252092663887354     
   15.550000000000001       0.93308954677942191     
   15.600000000000001       0.93168962987949999     
   15.650000000000000       0.93171354614527968     
   15.700000000000001       0.93215603632145516     
   15.750000000000000       0.93239668671416343     
   15.800000000000001       0.93413326381643169     
   15.850000000000001       0.93450996873081005     
   15.900000000000000       0.93806115312788796     
   15.950000000000001       0.93711107932846471     
   16.000000000000004       0.93711362324165726     
   16.050000000000001       0.93825208659109927     
   16.100000000000001       0.93781902268201722     
   16.149999999999999       0.93750763559571215     
   16.200000000000003       0.93979434091629632     
   16.250000000000000       0.93967862676426694     
   16.300000000000001       0.93913365520252756     
   16.350000000000001       0.94199490687234089     
   16.400000000000002       0.94317921091452284     
   16.449999999999999       0.94261685828700104     
   16.500000000000004       0.94358942547905855     
   16.550000000000001       0.94507022458034762     
   16.600000000000001       0.94228258286605937     
   16.649999999999999       0.94357080304191920     
   16.700000000000003       0.94344781702093472     
   16.750000000000000       0.94285097623506753     
   16.800000000000001       0.94326970336931792     
   16.850000000000001       0.94322305024914721     
   16.900000000000002       0.94163641960002598     
   16.949999999999999       0.93881505118981734     
   17.000000000000000       0.93979140330854494     
   17.050000000000001       0.93974976451558923     
   17.100000000000001       0.93818106820686509     
   17.150000000000002       0.94130627311843618     
   17.200000000000003       0.94231044743804626     
   17.250000000000004       0.93975607873967071     
   17.300000000000001       0.93952864013274506     
   17.350000000000001       0.93933102316335682     
   17.400000000000002       0.93920031533603943     
   17.450000000000003       0.93772423499509483     
   17.500000000000000       0.93718557895358456     
   17.550000000000004       0.93621851090313224     
   17.600000000000001       0.93695852097493759     
   17.650000000000002       0.93947574270779333     
   17.699999999999999       0.93951065749608598     
   17.750000000000004       0.93869955975375774     
   17.800000000000001       0.93726245085582860     
   17.850000000000001       0.93618454759565628     
   17.900000000000002       0.93525532146793167     
   17.950000000000003       0.93696489826807083     
   18.000000000000000       0.93852503027684220     
   18.050000000000004       0.93598109604673463     
   18.100000000000001       0.93526223623672555     
   18.150000000000002       0.93352633626479842     
   18.199999999999999       0.93335746414794840     
   18.250000000000004       0.93135667592493976     
   18.300000000000001       0.93251384000799897     
   18.350000000000001       0.92993754503322656     
   18.400000000000002       0.92908410299169342     
   18.450000000000003       0.92968251831510562     
   18.500000000000000       0.93056647128885495     
   18.550000000000001       0.93064911398208572     
   18.600000000000001       0.93393713717236282     
   18.650000000000002       0.93406701999361230     
   18.699999999999999       0.93044206357112524     
   18.750000000000004       0.93204776416649782     
   18.800000000000001       0.93024376804451570     
   18.850000000000001       0.92902049651297580     
   18.899999999999999       0.92605265665205716     
   18.950000000000003       0.92919724100750301     
   19.000000000000000       0.93038757786431348     
   19.050000000000001       0.93004754361900932     
   19.100000000000001       0.93083019192267624     
   19.150000000000002       0.93016029924166088     
   19.199999999999999       0.93040074670756734     
   19.250000000000000       0.92913493089735899     
   19.300000000000004       0.92860242332061826     
   19.350000000000001       0.92841452652343859     
   19.400000000000002       0.93108181514953159     
   19.450000000000003       0.92913614900169883     
   19.500000000000004       0.92826176035601515     
   19.550000000000001       0.92549558583741853     
   19.600000000000001       0.92429732054073976     
   19.650000000000002       0.92272260981267007     
   19.700000000000003       0.92404083126985093     
   19.750000000000000       0.92478077630984434     
   19.800000000000004       0.92532069731470401     
   19.850000000000001       0.92540120153865901     
   19.900000000000002       0.92656550632904155     
   19.949999999999999       0.92583683528819027     
   20.000000000000004       0.92647987453479419     
   20.050000000000001       0.92648099004842088     
   20.100000000000001       0.92692480887726747     
   20.150000000000002       0.92683976526329659     
   20.200000000000003       0.92823604512745062     
   20.250000000000000       0.92896024102111852     
   20.300000000000004       0.92696144420032034     
   20.350000000000001       0.92698268644814474     
   20.400000000000002       0.92783906290028695     
   20.449999999999999       0.92752000843316706     
   20.500000000000004       0.92838592050843749     
   20.550000000000001       0.92777830383681237     
   20.600000000000001       0.92759830772104501     
   20.650000000000002       0.92899883105220604     
   20.700000000000003       0.93112924153102228     
   20.750000000000000       0.92967524457793793     
   20.800000000000001       0.93024101845431417     
   20.850000000000001       0.93222709462646047     
   20.900000000000002       0.93119450168790741     
   20.949999999999999       0.92624544539337716     
   21.000000000000004       0.92459166714250185     
   21.050000000000001       0.92643290981405824     
   21.100000000000001       0.92987863624825606     
   21.149999999999999       0.92968707683517915     
   21.200000000000003       0.92971816178668698     
   21.250000000000000       0.93054212405062464     
   21.300000000000001       0.93319783596734196     
   21.350000000000005       0.93307696798830808     
   21.400000000000002       0.93522173302178946     
   21.450000000000003       0.93448224734771623     
   21.500000000000000       0.93392099683406415     
   21.550000000000004       0.93343382655905649     
   21.600000000000001       0.93430801028874844     
   21.650000000000002       0.93273500119500774     
   21.700000000000003       0.93181362734686468     
   21.750000000000004       0.93086986047407894     
   21.800000000000001       0.93103986488494406     
   21.850000000000005       0.92931581195597079     
   21.900000000000002       0.92973167237104515     
   21.950000000000003       0.92954088647459387     
   22.000000000000000       0.92912600617111230     
   22.050000000000004       0.92881841219143968     
   22.100000000000001       0.93029780520021021     
   22.150000000000002       0.92603641145737992     
   22.200000000000003       0.92963096939464918     
   22.250000000000004       0.93127057194543772     
   22.300000000000001       0.93011852564325315     
   22.350000000000001       0.93072986211383713     
   22.400000000000002       0.93218425160712082     
   22.450000000000003       0.93297004531367833     
   22.500000000000000       0.93137222566596123     
   22.550000000000004       0.93264621090314004     
   22.600000000000001       0.93103888105163646     
   22.650000000000002       0.92874606628382161     
   22.699999999999999       0.93099621356612750     
   22.750000000000004       0.93307387798466190     
   22.800000000000001       0.93262419719665757     
   22.850000000000001       0.93242853219475874     
   22.900000000000002       0.93274906085198439     
   22.950000000000003       0.93404801212691324     
   23.000000000000000       0.93436060526284337     
   23.050000000000001       0.93223213262973026     
   23.100000000000001       0.93130754305503771     
   23.150000000000002       0.93252526222547794     
   23.199999999999999       0.93330008240801199     
   23.250000000000004       0.93478754496876948     
   23.300000000000001       0.93343113701690006     
   23.350000000000001       0.93071185478792706     
   23.399999999999999       0.92961367162314290     
   23.450000000000003       0.92576472483612404     
   23.500000000000004       0.92655564707200366     
   23.550000000000001       0.92759600431783773     
   23.600000000000005       0.92459354016365181     
   23.650000000000002       0.92336634222431591     
   23.700000000000003       0.92046181920296499     
   23.750000000000004       0.91977074069088571     
   23.800000000000004       0.92002348098862385     
   23.850000000000001       0.91915796864734134     
   23.900000000000002       0.91881019358077964     
   23.950000000000003       0.92202083998961493     
   24.000000000000004       0.92303082793437841     
   24.050000000000001       0.92419025505215779     
   24.100000000000005       0.92618771426605528     
   24.150000000000002       0.92793342143309065     
   24.200000000000003       0.93051416848341051     
   24.250000000000000       0.93298424995545859     
   24.300000000000004       0.93177199233582608     
   24.350000000000001       0.93213780959780779     
   24.400000000000002       0.93372334955043179     
   24.450000000000003       0.93293039692848856     
   24.500000000000004       0.93233253878685429     
   24.550000000000001       0.93228537128500510     
   24.600000000000001       0.93442058505473968     
   24.650000000000002       0.93430156827811295     
   24.700000000000003       0.93386206552902329     
   24.750000000000000       0.93158896537237634     
   24.800000000000004       0.93091191563960562     
   24.850000000000001       0.93016810554469842     
   24.900000000000002       0.93085937783046757     
   24.949999999999999       0.93128336253878163     
   25.000000000000004       0.93211550740042803     
   25.050000000000001       0.93008882496586653     
   25.100000000000001       0.93069699561088648     
   25.150000000000002       0.93066163479164354     
   25.200000000000003       0.93092380083132165     
   25.250000000000000       0.92855744461101108     
   25.300000000000001       0.93081812402568287     
   25.350000000000001       0.92912718701343877     
   25.400000000000002       0.92962594468530912     
   25.449999999999999       0.92758856785100119     
   25.500000000000004       0.92424094050240480     
   25.550000000000001       0.92382531491226949     
   25.600000000000001       0.92382665237564621     
   25.650000000000006       0.92465828790581528     
   25.700000000000003       0.92459361399958861     
   25.750000000000004       0.92366015037201910     
   25.800000000000001       0.92469538355124514     
   25.850000000000005       0.92413745247288592     
   25.900000000000002       0.92534822896697222     
   25.950000000000003       0.92442955395116611     
   26.000000000000004       0.92504644061380537     
   26.050000000000004       0.92598574357656349     
   26.100000000000001       0.92699280185101252     
   26.150000000000002       0.92810931199579949     
   26.200000000000003       0.92444982386013119     
   26.250000000000004       0.92327503535256616     
   26.300000000000001       0.92169446925168197     
   26.350000000000005       0.92233354905085252     
   26.400000000000002       0.92297486783795446     
   26.450000000000003       0.92332057502808196     
   26.500000000000000       0.92451051533236928     
   26.550000000000004       0.92431864820985243     
   26.600000000000001       0.92480920732639360     
   26.650000000000002       0.92664412444388622     
   26.700000000000003       0.92880047301694091     
   26.750000000000004       0.92894517191968229     
   26.800000000000001       0.92829402315630760     
   26.850000000000001       0.92884030257119488     
   26.900000000000002       0.92963421550596292     
   26.950000000000003       0.92988883295246161     
   27.000000000000000       0.92955132065612522     
   27.050000000000004       0.93006553605123166     
   27.100000000000001       0.92936758052161206     
   27.150000000000002       0.92919660734406917     
   27.199999999999999       0.92557414454989495     
   27.250000000000004       0.92626031835357114     
   27.300000000000001       0.92622957422632002     
   27.350000000000001       0.92559621208833398     
   27.400000000000002       0.92828745747746144     
   27.450000000000003       0.92904269982370413     
   27.500000000000000       0.93192544159419521     
   27.550000000000004       0.93000344372647215     
   27.600000000000001       0.92951594595325970     
   27.650000000000002       0.93253011273833941     
   27.699999999999999       0.93113085400313500     
   27.750000000000004       0.93321432552702910     
   27.800000000000004       0.93410025161055410     
   27.850000000000001       0.93431903536211391     
   27.900000000000006       0.93534666143463108     
   27.950000000000003       0.93459935400985572     
   28.000000000000004       0.93543648160296378     
   28.050000000000001       0.93599851469438566     
   28.100000000000005       0.93538293012591156     
   28.150000000000002       0.93480815312697541     
   28.200000000000003       0.93622979799147088     
   28.250000000000004       0.93618416741817623     
   28.300000000000004       0.93515431684501682     
   28.350000000000001       0.93385560380303168     
   28.400000000000002       0.93370867939391589     
   28.450000000000003       0.93453434159920168     
   28.500000000000004       0.93662561132663535     
   28.550000000000001       0.93462331388123920     
   28.600000000000005       0.93585494353185505     
   28.650000000000002       0.93659647306401106     
   28.700000000000003       0.93596707890266473     
   28.750000000000000       0.93483983837092888     
   28.800000000000004       0.93526245769446803     
   28.850000000000001       0.93524168861038748     
   28.900000000000002       0.93558954057490518     
   28.950000000000003       0.93612464958218200     
   29.000000000000004       0.93576892230103259     
   29.050000000000001       0.93469833689484771     
   29.100000000000001       0.93596921133525701     
   29.150000000000002       0.93619995418463020     
   29.200000000000003       0.93544391714605257     
   29.250000000000000       0.93611118851630026     
   29.300000000000004       0.93596754887410183     
   29.350000000000001       0.93643955681311086     
   29.400000000000002       0.93559176321492876     
   29.449999999999999       0.93517155849709921     
   29.500000000000004       0.93457462154494420     
   29.550000000000001       0.93278059970006522     
   29.600000000000001       0.93154055059815755     
   29.650000000000002       0.93117937565662623     
   29.700000000000003       0.93073639290753019     
   29.750000000000000       0.93115039080473339     
   29.800000000000004       0.93235422381824340     
   29.850000000000001       0.93234807818799736     
   29.900000000000002       0.93296439953775534     
   29.950000000000003       0.93223854087331692     
   30.000000000000004       0.93224456765627473     
   30.050000000000004       0.93261375427759596     
   30.100000000000001       0.93294477847393853     
   30.150000000000006       0.93237555915029913     
   30.200000000000003       0.93262784112998887     
   30.250000000000004       0.93319696285490927     
   30.300000000000001       0.93340705267291746     
   30.350000000000005       0.93172422502031060     
   30.400000000000002       0.93434126044785037     
   30.450000000000003       0.93559956492064633     
   30.500000000000004       0.93408779575890311     
   30.550000000000004       0.93253239695305734     
   30.600000000000001       0.93288466469176634     
   30.650000000000002       0.93275263418229948     
   30.700000000000003       0.93150304208864931     
   30.750000000000004       0.93401197244519452     
   30.800000000000001       0.93313068197939097     
   30.850000000000005       0.93225277249312244     
   30.900000000000002       0.93398962311685396     
   30.950000000000003       0.93190945932304525     
   31.000000000000000       0.92969804290323155     
   31.050000000000004       0.93060873316042758     
   31.100000000000001       0.92808966755524258     
   31.150000000000002       0.92659946471058163     
   31.200000000000003       0.92647315948150433     
   31.250000000000004       0.92621646517200873     
   31.300000000000001       0.92569373732429505     
   31.350000000000005       0.92361404456612395     
   31.400000000000002       0.92491174069825088     
   31.450000000000003       0.92509210301672351     
   31.500000000000000       0.92362775262642416     
   31.550000000000004       0.92433450821817087     
   31.600000000000001       0.92542199298234440     
   31.650000000000002       0.92861719927382869     
   31.700000000000003       0.92781921472751860     
   31.750000000000004       0.92738266529969537     
   31.800000000000001       0.92798996814761581     
   31.850000000000001       0.92624170784930493     
   31.900000000000002       0.92777345721191729     
   31.950000000000003       0.92807219867789648     
   32.000000000000007       0.92677309191890556     
   32.050000000000004       0.92368862713930544     
   32.100000000000001       0.92357143604102954     
   32.150000000000006       0.92582391156996091     
   32.200000000000003       0.92529898360224672     
   32.250000000000000       0.92645766652883887     
   32.299999999999997       0.92873227465620312     
   32.350000000000001       0.92821542028934712     
   32.400000000000006       0.92977678090459204     
   32.450000000000003       0.93051953502671458     
   32.500000000000000       0.93051971868788086     
   32.550000000000004       0.93337915191143472     
   32.600000000000001       0.93457504593943619     
   32.650000000000006       0.93591881536418997     
   32.700000000000003       0.93283310133499664     
   32.750000000000000       0.93374546770029598     
   32.800000000000004       0.93429909346710838     
   32.850000000000009       0.93409052545963522     
   32.899999999999999       0.93354956457636595     
   32.950000000000003       0.93178897443499187     
   33.000000000000007       0.93272568546937762     
   33.050000000000004       0.93243043191191055     
   33.100000000000001       0.93300723003413588     
   33.149999999999999       0.93450711428879396     
   33.200000000000003       0.93418896405337337     
   33.250000000000007       0.93464612950970472     
   33.299999999999997       0.93347962859510036     
   33.350000000000001       0.93255766450667055     
   33.400000000000006       0.93122640206953211     
   33.450000000000003       0.93140581615542650     
   33.500000000000000       0.93257839300573531     
   33.550000000000004       0.92898969280897248     
   33.600000000000001       0.92877521013755526     
   33.650000000000006       0.92827742483647080     
   33.700000000000003       0.93006958912911686     
   33.750000000000000       0.93105011581722874     
   33.800000000000004       0.93107558980907401     
   33.850000000000001       0.93037469339664747     
   33.899999999999999       0.93034611275733481     
   33.950000000000003       0.92753975613624562     
   34.000000000000000       0.92576647053742622     
   34.050000000000004       0.92442070229352480     
   34.100000000000001       0.92502982627781472     
   34.149999999999999       0.92283456169560341     
   34.200000000000003       0.92230203231258456     
   34.250000000000007       0.92371619368847591     
   34.300000000000004       0.92087991696204075     
   34.350000000000001       0.92000428582315874     
   34.400000000000006       0.91973771773484969     
   34.450000000000003       0.92081652944683678     
   34.500000000000007       0.92079586272409197     
   34.550000000000004       0.92021375433726027     
   34.600000000000001       0.91945154800067830     
   34.650000000000006       0.92150668085512122     
   34.700000000000003       0.92204475506085815     
   34.750000000000000       0.92017177986857113     
   34.800000000000004       0.92088804280805037     
   34.850000000000001       0.92230695694869635     
   34.900000000000006       0.92394593390247470     
   34.950000000000003       0.92342226532339322     
   35.000000000000000       0.92213830249703099     
   35.050000000000004       0.92282905140365734     
   35.100000000000009       0.92164323965116590     
   35.149999999999999       0.92160198453958286     
   35.200000000000003       0.92191521496988826     
   35.250000000000007       0.92387234850986455     
   35.300000000000004       0.92347868402368427     
   35.350000000000001       0.92256774635711469     
   35.399999999999999       0.91997642122659973     
   35.450000000000003       0.91834009502625646     
   35.500000000000007       0.92126180062092644     
   35.549999999999997       0.91972007241030196     
   35.600000000000001       0.91714523164391404     
   35.650000000000006       0.91861333072618290     
   35.700000000000003       0.92078346181695725     
   35.750000000000000       0.91892311597665222     
   35.800000000000004       0.92031596819034489     
   35.850000000000001       0.92097498720137916     
   35.900000000000006       0.92038624672527736     
   35.950000000000003       0.91922103161033553     
   36.000000000000000       0.91976203771492782     
   36.050000000000004       0.92145492393505446     
   36.100000000000009       0.92107473836418008     
   36.149999999999999       0.92029297984531422     
   36.200000000000003       0.92127098271683450     
   36.250000000000000       0.92095386667157098     
   36.300000000000004       0.92224151240135244     
   36.350000000000009       0.92421265708436562     
   36.399999999999999       0.92400454309338376     
   36.450000000000003       0.92390494949522572     
   36.500000000000007       0.92194137211940497     
   36.550000000000004       0.91933823871111875     
   36.600000000000001       0.91969447961710393     
   36.650000000000006       0.92038419110360548     
   36.700000000000003       0.92176754382652704     
   36.750000000000007       0.92430873279870318     
   36.800000000000004       0.92530551646680792     
   36.850000000000001       0.92580341873335670     
   36.900000000000006       0.92720599550261285     
   36.950000000000003       0.92773847191002301     
   37.000000000000000       0.92914976807498950     
   37.050000000000004       0.93005510002464420     
   37.100000000000001       0.92985361831884927     
   37.150000000000006       0.92920815858377570     
   37.200000000000003       0.92937867531013485     
   37.250000000000000       0.93273812613707063     
   37.300000000000004       0.93361864456329369     
   37.350000000000009       0.93207068843559771     
   37.399999999999999       0.93048593403315771     
   37.450000000000003       0.93143659148095503     
   37.500000000000007       0.93150523866256962     
   37.550000000000004       0.93271069739292656     
   37.600000000000001       0.93229160004823486     
   37.649999999999999       0.93164802068254948     
   37.700000000000003       0.93195517135844075     
   37.750000000000007       0.93061956820187830     
   37.799999999999997       0.93023921106526519     
   37.850000000000001       0.93053053485077275     
   37.900000000000006       0.92940895733329743     
   37.950000000000003       0.93013006401988763     
   38.000000000000000       0.93084498345849498     
   38.050000000000004       0.92910404564055482     
   38.100000000000001       0.92961359933434240     
   38.150000000000006       0.92843988883253259     
   38.200000000000003       0.92889535380490817     
   38.250000000000000       0.92963098846856063     
   38.300000000000004       0.93131414563239956     
   38.350000000000009       0.92887030280729188     
   38.399999999999999       0.92935058332582643     
   38.450000000000003       0.92820196471081318     
   38.500000000000000       0.92905818754135228     
   38.550000000000004       0.92621314234173147     
   38.600000000000009       0.92795023449324365     
   38.649999999999999       0.92877148596093007     
   38.700000000000003       0.92850894291202712     
   38.750000000000007       0.92783316739758426     
   38.800000000000004       0.92741428211204446     
   38.850000000000001       0.92679617771615419     
   38.900000000000006       0.92693132147746915     
   38.950000000000003       0.92779465622663315     
   39.000000000000007       0.92727983232368183     
   39.050000000000004       0.92757071422730919     
   39.100000000000001       0.93039707577691488     
   39.150000000000006       0.93080872867412545     
   39.200000000000003       0.92804812233211664     
   39.250000000000000       0.92910711831321502     
   39.300000000000004       0.92958085304433269     
   39.350000000000001       0.92862526136080392     
   39.400000000000006       0.92857571385128401     
   39.450000000000003       0.92611271928556071     
   39.500000000000000       0.92649221194068609     
   39.550000000000004       0.92856337873167294     
   39.600000000000009       0.92849176290234370     
   39.649999999999999       0.92948854321737784     
   39.700000000000003       0.92834089622119731     
   39.750000000000007       0.92691699183189191     
   39.800000000000004       0.92910084971452211     
   39.850000000000001       0.92984608629826804     
   39.899999999999999       0.93072385113984724     
   39.950000000000003       0.93117987756498721     
   40.000000000000007       0.93162122052209806     
   40.049999999999997       0.92872606853126460     
   40.100000000000001       0.92773694015585106     
   40.150000000000006       0.92952184401546356     
   40.200000000000003       0.92950397812689523     
   40.250000000000000       0.93036293863802533     
   40.300000000000004       0.93197295546296433     
   40.350000000000001       0.92982036354133257     
   40.400000000000006       0.92958041388572643     
   40.450000000000003       0.92692235560487646     
   40.500000000000000       0.92835465164348363     
   40.550000000000004       0.92693234060279317     
   40.600000000000009       0.92314838517732623     
   40.650000000000006       0.92275216085411760     
   40.700000000000003       0.92241919715877996     
   40.750000000000000       0.92116239617631168     
   40.800000000000004       0.91951444432331342     
   40.850000000000009       0.91756315560853874     
   40.899999999999999       0.91765652498402306     
   40.950000000000003       0.91942499044418435     
   41.000000000000007       0.92052155365839217     
   41.050000000000004       0.92147591504638737     
   41.100000000000001       0.92301082923661060     
   41.150000000000006       0.92180762509769976     
   41.200000000000003       0.92141998564822969     
   41.250000000000007       0.92364813489689934     
   41.300000000000004       0.92245007234151355     
   41.350000000000001       0.92239932355851628     
   41.400000000000006       0.92203923202984539     
   41.450000000000003       0.92462635689378980     
   41.500000000000000       0.92376464824123183     
   41.550000000000004       0.92052029024974624     
   41.600000000000001       0.92195870815945524     
   41.650000000000006       0.92042361276104245     
   41.700000000000003       0.91895755999150175     
   41.750000000000000       0.92020790080513504     
   41.800000000000004       0.91832666461417256     
   41.850000000000009       0.91706165833795539     
   41.899999999999999       0.92050856310369522     
   41.950000000000003       0.91953228983488700     
   42.000000000000007       0.91965899576921128     
   42.050000000000004       0.91870582954608926     
   42.100000000000001       0.91937108177563698     
   42.150000000000006       0.91972757411712747     
   42.200000000000003       0.92117053600488719     
   42.250000000000007       0.92451889594188652     
   42.299999999999997       0.92627820817995143     
   42.350000000000001       0.92490972592430620     
   42.400000000000006       0.92423236199585568     
   42.450000000000003       0.92377688315926287     
   42.500000000000000       0.92524316718082678     
   42.550000000000004       0.92542747254518931     
   42.600000000000001       0.92827051057492871     
   42.650000000000006       0.93151551671281863     
   42.700000000000010       0.93012123721658213     
   42.750000000000000       0.92907480558483435     
   42.800000000000004       0.93179547955305819     
   42.850000000000009       0.93162465093614699     
   42.900000000000006       0.93359038237754177     
   42.950000000000003       0.93306750002138417     
   43.000000000000000       0.93231595981738324     
   43.050000000000004       0.93086399536952835     
   43.100000000000009       0.93228652852137162     
   43.149999999999999       0.93219684001932823     
   43.200000000000003       0.93260932919076600     
   43.250000000000007       0.93077531644192024     
   43.300000000000004       0.92869735869476744     
   43.350000000000001       0.92951046693331485     
   43.400000000000006       0.93130744914040953     
   43.450000000000003       0.93016021133415638     
   43.500000000000007       0.92929131294222933     
   43.550000000000004       0.93006628154354232     
   43.600000000000001       0.93120653519841412     
   43.650000000000006       0.93307050960789883     
   43.700000000000010       0.93142513612216649     
   43.750000000000000       0.93136198300932349     
   43.800000000000004       0.93269811963918781     
   43.850000000000001       0.93277971506394874     
   43.900000000000006       0.93210264906373719     
   43.950000000000003       0.93424126244064132     
   44.000000000000000       0.93370762878615587     
   44.050000000000004       0.93343922545177926     
   44.100000000000009       0.93631821219706468     
   44.149999999999999       0.93605697485443784     
   44.200000000000003       0.93743584243405231     
   44.250000000000007       0.93443840011666612     
   44.300000000000004       0.93335728364340154     
   44.350000000000001       0.93582301199048701     
   44.400000000000006       0.93768620480936149     
   44.450000000000003       0.93702913188947923     
   44.500000000000007       0.93566923737238128     
   44.549999999999997       0.93596985436288715     
   44.600000000000001       0.93732936065470551     
   44.650000000000006       0.93876794861971602     
   44.700000000000003       0.93912041537238111     
   44.750000000000000       0.93721629492266767     
   44.800000000000004       0.93773351692441831     
   44.850000000000001       0.93380098216810337     
   44.900000000000006       0.93433425289513194     
   44.950000000000010       0.93438369040527869     
   45.000000000000000       0.93492685548001953     
   45.050000000000004       0.93374631424971877     
   45.100000000000009       0.93303206473843958     
   45.150000000000006       0.92946319725687010     
   45.200000000000003       0.92769936275167608     
   45.250000000000000       0.92838720071014924     
   45.300000000000004       0.92962532130710507     
   45.350000000000009       0.92833221466530635     
   45.399999999999999       0.92653357686537485     
   45.450000000000003       0.92294645668347597     
   45.500000000000007       0.92353692675518040     
   45.550000000000004       0.92161554246672317     
   45.600000000000001       0.92104992315185563     
   45.650000000000006       0.92362118257689452     
   45.700000000000003       0.92339960548738664     
   45.750000000000007       0.92154785401872941     
   45.800000000000004       0.91986574107814123     
   45.850000000000001       0.92127854670686971     
   45.900000000000006       0.92102397563589100     
   45.950000000000010       0.92145760248845443     
   46.000000000000000       0.92088149628790428     
   46.050000000000004       0.92294222690429917     
   46.100000000000001       0.92326724196735677     
   46.150000000000006       0.92489278449705281     
   46.200000000000003       0.92601497368374408     
   46.250000000000000       0.92818401097534164     
   46.300000000000004       0.92793456687119125     
   46.350000000000009       0.92526235807179702     
   46.399999999999999       0.92706239851274308     
   46.450000000000003       0.92885996261413006     
   46.500000000000007       0.92742964746398315     
   46.550000000000004       0.92650471317769068     
   46.600000000000001       0.92871277997295176     
   46.650000000000006       0.92669286980460219     
   46.700000000000003       0.92639394321625945     
   46.750000000000007       0.92607090212649190     
   46.799999999999997       0.92698755060754845     
   46.850000000000001       0.92862480458552565     
   46.900000000000006       0.92953241068139458     
   46.950000000000003       0.92995427460500790     
   47.000000000000007       0.93185712673582421     
   47.050000000000004       0.93029600837249105     
   47.100000000000001       0.93012701331949077     
   47.150000000000006       0.92749171637503114     
   47.200000000000010       0.92845864556484414     
   47.250000000000000       0.92806792812090977     
   47.300000000000004       0.92877962424700078     
   47.350000000000009       0.92961227620490816     
   47.400000000000006       0.92995413662584647     
   47.450000000000003       0.93060800210457295     
   47.500000000000007       0.92898490575275094     
   47.550000000000004       0.92923127841776820     
   47.600000000000009       0.92738074096795364     
   47.649999999999999       0.92589963962712496     
   47.700000000000003       0.92453488872179967     
   47.750000000000007       0.92220943970443936     
   47.800000000000004       0.92311834542206428     
   47.850000000000001       0.91870931365864117     
   47.900000000000006       0.91831250215152171     
   47.950000000000003       0.91514364928846681     
   48.000000000000007       0.91582370909738031     
   48.050000000000004       0.91468779980619119     
   48.100000000000001       0.91540458242616496     
   48.150000000000006       0.91451328372500251     
   48.200000000000010       0.91130025249341751     
   48.250000000000000       0.91023472338411127     
   48.300000000000004       0.90985951318936487     
   48.350000000000001       0.90910433160467119     
   48.400000000000006       0.90975889971079371     
   48.450000000000003       0.91097717446691429     
   48.500000000000000       0.91036904442145627     
   48.550000000000004       0.90953447731234160     
   48.600000000000009       0.90925234829696733     
   48.649999999999999       0.91030214800709319     
   48.700000000000003       0.90876238747190130     
   48.750000000000007       0.90980670564586608     
   48.800000000000004       0.91136514734213792     
   48.850000000000001       0.91313273213717916     
   48.900000000000006       0.91441544748193626     
   48.950000000000003       0.91478048319629557     
   49.000000000000007       0.91411204741864438     
   49.049999999999997       0.91312407760660808     
   49.100000000000001       0.91211931118031453     
   49.150000000000006       0.91382841897683165     
   49.200000000000003       0.91183571218504289     
   49.250000000000007       0.91305437616578722     
   49.300000000000004       0.91004533422874012     
   49.350000000000001       0.91111337578595386     
   49.400000000000006       0.91003378542209090     
   49.450000000000010       0.90943927014417891     
   49.500000000000000       0.90743974308233732     
   49.550000000000004       0.90545947375661251     
   49.600000000000009       0.90285605708632621     
   49.650000000000006       0.90513089688707216     
   49.700000000000003       0.90401155889039297     
   49.750000000000007       0.90640391660950659     
   49.800000000000004       0.90625384114217356     
   49.850000000000009       0.90624597222312908     
   49.899999999999999       0.90398249720760060     
   49.950000000000003       0.90708027564660387     
   50.000000000000007       0.90822649846926773     
   50.050000000000004       0.91031089154722644     
   50.100000000000001       0.91095748808199783     
   50.150000000000006       0.90879336861091498     
   50.200000000000003       0.90662963989618195     
   50.250000000000007       0.90714110417291749     
   50.300000000000004       0.90837858632548230     
   50.350000000000001       0.90786847789386982     
   50.400000000000006       0.90752541299852829     
   50.450000000000010       0.90894300830590991     
   50.500000000000000       0.90932832453693591     
   50.550000000000004       0.90795444420007332     
   50.600000000000001       0.91029580935582544     
   50.650000000000006       0.91105627762801167     
   50.700000000000003       0.90882583903010017     
   50.750000000000000       0.90893391622326092     
   50.800000000000004       0.91234808859221816     
   50.850000000000009       0.91284260850650412     
   50.899999999999999       0.91335284628231939     
   50.950000000000003       0.91497730807888800     
   51.000000000000007       0.91497919264350613     
   51.050000000000004       0.91834738180551834     
   51.100000000000001       0.91818503677813690     
   51.150000000000006       0.91569182563661056     
   51.200000000000003       0.91775541151192219     
   51.250000000000007       0.91670932411485451     
   51.300000000000011       0.91751739503074692     
   51.350000000000001       0.92006767611346574     
   51.400000000000006       0.91913584001637028     
   51.450000000000003       0.92007370624706653     
   51.500000000000007       0.92018141797641329     
   51.550000000000004       0.91942753728981008     
   51.600000000000001       0.91984767780508869     
   51.650000000000006       0.92015359405203956     
   51.700000000000010       0.91888503877818561     
   51.750000000000000       0.91987287679593710     
   51.800000000000004       0.91961125789880149     
   51.850000000000009       0.92349010037848189     
   51.900000000000006       0.92652085193703493     
   51.950000000000003       0.92750743554338189     
   52.000000000000007       0.92854333873998618     
   52.050000000000004       0.93126602899682598     
   52.100000000000009       0.93206851234368615     
   52.149999999999999       0.93051825904616614     
   52.200000000000003       0.92824414594877502     
   52.250000000000007       0.92683432939062815     
   52.300000000000004       0.92780200414618241     
   52.350000000000001       0.92771355046085713     
   52.400000000000006       0.92911833311228909     
   52.450000000000003       0.92921325471862692     
   52.500000000000007       0.92925753446492099     
   52.550000000000004       0.93100049458630496     
   52.600000000000001       0.93063414581652570     
   52.650000000000006       0.93295847114431829     
   52.700000000000010       0.93295939283630691     
   52.750000000000000       0.93166543673571800     
   52.800000000000004       0.93023562012223460     
   52.850000000000001       0.92974885854971145     
   52.900000000000006       0.92764166816418692     
   52.950000000000003       0.92909690846248449     
   53.000000000000000       0.92778306971315527     
   53.050000000000004       0.92775566472609949     
   53.100000000000009       0.92603440319547992     
   53.149999999999999       0.92245321203056430     
   53.200000000000003       0.92290392710846847     
   53.250000000000007       0.92300861926576772     
   53.300000000000004       0.92091507858884825     
   53.350000000000009       0.92194391618601279     
   53.400000000000006       0.92243427757749519     
   53.450000000000003       0.92120181676760304     
   53.500000000000007       0.91996870807141107     
   53.550000000000011       0.91856815096512012     
   53.600000000000001       0.91987863356793265     
   53.650000000000006       0.92117964392419438     
   53.700000000000003       0.92205988608362688     
   53.750000000000007       0.92498634869032859     
   53.800000000000004       0.92318282033611898     
   53.850000000000001       0.92524057466880771     
   53.900000000000006       0.92403704069634840     
   53.950000000000010       0.92241903868070008     
   54.000000000000000       0.92445284798747784     
   54.050000000000004       0.92690140756018269     
   54.100000000000009       0.92528654964173984     
   54.150000000000006       0.92423117923697395     
   54.200000000000003       0.92107313131587965     
   54.250000000000007       0.92259499950656687     
   54.300000000000004       0.92108234492041319     
   54.350000000000009       0.92359718309070560     
   54.399999999999999       0.92194288878472697     
   54.450000000000003       0.92217086959374761     
   54.500000000000007       0.92535787591986352     
   54.550000000000004       0.92404460857551041     
   54.600000000000001       0.92494727526514298     
   54.650000000000006       0.92419571662150002     
   54.700000000000003       0.92463433433235831     
   54.750000000000007       0.92533545630866187     
   54.800000000000004       0.92397922959143053     
   54.850000000000001       0.92442923440831937     
   54.900000000000006       0.92394802811718135     
   54.950000000000010       0.92334690813156639     
   55.000000000000000       0.92530418065839282     
   55.050000000000004       0.92689139106745455     
   55.100000000000009       0.92551516181040905     
   55.150000000000006       0.92259284878258907     
   55.200000000000003       0.92237334468661925     
   55.250000000000000       0.92117421288047396     
   55.300000000000004       0.92274565939212227     
   55.350000000000009       0.92030838755931132     
   55.399999999999999       0.91973145251270327     
   55.450000000000003       0.92190494990531402     
   55.500000000000007       0.92230795939773180     
   55.550000000000004       0.91807575971407118     
   55.600000000000009       0.91864187663885533     
   55.650000000000006       0.91871088878192408     
   55.700000000000003       0.92120909954825647     
   55.750000000000007       0.92193123048572656     
   55.800000000000011       0.92101885011454987     
   55.850000000000001       0.92162244238385915     
   55.900000000000006       0.92174484740156348     
   55.950000000000003       0.92365853322381941     
   56.000000000000007       0.92523927188929644     
   56.050000000000004       0.92399401597984498     
   56.100000000000001       0.92458222049256211     
   56.150000000000006       0.92599255400786018     
   56.200000000000010       0.92417894631546571     
   56.250000000000000       0.92386944426968809     
   56.300000000000004       0.92374945451932944     
   56.350000000000009       0.92200007595931333     
   56.400000000000006       0.92335286239164016     
   56.450000000000003       0.92254914725646864     
   56.500000000000007       0.92455702501180292     
   56.550000000000004       0.92474011760006514     
   56.600000000000009       0.92537673136147824     
   56.649999999999999       0.92262100342864706     
   56.700000000000003       0.91959570786820777     
   56.750000000000007       0.91986598511737427     
   56.800000000000004       0.92120318066772844     
   56.850000000000001       0.92469314349430487     
   56.900000000000006       0.92470647306978115     
   56.950000000000003       0.92542361268029705     
   57.000000000000007       0.92424103393679780     
   57.050000000000004       0.92425975201942079     
   57.100000000000001       0.92368353140160886     
   57.150000000000006       0.92285213862036264     
   57.200000000000010       0.92356320987582508     
   57.250000000000000       0.92340430852997091     
   57.300000000000004       0.92488779537374854     
   57.350000000000009       0.92614905319288088     
   57.400000000000006       0.92539029406805684     
   57.450000000000003       0.92918365896407318     
   57.500000000000000       0.92840720297908297     
   57.550000000000004       0.92907365277956455     
   57.600000000000009       0.92920182297977616     
   57.650000000000006       0.92870896166587724     
   57.700000000000003       0.92847382755451668     
   57.750000000000007       0.92724283083609016     
   57.800000000000004       0.92648073124325747     
   57.850000000000009       0.92556190184598619     
   57.900000000000006       0.92663250320363488     
   57.950000000000003       0.92636211981507599     
   58.000000000000007       0.92965757040621866     
   58.050000000000011       0.92968807343618143     
   58.100000000000001       0.93088719852718615     
   58.150000000000006       0.92982021560854833     
   58.200000000000003       0.93135857262501964     
   58.250000000000007       0.93190317037344494     
   58.300000000000004       0.93238272575142334     
   58.350000000000001       0.93311970845909087     
   58.400000000000006       0.93095734142572328     
   58.450000000000010       0.92839565364110577     
   58.500000000000000       0.92825096646713268     
   58.550000000000004       0.93141746788502866     
   58.600000000000009       0.93201283319953443     
   58.650000000000006       0.93103919953234249     
   58.700000000000003       0.92977378483543616     
   58.750000000000007       0.93259047865347333     
   58.800000000000004       0.93228103196949785     
   58.850000000000009       0.93298094142982013     
   58.899999999999999       0.93314827824226265     
   58.950000000000003       0.93208123220291572     
   59.000000000000007       0.93209677404926305     
   59.050000000000004       0.93296690149258810     
   59.100000000000001       0.93288076290466360     
   59.150000000000006       0.93517321733772985     
   59.200000000000003       0.93400843627503538     
   59.250000000000007       0.93422062185513599     
   59.300000000000004       0.93480067020040447     
   59.350000000000001       0.93421292586607685     
   59.400000000000006       0.93600500139866583     
   59.450000000000010       0.93636593216150255     
   59.500000000000000       0.93558856389296252     
   59.550000000000004       0.93659928858100439     
   59.600000000000009       0.93717600093910824     
   59.650000000000006       0.93821197181608262     
   59.700000000000003       0.93738919011991428     
   59.750000000000000       0.93700201200469224     
   59.800000000000004       0.93365513214338869     
   59.850000000000009       0.93337750469031566     
   59.900000000000006       0.93072410081087442     
   59.950000000000003       0.93399942621844734     
   60.000000000000007       0.93368531209075289     
   60.050000000000004       0.93581781557005572     
   60.100000000000009       0.93698433386130742     
   60.150000000000006       0.93488575255045048     
   60.200000000000003       0.93122717432157631     
   60.250000000000007       0.93011109541129011     
   60.300000000000011       0.93014480619997253     
   60.350000000000001       0.92975083775043832     
   60.400000000000006       0.92877453435825008     
   60.450000000000003       0.92437569983266465     
   60.500000000000007       0.92218946901094079     
   60.550000000000004       0.92391381263346528     
   60.600000000000001       0.92569677335016654     
   60.650000000000006       0.92429057565103312     
   60.700000000000010       0.92417198595976746     
   60.750000000000000       0.92327088527075241     
   60.800000000000004       0.92323928883199935     
   60.850000000000009       0.92298667442397142     
   60.900000000000006       0.92134274956658258     
   60.950000000000003       0.92447270128758230     
   61.000000000000007       0.92254615687249186     
   61.050000000000004       0.92616397293303887     
   61.100000000000009       0.92536236779554248     
   61.150000000000006       0.92395245622629441     
   61.200000000000003       0.92263479287551875     
   61.250000000000007       0.92246152749654220     
   61.300000000000004       0.92150231724625342     
   61.350000000000001       0.92022247238333965     
   61.400000000000006       0.91976905630355010     
   61.450000000000003       0.92169128921955179     
   61.500000000000007       0.92144332077691027     
   61.550000000000004       0.92037544673358795     
   61.600000000000001       0.92220990503909706     
   61.650000000000006       0.92171000223172772     
   61.700000000000010       0.92154921244155563     
   61.750000000000000       0.92321655837964223     
   61.800000000000004       0.92545576072805136     
   61.850000000000009       0.92388150177541117     
   61.900000000000006       0.92365890018247665     
   61.950000000000010       0.92274946651760503     
   62.000000000000000       0.92261810693886848     
   62.050000000000004       0.92237829150023432     
   62.100000000000009       0.92247086782543919     
   62.150000000000006       0.92602893758700311     
   62.200000000000003       0.92593834047431256     
   62.250000000000007       0.92429049797232965     
   62.300000000000004       0.92609098395039247     
   62.350000000000009       0.92814456870221007     
   62.400000000000006       0.92459474905102468     
   62.450000000000003       0.92230355107105444     
   62.500000000000007       0.92157462773984400     
   62.550000000000011       0.92226996679168649     
   62.600000000000001       0.92556591341294392     
   62.650000000000006       0.92705374817219288     
   62.700000000000010       0.92542971247648820     
   62.750000000000007       0.92582978780051239     
   62.800000000000004       0.92521537811059895     
   62.850000000000001       0.92547336025766047     
   62.900000000000006       0.92588318832894967     
   62.950000000000010       0.92532047888166424     
   63.000000000000000       0.92381607076800498     
   63.050000000000004       0.92691628710249940     
   63.100000000000009       0.92705592242952195     
   63.150000000000006       0.92464086613654395     
   63.200000000000003       0.92820215364454661     
   63.250000000000007       0.92843053077973758     
   63.300000000000004       0.92921337445582552     
   63.350000000000009       0.92835189692191611     
   63.400000000000006       0.92771929126693486     
   63.450000000000003       0.92998297898007165     
   63.500000000000007       0.93080965927093284     
   63.550000000000004       0.93116800824841195     
   63.600000000000001       0.93147694854084540     
   63.650000000000006       0.93211979772766695     
   63.700000000000003       0.93040433459570726     
   63.750000000000007       0.92855722101959981     
   63.800000000000004       0.93169684704738642     
   63.850000000000001       0.93381198178843949     
   63.900000000000006       0.93115148548644378     
   63.950000000000010       0.92969539065338658     
   64.000000000000014       0.93025761014502750     
   64.049999999999997       0.92758976636103108     
   64.100000000000009       0.92804591469496123     
   64.150000000000006       0.93080727898122428     
   64.200000000000003       0.93134938600851069     
   64.250000000000000       0.93216039491551150     
   64.300000000000011       0.93295973586758807     
   64.350000000000009       0.93176344031933578     
   64.400000000000006       0.93123018851999306     
   64.450000000000003       0.93227270365693937     
   64.500000000000000       0.93054793394446667     
   64.550000000000011       0.93083732781419259     
   64.599999999999994       0.93005210377913061     
   64.650000000000006       0.93209109561617653     
   64.700000000000003       0.93027216755906317     
   64.750000000000000       0.92929881398413527     
   64.800000000000011       0.93113334786563318     
   64.850000000000009       0.93029436397290988     
   64.900000000000006       0.93191732605554167     
   64.950000000000003       0.93325956092170892     
   65.000000000000000       0.93405187514588262     
   65.049999999999997       0.93253279265574707     
   65.100000000000009       0.93195027848488299     
   65.150000000000006       0.93409335938191251     
   65.200000000000003       0.93370332095608044     
   65.250000000000014       0.93458867516401456     
   65.300000000000011       0.93323326562125153     
   65.349999999999994       0.93249065891320670     
   65.400000000000006       0.93233225563174049     
   65.450000000000003       0.93082668791911449     
   65.500000000000000       0.92997593362710795     
   65.550000000000011       0.93088416435146981     
   65.600000000000009       0.92914683182388558     
   65.650000000000006       0.92732720326801976     
   65.700000000000017       0.92602445035439340     
   65.750000000000000       0.92663862983428269     
   65.799999999999997       0.92662583943414778     
   65.850000000000009       0.92913307972316395     
   65.900000000000006       0.92712209790475664     
   65.950000000000003       0.92722523024617698     
   66.000000000000014       0.92702603009126938     
   66.050000000000011       0.92679964679048299     
   66.100000000000009       0.92707505867479068     
   66.150000000000006       0.92969172867903715     
   66.200000000000003       0.93209055310821376     
   66.250000000000000       0.93071933209306434     
   66.299999999999997       0.93342503336046501     
   66.350000000000009       0.93382040604178296     
   66.400000000000006       0.93142419485728833     
   66.450000000000003       0.93110773893303711     
   66.500000000000014       0.93240510836998791     
   66.550000000000011       0.93273367359747572     
   66.599999999999994       0.93244937140538764     
   66.650000000000006       0.93271092189967386     
   66.700000000000003       0.93001745307452588     
   66.750000000000000       0.93031073198884950     
   66.800000000000011       0.93023817264772490     
   66.850000000000009       0.92997866650905736     
   66.900000000000006       0.92864407603814692     
   66.950000000000017       0.92781068905643649     
   67.000000000000000       0.92807452818041791     
   67.049999999999997       0.92940806140817311     
   67.100000000000009       0.92988134920511445     
   67.150000000000006       0.92861719845418556     
   67.200000000000003       0.92728700738550907     
   67.250000000000014       0.92624269096427381     
   67.300000000000011       0.92339260163577275     
   67.350000000000009       0.92245902098824217     
   67.400000000000006       0.92323402299362123     
   67.450000000000003       0.92466922746939850     
   67.500000000000000       0.92357740939304434     
   67.550000000000011       0.92300972854468277     
   67.600000000000009       0.92387525609914734     
   67.650000000000006       0.92382079257054461     
   67.700000000000003       0.92073181713948382     
   67.750000000000014       0.92067558373208735     
   67.799999999999997       0.91926381458442230     
   67.849999999999994       0.91588889808146923     
   67.900000000000006       0.91739192927508428     
   67.950000000000003       0.91549904213121880     
   68.000000000000000       0.91516539668415608     
   68.050000000000011       0.91638714397650189     
   68.100000000000009       0.91846029828007592     
   68.150000000000006       0.91474689742907522     
   68.200000000000003       0.91685348540567102     
   68.250000000000000       0.91687478721086180     
   68.299999999999997       0.91965490036225928     
   68.350000000000009       0.91952437565849865     
   68.400000000000006       0.92080784780771097     
   68.450000000000003       0.91787173072390726     
   68.500000000000014       0.91786058937566073     
   68.550000000000011       0.92005430057433024     
   68.600000000000009       0.92047178818064745     
   68.650000000000006       0.92205361992589219     
   68.700000000000003       0.92050045441013839     
   68.750000000000000       0.91941467065235860     
   68.800000000000011       0.91904901776312764     
   68.850000000000009       0.91729560457041859     
   68.900000000000006       0.91999678645271987     
   68.950000000000017       0.91850521959586195     
   69.000000000000014       0.91821331260032446     
   69.049999999999997       0.91890399699056546     
   69.100000000000009       0.91979787819682357     
   69.150000000000006       0.91880137196773970     
   69.200000000000003       0.92103712755046929     
   69.250000000000000       0.92065044368079263     
   69.300000000000011       0.92181618015864109     
   69.350000000000009       0.92291691968040912     
   69.400000000000006       0.92447632227596610     
   69.450000000000003       0.92593920760750503     
   69.500000000000000       0.92666320906457877     
   69.549999999999997       0.92625665075247021     
   69.600000000000009       0.92786432081773251     
   69.650000000000006       0.92809123494132695     
   69.700000000000003       0.92762576745446657     
   69.750000000000014       0.92791559273782009     
   69.800000000000011       0.92704946219311812     
   69.849999999999994       0.92849788705207015     
   69.900000000000006       0.92725827730272548     
