   0.0000000000000000       0.99999999999969769     
   8.0000000000000002E-003  0.98859115400686892     
   1.6000000000000000E-002  0.95744590796947482     
   2.3999999999999997E-002  0.91341836459724868     
   3.2000000000000001E-002  0.86741852957256083     
   4.0000000000000001E-002  0.82968695607281295     
   4.7999999999999994E-002  0.80882810291258522     
   5.5999999999999994E-002  0.80907103613125442     
   6.4000000000000001E-002  0.82836002276617038     
   7.1999999999999995E-002  0.85915887543238145     
   8.0000000000000002E-002  0.85348263464998231     
   8.7999999999999995E-002  0.68372791412851130     
   9.5999999999999988E-002  0.37657505136191521     
  0.10400000000000000       -1.8236669714773213E-002
  0.11199999999999999      -0.29790612452271625     
  0.12000000000000000      -0.46878395856610477     
  0.12800000000000000      -0.48726351251845806     
  0.13599999999999998      -0.41358805785482089     
  0.14399999999999999      -0.33145372056313543     
  0.15200000000000000      -0.23725797013659930     
  0.16000000000000000      -0.13786732431522383     
  0.16799999999999998       -5.4013601087915412E-002
  0.17599999999999999        8.5076006003072108E-003
  0.18399999999999997        7.3975793921568042E-002
  0.19199999999999998       0.11252965871917441     
  0.20000000000000001       0.15501805773209784     
  0.20799999999999999       0.20182558747940840     
  0.21600000000000000       0.22724571598527563     
  0.22399999999999998       0.25678478055199228     
  0.23199999999999998       0.28091426892568760     
  0.23999999999999999       0.30852199211527287     
  0.24800000000000000       0.32589371571161180     
  0.25600000000000001       0.32976578192866146     
  0.26399999999999996       0.35152448871089048     
  0.27199999999999996       0.36667374330995400     
  0.28000000000000003       0.37581506036877221     
  0.28799999999999998       0.38512164456886910     
  0.29599999999999999       0.38443496268203603     
  0.30399999999999999       0.38937859633476418     
  0.31200000000000000       0.39857713199970585     
  0.32000000000000001       0.39727443871569257     
  0.32800000000000001       0.40058033149031075     
  0.33599999999999997       0.40359345797637025     
  0.34399999999999997       0.39842138929090254     
  0.35199999999999998       0.39757692346312890     
  0.35999999999999999       0.41021107815496588     
  0.36799999999999994       0.40211389006287379     
  0.37599999999999995       0.39670297514656810     
  0.38399999999999995       0.38166574963978717     
  0.39200000000000002       0.36494506916161329     
  0.40000000000000002       0.34756780186841540     
  0.40799999999999997       0.32718073734280195     
  0.41599999999999998       0.32888608411265402     
  0.42399999999999999       0.31253689720902672     
  0.43200000000000000       0.30376555132828637     
  0.43999999999999995       0.29044120035355409     
  0.44799999999999995       0.28807144175201782     
  0.45599999999999996       0.27488137707892940     
  0.46399999999999997       0.25801360857013839     
  0.47200000000000003       0.22823312777360874     
  0.47999999999999998       0.22297159246177217     
  0.48799999999999999       0.20921394089956688     
  0.49600000000000000       0.19854456314563732     
  0.50400000000000000       0.19567632169260357     
  0.51200000000000001       0.16860695903067668     
  0.52000000000000002       0.17048069746547426     
  0.52799999999999991       0.15355735999185141     
  0.53599999999999992       0.13325894833828450     
  0.54399999999999993       0.13506074133339038     
  0.55199999999999994       0.13077085725103185     
  0.56000000000000005       0.12099628630448937     
  0.56799999999999995       0.11928381075902257     
  0.57599999999999996       0.10470631607447295     
  0.58399999999999996        9.6658429080406477E-002
  0.59199999999999997        7.9532855188952312E-002
  0.59999999999999998        7.6371095582127027E-002
  0.60799999999999998        8.1849280323680801E-002
  0.61599999999999999        8.4877767125315293E-002
  0.62400000000000000        6.9840205227509569E-002
  0.63199999999999990        5.3819947966980169E-002
  0.64000000000000001        7.4066601726288622E-002
  0.64800000000000002        6.4848439074238276E-002
  0.65600000000000003        6.1079738817560542E-002
  0.66400000000000003        6.6948411966899976E-002
  0.67199999999999993        6.5760027357416692E-002
  0.67999999999999994        6.7520949307640313E-002
  0.68799999999999994        5.8769735065327448E-002
  0.69599999999999995        4.7997726990027863E-002
  0.70399999999999996        7.2878846302318542E-002
  0.71199999999999997        8.6279809437243074E-002
  0.71999999999999997        7.5996320392096348E-002
  0.72799999999999987        8.9035846968515506E-002
  0.73599999999999988       0.10188609941739242     
  0.74399999999999988       0.12744718081967027     
  0.75199999999999989       0.12643461639584694     
  0.75999999999999990       0.13720028731306011     
  0.76799999999999990       0.11393227210159484     
  0.77600000000000002       0.12227493531304197     
  0.78400000000000003       0.13496147975380113     
  0.79200000000000004       0.15327522868168755     
  0.80000000000000004       0.16610134735715254     
  0.80799999999999994       0.14043948749906862     
  0.81599999999999995       0.12372321466730168     
  0.82399999999999995       0.12528095736306211     
  0.83199999999999996       0.14061304054192647     
  0.83999999999999997       0.15642019665123408     
  0.84799999999999998       0.15401355009271447     
  0.85599999999999998       0.15486990184207972     
  0.86399999999999999       0.15606107736960362     
  0.87199999999999989       0.16978357590817728     
  0.87999999999999989       0.16786369428092679     
  0.88799999999999990       0.17111847408129577     
  0.89599999999999991       0.18178560301303959     
  0.90399999999999991       0.18639222679457793     
  0.91199999999999992       0.20565039792252746     
  0.91999999999999993       0.21930945606877950     
  0.92799999999999994       0.20229469377827933     
  0.93599999999999983       0.21949572160134986     
  0.94400000000000006       0.20946731690457512     
  0.95199999999999996       0.19881654994472944     
  0.95999999999999996       0.20637452469203810     
  0.96799999999999997       0.24140898971510960     
  0.97599999999999998       0.22502550903827054     
  0.98399999999999999       0.21165341072973792     
  0.99199999999999999       0.21824401225578266     
   1.0000000000000000       0.21166405175069267     
   1.0080000000000000       0.21591666645013316     
   1.0160000000000000       0.22340975708021052     
   1.0240000000000000       0.22738390831796923     
   1.0320000000000000       0.21166073963737439     
   1.0400000000000000       0.21944342835207811     
   1.0479999999999998       0.22167171516046211     
   1.0559999999999998       0.22314399477991578     
   1.0639999999999998       0.23132866170934729     
   1.0719999999999998       0.23768705061264181     
   1.0799999999999998       0.23964741206989792     
   1.0879999999999999       0.24016718898333944     
   1.0959999999999999       0.24624114951366996     
   1.1039999999999999       0.22225553968779624     
   1.1120000000000001       0.24518181118073168     
   1.1200000000000001       0.25477606459002738     
   1.1279999999999999       0.26417443010094965     
   1.1359999999999999       0.23414276519166077     
   1.1439999999999999       0.24635638875484928     
   1.1519999999999999       0.26785758414574268     
   1.1599999999999999       0.25123267658823806     
   1.1679999999999999       0.24924874187452123     
   1.1759999999999999       0.27150633324859819     
   1.1839999999999999       0.26755836039596642     
   1.1919999999999999       0.26280222593366487     
   1.2000000000000000       0.25080125348012805     
   1.2080000000000000       0.25864365915420773     
   1.2160000000000000       0.26219398931762716     
   1.2240000000000000       0.27685722601398649     
   1.2320000000000000       0.27014737292320851     
   1.2400000000000000       0.28129792722362473     
   1.2480000000000000       0.28245925102365171     
   1.2559999999999998       0.29611384320690792     
   1.2639999999999998       0.28548391504135900     
   1.2719999999999998       0.26190289905155956     
   1.2800000000000000       0.28136699217962652     
   1.2880000000000000       0.26028651626933008     
   1.2960000000000000       0.25295887115304527     
   1.3040000000000000       0.27868169407826415     
   1.3120000000000001       0.25818395801915639     
   1.3200000000000001       0.25655103401253043     
   1.3280000000000001       0.28004692577433798     
   1.3359999999999999       0.27688697655070438     
   1.3439999999999999       0.26396490530195099     
   1.3519999999999999       0.27575146329177597     
   1.3599999999999999       0.26029037732385746     
   1.3679999999999999       0.27200534044902008     
   1.3759999999999999       0.26593695428139885     
   1.3839999999999999       0.26889757220465110     
   1.3919999999999999       0.26951316394962782     
   1.3999999999999999       0.28149271397706443     
   1.4079999999999999       0.28224730222899169     
   1.4159999999999999       0.27415764398701775     
   1.4239999999999999       0.27198711768532829     
   1.4319999999999999       0.26039113448079543     
   1.4399999999999999       0.25654269888194869     
   1.4480000000000000       0.29211645523438468     
   1.4559999999999997       0.27628705704277612     
   1.4639999999999997       0.28543410597701263     
   1.4719999999999998       0.29813590070575557     
   1.4799999999999998       0.27286605148848952     
   1.4879999999999998       0.28015481310497914     
   1.4959999999999998       0.29790720736508408     
   1.5039999999999998       0.30103325881644089     
   1.5119999999999998       0.29073437042845246     
   1.5199999999999998       0.29881505733983660     
   1.5279999999999998       0.30789051065752804     
   1.5359999999999998       0.32446255435323573     
   1.5440000000000000       0.31180898412857205     
   1.5520000000000000       0.31293459304511606     
   1.5600000000000001       0.31900133055929247     
   1.5680000000000001       0.31640905478374703     
   1.5760000000000001       0.29464693241692685     
   1.5840000000000001       0.28692006595215835     
   1.5920000000000001       0.28256104873556426     
   1.6000000000000001       0.30474214599217803     
   1.6080000000000001       0.32794080926643726     
   1.6159999999999999       0.31389086385587506     
   1.6239999999999999       0.34607319700812939     
   1.6319999999999999       0.33207644706519401     
   1.6399999999999999       0.33926598980382289     
   1.6479999999999999       0.32017102584597185     
   1.6559999999999999       0.33063161348175174     
   1.6639999999999999       0.31991507477690750     
   1.6719999999999999       0.30110040219883788     
   1.6799999999999999       0.29708239208456078     
   1.6879999999999999       0.31416767018443387     
   1.6960000000000000       0.31484393739517769     
   1.7040000000000000       0.31409012405011505     
   1.7120000000000000       0.31311589324538380     
   1.7200000000000000       0.30749917980439662     
   1.7280000000000000       0.30951631889075926     
   1.7360000000000000       0.30563034831057045     
   1.7439999999999998       0.32839504328613023     
   1.7519999999999998       0.32133070863643998     
   1.7599999999999998       0.32039194718745823     
   1.7679999999999998       0.29947158535662149     
   1.7759999999999998       0.29971488584294309     
   1.7839999999999998       0.32475893490348218     
   1.7919999999999998       0.32548027210577468     
   1.7999999999999998       0.33488301236047274     
   1.8079999999999998       0.32314641303926489     
   1.8159999999999998       0.31724454630596693     
   1.8239999999999998       0.32457713911298886     
   1.8319999999999999       0.31372892650933637     
   1.8399999999999999       0.32847950508731721     
   1.8479999999999999       0.32599604740004778     
   1.8559999999999999       0.31517149136865663     
   1.8639999999999999       0.31858499462638318     
   1.8719999999999997       0.30970748702702428     
   1.8800000000000001       0.32532157532492700     
   1.8880000000000001       0.33840494274359018     
   1.8960000000000001       0.32567091363244616     
   1.9039999999999999       0.33007061331681847     
   1.9119999999999999       0.33772635601210871     
   1.9199999999999999       0.33029906208458715     
   1.9279999999999999       0.32683665766694792     
   1.9359999999999999       0.31232779411016781     
   1.9440000000000000       0.30728060569275800     
   1.9520000000000000       0.31030951641192933     
   1.9600000000000000       0.31303803011625575     
   1.9680000000000000       0.30755008619273233     
   1.9760000000000000       0.31906858769833696     
   1.9840000000000000       0.31287477538388458     
   1.9920000000000000       0.29926960206120229     
   2.0000000000000000       0.29579752110257823     
   2.0080000000000000       0.31368862672462100     
   2.0160000000000000       0.32832049745086833     
   2.0240000000000000       0.30236918857619804     
   2.0320000000000000       0.33829971231831507     
   2.0400000000000000       0.32099372400521181     
   2.0480000000000000       0.34545864384630121     
   2.0560000000000000       0.32163539820809295     
   2.0640000000000001       0.32134049058281250     
   2.0720000000000001       0.33533028652241514     
   2.0800000000000001       0.32014741351232701     
   2.0880000000000001       0.31963128745063479     
   2.0959999999999996       0.34292614250619669     
   2.1039999999999996       0.33990557033414082     
   2.1119999999999997       0.33072573173370878     
   2.1199999999999997       0.33058221420527145     
   2.1279999999999997       0.32329912093169516     
   2.1359999999999997       0.34268417450094685     
   2.1439999999999997       0.34073685471745896     
   2.1519999999999997       0.34826081657859520     
   2.1599999999999997       0.33689471487354439     
   2.1679999999999997       0.32273541629519725     
   2.1759999999999997       0.30500051883024698     
   2.1839999999999997       0.30285387330400321     
   2.1919999999999997       0.31472290876023928     
   2.1999999999999997       0.29807776514465445     
   2.2079999999999997       0.31450218637113031     
   2.2159999999999997       0.31993580575577824     
   2.2240000000000002       0.32481905277772566     
   2.2320000000000002       0.33439708786502881     
   2.2400000000000002       0.33136164626408743     
   2.2480000000000002       0.34682527194362928     
   2.2559999999999998       0.32676884673440276     
   2.2639999999999998       0.34468338110176466     
   2.2719999999999998       0.32331501083975017     
   2.2799999999999998       0.30828077657516711     
   2.2879999999999998       0.32197522711077037     
   2.2959999999999998       0.29641025048021791     
   2.3039999999999998       0.29868701188177849     
   2.3119999999999998       0.30281164820139939     
   2.3199999999999998       0.30639887966612073     
   2.3279999999999998       0.30952296823847153     
   2.3359999999999999       0.29409345189396524     
   2.3439999999999999       0.31902956053066983     
   2.3519999999999999       0.30204474641525747     
   2.3599999999999999       0.30683716626943125     
   2.3679999999999999       0.29607676565352486     
   2.3759999999999999       0.31463929936693757     
   2.3839999999999999       0.30928144334500796     
   2.3919999999999999       0.31849851117264161     
   2.3999999999999999       0.29408232202370427     
   2.4079999999999999       0.29988825364010652     
   2.4159999999999999       0.30739069753870074     
   2.4239999999999999       0.30278950522260140     
   2.4319999999999999       0.30983213092048489     
   2.4399999999999999       0.31826112175865201     
   2.4480000000000000       0.31331280570044578     
   2.4560000000000000       0.30210197782113274     
   2.4640000000000000       0.32141166461782633     
   2.4720000000000000       0.29063122511885164     
   2.4800000000000000       0.30553386110756992     
   2.4880000000000000       0.31678457082503308     
   2.4960000000000000       0.31230830341609345     
   2.5039999999999996       0.31963814919797340     
   2.5119999999999996       0.33909085014123874     
   2.5199999999999996       0.32513777600221672     
   2.5279999999999996       0.33553869004052322     
   2.5359999999999996       0.33100281602064363     
   2.5439999999999996       0.33451292679730676     
   2.5519999999999996       0.34138946557423888     
   2.5600000000000001       0.33782805510243924     
   2.5680000000000001       0.34740320222744131     
   2.5760000000000001       0.33050119770671132     
   2.5839999999999996       0.34033891709994851     
   2.5920000000000001       0.36076804782046118     
   2.5999999999999996       0.32277550419703965     
   2.6080000000000001       0.34561036672163015     
   2.6159999999999997       0.32302677081343184     
   2.6240000000000001       0.32724616344531460     
   2.6319999999999997       0.32654874975714637     
   2.6400000000000001       0.32399402183522685     
   2.6479999999999997       0.31318561504491466     
   2.6560000000000001       0.30275340917700289     
   2.6639999999999997       0.32441580867721420     
   2.6719999999999997       0.30721541963583704     
   2.6799999999999997       0.30082184412954732     
   2.6879999999999997       0.31637637431929477     
   2.6959999999999997       0.32454114981299820     
   2.7039999999999997       0.31938009809874557     
   2.7119999999999997       0.32722358384775330     
   2.7199999999999998       0.30285142866538811     
   2.7279999999999998       0.33461548751898956     
   2.7359999999999998       0.32429152411961831     
   2.7440000000000002       0.34222457720108412     
   2.7519999999999998       0.34411332199570571     
   2.7600000000000002       0.33324382893549059     
   2.7679999999999998       0.33198115897277020     
   2.7760000000000002       0.33579438566071185     
   2.7839999999999998       0.33575740242320573     
   2.7920000000000003       0.33072249724467179     
   2.7999999999999998       0.33463431237293617     
   2.8080000000000003       0.32286216018269476     
   2.8159999999999998       0.33042925750530805     
   2.8239999999999998       0.31885595201446670     
   2.8319999999999999       0.31773918621772457     
   2.8399999999999999       0.32531995691726695     
   2.8479999999999999       0.33595853374256385     
   2.8559999999999999       0.34802112529135532     
   2.8639999999999999       0.32237159377270574     
   2.8719999999999999       0.33028069908811136     
   2.8799999999999999       0.32448799243300552     
   2.8879999999999999       0.33736486196765353     
   2.8959999999999999       0.33664813404040356     
   2.9039999999999999       0.35118125316710314     
   2.9119999999999995       0.33998557100572341     
   2.9199999999999999       0.33728603880456809     
   2.9279999999999995       0.32907247929347866     
   2.9359999999999999       0.33912651678818800     
   2.9439999999999995       0.35051628464961415     
   2.9520000000000000       0.34269605047445112     
   2.9599999999999995       0.35703418594991637     
   2.9680000000000000       0.35433656691783710     
   2.9759999999999995       0.34989559647751733     
   2.9840000000000000       0.35793525389277786     
   2.9919999999999995       0.33005214891436019     
   3.0000000000000000       0.35632793020013670     
   3.0079999999999996       0.34559949805533130     
   3.0160000000000000       0.36484455286644368     
   3.0239999999999996       0.34298894385464296     
   3.0320000000000000       0.36406884901305442     
   3.0399999999999996       0.36248103446348695     
   3.0480000000000000       0.35787018079436411     
   3.0559999999999996       0.33373802978943967     
   3.0640000000000001       0.34694471139836858     
   3.0719999999999996       0.36260436647528549     
   3.0799999999999996       0.34592870275761656     
   3.0880000000000001       0.35272580575911122     
   3.0959999999999996       0.35024960018840118     
   3.1040000000000001       0.34385587776990623     
   3.1119999999999997       0.34638876359038279     
   3.1200000000000001       0.34711329224063325     
   3.1279999999999997       0.32978794371775011     
   3.1360000000000001       0.33123797928724374     
   3.1439999999999997       0.33227697741312551     
   3.1520000000000001       0.32616023998603522     
   3.1599999999999997       0.34529494972095870     
   3.1680000000000001       0.34418537045891201     
   3.1759999999999997       0.34944002544327485     
   3.1840000000000002       0.35917780688554923     
   3.1919999999999997       0.35945703487199082     
   3.2000000000000002       0.37044920778252072     
   3.2079999999999997       0.35032045733222256     
   3.2160000000000002       0.34452405964812249     
   3.2239999999999998       0.35422576384643339     
   3.2319999999999998       0.36626052415116883     
   3.2399999999999998       0.37380449672555044     
   3.2479999999999998       0.36141033818200169     
   3.2559999999999998       0.35489761657637825     
   3.2639999999999998       0.36350069152280612     
   3.2719999999999998       0.36275603241285997     
   3.2799999999999998       0.34175246549386212     
   3.2879999999999998       0.36463961455439914     
   3.2959999999999998       0.34571351851908055     
   3.3039999999999998       0.33484369160436456     
   3.3119999999999998       0.34508343615445181     
   3.3199999999999994       0.34982091992854714     
   3.3279999999999998       0.33884803486550119     
   3.3359999999999994       0.33594727950735670     
   3.3439999999999999       0.32150176394631991     
   3.3519999999999994       0.34827849768954694     
   3.3599999999999999       0.33804395884537314     
   3.3679999999999994       0.34804252644559791     
   3.3759999999999999       0.34331379499971437     
   3.3839999999999995       0.35422948091580403     
   3.3919999999999999       0.32179866998928680     
   3.3999999999999995       0.32488750624703883     
   3.4079999999999999       0.34644754825155338     
   3.4159999999999999       0.33144379840962707     
   3.4239999999999999       0.32602433240700218     
   3.4319999999999999       0.33156863693575023     
   3.4399999999999999       0.33430599022324881     
   3.4480000000000000       0.35242079975939489     
   3.4560000000000000       0.35564547738334501     
   3.4640000000000000       0.32810412110797654     
   3.4720000000000000       0.31571239163719927     
   3.4800000000000000       0.32449832456021621     
   3.4879999999999995       0.31877794276432841     
   3.4960000000000000       0.32200202503335112     
   3.5039999999999996       0.32490529914206395     
   3.5120000000000000       0.32947419431909014     
   3.5199999999999996       0.33667356542675697     
   3.5280000000000000       0.35231827696883894     
   3.5359999999999996       0.34264283795754680     
   3.5440000000000000       0.36208162554263273     
   3.5519999999999996       0.35676050010074922     
   3.5600000000000001       0.34535601685907352     
   3.5679999999999996       0.35869591289700697     
   3.5760000000000001       0.35363896877886242     
   3.5839999999999996       0.37986998953482770     
   3.5920000000000001       0.36553489038871556     
   3.5999999999999996       0.39026464068271904     
   3.6080000000000001       0.37020365514379039     
   3.6159999999999997       0.35670491288481232     
   3.6240000000000001       0.36203916384087853     
   3.6319999999999997       0.35731446103831005     
   3.6400000000000001       0.35112795119901402     
   3.6479999999999997       0.35096531460602848     
   3.6559999999999997       0.35043137308294681     
   3.6639999999999997       0.35760987984067916     
   3.6719999999999997       0.36601244953182893     
   3.6799999999999997       0.36069666425541275     
   3.6879999999999997       0.37348616495331183     
   3.6959999999999997       0.35274533090670640     
   3.7039999999999997       0.32814888569127387     
   3.7119999999999997       0.33604560186835625     
   3.7199999999999998       0.33110388781273742     
   3.7279999999999998       0.34789065433366478     
   3.7359999999999998       0.34181151774132640     
   3.7439999999999993       0.33619538941867921     
   3.7519999999999998       0.36295195927877155     
   3.7600000000000002       0.35523230904693276     
   3.7679999999999998       0.36004153672312617     
   3.7760000000000002       0.36118090395508939     
   3.7839999999999998       0.35079373026206490     
   3.7920000000000003       0.33305029989975576     
   3.7999999999999998       0.31784047507766333     
   3.8079999999999998       0.33013206311174664     
   3.8159999999999998       0.34209126481611157     
   3.8239999999999998       0.35123173819430831     
   3.8319999999999999       0.35822068003249968     
   3.8399999999999999       0.33308221116095138     
   3.8479999999999999       0.34969445552692002     
   3.8559999999999999       0.36529656654984655     
   3.8639999999999999       0.38269370315265522     
   3.8719999999999999       0.37750602296699542     
   3.8799999999999999       0.35187202095853881     
   3.8879999999999999       0.33971901097037582     
   3.8959999999999995       0.34279272449332321     
   3.9039999999999999       0.33241988522542903     
   3.9119999999999995       0.34322051496394090     
   3.9199999999999999       0.33323986917575737     
   3.9279999999999995       0.35309309427076513     
   3.9359999999999999       0.35134454827656364     
   3.9439999999999995       0.34647052339054346     
   3.9520000000000000       0.33543610529941742     
   3.9599999999999995       0.35213045165135698     
   3.9680000000000000       0.35834833978493108     
   3.9759999999999995       0.35049800083494709     
   3.9840000000000000       0.38442348834073975     
   3.9919999999999995       0.37044835986353380     
   4.0000000000000000       0.38114319964208582     
   4.0080000000000000       0.37362755488717120     
   4.0160000000000000       0.36194493861474791     
   4.0239999999999991       0.35736157171250527     
   4.0320000000000000       0.35743735954820433     
   4.0399999999999991       0.33905823594694706     
   4.0480000000000000       0.33839374367116049     
   4.0559999999999992       0.33999914504060430     
   4.0640000000000001       0.34337864687039432     
   4.0719999999999992       0.33961344253695697     
   4.0800000000000001       0.33482869550112110     
   4.0879999999999992       0.34607420104023723     
   4.0960000000000001       0.32742353632423249     
   4.1040000000000001       0.35215147283321546     
   4.1120000000000001       0.35641362885301542     
   4.1200000000000001       0.34917508349288712     
   4.1280000000000001       0.33572189428155169     
   4.1360000000000001       0.34065868166534774     
   4.1440000000000001       0.36085005281157861     
   4.1520000000000001       0.35035825701857221     
   4.1600000000000001       0.33949078322079423     
   4.1680000000000001       0.34189763099097953     
   4.1760000000000002       0.33359677750993172     
   4.1840000000000002       0.34458257321883795     
   4.1919999999999993       0.36058953621261008     
   4.2000000000000002       0.35622532304046128     
   4.2079999999999993       0.35776873744945603     
   4.2160000000000002       0.37323635255020438     
   4.2239999999999993       0.36781085647762002     
   4.2320000000000002       0.35318803983618891     
   4.2399999999999993       0.34737954302201257     
   4.2480000000000002       0.34303782842060188     
   4.2559999999999993       0.33225638591038487     
   4.2640000000000002       0.32381882243776083     
   4.2719999999999994       0.34245907898532052     
   4.2800000000000002       0.35139801580241975     
   4.2879999999999994       0.34076230509124988     
   4.2960000000000003       0.33755472087293148     
   4.3039999999999994       0.32944310505347518     
   4.3120000000000003       0.35657128269410943     
   4.3199999999999994       0.33883600657132584     
   4.3280000000000003       0.36417114280036289     
   4.3359999999999994       0.35566103157179796     
   4.3439999999999994       0.36205299284641768     
   4.3519999999999994       0.35832082988887032     
   4.3599999999999994       0.35120426805771771     
   4.3679999999999994       0.35733990707304653     
   4.3759999999999994       0.36558888345088791     
   4.3839999999999995       0.36925505244604107     
   4.3919999999999995       0.35259560511520971     
   4.3999999999999995       0.35032895919316498     
   4.4079999999999995       0.37518884638804112     
   4.4159999999999995       0.35662990170184450     
   4.4239999999999995       0.35532695089117644     
   4.4319999999999995       0.34288962209686030     
   4.4399999999999995       0.34662328912063178     
   4.4480000000000004       0.34810570091893850     
   4.4559999999999995       0.34541327312431402     
   4.4640000000000004       0.35887692620386891     
   4.4719999999999995       0.34734867558008153     
   4.4800000000000004       0.34940372908130923     
   4.4879999999999995       0.34842458924841557     
   4.4960000000000004       0.34885042975601771     
   4.5039999999999996       0.37331975160480624     
   4.5119999999999996       0.38022819951275422     
   4.5199999999999996       0.33810077197675709     
   4.5279999999999996       0.33740431713523950     
   4.5359999999999996       0.36313965396029652     
   4.5439999999999996       0.37156214797245646     
   4.5519999999999996       0.37981431452174513     
   4.5599999999999996       0.36865806696650960     
   4.5679999999999996       0.36243507731140673     
   4.5759999999999996       0.35160694428630196     
   4.5839999999999996       0.36055990667806648     
   4.5919999999999996       0.37754069766817311     
   4.5999999999999996       0.35865603351189274     
   4.6079999999999997       0.35815698117113354     
   4.6159999999999997       0.34724718663834947     
   4.6239999999999997       0.37585331141221323     
   4.6319999999999997       0.37439120041395529     
   4.6399999999999997       0.38488823927352178     
   4.6479999999999997       0.37833505584762872     
   4.6559999999999997       0.38578085205495399     
   4.6639999999999997       0.36467220773533282     
   4.6719999999999997       0.34970666791291466     
   4.6799999999999997       0.33694695025856292     
   4.6879999999999997       0.33547278401843306     
   4.6959999999999997       0.32802738813398202     
   4.7039999999999997       0.34593347610279163     
   4.7119999999999997       0.33528293182354013     
   4.7199999999999998       0.34291613027380591     
   4.7279999999999998       0.32401010043938483     
   4.7359999999999998       0.34466850488449374     
   4.7439999999999998       0.33979116016196470     
   4.7519999999999998       0.34847828750947374     
   4.7599999999999998       0.37389450794332707     
   4.7679999999999998       0.35068655683312505     
   4.7759999999999998       0.35039342445662330     
   4.7839999999999998       0.34571157397259650     
   4.7919999999999998       0.36002923475235521     
   4.7999999999999998       0.34481448641771228     
   4.8079999999999998       0.32866141959691869     
   4.8159999999999998       0.34153940813578121     
   4.8239999999999998       0.33677064705979781     
   4.8319999999999999       0.34283825100053084     
   4.8399999999999999       0.36615724009286843     
   4.8479999999999999       0.37300724783399952     
   4.8559999999999999       0.35489594153554138     
   4.8639999999999999       0.33948978986466821     
   4.8719999999999999       0.33589780154565552     
   4.8799999999999999       0.32320189536894500     
   4.8879999999999999       0.33847615577353873     
   4.8959999999999999       0.34329082092357083     
   4.9039999999999999       0.34674850904244831     
   4.9119999999999999       0.35530333540941611     
   4.9199999999999999       0.35180463656331856     
   4.9279999999999999       0.38062647026349905     
   4.9359999999999999       0.36691407190227149     
   4.9440000000000000       0.35207590538986078     
   4.9520000000000000       0.36192262288838378     
   4.9600000000000000       0.37184186422997983     
   4.9680000000000000       0.38103561542198550     
   4.9760000000000000       0.36537221208564313     
   4.9840000000000000       0.36285809608363445     
   4.9920000000000000       0.36654793164835620     
