   0.0000000000000000       0.99999999999994960     
   5.0000000000000001E-003  0.99842354022214463     
   1.0000000000000000E-002  0.99383381009628324     
   1.4999999999999999E-002  0.98624422488625862     
   2.0000000000000000E-002  0.97578186420520452     
   2.5000000000000005E-002  0.96269141693822013     
   2.9999999999999999E-002  0.94770253733860566     
   3.5000000000000003E-002  0.93144473429425645     
   4.0000000000000001E-002  0.91483723918157978     
   4.5000000000000005E-002  0.89957635042368900     
   5.0000000000000010E-002  0.88636300538288404     
   5.5000000000000000E-002  0.87614248370539471     
   5.9999999999999998E-002  0.87007725140985781     
   6.5000000000000002E-002  0.86813016966037104     
   7.0000000000000007E-002  0.87013897443816446     
   7.5000000000000011E-002  0.87508044757876224     
   8.0000000000000002E-002  0.88237452387337534     
   8.5000000000000006E-002  0.89081903962095466     
   9.0000000000000011E-002  0.89940563267385465     
   9.5000000000000001E-002  0.90787507914457777     
  0.10000000000000002       0.91495972552515104     
  0.10500000000000001       0.92068224623777795     
  0.11000000000000000       0.92432883669908084     
  0.11500000000000000       0.92622266381373231     
  0.12000000000000000       0.92535002880057038     
  0.12500000000000003       0.92207400609713819     
  0.13000000000000000       0.91562689022685850     
  0.13500000000000001       0.90631763669620513     
  0.14000000000000001       0.89404754525091190     
  0.14499999999999999       0.87753716657156666     
  0.15000000000000002       0.85722652149937206     
  0.15500000000000003       0.83287357161428222     
  0.16000000000000000       0.80579688322349985     
  0.16500000000000001       0.77585122731370948     
  0.17000000000000001       0.74431917762501387     
  0.17500000000000002       0.71174152827134918     
  0.18000000000000002       0.67920010267116526     
  0.18500000000000003       0.64763880556674869     
  0.19000000000000000       0.61527238244061455     
  0.19500000000000001       0.58427524520539553     
  0.20000000000000004       0.55545938209581969     
  0.20500000000000002       0.52721425427359470     
  0.21000000000000002       0.50194646355400940     
  0.21500000000000002       0.47887258644381003     
  0.22000000000000000       0.45900625052490696     
  0.22500000000000001       0.44378141107421865     
  0.23000000000000001       0.43296215855485820     
  0.23500000000000001       0.42859610501676543     
  0.23999999999999999       0.43219034428753866     
  0.24500000000000005       0.44189986088196642     
  0.25000000000000006       0.45930084836259527     
  0.25500000000000000       0.48412268899496375     
  0.26000000000000001       0.51083135166229954     
  0.26500000000000001       0.53877215767597431     
  0.27000000000000002       0.56476117803320280     
  0.27500000000000002       0.58621146856409823     
  0.28000000000000003       0.60497138572174047     
  0.28500000000000003       0.62003310044384874     
  0.28999999999999998       0.62755418201894264     
  0.29500000000000004       0.62747044089884252     
  0.30000000000000004       0.62333495342840706     
  0.30500000000000005       0.61594651438600834     
  0.31000000000000005       0.60987010282968723     
  0.31500000000000006       0.60362955972790167     
  0.32000000000000001       0.59698710405570443     
  0.32500000000000001       0.59333562326086486     
  0.33000000000000002       0.59416765610110345     
  0.33500000000000002       0.59828241805417404     
  0.34000000000000002       0.60704432516929796     
  0.34500000000000003       0.61941510317514548     
  0.35000000000000003       0.63187506495108503     
  0.35500000000000004       0.64715689338961457     
  0.36000000000000004       0.66640621710139269     
  0.36500000000000005       0.68681711143040924     
  0.37000000000000005       0.70720766876551200     
  0.37500000000000006       0.72961159190708580     
  0.38000000000000000       0.75184884508885796     
  0.38500000000000001       0.77655521118729265     
  0.39000000000000001       0.80126394315887717     
  0.39500000000000002       0.82518955372541747     
  0.40000000000000008       0.84686544616149140     
  0.40500000000000003       0.86889201399526572     
  0.41000000000000003       0.89027447697805762     
  0.41500000000000004       0.90958225015073224     
  0.42000000000000004       0.92594359784731128     
  0.42500000000000004       0.93957775096668406     
  0.43000000000000005       0.95074825539043850     
  0.43500000000000005       0.96042360600577470     
  0.44000000000000000       0.96685339384604407     
  0.44500000000000001       0.97141727850350690     
  0.45000000000000001       0.97357828415156977     
  0.45500000000000002       0.97541232270540701     
  0.46000000000000002       0.97596196701389848     
  0.46500000000000002       0.97564654892095060     
  0.47000000000000003       0.97599237833778574     
  0.47499999999999998       0.97517089644118060     
  0.47999999999999998       0.97519189976406417     
  0.48500000000000010       0.97315141639458835     
  0.49000000000000010       0.97138082080454702     
  0.49500000000000005       0.96961439644883440     
  0.50000000000000011       0.96785505375445735     
  0.50500000000000012       0.96433102424950012     
  0.51000000000000001       0.96112200289514405     
  0.51500000000000001       0.95774955167706322     
  0.52000000000000002       0.95320020434844011     
  0.52500000000000002       0.94729533676625322     
  0.53000000000000003       0.93953643483680971     
  0.53500000000000003       0.92931154398192684     
  0.54000000000000004       0.91878102388658178     
  0.54500000000000004       0.90634343028561193     
  0.55000000000000004       0.88980168829544204     
  0.55500000000000005       0.87416914462862993     
  0.56000000000000005       0.85483916431719542     
  0.56500000000000006       0.83439048872067878     
  0.57000000000000006       0.81292593719232897     
  0.57500000000000007       0.79409216515412284     
  0.57999999999999996       0.77634424251722600     
  0.58499999999999996       0.76063192228138676     
  0.59000000000000008       0.74657540365331543     
  0.59500000000000008       0.73355994583822981     
  0.60000000000000009       0.72443637070475242     
  0.60500000000000009       0.71945316203546716     
  0.61000000000000010       0.72015078524021481     
  0.61500000000000010       0.72625479005569227     
  0.62000000000000011       0.73624720809069544     
  0.62500000000000011       0.75066331108831252     
  0.63000000000000012       0.77021445278497114     
  0.63500000000000001       0.79099342875932088     
  0.64000000000000001       0.81239385038209488     
  0.64500000000000002       0.83447700766170274     
  0.65000000000000002       0.85354449418540623     
  0.65500000000000003       0.86975195438872177     
  0.66000000000000003       0.88188435742944093     
  0.66500000000000004       0.89051928862814878     
  0.67000000000000004       0.89691675399722692     
  0.67500000000000004       0.90100350867123435     
  0.68000000000000005       0.90442083177192589     
  0.68500000000000005       0.90568661725396704     
  0.69000000000000006       0.90693732510258507     
  0.69500000000000006       0.90725016972933437     
  0.70000000000000007       0.90711850548789374     
  0.70500000000000007       0.90595825402462715     
  0.71000000000000008       0.90244481369967899     
  0.71500000000000008       0.89608345268384060     
  0.72000000000000008       0.88556385174159413     
  0.72500000000000009       0.87186849829481716     
  0.73000000000000009       0.85369516054287831     
  0.73500000000000010       0.83055816190721476     
  0.74000000000000010       0.80203349630138498     
  0.74500000000000011       0.77159192999257964     
  0.75000000000000011       0.73969074785493505     
  0.75500000000000000       0.71028117249963019     
  0.76000000000000001       0.68486533590335885     
  0.76500000000000001       0.66587406296575891     
  0.77000000000000002       0.65640075595631109     
  0.77500000000000002       0.65404671426090444     
  0.78000000000000003       0.66189800435259816     
  0.78500000000000003       0.67844287100339440     
  0.79000000000000004       0.70104607435287203     
  0.79500000000000004       0.73014708183004673     
  0.80000000000000016       0.76254730207864652     
  0.80500000000000016       0.79651813560938800     
  0.81000000000000005       0.82989636911180453     
  0.81500000000000006       0.86150060413552021     
  0.82000000000000006       0.88955359514667454     
  0.82500000000000007       0.91394209096833789     
  0.83000000000000007       0.93324581815529761     
  0.83500000000000008       0.94879059946511324     
  0.84000000000000008       0.96016174600448900     
  0.84500000000000008       0.96883564692178636     
  0.85000000000000009       0.97479677667317610     
  0.85500000000000009       0.97833424449823658     
  0.86000000000000010       0.98040417044691985     
  0.86500000000000010       0.98106212687875582     
  0.87000000000000011       0.98103086245792026     
  0.87500000000000011       0.98072373735831686     
  0.88000000000000000       0.98023814040305501     
  0.88500000000000001       0.97939640008067796     
  0.89000000000000001       0.97866918643659651     
  0.89500000000000002       0.97791111574473877     
  0.90000000000000002       0.97678304656726778     
  0.90500000000000003       0.97467283927495418     
  0.91000000000000003       0.97226055266146816     
  0.91500000000000004       0.96812223134821440     
  0.92000000000000004       0.96262554805706058     
  0.92500000000000004       0.95576620957848957     
  0.93000000000000005       0.94865234029295753     
  0.93500000000000005       0.94147511745834489     
  0.94000000000000006       0.93486781713003353     
  0.94499999999999995       0.92918763118766756     
  0.94999999999999996       0.92557747078974062     
  0.95499999999999996       0.92372483957102336     
  0.95999999999999996       0.92393103056070702     
  0.96500000000000019       0.92740499095958140     
  0.97000000000000020       0.93266559241888392     
  0.97500000000000020       0.93959335204311500     
  0.98000000000000020       0.94681382236393663     
  0.98500000000000010       0.95438227266184683     
  0.99000000000000010       0.96008607182978456     
  0.99500000000000011       0.96459768091965914     
   1.0000000000000002       0.96671084186391154     
   1.0050000000000001       0.96597774863546926     
   1.0100000000000002       0.96298993578726944     
   1.0150000000000001       0.95829492174342046     
   1.0200000000000000       0.95297408343688217     
   1.0250000000000001       0.94717451250997897     
   1.0300000000000000       0.94206251896819548     
   1.0350000000000001       0.93735168752476039     
   1.0400000000000000       0.93501892753089855     
   1.0450000000000002       0.93431300782946258     
   1.0500000000000000       0.93564350514160932     
   1.0550000000000002       0.93855440725944361     
   1.0600000000000001       0.94202816847538884     
   1.0650000000000002       0.94586869893178704     
   1.0700000000000001       0.95026237891355103     
   1.0750000000000002       0.95467053648811662     
   1.0800000000000001       0.95825580431674118     
   1.0850000000000002       0.96151845843226103     
   1.0900000000000001       0.96400832377812251     
   1.0950000000000000       0.96558464395070309     
   1.1000000000000001       0.96711310147290264     
   1.1050000000000000       0.96813544280642549     
   1.1100000000000001       0.96875537115548493     
   1.1150000000000000       0.96883376435863222     
   1.1200000000000001       0.96902932572151268     
   1.1250000000000000       0.96928165478901196     
   1.1300000000000001       0.96948670030326423     
   1.1350000000000000       0.96965704919644091     
   1.1400000000000001       0.96983027630756069     
   1.1450000000000000       0.97060915399588776     
   1.1500000000000001       0.97085090522786843     
   1.1550000000000000       0.97101299819829967     
   1.1599999999999999       0.97066333760590073     
   1.1650000000000000       0.96983028622073619     
   1.1699999999999999       0.96778674501228668     
   1.1750000000000003       0.96491676458493780     
   1.1800000000000002       0.96170456648436820     
   1.1850000000000003       0.95839358785215156     
   1.1900000000000002       0.95527966172467649     
   1.1950000000000001       0.95242520654039120     
   1.2000000000000002       0.95160145932531282     
   1.2050000000000001       0.95345799767949380     
   1.2100000000000002       0.95534195968166502     
   1.2150000000000001       0.95818975397461958     
   1.2200000000000002       0.96072818380506786     
   1.2250000000000001       0.96329560471879661     
   1.2300000000000002       0.96511573383433602     
   1.2350000000000001       0.96580391427697543     
   1.2400000000000002       0.96557142712052968     
   1.2450000000000001       0.96546500866462659     
   1.2500000000000002       0.96482733322703251     
   1.2550000000000001       0.96319363307364936     
   1.2600000000000002       0.96097951873828480     
   1.2650000000000001       0.95931497931719856     
   1.2700000000000000       0.95702263606491011     
   1.2750000000000001       0.95373662973506290     
   1.2800000000000000       0.95136296966984701     
   1.2850000000000001       0.94813941959491532     
   1.2900000000000000       0.94428944527281988     
   1.2950000000000002       0.94056441327207563     
   1.3000000000000000       0.93559335249494280     
   1.3050000000000002       0.92987645208475123     
   1.3100000000000001       0.92337011206426634     
   1.3150000000000002       0.91538834661555746     
   1.3200000000000001       0.90464717645620130     
   1.3250000000000002       0.89191850804539885     
   1.3300000000000001       0.87776599986914117     
   1.3350000000000000       0.86272306508856933     
   1.3400000000000001       0.84657645457655828     
   1.3450000000000000       0.83134765760049145     
   1.3500000000000001       0.81908336515009783     
   1.3550000000000000       0.80956617462941782     
   1.3600000000000001       0.80482094060579412     
   1.3650000000000000       0.80247373679644640     
   1.3700000000000001       0.80499457482171233     
   1.3750000000000000       0.81078563416893457     
   1.3800000000000001       0.82085528750893511     
   1.3850000000000000       0.83290028441635011     
   1.3900000000000001       0.84621707834372284     
   1.3950000000000002       0.85925472770545930     
   1.4000000000000001       0.87321478667736485     
   1.4050000000000002       0.88503621099740137     
   1.4100000000000001       0.89635459871986745     
   1.4150000000000003       0.90594493089251460     
   1.4200000000000002       0.91392080965118949     
   1.4250000000000003       0.91908704436691391     
   1.4300000000000002       0.92280803926360266     
   1.4350000000000003       0.92424630512576655     
   1.4400000000000002       0.92435857588177606     
   1.4450000000000001       0.92276852794523312     
   1.4500000000000002       0.91994201740450476     
   1.4550000000000001       0.91527944388551119     
   1.4600000000000002       0.90821602954423508     
   1.4650000000000001       0.89763435744473841     
   1.4700000000000002       0.88481256342575221     
   1.4750000000000001       0.86974179146344310     
   1.4800000000000002       0.85438664551982568     
   1.4850000000000001       0.83752247189411710     
   1.4900000000000002       0.82150685869756346     
   1.4950000000000001       0.80664101919953379     
   1.5000000000000002       0.79204188842985379     
   1.5050000000000001       0.78148205119100300     
   1.5100000000000000       0.77274807809314838     
   1.5150000000000001       0.76857214142135233     
   1.5200000000000000       0.76848586852826573     
   1.5250000000000001       0.77036158325392656     
   1.5300000000000000       0.77679758008960675     
   1.5350000000000001       0.78756500172675725     
   1.5400000000000000       0.80250420702574610     
   1.5450000000000002       0.82183553062638803     
   1.5500000000000000       0.84389934088972263     
   1.5550000000000002       0.86577254384646996     
   1.5600000000000001       0.88787963918176482     
   1.5650000000000002       0.90773700592987150     
   1.5700000000000001       0.92224784886341737     
   1.5750000000000000       0.93452552020145396     
   1.5800000000000001       0.94229574033428742     
   1.5850000000000000       0.94594666698463514     
   1.5900000000000001       0.94571079844480288     
   1.5950000000000000       0.94316951863699106     
   1.6000000000000003       0.93874498216086533     
   1.6050000000000002       0.93262627880829829     
   1.6100000000000003       0.92474229298669530     
   1.6150000000000000       0.91813190666923650     
   1.6200000000000001       0.91135650945347590     
   1.6250000000000000       0.90671423812194374     
   1.6300000000000001       0.90558093895732505     
   1.6350000000000000       0.90711913224084650     
   1.6400000000000001       0.90993923119365006     
   1.6450000000000000       0.91624365708233602     
   1.6500000000000001       0.92287452206471809     
   1.6550000000000000       0.92909705625974370     
   1.6600000000000001       0.93470077208066216     
   1.6650000000000000       0.93859363205876289     
   1.6700000000000002       0.94078627412641602     
   1.6750000000000000       0.94209608301152958     
   1.6800000000000002       0.94182132927098705     
   1.6850000000000001       0.94180451795125608     
   1.6900000000000002       0.94207258154264117     
   1.6950000000000001       0.94249135542858342     
   1.7000000000000002       0.94226491429224579     
   1.7050000000000001       0.94160358610229933     
   1.7100000000000002       0.93994069604882102     
   1.7150000000000003       0.93585271243696400     
   1.7200000000000002       0.93127356754902779     
   1.7250000000000003       0.92462276307354530     
   1.7300000000000002       0.91620285378637334     
   1.7350000000000003       0.90579423602174169     
   1.7400000000000002       0.89358156303989000     
   1.7450000000000003       0.87946849434199648     
   1.7500000000000002       0.86331685558306781     
   1.7550000000000003       0.84560792084058056     
   1.7600000000000000       0.82628801804568253     
   1.7650000000000003       0.80601612468057915     
   1.7700000000000000       0.78339268940872853     
   1.7750000000000004       0.76193595568155636     
   1.7800000000000000       0.74341208506214551     
   1.7850000000000004       0.72657295436952662     
   1.7900000000000000       0.71514149726503407     
   1.7950000000000002       0.70793675013847679     
   1.8000000000000000       0.70724318526386254     
   1.8050000000000002       0.71248829874883268     
   1.8100000000000001       0.72224994932609177     
   1.8150000000000002       0.73431320865890293     
   1.8200000000000001       0.74941556088268169     
   1.8250000000000002       0.76832203141625621     
   1.8300000000000001       0.78598827117107439     
   1.8350000000000002       0.80417950289099849     
   1.8400000000000001       0.82211013211017847     
   1.8450000000000002       0.84003551764487128     
   1.8500000000000001       0.85695573114558976     
   1.8550000000000002       0.87148583670279567     
   1.8600000000000001       0.88470897396162329     
   1.8650000000000002       0.89657324091814783     
   1.8700000000000001       0.90504338917971838     
   1.8750000000000002       0.91161375848878679     
   1.8800000000000001       0.91739629630716168     
   1.8850000000000002       0.92230486728440497     
   1.8899999999999999       0.92560793766890381     
   1.8950000000000002       0.92761942768386241     
   1.8999999999999999       0.92851407489872562     
   1.9050000000000002       0.92912847698421352     
   1.9099999999999999       0.92876366878047190     
   1.9150000000000003       0.92810820549614881     
   1.9199999999999999       0.92616903445832544     
   1.9250000000000003       0.92551862858121114     
   1.9300000000000004       0.92415610476873888     
   1.9350000000000001       0.92264045996872712     
   1.9400000000000004       0.92182052101548251     
   1.9450000000000001       0.92056186223415226     
   1.9500000000000004       0.92000497589107466     
   1.9550000000000001       0.92009244537190027     
   1.9600000000000004       0.92211212984378044     
   1.9650000000000001       0.92434693617943464     
   1.9700000000000002       0.92753925302114260     
   1.9750000000000001       0.93092853209233717     
   1.9800000000000002       0.93500416668756392     
   1.9850000000000001       0.93813671234077323     
   1.9900000000000002       0.94150748152619113     
