   0.0000000000000000       0.99999999999999389     
   7.0000000000000007E-002  0.99732792798699998     
  0.14000000000000001       0.99997247602399564     
  0.20999999999999999       0.99884877499023406     
  0.28000000000000003       0.96159107277501488     
  0.35000000000000003       0.99869151160041192     
  0.41999999999999998       0.99880367722348185     
  0.49000000000000005       0.99391458540620647     
  0.56000000000000005       0.99561747008190504     
  0.63000000000000012       0.98458016330667497     
  0.70000000000000007       0.99663392695409703     
  0.77000000000000002       0.94671627890674648     
  0.83999999999999997       0.99736574058933603     
  0.91000000000000014       0.99725001255507129     
  0.98000000000000009       0.96416125835968458     
   1.0500000000000000       0.99436681795720383     
   1.1200000000000001       0.99568383700029361     
   1.1899999999999999       0.97605602553770909     
   1.2600000000000002       0.98945826848887353     
   1.3300000000000001       0.98682852944225752     
   1.4000000000000001       0.99609054021081878     
   1.4700000000000002       0.98797200213557124     
   1.5400000000000000       0.99271618203168466     
   1.6100000000000001       0.98917860606698549     
   1.6799999999999999       0.98943615686419317     
   1.7500000000000002       0.98756913095832199     
   1.8200000000000003       0.99174012332920713     
   1.8900000000000001       0.99512510160625878     
   1.9600000000000002       0.99578964120227964     
   2.0300000000000002       0.98196379299370018     
   2.1000000000000001       0.96408305748912537     
   2.1700000000000004       0.97839854873734144     
   2.2400000000000002       0.99474422786543815     
   2.3100000000000001       0.98858276553083879     
   2.3799999999999999       0.99456532357844363     
   2.4500000000000002       0.99542175037359015     
   2.5200000000000005       0.98927592990028301     
   2.5900000000000003       0.99040189235011633     
   2.6600000000000001       0.99295768045552468     
   2.7300000000000000       0.99027220205080313     
   2.8000000000000003       0.99111999562178765     
   2.8700000000000006       0.98791013677116346     
   2.9400000000000004       0.99329138943051698     
   3.0100000000000002       0.99246067210676248     
   3.0800000000000001       0.98937919712741440     
   3.1499999999999999       0.98890679580306962     
   3.2200000000000002       0.96640686238193518     
   3.2900000000000000       0.98924756789510560     
   3.3599999999999999       0.98916050166447200     
   3.4300000000000006       0.99335780644374416     
   3.5000000000000004       0.98984956860554085     
   3.5700000000000003       0.99347979342385806     
   3.6400000000000006       0.99279538937336465     
   3.7100000000000004       0.98952464103240767     
   3.7800000000000002       0.98828665856950371     
   3.8500000000000001       0.98945367845776144     
   3.9200000000000004       0.98867919517137204     
   3.9900000000000002       0.99341852362735250     
   4.0600000000000005       0.97428183419613201     
   4.1300000000000008       0.97006288413354946     
   4.2000000000000002       0.99225859839098518     
   4.2700000000000005       0.99277250357139524     
   4.3400000000000007       0.98914242136066299     
   4.4100000000000001       0.99084683129589446     
   4.4800000000000004       0.98714393658764288     
   4.5500000000000007       0.98996206907640083     
   4.6200000000000001       0.98973116354437840     
   4.6900000000000004       0.98318652347182933     
   4.7599999999999998       0.98506662364527697     
   4.8300000000000001       0.98373131282711446     
   4.9000000000000004       0.98457047965599187     
   4.9700000000000006       0.98903334250593811     
   5.0400000000000009       0.98132425939170698     
   5.1100000000000003       0.99021805593762646     
   5.1800000000000006       0.97336938299785669     
   5.2500000000000000       0.99305961758541739     
   5.3200000000000003       0.99496804642568393     
   5.3900000000000006       0.97845428174099369     
   5.4600000000000000       0.98044699615830100     
   5.5300000000000002       0.98318174258258106     
   5.6000000000000005       0.97691767615926584     
   5.6700000000000008       0.99121140794857332     
   5.7400000000000011       0.99262093762893777     
   5.8100000000000005       0.98174430074516261     
   5.8800000000000008       0.98950925346608265     
   5.9500000000000002       0.98945747246813653     
   6.0200000000000005       0.99192438237913105     
   6.0900000000000007       0.99398033790316309     
   6.1600000000000001       0.97318781808977783     
   6.2300000000000004       0.98308846216001899     
   6.2999999999999998       0.98943397668114208     
   6.3700000000000001       0.98647263914614802     
   6.4400000000000004       0.98516436182494505     
   6.5099999999999998       0.97266321158161073     
   6.5800000000000001       0.99120311803668759     
   6.6500000000000004       0.99526599355782863     
   6.7199999999999998       0.97340503804490197     
   6.7900000000000009       0.99333120039019318     
   6.8600000000000012       0.99066398749336149     
   6.9300000000000006       0.97943351747747820     
   7.0000000000000009       0.98967157288707763     
   7.0700000000000012       0.97893727295269972     
   7.1400000000000006       0.98777101417083824     
   7.2100000000000009       0.98776731890914671     
   7.2800000000000011       0.98892287617703456     
   7.3500000000000005       0.99251620756065151     
   7.4200000000000008       0.97213890362080446     
   7.4900000000000002       0.99197291902398055     
   7.5600000000000005       0.98981193186879868     
   7.6300000000000008       0.98419742801286358     
   7.7000000000000002       0.99083537567333446     
   7.7700000000000005       0.99156747743417595     
   7.8400000000000007       0.99292640553825251     
   7.9100000000000001       0.99388965914928840     
   7.9800000000000004       0.99543397895856967     
   8.0500000000000007       0.99463897201616225     
   8.1200000000000010       0.99053970356360610     
   8.1899999999999995       0.99494399495282437     
   8.2600000000000016       0.98347731246357661     
   8.3300000000000018       0.97966790427913641     
   8.4000000000000004       0.99195395275676790     
   8.4700000000000006       0.98888672417395640     
   8.5400000000000009       0.98593288538158730     
   8.6100000000000012       0.99213773058221288     
   8.6800000000000015       0.99408785927781806     
   8.7500000000000018       0.98620008144022975     
   8.8200000000000003       0.98851513938551949     
   8.8900000000000006       0.99540988596706903     
   8.9600000000000009       0.99368856310325004     
   9.0300000000000011       0.99329058314022334     
   9.1000000000000014       0.98813823505398335     
   9.1699999999999999       0.98804907214960169     
   9.2400000000000002       0.99098911576281790     
   9.3100000000000005       0.99143069888649982     
   9.3800000000000008       0.98727396955316804     
   9.4500000000000011       0.98850436803049258     
   9.5199999999999996       0.99415213061419117     
   9.5899999999999999       0.98629851522349443     
   9.6600000000000001       0.99627371256464248     
   9.7300000000000022       0.99374336533746566     
   9.8000000000000007       0.99218735449285456     
   9.8700000000000010       0.99199443807493937     
   9.9400000000000013       0.99153951652516492     
   10.010000000000002       0.99699703185956823     
   10.080000000000002       0.99190201997951855     
   10.150000000000000       0.99451896000719953     
   10.220000000000001       0.99464882809682920     
   10.290000000000001       0.99527762724146651     
   10.360000000000001       0.99217472981096178     
   10.430000000000001       0.99616302150560976     
   10.500000000000000       0.99326397576058068     
   10.570000000000000       0.98993679365834164     
   10.640000000000001       0.99523294817463692     
   10.710000000000001       0.99038185219974706     
   10.780000000000001       0.99047781081170871     
   10.850000000000001       0.99475394189313193     
   10.920000000000000       0.99080526019067994     
   10.990000000000000       0.99210346764879398     
   11.060000000000000       0.98908029274059928     
   11.130000000000001       0.99297629537473087     
   11.200000000000001       0.99214280794387222     
   11.270000000000001       0.99422077411336507     
   11.340000000000002       0.98086779986385508     
   11.410000000000002       0.99399979128906768     
   11.480000000000002       0.99174112748194831     
   11.550000000000001       0.99405300254358930     
   11.620000000000001       0.98967126735251787     
   11.690000000000001       0.98836065418902086     
   11.760000000000002       0.99299813622496036     
   11.830000000000002       0.99349053315411329     
   11.900000000000000       0.99068738094240449     
   11.970000000000001       0.99410860913141696     
   12.040000000000001       0.98856944454981699     
   12.110000000000001       0.99125779752377274     
   12.180000000000001       0.99349375798847883     
   12.250000000000000       0.99527482331594608     
   12.320000000000000       0.99371404391627016     
   12.390000000000001       0.99045805260790876     
   12.460000000000001       0.99108263899812665     
   12.530000000000001       0.98875997816154138     
   12.600000000000000       0.98408385806117316     
   12.670000000000000       0.99323652375727378     
   12.740000000000000       0.98763347337539209     
   12.810000000000000       0.99210119605733538     
   12.880000000000001       0.99177888197504405     
   12.950000000000001       0.99284543845271112     
   13.020000000000000       0.99111395747605990     
   13.090000000000000       0.99215956003926564     
   13.160000000000000       0.99251941489035767     
   13.230000000000000       0.99498821684165439     
   13.300000000000001       0.99182613882302939     
   13.369999999999999       0.98487438403531502     
   13.440000000000000       0.99161242999746058     
   13.510000000000002       0.99217909465146858     
   13.580000000000002       0.99524013000814215     
   13.650000000000002       0.99138362181578643     
   13.720000000000002       0.98754695647685475     
   13.790000000000003       0.99075419999074898     
   13.860000000000001       0.99353525256354902     
   13.930000000000001       0.99352013187916255     
   14.000000000000002       0.99334043877754652     
   14.070000000000002       0.99410794233722377     
   14.140000000000002       0.98963279848667218     
   14.210000000000003       0.98939653224678603     
   14.280000000000001       0.99215820767136842     
   14.350000000000001       0.99263386336133519     
   14.420000000000002       0.99183207471281232     
   14.490000000000002       0.99318674939255269     
   14.560000000000002       0.98937328409042835     
   14.630000000000001       0.98814164278559280     
   14.700000000000001       0.99376784585525724     
   14.770000000000001       0.99489681596802615     
   14.840000000000002       0.99384769759334368     
   14.910000000000002       0.99555046951095860     
   14.980000000000000       0.99553056023325159     
   15.050000000000001       0.98180767410862135     
   15.120000000000001       0.98994380253245751     
   15.190000000000001       0.99110184609595076     
   15.260000000000002       0.99097382585057892     
   15.330000000000002       0.99144718151487188     
   15.400000000000000       0.98917098869486264     
   15.470000000000001       0.98759653929897584     
   15.540000000000001       0.98635414339615790     
   15.610000000000001       0.99169104267805852     
   15.680000000000001       0.98784492918605371     
   15.750000000000000       0.98558919879546480     
   15.820000000000000       0.99408549006991587     
   15.890000000000001       0.99455812519134179     
   15.960000000000001       0.99179951298722890     
   16.030000000000001       0.98467538063325288     
   16.100000000000001       0.98923707510896486     
   16.170000000000002       0.98684073352083601     
   16.240000000000002       0.99369703342475624     
   16.309999999999999       0.99326706031113754     
   16.379999999999999       0.98636025568797592     
   16.450000000000003       0.99315992766187589     
   16.520000000000003       0.98910967058151600     
   16.590000000000003       0.99299205630248288     
   16.660000000000004       0.99464420470250914     
   16.730000000000004       0.98861861330240841     
   16.800000000000001       0.99152343222216244     
   16.870000000000001       0.99294722927364809     
   16.940000000000001       0.98950546610117196     
   17.010000000000002       0.99361172619138249     
   17.080000000000002       0.99210733795885364     
   17.150000000000002       0.99191228262899467     
   17.220000000000002       0.99291344683432825     
   17.290000000000003       0.99267984734755188     
   17.360000000000003       0.98974602984195215     
   17.430000000000003       0.99229500519381042     
   17.500000000000004       0.99084005065603664     
   17.570000000000000       0.99437471587305459     
   17.640000000000001       0.99274986678067123     
   17.710000000000001       0.98946177889598286     
   17.780000000000001       0.98784874932404421     
   17.850000000000001       0.98974761187347482     
   17.920000000000002       0.98920788245185420     
   17.990000000000002       0.99418164842961199     
   18.060000000000002       0.99324564808262394     
   18.130000000000003       0.99132479589128097     
   18.200000000000003       0.99215767401788713     
   18.270000000000000       0.98932766135188543     
   18.340000000000000       0.99232628269168555     
   18.410000000000000       0.99408470950951788     
   18.480000000000000       0.98564778721308000     
   18.550000000000001       0.98483022713916435     
   18.620000000000001       0.99318947059762008     
   18.690000000000001       0.98615172132135742     
   18.760000000000002       0.99117062589200167     
   18.830000000000002       0.98899621568892104     
   18.900000000000002       0.99151167721261513     
   18.970000000000002       0.99397124753607957     
   19.039999999999999       0.99281331567559927     
   19.109999999999999       0.98839353237634531     
   19.180000000000000       0.98874514383495471     
   19.250000000000000       0.99377656004867998     
   19.320000000000000       0.99333304771358655     
   19.390000000000001       0.99186258346896206     
   19.460000000000004       0.98910348448270502     
   19.530000000000001       0.98910243826808197     
   19.600000000000001       0.99490129777624470     
   19.670000000000002       0.99311654018751905     
   19.740000000000002       0.99478128655926445     
   19.810000000000002       0.98991842151035525     
   19.880000000000003       0.99068514095718685     
   19.950000000000003       0.98957286949398282     
   20.020000000000003       0.98907683354008347     
   20.090000000000003       0.98758454489907388     
   20.160000000000004       0.99207484621606801     
   20.230000000000004       0.99386396826796786     
   20.300000000000001       0.99188941891168270     
   20.370000000000001       0.99506768243892418     
   20.440000000000001       0.98995430858902145     
   20.510000000000002       0.99265513875070832     
   20.580000000000002       0.99265518214396253     
   20.650000000000002       0.99300691119761453     
   20.720000000000002       0.98704772588899004     
   20.790000000000003       0.98998206604886108     
   20.860000000000003       0.99049330177448969     
   20.930000000000003       0.99095990245279175     
   21.000000000000000       0.99306585774525213     
   21.070000000000000       0.99353933485943680     
   21.140000000000001       0.98928731179479046     
   21.210000000000001       0.99005343592060546     
   21.280000000000001       0.99164236159888197     
   21.350000000000001       0.99115814831576288     
   21.420000000000002       0.98814811984727879     
   21.490000000000002       0.99246896828305242     
   21.560000000000002       0.98781519414504071     
   21.630000000000003       0.99055660454307470     
   21.700000000000003       0.98953989100333617     
   21.770000000000000       0.99383231576604847     
   21.840000000000000       0.98911789604709477     
   21.910000000000000       0.99247298585016708     
   21.980000000000000       0.98995117630121743     
   22.050000000000001       0.99452124100474326     
   22.120000000000001       0.99217173626202870     
   22.190000000000001       0.99302453982231742     
   22.260000000000002       0.99228785091336169     
   22.330000000000002       0.99380513565434281     
   22.400000000000002       0.99240453554867336     
   22.470000000000002       0.98933374647624606     
   22.540000000000003       0.99424119178408188     
   22.609999999999999       0.99282795086582687     
   22.680000000000003       0.99311092761971131     
   22.750000000000000       0.98818078428365308     
   22.820000000000004       0.98970125733530756     
   22.890000000000001       0.98849170960351307     
   22.960000000000004       0.98813714277940945     
   23.030000000000001       0.98979709694815443     
   23.100000000000001       0.98917818489115028     
   23.170000000000002       0.98586952071019651     
   23.240000000000002       0.98855712218549385     
   23.309999999999999       0.98602070794791308     
   23.380000000000003       0.98701786130918545     
   23.449999999999999       0.99206144464822898     
   23.520000000000003       0.99188243957970945     
   23.590000000000000       0.99233666064206927     
   23.660000000000004       0.99225626090325059     
   23.730000000000000       0.99202831177477913     
   23.800000000000001       0.99058145798024688     
   23.870000000000001       0.98942274682173303     
   23.940000000000001       0.98426411146103565     
   24.010000000000005       0.98651274728257132     
   24.080000000000002       0.99149090064453560     
   24.150000000000006       0.98329458391488056     
   24.220000000000002       0.99142656463360102     
   24.290000000000003       0.99277223913110768     
   24.360000000000003       0.99086961380125316     
   24.430000000000003       0.99399997554101205     
   24.500000000000000       0.98925278346156442     
   24.570000000000004       0.98921680564849224     
   24.640000000000001       0.98945655253592768     
   24.710000000000004       0.99313077428703556     
   24.780000000000001       0.99026901607233597     
   24.850000000000005       0.99094457091960519     
   24.920000000000002       0.99204861773872910     
   24.990000000000002       0.99187545887507123     
   25.060000000000002       0.98969080911500973     
   25.130000000000003       0.98988156731149335     
   25.199999999999999       0.99110273888643141     
   25.270000000000003       0.99099109637496552     
   25.340000000000000       0.99058645720754612     
   25.410000000000004       0.98323572941698600     
   25.480000000000000       0.99181361435500848     
   25.550000000000004       0.99214340540374280     
   25.620000000000001       0.98644339092949829     
   25.690000000000005       0.99156415889337879     
   25.760000000000002       0.99002945615014293     
   25.830000000000002       0.99013398525737406     
   25.900000000000002       0.98044382058701862     
   25.970000000000002       0.97998626211259932     
   26.039999999999999       0.98688027036252945     
   26.110000000000003       0.98349834460313612     
   26.180000000000000       0.98249257746548357     
   26.250000000000004       0.99069716237179783     
   26.320000000000000       0.99047921064848743     
   26.390000000000004       0.98804373716559180     
   26.460000000000001       0.99026190978845274     
   26.530000000000001       0.98611889410712295     
   26.600000000000001       0.99315332197256945     
   26.670000000000002       0.98962952795776227     
   26.739999999999998       0.98769997681348476     
   26.810000000000002       0.99180071375150536     
   26.879999999999999       0.98291967169028793     
   26.950000000000003       0.99155137593524878     
   27.020000000000003       0.98985882295971261     
   27.090000000000003       0.98597572278911971     
   27.160000000000004       0.98906109787364960     
   27.230000000000000       0.98751844759164553     
   27.300000000000004       0.98316822028305373     
   27.370000000000001       0.98534558819579199     
   27.440000000000005       0.98510106169697143     
   27.510000000000002       0.99138981489521105     
   27.580000000000005       0.99067773908006984     
   27.650000000000002       0.98604100227959401     
   27.720000000000002       0.98281474605366481     
   27.790000000000003       0.98532822147636145     
   27.860000000000003       0.99131390590747703     
   27.930000000000000       0.98741846722194770     
   28.000000000000004       0.98791423219939456     
   28.070000000000000       0.98672659634259219     
   28.140000000000004       0.99113267419905360     
   28.210000000000001       0.98991477261111072     
   28.280000000000005       0.98522032743312704     
   28.350000000000001       0.99103792272636870     
   28.420000000000005       0.98655893582778298     
   28.490000000000002       0.98162933012654818     
   28.560000000000002       0.99058929953748664     
   28.630000000000003       0.98972250769547188     
   28.700000000000003       0.98623017530657653     
   28.770000000000000       0.99098060762610451     
   28.840000000000003       0.98105174979174881     
   28.910000000000000       0.98431785905208513     
   28.980000000000004       0.97899384147241841     
   29.050000000000001       0.98809146082744292     
   29.120000000000005       0.98667126029470831     
   29.190000000000001       0.98878156056646538     
   29.260000000000002       0.98527828712301924     
   29.330000000000002       0.98464611571393501     
   29.400000000000002       0.98310136819877414     
   29.469999999999999       0.98692658666962851     
   29.540000000000003       0.98728261673981577     
   29.609999999999999       0.98717614331863279     
   29.680000000000003       0.98586314239080897     
   29.750000000000000       0.98232891016073609     
   29.820000000000004       0.98905454184793906     
   29.890000000000004       0.98910533420377700     
   29.960000000000001       0.98492759665211449     
   30.030000000000005       0.98992729990909178     
   30.100000000000001       0.99180239472206178     
   30.170000000000005       0.98988613640995693     
   30.240000000000002       0.98060165808858357     
   30.310000000000006       0.98729958229227766     
   30.380000000000003       0.97791623524756499     
   30.450000000000003       0.99175450536852583     
   30.520000000000003       0.99064076523481015     
   30.590000000000003       0.98393031700982114     
   30.660000000000004       0.98599108788089818     
   30.730000000000004       0.98617253018641160     
   30.800000000000001       0.98666361195869878     
   30.870000000000005       0.98674196751968490     
   30.940000000000001       0.98983615663212887     
   31.010000000000005       0.98625454404273227     
   31.080000000000002       0.98270452929463736     
   31.150000000000006       0.98937616145635732     
   31.220000000000002       0.99159473500145845     
   31.290000000000003       0.98233089847310151     
   31.360000000000003       0.98667906039384401     
   31.430000000000003       0.98768545764061477     
   31.500000000000000       0.98483221477718053     
   31.570000000000004       0.98716343605515267     
   31.640000000000001       0.98560520057333501     
   31.710000000000004       0.98543454332692137     
   31.780000000000001       0.98381451556770383     
   31.850000000000005       0.98516336909291624     
   31.920000000000002       0.98559897800882790     
   31.990000000000002       0.98546692685173831     
   32.060000000000002       0.97734764501572424     
   32.130000000000003       0.97849603546556618     
   32.200000000000003       0.97747677201825245     
   32.270000000000003       0.98516732912121108     
   32.340000000000003       0.98475919276435320     
   32.410000000000004       0.98351704340189849     
   32.480000000000004       0.98707348438232567     
   32.550000000000004       0.98628708234526208     
   32.619999999999997       0.98813059238910872     
   32.690000000000005       0.98872559413455463     
   32.759999999999998       0.98867285288735196     
   32.830000000000005       0.98588120965146719     
   32.900000000000006       0.97831973917880499     
   32.970000000000006       0.98752380487266500     
   33.040000000000006       0.97802568514945387     
   33.109999999999999       0.98391747385945227     
   33.180000000000007       0.98512625818679911     
   33.250000000000000       0.98116055027774074     
   33.320000000000007       0.98513990844523047     
   33.390000000000001       0.98754675642825607     
   33.460000000000008       0.98853329217923902     
   33.530000000000001       0.98715419181167663     
   33.600000000000001       0.98655818113976357     
   33.670000000000002       0.98500239832516134     
   33.740000000000002       0.98612375731955049     
   33.810000000000002       0.98496814964517398     
   33.880000000000003       0.97991849630136207     
   33.950000000000003       0.99040015054901209     
   34.020000000000003       0.98841986586921038     
   34.090000000000003       0.98424081045931999     
   34.160000000000004       0.98360839651807208     
   34.230000000000004       0.98837992052081403     
   34.300000000000004       0.98143511744490219     
   34.370000000000005       0.98719405404369220     
   34.440000000000005       0.99204924838348418     
   34.509999999999998       0.97628292863701815     
   34.580000000000005       0.99382760763977385     
   34.649999999999999       0.98308185426673389     
   34.720000000000006       0.97992257513576075     
   34.789999999999999       0.97342484923946637     
   34.860000000000007       0.98674642386009626     
   34.930000000000000       0.98534281049012706     
   35.000000000000007       0.98031765085889522     
   35.070000000000000       0.99162812699004010     
   35.140000000000001       0.98886528278958130     
   35.210000000000001       0.98370102739208465     
   35.280000000000001       0.97755247502066556     
   35.350000000000001       0.98516051270918203     
   35.420000000000002       0.98371119250192618     
   35.490000000000002       0.98383160510678025     
   35.560000000000002       0.98369803175811932     
   35.630000000000003       0.99108199567936495     
   35.700000000000003       0.98871354179820936     
   35.770000000000003       0.98272508576757933     
   35.840000000000003       0.98115917099170324     
   35.910000000000004       0.98422874795149062     
   35.980000000000004       0.98280535086161647     
   36.050000000000004       0.98108861160374128     
   36.120000000000005       0.99146702043485491     
   36.190000000000005       0.98322399813216499     
   36.260000000000005       0.98819602990620559     
   36.330000000000005       0.98543449156380558     
   36.400000000000006       0.98454558960495808     
   36.470000000000006       0.97828863327131632     
   36.539999999999999       0.99205067126413304     
   36.610000000000007       0.98136911750372502     
   36.680000000000000       0.98198081120507819     
   36.750000000000007       0.98809563561100222     
   36.820000000000000       0.98536482139647741     
   36.890000000000008       0.98102638740734693     
   36.960000000000001       0.97983966100156672     
   37.030000000000001       0.98870830337879756     
   37.100000000000001       0.98726619377286606     
   37.170000000000002       0.98366051222420459     
   37.240000000000002       0.96818060779777926     
   37.310000000000002       0.98443019269633092     
   37.380000000000003       0.98700253406292326     
   37.450000000000003       0.98433563753099051     
   37.520000000000003       0.98304195885593271     
   37.590000000000003       0.97798039720559571     
   37.660000000000004       0.98317740944502774     
   37.730000000000004       0.98546284570738707     
   37.800000000000004       0.98431217691927775     
   37.870000000000005       0.98009239268303572     
   37.940000000000005       0.98342869050412574     
   38.010000000000005       0.97407215036338202     
   38.079999999999998       0.98790189201196810     
   38.150000000000006       0.97450141309195826     
   38.219999999999999       0.98361936923627957     
   38.290000000000006       0.99205988979099291     
   38.359999999999999       0.98485931342010813     
   38.430000000000007       0.98779804079396838     
   38.500000000000000       0.98365015079408713     
   38.570000000000000       0.97633674254227021     
   38.640000000000001       0.98349387304823077     
   38.710000000000001       0.98314774621778611     
   38.780000000000001       0.97746223724021397     
   38.850000000000001       0.98689894453347016     
   38.920000000000009       0.98647072177811801     
   38.990000000000002       0.98254844762927063     
   39.060000000000002       0.98479516408904566     
   39.130000000000003       0.98292128245595645     
   39.200000000000003       0.98446808676743103     
   39.270000000000003       0.96343863683635045     
   39.340000000000003       0.97078857432403609     
   39.410000000000004       0.97938348511383611     
   39.480000000000004       0.98397114988723844     
   39.550000000000004       0.98024303189827677     
   39.620000000000005       0.96476073896706793     
   39.690000000000005       0.98580742685923228     
   39.760000000000005       0.98737071095826956     
   39.830000000000005       0.98038165897686480     
   39.900000000000006       0.98514828500156837     
   39.970000000000006       0.98985215811416294     
   40.040000000000006       0.98795392105075452     
   40.109999999999999       0.98580844910972587     
   40.180000000000007       0.98961039604269674     
   40.250000000000000       0.98461448807886753     
   40.320000000000007       0.97472677239030570     
   40.390000000000001       0.98547774625426388     
   40.460000000000008       0.98701104868673872     
   40.530000000000001       0.98748013357971365     
   40.600000000000001       0.98692398261964287     
   40.670000000000002       0.97306782656300128     
   40.740000000000002       0.97610544023280110     
   40.810000000000002       0.97691650653144391     
   40.880000000000003       0.98114990074677244     
   40.950000000000003       0.98196560123784760     
   41.020000000000003       0.98585579101779786     
   41.090000000000003       0.98884788570719862     
   41.160000000000004       0.99361650950478408     
   41.230000000000004       0.97922766177231624     
   41.300000000000004       0.98153094884562542     
   41.370000000000005       0.99010012969402761     
   41.440000000000005       0.98157591367490793     
   41.509999999999998       0.97821995206234513     
   41.580000000000005       0.98736176966847367     
   41.649999999999999       0.98749956179069687     
   41.720000000000006       0.98613063093735798     
   41.789999999999999       0.97791147009783075     
   41.860000000000007       0.98194057330089302     
   41.930000000000007       0.97897901883903427     
   42.000000000000000       0.98651965123602958     
   42.070000000000007       0.98225894067551844     
   42.140000000000001       0.98191344071137998     
   42.210000000000008       0.97901967921515465     
   42.280000000000001       0.98533203656574553     
   42.350000000000009       0.98479518405596311     
   42.420000000000002       0.98587694213542842     
   42.490000000000009       0.98246186903479871     
   42.560000000000002       0.96849903804536819     
   42.630000000000003       0.98489714698603814     
   42.700000000000003       0.98399713297593772     
   42.770000000000003       0.98302074009534601     
   42.840000000000003       0.98814000349946729     
   42.910000000000004       0.98455867296952460     
   42.980000000000004       0.97759584447941827     
   43.050000000000004       0.98746126867868800     
   43.120000000000005       0.97981566847857604     
   43.190000000000005       0.98366047334449624     
   43.260000000000005       0.98942501102608238     
   43.330000000000005       0.98585853145760816     
   43.400000000000006       0.97827775298653896     
   43.470000000000006       0.98409117381596733     
   43.539999999999999       0.97898694770294437     
   43.610000000000007       0.98391726507151755     
   43.680000000000000       0.98665286776125638     
   43.750000000000007       0.98768583484898609     
   43.820000000000000       0.98736348703523846     
   43.890000000000008       0.98259939512057282     
   43.960000000000001       0.98777577261611327     
   44.030000000000001       0.98327508211437575     
   44.100000000000001       0.99136595083264922     
   44.170000000000002       0.98532703841478564     
   44.240000000000002       0.98481835087472025     
   44.310000000000002       0.98146821867881462     
   44.380000000000003       0.98545184489423865     
   44.450000000000003       0.99022402439018298     
   44.520000000000003       0.97915363251066234     
   44.590000000000003       0.98653942197790057     
   44.660000000000004       0.99165042123827829     
   44.730000000000004       0.98886470863202025     
   44.800000000000004       0.98992421362074334     
   44.870000000000005       0.98491638205794896     
   44.940000000000005       0.98850588548389096     
   45.010000000000005       0.98519104338228758     
   45.080000000000005       0.98327933827425251     
   45.150000000000006       0.98391348167116344     
   45.219999999999999       0.98770424105288002     
   45.290000000000006       0.97692777371100037     
   45.360000000000007       0.98213068723532593     
   45.430000000000007       0.98151632441830150     
   45.500000000000000       0.97841047225830968     
   45.570000000000000       0.98492548836429727     
   45.640000000000008       0.97794039823052858     
   45.710000000000008       0.98201666695597323     
   45.780000000000001       0.98936299952378193     
   45.850000000000001       0.98487682323534442     
   45.920000000000009       0.98531398456264241     
   45.990000000000009       0.97207110053575496     
   46.060000000000002       0.98348119575380588     
   46.130000000000003       0.98454064906941352     
   46.200000000000003       0.98412141565050359     
   46.270000000000010       0.97673645136255760     
   46.340000000000003       0.98476377862612030     
   46.410000000000004       0.98455654930151548     
   46.480000000000004       0.98169985036202057     
   46.550000000000004       0.97561584706158766     
   46.619999999999997       0.98015312142851263     
   46.690000000000005       0.98029545387646921     
   46.760000000000005       0.97440607549469616     
   46.830000000000005       0.97820446956754759     
   46.899999999999999       0.98455211268527021     
   46.969999999999999       0.97874810021698444     
   47.040000000000006       0.98108593610346739     
   47.110000000000007       0.97857343395728202     
   47.180000000000000       0.98450491210716662     
   47.250000000000000       0.98127376068091199     
   47.320000000000007       0.98042889213731688     
   47.390000000000008       0.97663837038695456     
   47.460000000000001       0.98545619202468937     
   47.530000000000001       0.97277102953888539     
   47.600000000000001       0.98066933604137185     
   47.670000000000009       0.98135769018825803     
   47.740000000000002       0.98506892721376060     
   47.810000000000002       0.97202432206438816     
   47.880000000000003       0.98245066063784670     
   47.950000000000010       0.97400459366731695     
   48.020000000000010       0.98728056815437015     
   48.090000000000003       0.98973691540783093     
   48.160000000000004       0.97951524960515124     
   48.230000000000004       0.98727392399599279     
   48.300000000000011       0.98211696599658849     
   48.370000000000005       0.97464396337221859     
   48.440000000000005       0.98785853489192510     
   48.510000000000005       0.96939695920590374     
   48.580000000000005       0.98092809853254492     
   48.649999999999999       0.98753044738009277     
   48.720000000000006       0.97293059334306942     
   48.790000000000006       0.98302206805451497     
   48.860000000000007       0.98494997470924928     
   48.930000000000000       0.98685996071368931     
   49.000000000000000       0.97024755152316366     
   49.070000000000007       0.98324713289485921     
   49.140000000000008       0.98630564476669136     
   49.210000000000001       0.98965451417865935     
   49.280000000000001       0.98445431741920975     
   49.350000000000009       0.97876746402045489     
   49.420000000000009       0.97622002723103873     
   49.490000000000002       0.97619444005749079     
   49.560000000000002       0.98841291052868063     
   49.630000000000003       0.97884763551964415     
   49.700000000000010       0.98346343653180768     
   49.770000000000003       0.98372723095658121     
   49.840000000000003       0.98570617987911191     
   49.910000000000004       0.98531302743406746     
   49.980000000000004       0.98471434303046068     
   50.049999999999997       0.97307693450084443     
   50.120000000000005       0.97481265441433573     
   50.190000000000005       0.97074173861000701     
   50.260000000000005       0.98550590027460905     
   50.329999999999998       0.97812723790415623     
   50.399999999999999       0.98588730551799475     
   50.470000000000006       0.98367744834134030     
   50.540000000000006       0.97745678442384021     
   50.609999999999999       0.98715258667557904     
   50.680000000000000       0.98239879802276642     
   50.750000000000007       0.98271390546125514     
   50.820000000000007       0.98385767221318876     
   50.890000000000008       0.98369868081333645     
   50.960000000000001       0.98639956641330140     
   51.030000000000001       0.98547218330633390     
   51.100000000000009       0.98429070395798746     
   51.170000000000009       0.98500527245539959     
   51.240000000000002       0.97873179789018305     
   51.310000000000002       0.98580368260732787     
   51.380000000000010       0.98773309128072928     
   51.450000000000010       0.97783376456644111     
   51.520000000000003       0.96578907053738838     
   51.590000000000003       0.98755967316960647     
   51.660000000000004       0.98550590343593703     
   51.730000000000011       0.96526949462787193     
   51.800000000000004       0.98164187588761898     
   51.870000000000005       0.97620533135967280     
   51.940000000000005       0.97694846709913274     
   52.010000000000005       0.98596738085756930     
   52.079999999999998       0.98486136268129110     
   52.150000000000006       0.97974962994452675     
   52.220000000000006       0.97607920020481076     
   52.290000000000006       0.98187221754424781     
   52.359999999999999       0.97901500149760412     
   52.430000000000000       0.98516867596876179     
   52.500000000000007       0.97336166721538653     
   52.570000000000007       0.98753681811338501     
   52.640000000000001       0.96808867497933249     
   52.710000000000001       0.98087075830166748     
   52.780000000000008       0.98789189036648017     
   52.850000000000009       0.98643614029036675     
   52.920000000000002       0.97209956424315291     
   52.990000000000002       0.98559439503846269     
   53.060000000000002       0.98085738040025039     
   53.130000000000010       0.97702947364969395     
   53.200000000000003       0.98328892335725893     
   53.270000000000003       0.98784294213095414     
   53.340000000000003       0.98135061979405613     
   53.410000000000011       0.97996596117588863     
   53.479999999999997       0.98127236063260515     
   53.550000000000004       0.97480502738184649     
   53.620000000000005       0.98112906045161286     
   53.690000000000005       0.97652464936386685     
   53.759999999999998       0.98486814990134353     
   53.830000000000005       0.97692126161079462     
   53.900000000000006       0.98531212922660794     
   53.970000000000006       0.98293982893007092     
   54.040000000000006       0.98358773113872267     
   54.109999999999999       0.97003784582030717     
   54.180000000000007       0.98135579115291871     
   54.250000000000007       0.98265923836598101     
   54.320000000000007       0.98559399167369099     
   54.390000000000001       0.98003846677746920     
   54.460000000000001       0.98809925330972270     
   54.530000000000008       0.98407107158649221     
   54.600000000000009       0.97828176905548991     
   54.670000000000002       0.96702149878480237     
   54.740000000000002       0.97639736300886137     
   54.810000000000009       0.98329020306168335     
   54.880000000000010       0.98154434191735729     
   54.950000000000003       0.98110313903430513     
   55.020000000000003       0.97603092538118064     
   55.090000000000003       0.98493700139551510     
   55.160000000000011       0.98593134084498402     
   55.230000000000004       0.98308986113528907     
   55.300000000000004       0.98123381752159655     
   55.370000000000005       0.97950014408760144     
   55.440000000000005       0.97897119404309929     
   55.509999999999998       0.97861239306773995     
   55.580000000000005       0.97885447602324804     
   55.650000000000006       0.97602512909176842     
   55.720000000000006       0.98482910828093129     
   55.789999999999999       0.97846402999693527     
   55.859999999999999       0.97821532410836731     
   55.930000000000007       0.98032505549104942     
   56.000000000000007       0.98192771500347020     
   56.070000000000000       0.97502188397862366     
   56.140000000000001       0.98290057899970917     
   56.210000000000008       0.98294323380714976     
   56.280000000000008       0.95595706412361647     
   56.350000000000001       0.98836832191788782     
   56.420000000000002       0.98273338712127856     
   56.490000000000002       0.97442513332944658     
   56.560000000000009       0.97351179981770919     
   56.630000000000003       0.98344966122500765     
   56.700000000000003       0.98465971827592857     
   56.770000000000003       0.97846681835125782     
   56.840000000000011       0.98577331144409241     
   56.910000000000011       0.98904214372545696     
   56.980000000000004       0.98349320967075093     
   57.050000000000004       0.98117204423970594     
   57.120000000000005       0.98109135727751584     
   57.190000000000012       0.98172058118328398     
   57.260000000000005       0.97153534720143819     
   57.330000000000005       0.98419452920715422     
   57.400000000000006       0.98232555762953777     
   57.470000000000006       0.98476076890938091     
   57.539999999999999       0.98143551524883621     
   57.610000000000007       0.98773584224522493     
   57.680000000000007       0.98173868383115082     
   57.750000000000007       0.98330452870432561     
   57.820000000000000       0.98641488052959536     
   57.890000000000001       0.96989139715592576     
   57.960000000000008       0.98795373871404313     
   58.030000000000008       0.98503354325897763     
   58.100000000000001       0.97668659207486141     
   58.170000000000002       0.98618475011540874     
   58.240000000000009       0.97120296048320653     
   58.310000000000009       0.98414335189029978     
   58.380000000000003       0.98345690120501972     
   58.450000000000003       0.98360523073318862     
   58.520000000000003       0.98174486261911775     
   58.590000000000011       0.97638217414101824     
   58.660000000000004       0.96690695257213632     
   58.730000000000004       0.97701539408042359     
   58.800000000000004       0.97786909899011942     
   58.870000000000012       0.97969481857390373     
   58.939999999999998       0.98575612457534267     
   59.010000000000005       0.97861877020735055     
   59.080000000000005       0.98498047571707992     
   59.150000000000006       0.97855433948993742     
   59.219999999999999       0.97931386188088365     
   59.290000000000006       0.97756946718739224     
   59.360000000000007       0.97605842789792296     
   59.430000000000007       0.98553926073283760     
   59.500000000000000       0.98357483400682688     
   59.570000000000000       0.97229065015735161     
   59.640000000000008       0.98282724828892054     
   59.710000000000008       0.98281679421909174     
   59.780000000000008       0.98571727884349725     
   59.850000000000001       0.98047346541381331     
   59.920000000000002       0.97535922336941672     
   59.990000000000009       0.98009209514730777     
   60.060000000000009       0.97390258001850116     
   60.130000000000003       0.98362623534748994     
   60.200000000000003       0.98262734692839049     
   60.270000000000010       0.98284569575706804     
   60.340000000000011       0.98537632071268544     
   60.410000000000004       0.98483440591632743     
   60.480000000000004       0.98445146640180570     
   60.550000000000004       0.98078576513760818     
   60.620000000000012       0.97986558684471214     
   60.690000000000005       0.97946394140625104     
   60.760000000000005       0.98464544474585747     
   60.830000000000005       0.97916872217748030     
   60.900000000000006       0.98230986806273712     
   60.969999999999999       0.98683653523674519     
   61.040000000000006       0.98417670327404305     
   61.110000000000007       0.98345536822863933     
   61.180000000000007       0.96947762332231679     
   61.250000000000000       0.97394227328673233     
   61.320000000000007       0.98036515875996955     
   61.390000000000008       0.97740335388854460     
   61.460000000000008       0.97785108857582481     
   61.530000000000001       0.97710148486072224     
   61.600000000000001       0.97694350940507868     
   61.670000000000009       0.98036808096953587     
   61.740000000000009       0.98099099665907996     
   61.810000000000002       0.98652078063879589     
   61.880000000000003       0.98991390699312864     
   61.950000000000003       0.98495251650129378     
   62.020000000000010       0.97532902783223641     
   62.090000000000003       0.98068628338906971     
   62.160000000000004       0.96556639048910220     
   62.230000000000004       0.97631297782878956     
   62.300000000000011       0.98297001895633873     
   62.369999999999997       0.98409468133627775     
   62.440000000000005       0.97573931115874535     
   62.510000000000005       0.98066533769625375     
   62.580000000000005       0.98368238269351460     
   62.649999999999999       0.97514901522155351     
   62.720000000000006       0.98033518230926797     
   62.790000000000006       0.98178780396739207     
   62.860000000000007       0.97814461572056532     
   62.930000000000007       0.98804718633276822     
   63.000000000000000       0.98611879477033859     
   63.070000000000007       0.98224734950517667     
   63.140000000000008       0.97498576789080893     
   63.210000000000008       0.98460929423734245     
   63.280000000000001       0.98353622001523833     
   63.350000000000001       0.98294777335520322     
   63.420000000000009       0.98774528457230948     
   63.490000000000009       0.97780738433049308     
   63.560000000000002       0.98208344605049225     
   63.630000000000003       0.98827967202524969     
   63.700000000000010       0.98680303190724350     
   63.770000000000010       0.98362600897836372     
   63.840000000000003       0.97713899350698097     
   63.910000000000004       0.98573023824123351     
   63.980000000000004       0.98132420418713251     
   64.050000000000011       0.98053567871937997     
   64.120000000000005       0.97373701614196861     
   64.189999999999998       0.98285419872115709     
   64.260000000000005       0.97213707186009324     
   64.330000000000013       0.98112522994815077     
   64.400000000000006       0.98088153328691474     
   64.469999999999999       0.95118487177737621     
   64.540000000000006       0.98894978950851853     
   64.610000000000014       0.97876184432879731     
   64.680000000000007       0.98361141160918353     
   64.750000000000000       0.98300694077725670     
   64.820000000000007       0.98297940262234496     
   64.890000000000015       0.97280718660831833     
   64.960000000000008       0.98393024487290759     
   65.030000000000001       0.97176990485709891     
   65.100000000000009       0.97047116179078352     
   65.170000000000002       0.97862276193563791     
   65.239999999999995       0.98031511548073635     
   65.310000000000002       0.98603690325306803     
   65.380000000000010       0.97901015457590190     
   65.450000000000003       0.97821132591380033     
   65.519999999999996       0.97555916371360940     
   65.590000000000003       0.97334561899455763     
   65.660000000000011       0.97962301216681147     
   65.730000000000004       0.98524667564675805     
   65.800000000000011       0.97363149035120233     
   65.870000000000005       0.98183555556627233     
   65.940000000000012       0.97809627908902963     
   66.010000000000005       0.98193926478627491     
   66.080000000000013       0.97983005252530175     
   66.150000000000006       0.97492141783417197     
   66.219999999999999       0.97511023746380543     
   66.290000000000006       0.97970685378163180     
   66.360000000000014       0.98406366124590672     
   66.430000000000007       0.98267100478609981     
   66.500000000000000       0.98761303296888592     
   66.570000000000007       0.97258003710761010     
   66.640000000000015       0.98321275920128626     
   66.710000000000008       0.98204696173623540     
   66.780000000000001       0.98286987960822214     
   66.850000000000009       0.98462576928064549     
   66.920000000000016       0.98289912068292684     
   66.990000000000009       0.98391200810508928     
   67.060000000000002       0.98309465505458382     
   67.130000000000010       0.97043584793043824     
   67.200000000000003       0.98556076260269110     
   67.269999999999996       0.97479087494655992     
   67.340000000000003       0.98226094410650266     
   67.410000000000011       0.97868202019366735     
   67.480000000000004       0.97797050097092186     
   67.549999999999997       0.98135015424024763     
   67.620000000000005       0.96826527539123186     
   67.690000000000012       0.97599604625892500     
   67.760000000000005       0.97535706174698322     
   67.829999999999998       0.98300923419572483     
   67.900000000000006       0.96992546239528754     
   67.970000000000013       0.98779317486611240     
   68.040000000000006       0.98111652707192742     
   68.109999999999999       0.98301042475608524     
   68.180000000000007       0.98672594138893244     
   68.250000000000000       0.97811858615601566     
   68.320000000000007       0.98352739118506705     
   68.390000000000001       0.98284392684813215     
   68.460000000000008       0.98271800454116920     
   68.530000000000001       0.97590840867046491     
   68.600000000000009       0.98178252382648301     
   68.670000000000002       0.98116136292458123     
   68.740000000000009       0.97493580413111813     
   68.810000000000002       0.97344666960531279     
   68.880000000000010       0.98495043611238087     
   68.950000000000017       0.98440692871905922     
   69.019999999999996       0.97689180155915345     
   69.090000000000003       0.97774610522216976     
   69.160000000000011       0.98399575082967317     
   69.230000000000004       0.98063621335946149     
   69.299999999999997       0.98141921515863806     
   69.370000000000005       0.97960976953382517     
   69.440000000000012       0.97204288602993982     
   69.510000000000005       0.97997115959340841     
   69.579999999999998       0.98350149760227357     
   69.650000000000006       0.98026173545508488     
   69.720000000000013       0.97929813700667545     
   69.790000000000006       0.98434240546282470     
   69.859999999999999       0.97605011967606670     
   69.930000000000007       0.96584012630509752     
   70.000000000000014       0.98533952049275053     
   70.070000000000007       0.98161980064987986     
   70.140000000000001       0.97728154023675951     
   70.210000000000008       0.97759165579741303     
   70.280000000000001       0.98050184588349287     
   70.350000000000009       0.98389463244211883     
   70.420000000000002       0.98775124605969500     
   70.490000000000009       0.96431117264869426     
   70.560000000000002       0.97879460457804590     
   70.630000000000010       0.97969959300510712     
   70.700000000000003       0.98271795697862563     
   70.770000000000010       0.98087664299648969     
   70.840000000000003       0.97993046225869607     
   70.910000000000011       0.98230491967755784     
   70.980000000000004       0.97552452490351660     
   71.049999999999997       0.98346323573677130     
   71.120000000000005       0.97669163037022522     
   71.190000000000012       0.96975193348444577     
   71.260000000000005       0.97367431065045551     
   71.329999999999998       0.98275386687109634     
   71.400000000000006       0.98158152039437385     
   71.470000000000013       0.97400614398243968     
   71.540000000000006       0.97376181382677340     
   71.609999999999999       0.98281101795803960     
   71.680000000000007       0.98261840870571893     
   71.750000000000014       0.97743419943354126     
   71.820000000000007       0.98755676752190180     
   71.890000000000001       0.98186270262192954     
   71.960000000000008       0.97965041248634288     
   72.030000000000015       0.97694798382404169     
   72.100000000000009       0.97485030328931199     
   72.170000000000002       0.97823436755746718     
   72.240000000000009       0.97406173584375511     
   72.310000000000002       0.98133069837794329     
   72.380000000000010       0.97748800149764314     
   72.450000000000003       0.98551723809055813     
   72.520000000000010       0.97336852903057580     
   72.590000000000003       0.97262081143082313     
   72.660000000000011       0.97343942378074266     
   72.730000000000004       0.98400325036977732     
   72.800000000000011       0.97600269392230676     
   72.870000000000005       0.97621480003072802     
   72.940000000000012       0.98253771827658021     
   73.010000000000005       0.96253046790185903     
   73.079999999999998       0.98373010704903097     
   73.150000000000006       0.96746855159986411     
   73.220000000000013       0.98143741883356261     
   73.290000000000006       0.98116141403733503     
   73.359999999999999       0.96994707395569657     
   73.430000000000007       0.97143811449148720     
   73.500000000000014       0.96052079070344343     
   73.570000000000007       0.97823597492552605     
   73.640000000000001       0.96556492862630383     
   73.710000000000008       0.97553432500452952     
   73.780000000000015       0.97844873770811125     
   73.850000000000009       0.96011642413351672     
   73.920000000000002       0.97331922042758079     
   73.990000000000009       0.97838967843588198     
   74.060000000000002       0.98429779749345281     
   74.129999999999995       0.97286629923394286     
   74.200000000000003       0.96212324820083173     
   74.270000000000010       0.96757476395144015     
   74.340000000000003       0.97988727367562656     
   74.409999999999997       0.98728265739546106     
   74.480000000000004       0.98155997074319357     
   74.550000000000011       0.98177198989852210     
   74.620000000000005       0.98206176922778887     
   74.690000000000012       0.96431351300088375     
   74.760000000000005       0.98013694623606362     
   74.830000000000013       0.96605695587793794     
   74.900000000000006       0.97509675277888164     
   74.970000000000013       0.97064864923471150     
   75.040000000000006       0.97457274271980321     
   75.109999999999999       0.98334362793725805     
   75.180000000000007       0.97384115359867218     
   75.250000000000014       0.97274111523443119     
   75.320000000000007       0.97414075221376173     
   75.390000000000001       0.97201117695543870     
   75.460000000000008       0.98699270545765116     
   75.530000000000015       0.97928443945444543     
   75.600000000000009       0.97045198594163729     
   75.670000000000002       0.98455867828904520     
   75.740000000000009       0.96227754760317208     
   75.810000000000016       0.98280040484172881     
   75.880000000000010       0.97382221922743473     
   75.950000000000003       0.98319320876338301     
   76.020000000000010       0.96875059370108030     
   76.090000000000003       0.97296725270367124     
   76.159999999999997       0.97732708926691070     
   76.230000000000004       0.98134195238919864     
   76.300000000000011       0.96455820454275798     
   76.370000000000005       0.97561974016312925     
   76.439999999999998       0.97716779588588032     
   76.510000000000005       0.97786134416621939     
   76.580000000000013       0.97446022979987656     
   76.650000000000006       0.98355336273378913     
   76.719999999999999       0.97945333148075764     
   76.790000000000006       0.98284399594975302     
   76.860000000000014       0.97607644294932550     
   76.930000000000007       0.97408321293672273     
   77.000000000000000       0.97914122969150452     
   77.070000000000007       0.98332083593447805     
   77.140000000000001       0.97289537528573078     
   77.210000000000008       0.96843235288526752     
   77.280000000000001       0.97260682291844580     
   77.350000000000009       0.96373571842058137     
   77.420000000000002       0.96937283444510092     
   77.490000000000009       0.97766955210491380     
   77.560000000000002       0.97774371418664863     
   77.630000000000010       0.95484077462477990     
   77.700000000000003       0.97869140941068589     
   77.770000000000010       0.97906067649902029     
   77.840000000000018       0.97741966609262232     
   77.910000000000011       0.97963384914128970     
   77.980000000000004       0.96108483680791934     
   78.050000000000011       0.97255359262044960     
   78.120000000000005       0.97746214154094690     
   78.189999999999998       0.96970983858118154     
   78.260000000000005       0.97530814072436334     
   78.330000000000013       0.97741852835183329     
   78.400000000000006       0.96902918298790208     
   78.469999999999999       0.96918111116325578     
   78.540000000000006       0.95822726033055006     
   78.610000000000014       0.96163314727279958     
   78.680000000000007       0.97108864552626240     
   78.750000000000000       0.97222146858749281     
   78.820000000000007       0.96695900897621700     
   78.890000000000015       0.97253204200087040     
   78.960000000000008       0.97920234584246491     
   79.030000000000001       0.96899028064572534     
   79.100000000000009       0.97179389157699270     
   79.170000000000002       0.96482312869645004     
   79.240000000000009       0.96761765351573203     
   79.310000000000002       0.96867234896279575     
   79.380000000000010       0.96902392806177473     
   79.450000000000003       0.97652262265907896     
   79.520000000000010       0.96835511176382227     
   79.590000000000003       0.96801730993942026     
   79.660000000000011       0.95702772876981423     
   79.730000000000004       0.97774241980236087     
   79.800000000000011       0.96885096502005219     
   79.870000000000005       0.97332217341099669     
   79.940000000000012       0.98536670557725448     
   80.010000000000005       0.98140963572577222     
   80.080000000000013       0.97914271980999334     
   80.150000000000006       0.97519133486791498     
   80.219999999999999       0.97945672532669770     
   80.290000000000006       0.97407222640522984     
   80.360000000000014       0.97198977604138259     
   80.430000000000007       0.96622334475889016     
   80.500000000000000       0.96359584516340424     
   80.570000000000007       0.98148598707877455     
   80.640000000000015       0.97797906964103898     
   80.710000000000008       0.98104497526337586     
   80.780000000000001       0.97967616350064457     
   80.850000000000009       0.98241205189851333     
   80.920000000000016       0.97338599539315585     
   80.990000000000009       0.97623047386313677     
   81.060000000000002       0.96430644047855041     
   81.130000000000010       0.97146378220595120     
   81.200000000000003       0.97782440503203782     
   81.270000000000010       0.96516106323266548     
   81.340000000000003       0.97852783629969697     
   81.410000000000011       0.98232017115531634     
   81.480000000000004       0.96864757904927123     
   81.550000000000011       0.97211472913434249     
   81.620000000000005       0.97624713241093974     
   81.690000000000012       0.97915125433573624     
   81.760000000000005       0.96870223154459478     
   81.830000000000013       0.97402877306762015     
   81.900000000000006       0.97455813038741212     
   81.969999999999999       0.97886421224969433     
   82.040000000000006       0.97937517304108912     
   82.110000000000014       0.95812271042958497     
   82.180000000000007       0.98112042802574140     
   82.250000000000000       0.96897126086653995     
   82.320000000000007       0.96955189009506926     
   82.390000000000015       0.98647490185886755     
   82.460000000000008       0.96470984830523432     
   82.530000000000001       0.97748061673203646     
   82.600000000000009       0.97608206060212011     
   82.670000000000016       0.97157790957557566     
   82.740000000000009       0.98023667777802792     
   82.810000000000002       0.97042387588350831     
   82.880000000000010       0.97691250961432174     
   82.950000000000017       0.98217345272044587     
   83.019999999999996       0.97727033218600357     
   83.090000000000003       0.98079149454032077     
   83.160000000000011       0.96040578548499278     
   83.230000000000004       0.97838332020574514     
   83.299999999999997       0.97026829476902243     
   83.370000000000005       0.97538424145434888     
   83.440000000000012       0.97434581651590046     
   83.510000000000005       0.97077617710401154     
   83.579999999999998       0.97943486569363414     
   83.650000000000006       0.97121963659327948     
   83.720000000000013       0.97320939531403605     
   83.790000000000006       0.97625520066035243     
   83.860000000000014       0.97342806247908797     
   83.930000000000007       0.97427973517685851     
   84.000000000000000       0.96420046629393497     
   84.070000000000007       0.98169833942920981     
   84.140000000000015       0.97011992954370541     
   84.210000000000008       0.97335196136817215     
   84.280000000000001       0.98423417975065908     
   84.350000000000009       0.98395283274532408     
   84.420000000000016       0.98523077049642838     
   84.490000000000009       0.97054012035028714     
   84.560000000000002       0.97502527677476414     
   84.630000000000010       0.96803880733324155     
   84.700000000000017       0.96995152909461202     
   84.770000000000010       0.97523938247511788     
   84.840000000000003       0.97812798809760637     
   84.910000000000011       0.97592545102140449     
   84.980000000000018       0.98537283800068509     
   85.049999999999997       0.97840575906515481     
   85.120000000000005       0.97932626447655213     
   85.190000000000012       0.98008702266885772     
   85.260000000000005       0.97176285975038734     
   85.329999999999998       0.97243021272666297     
   85.400000000000006       0.97195888445650647     
   85.470000000000013       0.97446654998442117     
   85.540000000000006       0.98158473399563795     
   85.609999999999999       0.97683480971268277     
   85.680000000000007       0.97287245564316338     
   85.750000000000014       0.98134664339585698     
   85.820000000000007       0.97299954333316385     
   85.890000000000001       0.97787934587684433     
   85.960000000000008       0.96819641318470895     
   86.030000000000001       0.97479572836240924     
   86.100000000000009       0.96226301971511397     
   86.170000000000002       0.97224036042255613     
   86.240000000000009       0.95943227412609944     
   86.310000000000002       0.97397980445676091     
   86.380000000000010       0.97596162848232548     
   86.450000000000003       0.96581087270275023     
   86.520000000000010       0.98051986355011389     
   86.590000000000003       0.96959176180471218     
   86.660000000000011       0.97598134480459575     
   86.730000000000018       0.97747850112645629     
   86.800000000000011       0.97635832240769771     
   86.870000000000005       0.97429019934522976     
   86.940000000000012       0.97550718065375619     
   87.010000000000005       0.97278093181398051     
   87.079999999999998       0.97467123443469439     
   87.150000000000006       0.96637809162326282     
   87.220000000000013       0.97566721864743466     
   87.290000000000006       0.97614584697235141     
   87.359999999999999       0.96382781458313671     
   87.430000000000007       0.96543539262317613     
   87.500000000000014       0.97599950481958220     
   87.570000000000007       0.96938024081131480     
   87.640000000000001       0.97555971779979966     
   87.710000000000008       0.97057685656367421     
   87.780000000000015       0.97780317579822607     
   87.850000000000009       0.97298464666165574     
   87.920000000000002       0.96403515394208017     
   87.990000000000009       0.97868464129053256     
   88.060000000000002       0.98250029918861226     
   88.130000000000010       0.95893713948567549     
   88.200000000000003       0.97426082673390380     
   88.270000000000010       0.96921463193392277     
   88.340000000000003       0.96509008223029469     
   88.410000000000011       0.96297738520767329     
   88.480000000000004       0.96313129130109620     
   88.550000000000011       0.98065985323115801     
   88.620000000000005       0.96006037206257233     
   88.690000000000012       0.97497955339575548     
   88.760000000000005       0.96900440997456727     
   88.830000000000013       0.98280994167755054     
   88.900000000000006       0.95174624765985016     
   88.970000000000013       0.96387301479823617     
   89.040000000000006       0.97100697504538935     
   89.109999999999999       0.97688498316137307     
   89.180000000000007       0.96768835290235755     
   89.250000000000014       0.98048121684133205     
   89.320000000000007       0.98226438353624812     
   89.390000000000001       0.97193135469265446     
   89.460000000000008       0.98293052525512925     
   89.530000000000015       0.97424557347358243     
   89.600000000000009       0.97741349403730415     
   89.670000000000002       0.97873268239605393     
   89.740000000000009       0.97278196088222135     
   89.810000000000016       0.97994226107217841     
   89.880000000000010       0.96826167004418040     
   89.950000000000003       0.97467161467304664     
   90.020000000000010       0.97706789870299460     
   90.090000000000003       0.96017742874493939     
   90.160000000000011       0.97573693941964867     
   90.230000000000004       0.97423593734012226     
   90.300000000000011       0.98181003544115153     
   90.370000000000005       0.96917706522956948     
   90.439999999999998       0.97360346137023379     
   90.510000000000005       0.97785013677603960     
   90.580000000000013       0.96890224433471195     
   90.650000000000006       0.98074113538770480     
   90.720000000000013       0.97783174816992979     
   90.790000000000020       0.96329052803947512     
   90.860000000000014       0.97381871873391679     
   90.929999999999993       0.97995159355259831     
   91.000000000000000       0.96787479360116468     
   91.070000000000007       0.97471768657419189     
   91.140000000000001       0.95866152458316678     
   91.210000000000008       0.97385738111463416     
   91.280000000000015       0.98460367952921923     
   91.350000000000009       0.97809516095182214     
   91.420000000000016       0.96415878184722281     
   91.489999999999995       0.95687825124336090     
   91.560000000000002       0.97272421142751986     
   91.630000000000010       0.96556321025309177     
   91.700000000000003       0.96179534969927583     
   91.770000000000010       0.97747562635806462     
   91.840000000000018       0.97184729489771882     
   91.910000000000011       0.97156525284691986     
   91.980000000000018       0.97044695642244538     
   92.049999999999997       0.98282714991537579     
   92.120000000000005       0.98718706951369051     
   92.189999999999998       0.97025675969673142     
   92.260000000000005       0.97442438796656861     
   92.330000000000013       0.97868519712134538     
   92.400000000000006       0.97614738185951944     
   92.470000000000013       0.98464112357216738     
   92.540000000000020       0.96481520048939573     
   92.610000000000014       0.98353233412203267     
   92.680000000000007       0.96474826625268295     
   92.750000000000000       0.97374669077587328     
   92.820000000000007       0.97881880397710086     
   92.890000000000001       0.96531802312274750     
   92.960000000000008       0.97371961931041617     
   93.030000000000015       0.96339921665328687     
   93.100000000000009       0.97426486404419643     
   93.170000000000016       0.97747885968473858     
   93.239999999999995       0.97210614863974687     
   93.310000000000002       0.96767506145491511     
   93.380000000000010       0.97152097799519954     
   93.450000000000003       0.97222161875144864     
   93.520000000000010       0.97688666145261982     
   93.590000000000018       0.96678747386689912     
   93.660000000000011       0.98295223072147775     
   93.730000000000018       0.97948739356576275     
   93.799999999999997       0.97578617013669355     
   93.870000000000005       0.97240693733082118     
   93.939999999999998       0.97923194924345769     
   94.010000000000005       0.97036434617265133     
   94.080000000000013       0.97251587196916034     
   94.150000000000006       0.97880674895126252     
   94.220000000000013       0.96986278103107448     
   94.290000000000020       0.97773882829420400     
   94.359999999999999       0.98180748556177455     
   94.430000000000007       0.97788506636658290     
   94.500000000000000       0.97256011612201554     
   94.570000000000007       0.97559670656908526     
   94.640000000000015       0.97713140925984665     
   94.710000000000008       0.98220363029057278     
   94.780000000000015       0.97471627707449027     
   94.850000000000023       0.97930517743360612     
   94.920000000000002       0.97500816415901015     
   94.989999999999995       0.97572213903022431     
   95.060000000000002       0.96465064344552631     
   95.130000000000010       0.97852392373027219     
   95.200000000000003       0.96793131274968836     
   95.270000000000010       0.97777745278718575     
   95.340000000000018       0.96957325778926440     
   95.410000000000011       0.98534519907355633     
   95.480000000000004       0.98142396882959548     
   95.549999999999997       0.97592522483388511     
   95.620000000000005       0.96415728140941037     
   95.690000000000012       0.97046700856774393     
   95.760000000000005       0.95658052741159882     
   95.830000000000013       0.98162800359339963     
   95.900000000000020       0.97464933678154031     
   95.970000000000013       0.96094749948761948     
   96.040000000000020       0.96265569811336094     
   96.109999999999999       0.97113113366440229     
   96.180000000000007       0.97936724654464946     
   96.250000000000000       0.97928332005682406     
   96.320000000000007       0.97061534639693736     
   96.390000000000015       0.97553684698403387     
   96.460000000000008       0.98257207712202843     
   96.530000000000015       0.97282059841219715     
   96.600000000000023       0.97158646026040363     
   96.670000000000002       0.98136066710700443     
   96.740000000000009       0.96731009453573435     
   96.810000000000002       0.97555123527164522     
   96.880000000000010       0.97890762523197450     
   96.950000000000003       0.97720046022228857     
   97.020000000000010       0.94035392021695130     
   97.090000000000018       0.98041803342757761     
   97.160000000000011       0.96677809878130239     
   97.230000000000004       0.97249868031650744     
   97.299999999999997       0.96949631873767794     
   97.370000000000005       0.97816948747595078     
   97.440000000000012       0.97539346863246468     
   97.510000000000005       0.98008115927099260     
   97.580000000000013       0.98238653709571377     
   97.650000000000020       0.97739613946619330     
   97.720000000000013       0.96831725978032823     
   97.789999999999992       0.98366178739710186     
   97.859999999999999       0.96555892163876478     
   97.930000000000007       0.98461007820885682     
   98.000000000000000       0.97702410748787127     
   98.070000000000007       0.97505045469564777     
   98.140000000000015       0.98065794737119327     
   98.210000000000008       0.97243280016830147     
   98.280000000000015       0.97354686885571540     
   98.349999999999994       0.96490265765587713     
   98.420000000000002       0.97139400904120143     
   98.490000000000009       0.97790328844127050     
   98.560000000000002       0.97156650474263984     
   98.630000000000010       0.96052252551836959     
   98.700000000000017       0.97687354287593431     
   98.770000000000010       0.95296349120468926     
   98.840000000000018       0.97494854465581759     
   98.910000000000025       0.96372567828999456     
   98.980000000000004       0.97113968775274084     
   99.049999999999997       0.96878963782934302     
   99.120000000000005       0.97829465801511184     
   99.190000000000012       0.96627311476589062     
   99.260000000000005       0.98197555090947164     
   99.330000000000013       0.97519432686932550     
   99.400000000000020       0.97772256132402258     
   99.470000000000013       0.97230916539617851     
   99.540000000000006       0.97045219283533968     
   99.609999999999999       0.97466425889029817     
   99.680000000000007       0.97954988973309864     
   99.750000000000014       0.97633385902164638     
   99.820000000000007       0.97577545920778941     
   99.890000000000015       0.97314979648926603     
