   0.0000000000000000        1.0000000000000175     
   8.0000000000000002E-002  0.97451423931144943     
  0.16000000000000000       0.88042810859435050     
  0.23999999999999999       0.25084880554425337     
  0.32000000000000001      -0.88593883358074699     
  0.40000000000000008       0.93040373529928566     
  0.47999999999999998       0.96225022868697729     
  0.56000000000000005       0.95377917860526285     
  0.64000000000000001       0.93182667193382063     
  0.72000000000000008       0.85549736175722579     
  0.80000000000000016       0.92564749084229025     
  0.88000000000000000       0.71996819200879003     
  0.95999999999999996       0.72927703743451255     
   1.0400000000000000       0.72157444142258076     
   1.1200000000000001       0.65859218858372459     
   1.2000000000000002       0.76628055655076122     
   1.2800000000000000       0.78416748718119966     
   1.3600000000000001       0.84745019683842016     
   1.4400000000000002       0.80074085106463466     
   1.5200000000000000       0.67963827293120871     
   1.6000000000000003       0.73574665264424788     
   1.6800000000000002       0.45685249601129430     
   1.7600000000000000       0.83188837577272234     
   1.8400000000000001       0.81683415115282909     
   1.9199999999999999       0.83140242405279619     
   2.0000000000000004       0.82001620875942027     
   2.0800000000000001       0.83047012219798888     
   2.1600000000000001       0.84849698765084658     
   2.2400000000000002       0.87386596659341498     
   2.3199999999999998       0.87471137690288381     
   2.4000000000000004       0.87984898083465735     
   2.4800000000000004       0.90721198611834075     
   2.5600000000000001       0.89184104000271536     
   2.6400000000000001       0.85266784876197221     
   2.7200000000000002       0.68567238410884634     
   2.8000000000000003       0.86372957513012427     
   2.8800000000000003       0.86819281431457451     
   2.9600000000000004       0.82864453462938736     
   3.0400000000000000       0.84814968567200688     
   3.1200000000000001       0.87347678600638079     
   3.2000000000000006       0.90404288975999980     
   3.2800000000000002       0.90753367912474681     
   3.3600000000000003       0.89900970527232149     
   3.4400000000000004       0.87006374116796437     
   3.5200000000000000       0.84608495062609157     
   3.6000000000000001       0.87859409039464553     
   3.6800000000000002       0.88683003545350647     
   3.7600000000000002       0.88815582990250530     
   3.8399999999999999       0.77413025267115099     
   3.9200000000000008       0.80595292649329586     
   4.0000000000000009       0.87191515252369733     
   4.0800000000000001       0.88064212327170366     
   4.1600000000000001       0.87901570437613574     
   4.2400000000000002       0.87436443642016182     
   4.3200000000000003       0.87137426161985743     
   4.4000000000000004       0.88255283648451166     
   4.4800000000000004       0.78783203471841301     
   4.5600000000000005       0.90373294332770904     
   4.6399999999999997       0.90672158556482807     
   4.7200000000000006       0.86653321676426209     
   4.8000000000000007       0.89440049548720202     
   4.8800000000000008       0.90757111925727729     
   4.9600000000000009       0.89882715823334092     
   5.0400000000000009       0.90751494962667378     
   5.1200000000000001       0.76650185168755280     
   5.2000000000000002       0.91086137888493246     
   5.2800000000000002       0.89621942094367590     
   5.3600000000000003       0.87073670003947412     
   5.4400000000000004       0.84721456631080228     
   5.5200000000000005       0.88662704012581051     
   5.6000000000000005       0.89377504242296524     
   5.6800000000000006       0.84831262476439229     
   5.7600000000000007       0.87061949522738780     
   5.8400000000000007       0.89438184649127017     
   5.9200000000000008       0.89379491825026514     
   6.0000000000000009       0.89294876951662350     
   6.0800000000000001       0.89068342452815952     
   6.1600000000000001       0.90048063199058237     
   6.2400000000000002       0.88564243893688865     
   6.3200000000000003       0.87040165950743509     
   6.4000000000000012       0.82822731566519492     
   6.4800000000000004       0.88897452713998659     
   6.5600000000000005       0.91048660121608871     
   6.6400000000000006       0.91507125013734902     
   6.7200000000000006       0.90176486918296039     
   6.8000000000000007       0.89713626946909220     
   6.8800000000000008       0.90767478478661701     
   6.9600000000000009       0.90516998767778933     
   7.0400000000000000       0.90386334347968456     
   7.1200000000000001       0.90523500269866986     
   7.2000000000000002       0.92808057114938347     
   7.2800000000000002       0.90844724090987983     
   7.3600000000000003       0.87123386573868655     
   7.4400000000000004       0.91794744202284162     
   7.5200000000000005       0.87662647096572122     
   7.5999999999999996       0.92036501465306386     
   7.6799999999999997       0.88720075703031154     
   7.7600000000000016       0.89559645632072149     
   7.8400000000000016       0.91559610101743372     
   7.9200000000000008       0.90458774187280777     
   8.0000000000000018       0.88999109831903789     
   8.0800000000000018       0.91679516073898593     
   8.1600000000000001       0.84196191159141609     
   8.2400000000000002       0.92990675729171812     
   8.3200000000000003       0.91743508693528542     
   8.4000000000000004       0.92114985088189283     
   8.4800000000000004       0.83458020312374714     
   8.5600000000000005       0.88220393887571824     
   8.6400000000000006       0.85921576355590956     
   8.7200000000000006       0.90732037099359220     
   8.8000000000000007       0.92585972686937512     
   8.8800000000000008       0.91790452820362911     
   8.9600000000000009       0.93258861013602168     
   9.0400000000000009       0.91953931667888544     
   9.1200000000000010       0.90512789380629233     
   9.2000000000000011       0.92708054321683031     
   9.2799999999999994       0.92009477806090167     
   9.3599999999999994       0.91382080857150672     
   9.4400000000000013       0.89191646102216338     
   9.5200000000000014       0.83684293068980198     
   9.6000000000000014       0.89027305785815358     
   9.6800000000000015       0.88920981235870478     
   9.7600000000000016       0.88757329730522194     
   9.8400000000000016       0.90240728774588708     
   9.9200000000000017       0.92298277175084753     
   10.000000000000002       0.91988127305287737     
   10.080000000000002       0.90357753682317365     
   10.160000000000000       0.91681179364324972     
   10.240000000000000       0.90974749476016759     
   10.320000000000000       0.92603522284636863     
   10.400000000000000       0.92398990899625766     
   10.480000000000000       0.91712553657936835     
   10.560000000000000       0.90765490304963781     
   10.640000000000001       0.87954374797596901     
   10.720000000000001       0.90895692343700663     
   10.800000000000001       0.92041752663096732     
   10.880000000000001       0.91208674123669975     
   10.960000000000001       0.92371112866532701     
   11.040000000000001       0.92188584857489808     
   11.120000000000001       0.91560896905757960     
   11.200000000000001       0.91450172490096993     
   11.280000000000001       0.90979827128370339     
   11.360000000000001       0.90300578555797328     
   11.440000000000001       0.92130202868314903     
   11.520000000000001       0.91980289230355594     
   11.600000000000001       0.92158309393486415     
   11.680000000000001       0.91055058675750233     
   11.760000000000002       0.91610635901047810     
   11.840000000000002       0.91471419571197210     
   11.920000000000002       0.93299923183684452     
   12.000000000000002       0.91048319083811990     
   12.080000000000000       0.92248052451271312     
   12.160000000000000       0.92498667775656596     
   12.240000000000000       0.92386440177365192     
   12.320000000000000       0.93020193012380059     
   12.400000000000000       0.91654760720563233     
   12.480000000000000       0.91950597043884230     
   12.560000000000000       0.92764683639936085     
   12.640000000000001       0.92289306098948232     
   12.720000000000001       0.91343584927893995     
   12.800000000000002       0.92008893351854115     
   12.880000000000003       0.90987090116336566     
   12.960000000000001       0.89256079672613331     
   13.040000000000001       0.92142263450076978     
   13.120000000000001       0.90236301524269480     
   13.200000000000001       0.90667997114633214     
   13.280000000000001       0.92342360521322076     
   13.360000000000001       0.92354368826313515     
   13.440000000000001       0.90635034820188443     
   13.520000000000001       0.90602974931861024     
   13.600000000000001       0.92472949679375060     
   13.680000000000001       0.91290943586066520     
   13.760000000000002       0.91649057069531836     
   13.840000000000002       0.89032614775205510     
   13.920000000000002       0.89900730813114926     
   14.000000000000002       0.91920645393515144     
   14.080000000000000       0.91397494752399755     
   14.160000000000000       0.90629349401113701     
   14.240000000000000       0.92695601783444970     
   14.320000000000000       0.92896634001600653     
   14.400000000000000       0.92730371444421833     
   14.480000000000000       0.92165029331108528     
   14.560000000000000       0.92311561436784972     
   14.640000000000001       0.90346865578225644     
   14.720000000000001       0.92659896251877660     
   14.800000000000001       0.93182181003333708     
   14.880000000000001       0.91471028843494284     
   14.960000000000001       0.91107620520258015     
   15.040000000000001       0.91785547622076391     
   15.119999999999999       0.93373723096909755     
   15.199999999999999       0.91707715690788860     
   15.279999999999999       0.91998045444785381     
   15.359999999999999       0.91473942834506627     
   15.440000000000003       0.92602087827728463     
   15.520000000000003       0.91223463809658534     
   15.600000000000003       0.92035227512970907     
   15.680000000000003       0.92128169183218744     
   15.760000000000002       0.91035249613851388     
   15.840000000000002       0.91701773858623270     
   15.920000000000002       0.91077141345209311     
   16.000000000000004       0.92131235129047395     
   16.080000000000002       0.91203970236667820     
   16.160000000000004       0.90293052095964244     
   16.240000000000002       0.92273153020407195     
   16.320000000000000       0.91610255359473480     
   16.400000000000002       0.90093370461943312     
   16.480000000000000       0.90521280570296381     
   16.560000000000002       0.90758686378911235     
   16.640000000000001       0.91722804909325995     
   16.720000000000002       0.90872328108469103     
   16.800000000000001       0.90686387938382018     
   16.880000000000003       0.91014326801597689     
   16.960000000000001       0.91521202391772949     
   17.040000000000003       0.92503769922586931     
   17.120000000000001       0.90338883215399868     
   17.200000000000003       0.91006757167362273     
   17.280000000000001       0.92156061570672121     
   17.360000000000003       0.90319081622165254     
   17.440000000000001       0.91666483496786511     
   17.520000000000000       0.93203303229849277     
   17.600000000000001       0.90943838968862678     
   17.680000000000000       0.91735469955667670     
   17.760000000000002       0.92238084598782510     
   17.840000000000000       0.91550302030706709     
   17.920000000000002       0.91097232685872465     
   18.000000000000000       0.90961381020426768     
   18.080000000000002       0.91250864227532980     
   18.160000000000000       0.92022337636257590     
   18.240000000000002       0.91728130654201356     
   18.320000000000000       0.91979454957887530     
   18.400000000000002       0.90624093579183729     
   18.480000000000000       0.91555780064837422     
   18.559999999999999       0.91708493875720587     
   18.640000000000001       0.91969191352836233     
   18.719999999999999       0.91174822274096512     
   18.800000000000004       0.91015726719259871     
   18.880000000000003       0.90591435845140478     
   18.960000000000004       0.90967176971323649     
   19.040000000000003       0.89923910204915192     
   19.120000000000001       0.91603978981141154     
   19.200000000000003       0.90240613110701240     
   19.280000000000001       0.92413260960554633     
   19.360000000000003       0.91364261217717213     
   19.440000000000001       0.90424223063014031     
   19.520000000000003       0.90889624031658800     
   19.600000000000001       0.90975296818510853     
   19.680000000000003       0.91921308708834815     
   19.760000000000002       0.91601927264175032     
   19.840000000000003       0.91178501100690157     
   19.920000000000002       0.90066972993969363     
   20.000000000000004       0.91568718828245965     
   20.080000000000002       0.91140494066906830     
   20.160000000000004       0.90384905091406809     
   20.240000000000002       0.91183634077949849     
   20.320000000000000       0.89691956694676933     
   20.400000000000002       0.91073350818815457     
   20.480000000000000       0.90166413500343223     
   20.560000000000002       0.90217614719610062     
   20.640000000000001       0.89520766780796523     
   20.720000000000002       0.88949397506291183     
   20.800000000000001       0.91018266040736695     
   20.880000000000003       0.90872668552268754     
   20.960000000000001       0.89273408324527814     
   21.040000000000003       0.89896295632433210     
   21.120000000000001       0.91034759994681169     
   21.200000000000003       0.90110507509568383     
   21.280000000000001       0.89832249440450129     
   21.359999999999999       0.90585172370809564     
   21.440000000000001       0.90043953007722888     
   21.520000000000000       0.91993133421122941     
   21.600000000000001       0.90862572077919823     
   21.680000000000000       0.90811525940079396     
   21.760000000000002       0.89364914366692461     
   21.840000000000000       0.88133419794627343     
   21.920000000000002       0.88345729923192251     
   22.000000000000000       0.90199052646921152     
   22.080000000000002       0.89469113548794743     
   22.160000000000000       0.89483960157812148     
   22.240000000000002       0.88370520213560311     
   22.320000000000004       0.88556278074714256     
   22.400000000000002       0.90363308368323969     
   22.480000000000004       0.89769453983900827     
   22.560000000000002       0.90174106386614872     
   22.640000000000004       0.91541392226207619     
   22.720000000000002       0.91987608962265133     
   22.800000000000004       0.90884085239942847     
   22.880000000000003       0.89061595165748286     
   22.960000000000004       0.90324066869901265     
   23.040000000000003       0.89749332519608060     
   23.120000000000001       0.90487595939465260     
   23.200000000000003       0.90766862450778962     
   23.280000000000001       0.88986200822974382     
   23.360000000000003       0.89073419148331390     
   23.440000000000001       0.89393433802173794     
   23.520000000000003       0.89551607203967276     
   23.600000000000001       0.89113970675782228     
   23.680000000000003       0.88964057899693383     
   23.760000000000002       0.85510117693030530     
   23.840000000000003       0.89732136349384173     
   23.920000000000002       0.87829939035931215     
   24.000000000000004       0.89828545070045318     
   24.080000000000002       0.89893700343964089     
   24.160000000000000       0.90435067414878201     
   24.240000000000002       0.89983816269703176     
   24.320000000000000       0.88825008745252054     
   24.400000000000002       0.89778463367009065     
   24.480000000000000       0.88704609881691254     
   24.560000000000002       0.90161109450717825     
   24.640000000000001       0.89195584941650374     
   24.720000000000002       0.89507824964750049     
   24.800000000000001       0.90091153450403161     
   24.880000000000003       0.88108604434024018     
   24.960000000000001       0.88788556851522071     
   25.040000000000003       0.87916822668731853     
   25.120000000000001       0.89648381725329795     
   25.199999999999999       0.88135240865071951     
   25.280000000000001       0.88631292760713831     
   25.359999999999999       0.88770469103734528     
   25.440000000000001       0.89713141686066111     
   25.520000000000000       0.89473817114090548     
   25.600000000000005       0.87624272340539622     
   25.680000000000003       0.88701304321425145     
   25.760000000000005       0.89189562033364334     
   25.840000000000000       0.89551238796085997     
   25.920000000000002       0.90506201587631474     
   26.000000000000000       0.88503138944060178     
   26.080000000000002       0.86054279922968180     
   26.160000000000000       0.87699520315715440     
   26.240000000000002       0.89043766642733935     
   26.320000000000000       0.87349928816751599     
   26.400000000000002       0.87335955424760414     
   26.480000000000000       0.88771876575178199     
   26.560000000000002       0.88743464831539765     
   26.640000000000001       0.88563376073264699     
   26.720000000000002       0.88217690847802355     
   26.800000000000001       0.88413656579863598     
   26.880000000000003       0.87434747389664491     
   26.960000000000001       0.87342740461433788     
   27.040000000000003       0.88307766048488368     
   27.120000000000001       0.88138873971789156     
   27.200000000000003       0.87609525312650893     
   27.280000000000001       0.88282115651425852     
   27.360000000000003       0.88646242611316250     
   27.440000000000005       0.89084429076974003     
   27.520000000000003       0.87260089619037062     
   27.600000000000005       0.86409235050518618     
   27.680000000000003       0.87305084257968724     
   27.760000000000005       0.86768494161280019     
   27.840000000000003       0.86367959809689021     
   27.920000000000005       0.86728291294254911     
   28.000000000000004       0.88131575166554776     
   28.080000000000005       0.87190236130963816     
   28.160000000000000       0.85562910438360229     
   28.240000000000006       0.87761060023618220     
   28.320000000000000       0.88652674373120999     
   28.400000000000006       0.83154054006290201     
   28.480000000000000       0.86105179825416645     
   28.560000000000006       0.87501256777357805     
   28.640000000000001       0.86647405818403500     
   28.720000000000002       0.87338609691361024     
   28.800000000000001       0.86595939539085476     
   28.880000000000003       0.88483114162690824     
   28.960000000000001       0.86066038102934561     
   29.040000000000003       0.86861636619803329     
   29.120000000000001       0.86647034723190997     
   29.200000000000003       0.85487325808403303     
   29.280000000000001       0.87694521754911514     
   29.360000000000003       0.85674318514813308     
   29.440000000000001       0.86584743380482343     
   29.520000000000003       0.86587160806553698     
   29.600000000000001       0.84717792129012992     
   29.680000000000003       0.87540134686281468     
   29.760000000000002       0.85736476659925276     
   29.840000000000003       0.86751540183632081     
   29.920000000000002       0.87029993815315343     
   30.000000000000004       0.85862788171126869     
   30.080000000000002       0.86774639485227634     
   30.160000000000004       0.87066306106818903     
   30.239999999999998       0.84751166844298209     
   30.320000000000004       0.85343588685717520     
   30.399999999999999       0.85203292617257165     
   30.480000000000004       0.84555851737204668     
   30.559999999999999       0.83928401437440503     
   30.640000000000004       0.84533244368011529     
   30.719999999999999       0.85375782023657953     
   30.800000000000004       0.84444094569889094     
   30.880000000000006       0.85246780753731233     
   30.960000000000001       0.85437223521110628     
   31.040000000000006       0.85011866316057016     
   31.120000000000001       0.84658235147931482     
   31.200000000000006       0.84546931316293739     
   31.280000000000001       0.84609576077774395     
   31.360000000000007       0.82625552963725701     
   31.440000000000001       0.83956556128172810     
   31.520000000000003       0.84396375945955904     
   31.600000000000001       0.84122527623523857     
   31.680000000000003       0.82373676752016789     
   31.760000000000002       0.84196363778884931     
   31.840000000000003       0.83969320251918345     
   31.920000000000002       0.84412445608005704     
   32.000000000000007       0.84659437047384090     
   32.079999999999998       0.83368368229809098     
   32.160000000000004       0.85075941479739425     
   32.240000000000002       0.83983246509196530     
   32.320000000000007       0.82931929686993044     
   32.399999999999999       0.84337659673609777     
   32.480000000000004       0.82843205179855628     
   32.560000000000002       0.85108408365025590     
   32.640000000000001       0.83895559682523890     
   32.719999999999999       0.84021274282677760     
   32.800000000000004       0.81928727267961088     
   32.880000000000003       0.82791371050389306     
   32.960000000000001       0.84388211542106673     
   33.039999999999999       0.83408467850891244     
   33.120000000000005       0.83696483851114478     
   33.200000000000003       0.81850484617310604     
   33.280000000000001       0.84339161400598472     
   33.359999999999999       0.85414757641057870     
   33.440000000000005       0.83239425519073262     
   33.520000000000003       0.82526012892219314     
   33.600000000000001       0.83061150774305226     
   33.680000000000000       0.84334650613662077     
   33.760000000000005       0.84822716805660936     
   33.840000000000003       0.84229593471047903     
   33.920000000000002       0.83900317682320591     
   34.000000000000000       0.84283175898072038     
   34.080000000000005       0.81759162057015755     
   34.160000000000004       0.85076252242132699     
   34.240000000000002       0.82626932143829068     
   34.320000000000007       0.83786588895409508     
   34.400000000000006       0.84690771149724742     
   34.480000000000004       0.82827323370963457     
   34.560000000000002       0.82696345720228559     
   34.640000000000008       0.81764092548314848     
   34.720000000000006       0.84479369257694337     
   34.800000000000004       0.82594490901891704     
   34.880000000000003       0.84066927301411576     
   34.960000000000008       0.82809162471072384     
   35.039999999999999       0.81845174602237791     
   35.120000000000005       0.83251342766776404     
   35.200000000000003       0.82708954911229471     
   35.280000000000008       0.82290721472393813     
   35.359999999999999       0.81735106274326719     
   35.440000000000005       0.81607810445643814     
   35.520000000000003       0.83013055410065295     
   35.600000000000001       0.82910791099587033     
   35.680000000000000       0.81338546851141491     
   35.760000000000005       0.83288762186105303     
   35.840000000000003       0.81550692618961451     
   35.920000000000002       0.83705858149080281     
   36.000000000000000       0.82351280422742845     
   36.080000000000005       0.83220750799474874     
   36.160000000000004       0.80794121313815204     
   36.240000000000002       0.83629234800496588     
   36.320000000000000       0.81900195177732260     
   36.400000000000006       0.84637271199460906     
   36.480000000000004       0.81458144952859102     
   36.560000000000002       0.82902665004406562     
   36.640000000000001       0.84565164092266665     
   36.720000000000006       0.81111541410930155     
   36.800000000000004       0.81184928912108334     
   36.880000000000003       0.79647985615407502     
   36.960000000000001       0.80030228749024668     
   37.040000000000006       0.81504990268152444     
   37.119999999999997       0.81772321957512395     
   37.200000000000003       0.84034078104065546     
   37.280000000000001       0.81435108073928431     
   37.360000000000007       0.79488095189703911     
   37.439999999999998       0.80211614592037495     
   37.520000000000003       0.80422855637538393     
   37.600000000000009       0.81379642232357563     
   37.680000000000000       0.84607691542395358     
   37.760000000000005       0.77159733956047061     
   37.840000000000003       0.82143396680235048     
   37.920000000000009       0.79774823062106293     
   38.000000000000000       0.81264656400338064     
   38.080000000000005       0.79366661713377140     
   38.160000000000004       0.81344895050865762     
   38.240000000000002       0.77543793145930351     
   38.320000000000000       0.81811505529502870     
   38.400000000000006       0.81278768209600660     
   38.480000000000004       0.81914927991641950     
   38.560000000000002       0.80551697372623099     
   38.640000000000001       0.82066064476251399     
   38.720000000000006       0.81156644161345370     
   38.800000000000004       0.80907402566240016     
   38.880000000000003       0.79802445593395821     
   38.960000000000001       0.80675625530019290     
   39.040000000000006       0.79129205862690855     
   39.120000000000005       0.81164663273891213     
   39.200000000000003       0.81395110837528251     
   39.280000000000001       0.79029721704781786     
   39.360000000000007       0.77962805446597705     
   39.440000000000005       0.80286709259328792     
   39.520000000000003       0.82405340790704973     
   39.600000000000001       0.81372716002725998     
   39.680000000000007       0.82209594516476947     
   39.759999999999998       0.81121325145100476     
   39.840000000000003       0.78728233936431702     
   39.920000000000002       0.82435764651869825     
   40.000000000000007       0.80151764806032855     
   40.079999999999998       0.82072643774036314     
   40.160000000000004       0.80751158077608853     
   40.240000000000002       0.78155370877984986     
   40.320000000000007       0.81031955219982776     
   40.399999999999999       0.80562681284901527     
   40.480000000000004       0.81657169701575205     
   40.560000000000002       0.81279301824875405     
   40.640000000000001       0.80279436919630254     
   40.719999999999999       0.81190828585312258     
   40.800000000000004       0.78095863222883311     
   40.880000000000003       0.76822752674099160     
   40.960000000000001       0.81402592684393438     
   41.040000000000006       0.79416435379798844     
   41.120000000000005       0.80784434090281476     
   41.200000000000003       0.80720346604962390     
   41.280000000000001       0.83274853708318286     
   41.360000000000007       0.83255164316883001     
   41.440000000000005       0.81379219050552787     
   41.520000000000003       0.80716449046187544     
   41.600000000000001       0.82183185898646216     
   41.680000000000007       0.79958585080718569     
   41.760000000000005       0.79660574950006457     
   41.840000000000003       0.76835065064052765     
   41.920000000000002       0.79409582247639388     
   42.000000000000007       0.75273977666981617     
   42.080000000000005       0.80380601153968367     
   42.160000000000004       0.80665804336333613     
   42.240000000000002       0.78617985425297487     
   42.320000000000007       0.82247096450488466     
   42.400000000000006       0.76132534467622270     
   42.480000000000004       0.80201726026266607     
   42.560000000000002       0.79831951406401114     
   42.640000000000008       0.79594519752971393     
   42.719999999999999       0.80203873210261378     
   42.800000000000004       0.81807898190809358     
   42.880000000000003       0.75577681376952965     
   42.960000000000008       0.81195476327878280     
   43.039999999999999       0.81238842875844297     
   43.120000000000005       0.77710614939684031     
   43.200000000000003       0.79507846941501126     
   43.280000000000001       0.81656090829429817     
   43.359999999999999       0.79538125005020344     
   43.440000000000005       0.78486437187675828     
   43.520000000000003       0.79583780408572424     
   43.600000000000001       0.79499951550207559     
   43.680000000000000       0.78239753758402375     
   43.760000000000005       0.75285438488466039     
   43.840000000000003       0.77641256134704029     
   43.920000000000002       0.79341470032291672     
   44.000000000000000       0.78951180879001859     
   44.080000000000005       0.78523016086497810     
   44.160000000000004       0.80981847895406878     
   44.240000000000002       0.78632304051226531     
   44.320000000000000       0.76767845740827012     
   44.400000000000006       0.77356224351697900     
   44.480000000000004       0.79951161250988445     
   44.560000000000002       0.78372045316316730     
   44.640000000000008       0.79319902625360383     
   44.720000000000006       0.77596027720466165     
   44.800000000000004       0.78330566706717986     
   44.880000000000003       0.81282739604227483     
   44.960000000000008       0.80017624773227747     
   45.040000000000006       0.79597060873706438     
   45.120000000000005       0.80214338340584035     
   45.200000000000003       0.78191396948592418     
   45.280000000000008       0.76308306116399871     
   45.360000000000007       0.79138956942962457     
   45.440000000000005       0.76654694448176297     
   45.520000000000003       0.78132869774689939     
   45.600000000000009       0.78938864525668295     
   45.680000000000000       0.76951847342279478     
   45.760000000000005       0.81090086678601092     
   45.840000000000003       0.79711286247550839     
   45.920000000000009       0.78899759921122736     
   46.000000000000000       0.78757278209888038     
   46.080000000000005       0.76964331669891606     
   46.160000000000004       0.81013165426887501     
   46.240000000000002       0.78934482584773435     
   46.320000000000000       0.78025818465515817     
   46.400000000000006       0.78263694481618340     
   46.480000000000004       0.80360706431082318     
   46.560000000000002       0.79578205640859534     
   46.640000000000001       0.79597635554923163     
   46.720000000000006       0.74572454854991765     
   46.800000000000004       0.79975993296007897     
   46.880000000000003       0.78130036519379997     
   46.960000000000001       0.76544376347520560     
   47.040000000000006       0.79624514593065565     
   47.120000000000005       0.76213369802055619     
   47.200000000000003       0.76435520294206771     
   47.280000000000001       0.79917742364020028     
   47.360000000000007       0.76022087228948332     
   47.440000000000005       0.77228688366910758     
   47.520000000000003       0.80260177785083420     
   47.600000000000001       0.80159323387932913     
   47.680000000000007       0.80740239870811159     
   47.759999999999998       0.77641687818865623     
   47.840000000000003       0.78753479184865582     
   47.920000000000009       0.78233164695843016     
   48.000000000000007       0.79700746479716500     
   48.080000000000005       0.75062216715002672     
   48.160000000000004       0.79004646521492661     
   48.240000000000009       0.77584009456693070     
   48.320000000000000       0.79801654891088969     
   48.400000000000006       0.77134123483777783     
   48.480000000000004       0.76197996478750363     
   48.560000000000009       0.74356920278575578     
   48.640000000000001       0.76583903571512546     
   48.720000000000006       0.79432283509392210     
   48.800000000000004       0.74694410803249445     
   48.880000000000003       0.76296397511539304     
   48.960000000000001       0.76223119585725052     
   49.040000000000006       0.77304256720270692     
   49.120000000000005       0.75582423303436908     
   49.200000000000003       0.76933317906385501     
   49.280000000000001       0.78260231194297070     
   49.360000000000007       0.76587373330332809     
   49.440000000000005       0.75418155812012833     
   49.520000000000003       0.77592182574515001     
   49.600000000000001       0.76551527141032860     
   49.680000000000007       0.76038234596869769     
   49.760000000000005       0.75718978579926932     
   49.840000000000003       0.77123472434080220     
   49.920000000000002       0.78503488898051066     
   50.000000000000007       0.76642681880336383     
   50.080000000000005       0.77287894865974283     
   50.160000000000004       0.73577468903858956     
   50.240000000000002       0.75021933532739304     
   50.320000000000007       0.78871413557811554     
   50.399999999999999       0.74750231764654551     
   50.480000000000004       0.77860279034741164     
   50.560000000000002       0.75516084482722845     
   50.640000000000008       0.74921096366992312     
   50.719999999999999       0.77173433578342698     
   50.800000000000004       0.74965972806889225     
   50.880000000000003       0.75021192592619113     
   50.960000000000008       0.79819957494667859     
   51.039999999999999       0.76771718837129388     
   51.120000000000005       0.77770112487531762     
   51.200000000000010       0.75162445155972690     
   51.280000000000001       0.76252611097213263     
   51.360000000000007       0.76123412816652114     
   51.440000000000005       0.78081053465913264     
   51.520000000000010       0.78688545789457154     
   51.600000000000001       0.75985595957419239     
   51.680000000000000       0.72757153718195655     
   51.760000000000005       0.78630356827108605     
   51.840000000000003       0.77367968492778061     
   51.920000000000009       0.74821909563668043     
   52.000000000000000       0.74239502640945776     
   52.080000000000005       0.78655462579194191     
   52.160000000000004       0.74025523278782834     
   52.240000000000009       0.78149102228966250     
   52.320000000000000       0.73988231797654469     
   52.400000000000006       0.74710340410920362     
   52.480000000000004       0.74645605833992390     
   52.560000000000009       0.77402482305821085     
   52.640000000000001       0.73627330721758910     
   52.720000000000006       0.77490103178494074     
   52.800000000000004       0.76616041679357816     
   52.880000000000010       0.76506214464432720     
   52.960000000000001       0.77945417113396298     
   53.040000000000006       0.75813685712693069     
   53.120000000000005       0.72808565945358650     
   53.200000000000010       0.76486601849321356     
   53.280000000000001       0.75940854959956727     
   53.359999999999999       0.79207089707124412     
   53.440000000000005       0.74421500891253045     
   53.520000000000010       0.75518074482852326     
   53.600000000000001       0.74822399282344465     
   53.680000000000000       0.76136805234485749     
   53.760000000000005       0.77346991334409154     
   53.840000000000011       0.74310893520895038     
   53.920000000000002       0.75746548325476293     
   54.000000000000000       0.76358928875362886     
   54.080000000000005       0.74202328902940329     
   54.160000000000011       0.71538936963966315     
   54.240000000000002       0.76176899471821480     
   54.320000000000000       0.73616605412980640     
   54.400000000000006       0.75282951749770333     
   54.480000000000011       0.74668129597602417     
   54.560000000000002       0.74255280331244433     
   54.640000000000001       0.76797552654025936     
   54.720000000000006       0.76973377722097047     
   54.800000000000004       0.71774349152665229     
   54.880000000000010       0.77302956517355326     
   54.960000000000001       0.76413642802711290     
   55.040000000000006       0.75589228332770320     
   55.120000000000005       0.73011235636605698     
   55.200000000000010       0.74582505291925982     
   55.280000000000001       0.74919232612660847     
   55.360000000000007       0.75763812209660863     
   55.440000000000005       0.77257354713466697     
   55.520000000000010       0.74146909993765164     
   55.600000000000001       0.77004169776979370     
   55.680000000000007       0.75135207262959580     
   55.760000000000005       0.77769030498099179     
   55.840000000000011       0.77069166652774335     
   55.920000000000002       0.76209835394700587     
   56.000000000000007       0.74644527473893585     
   56.080000000000005       0.77544895825965821     
   56.160000000000011       0.78185405797527108     
   56.240000000000002       0.75371711022424848     
   56.320000000000000       0.76548650285181896     
   56.400000000000006       0.71419814493907341     
   56.480000000000011       0.74855315684371504     
   56.560000000000002       0.77440519815736952     
   56.640000000000001       0.78832990253619661     
   56.720000000000006       0.70764568361790159     
   56.800000000000011       0.79576529359153048     
   56.880000000000003       0.75701469473337624     
   56.960000000000001       0.76332056009775318     
   57.040000000000006       0.73832896106363610     
   57.120000000000012       0.74967320752577138     
   57.200000000000003       0.73936650755633604     
   57.280000000000001       0.75411384788798685     
   57.360000000000007       0.73446204424401962     
   57.440000000000005       0.73024559212981555     
   57.520000000000003       0.76243290788940765     
   57.600000000000001       0.72037206732084735     
   57.680000000000007       0.75332254476255867     
   57.760000000000005       0.74384511467244796     
   57.839999999999996       0.74792365088650148     
   57.920000000000002       0.74825154726018428     
   58.000000000000007       0.71915861777875401     
   58.080000000000005       0.76334149617558122     
   58.160000000000011       0.78484581026297340     
   58.240000000000002       0.75609702756328534     
   58.320000000000007       0.74424627978903202     
   58.400000000000006       0.71298476157534585     
   58.480000000000011       0.76013093646905394     
   58.560000000000002       0.78283796444980092     
   58.640000000000008       0.75804122684274822     
   58.720000000000006       0.73680842735636842     
   58.800000000000011       0.71306304233235052     
   58.880000000000003       0.73584531414331134     
   58.960000000000001       0.74833770457636395     
   59.040000000000006       0.70018862712346064     
   59.120000000000012       0.74051719109375824     
   59.200000000000003       0.73429936299359333     
   59.280000000000001       0.71095942411625901     
   59.360000000000007       0.76195402296663450     
   59.440000000000012       0.73467658755841947     
   59.520000000000003       0.75617995868652843     
   59.600000000000001       0.73020881410000671     
   59.680000000000007       0.72658383349849498     
   59.760000000000012       0.76088813233180419     
   59.840000000000003       0.74879563057748710     
   59.920000000000002       0.74174619363798600     
   60.000000000000007       0.74063136373054461     
   60.080000000000013       0.75173130087020568     
   60.160000000000004       0.77034215906345593     
   60.240000000000002       0.76594771624202940     
   60.320000000000007       0.76860062664337558     
   60.400000000000006       0.72827398231183582     
   60.479999999999997       0.74561427302350858     
   60.560000000000002       0.77144541857486537     
   60.640000000000008       0.73277411895048816     
   60.720000000000006       0.75093404927255802     
   60.799999999999997       0.75879853393614405     
   60.880000000000003       0.75082285402715820     
   60.960000000000008       0.71390238304592146     
   61.040000000000006       0.73651220786492144     
   61.119999999999997       0.76681650568229820     
   61.200000000000003       0.76098360227861828     
   61.280000000000008       0.74270355243297259     
   61.360000000000007       0.73515284393339286     
   61.439999999999998       0.74301741504390406     
   61.520000000000003       0.75111068666714154     
   61.600000000000009       0.74814794011349728     
   61.680000000000007       0.75280205730829919     
   61.760000000000012       0.75765100549652886     
   61.840000000000003       0.73903980801881741     
   61.920000000000002       0.75583702925438112     
   62.000000000000007       0.72623335466779315     
   62.080000000000013       0.76539350444476895     
   62.160000000000004       0.73377203028769167     
   62.240000000000002       0.72194711268787781     
   62.320000000000007       0.76951647987510063     
   62.400000000000013       0.75703664943472693     
   62.480000000000004       0.74708067993010729     
   62.560000000000002       0.74879464928667794     
   62.640000000000008       0.73836073078391040     
   62.720000000000013       0.74205623624967776     
   62.800000000000004       0.72863176307284983     
   62.880000000000003       0.74949402942942878     
   62.960000000000008       0.74018727586772182     
   63.040000000000006       0.72164834193724836     
   63.120000000000005       0.76154902541852321     
   63.200000000000003       0.74740149039412906     
   63.280000000000008       0.74348456398333129     
   63.360000000000007       0.74135671007975201     
   63.439999999999998       0.73411713075807161     
   63.520000000000003       0.73024574249396756     
   63.600000000000009       0.76534345689551264     
   63.680000000000007       0.74003346767358169     
   63.759999999999998       0.72750954326013817     
   63.840000000000003       0.75460582631404582     
   63.920000000000009       0.75319322957346957     
   64.000000000000014       0.73252558451495975     
   64.079999999999998       0.76699254480627177     
   64.159999999999997       0.76331053226010492     
   64.240000000000009       0.72639038274032219     
   64.320000000000007       0.75075021644670437     
   64.400000000000006       0.73796739260591993     
   64.480000000000004       0.74933967436244042     
   64.560000000000002       0.76940482649192177     
   64.640000000000015       0.72177144084140299     
   64.719999999999999       0.70667581413816838     
   64.799999999999997       0.75247767274339095     
   64.880000000000010       0.74011233471920002     
   64.960000000000008       0.71406403243652539     
   65.040000000000006       0.73335396834862088     
   65.120000000000005       0.74029709378232156     
   65.200000000000003       0.74966931844858775     
   65.280000000000001       0.78072017220239598     
   65.360000000000014       0.76597199952335648     
   65.439999999999998       0.72527142935283795     
   65.520000000000010       0.74509671699065483     
   65.600000000000009       0.74110951606427400     
   65.680000000000007       0.75282263873317146     
   65.760000000000005       0.72035023412145505     
   65.840000000000003       0.72182266881685120     
   65.920000000000002       0.74159086883625558     
   66.000000000000014       0.75106069256749708     
   66.079999999999998       0.78722502015795126     
   66.160000000000011       0.75177557716437005     
   66.240000000000009       0.73267509500483197     
   66.320000000000007       0.73585971324976363     
   66.400000000000006       0.71393785874784799     
   66.480000000000004       0.75565816224400273     
   66.560000000000002       0.75134451560434679     
   66.640000000000015       0.72755443266279241     
   66.719999999999999       0.71833980087898619     
   66.799999999999997       0.72510025428486247     
   66.880000000000010       0.70250614817581569     
   66.960000000000008       0.70788575685222077     
   67.040000000000006       0.71322040725311076     
   67.120000000000005       0.72077654641628530     
   67.200000000000003       0.73775440721866137     
   67.280000000000015       0.71219830161522091     
   67.359999999999999       0.76164811572002822     
   67.439999999999998       0.75867694974466682     
   67.520000000000010       0.73303046009144657     
   67.600000000000009       0.73011900032484045     
   67.680000000000007       0.74902315656657126     
   67.760000000000005       0.74503218011110373     
   67.840000000000003       0.74753793980948513     
   67.920000000000016       0.72739226440169746     
   68.000000000000000       0.75648318533033110     
   68.079999999999998       0.72894632986953545     
   68.160000000000011       0.73736738210933594     
   68.240000000000009       0.74591839278603556     
   68.320000000000007       0.74008775680076577     
   68.400000000000006       0.72896613445200409     
   68.480000000000004       0.74279597817617837     
   68.560000000000002       0.74478412592422150     
   68.640000000000015       0.75716363228614625     
   68.719999999999999       0.74956791859705008     
   68.800000000000011       0.75389774461017889     
   68.880000000000010       0.72549687788437001     
   68.960000000000008       0.77481298430831180     
   69.040000000000006       0.76026226367637206     
   69.120000000000005       0.77964495700738612     
   69.200000000000003       0.74447091147758293     
   69.280000000000015       0.72956250133590927     
   69.359999999999999       0.73370267077575457     
   69.440000000000012       0.74616578238203990     
   69.520000000000010       0.71610546407899023     
   69.600000000000009       0.71628780367410361     
   69.680000000000007       0.74567103477785734     
   69.760000000000005       0.75025855710149014     
   69.840000000000003       0.74888949631207991     
   69.920000000000016       0.75012667448154924     
   70.000000000000000       0.70322540166651382     
   70.079999999999998       0.74954721120705514     
   70.160000000000011       0.72106216555326441     
   70.240000000000009       0.74152932561455331     
   70.320000000000007       0.78260172839375874     
   70.400000000000006       0.73557420379546601     
   70.480000000000004       0.75632997429562343     
   70.560000000000016       0.72602740068932792     
   70.640000000000001       0.73933563816301062     
   70.719999999999999       0.72969461001043323     
   70.800000000000011       0.73439772733178599     
   70.880000000000010       0.75733436584003955     
   70.960000000000008       0.77703422297171509     
   71.040000000000006       0.77584970968554312     
   71.120000000000005       0.76003353244388538     
   71.200000000000003       0.73368490568908784     
   71.280000000000001       0.75100552674768273     
   71.359999999999999       0.77247412921702063     
   71.440000000000012       0.73916570747302646     
   71.520000000000010       0.73583396507361887     
   71.599999999999994       0.70008052113052321     
   71.680000000000007       0.74909723668557082     
   71.760000000000005       0.73763052050156785     
   71.840000000000003       0.73442012266510737     
   71.920000000000016       0.76199370113141229     
   72.000000000000000       0.73823899770064783     
   72.080000000000013       0.78451569184050851     
   72.160000000000011       0.75165040177651032     
   72.240000000000009       0.72575714835594340     
   72.320000000000007       0.75211629045982809     
   72.400000000000006       0.74277719116178353     
   72.480000000000004       0.73277033699394389     
   72.560000000000016       0.76459531369250355     
   72.640000000000001       0.77389713580390207     
   72.719999999999999       0.76763264208350435     
   72.800000000000011       0.77304216844114759     
   72.880000000000010       0.75964999966536839     
   72.960000000000008       0.74280368962469612     
   73.040000000000006       0.74827306505427726     
   73.120000000000005       0.76846312475178102     
   73.200000000000017       0.76158070252362187     
   73.280000000000001       0.77317805936510220     
   73.359999999999999       0.77131656701895490     
   73.440000000000012       0.75433655580292613     
   73.520000000000010       0.76707710491294090     
   73.600000000000009       0.77210485640137538     
   73.680000000000007       0.75801407907875717     
   73.760000000000005       0.78355986446533532     
   73.840000000000003       0.72706152176422556     
   73.920000000000002       0.78015148119995326     
   74.000000000000000       0.77090415447118354     
   74.080000000000013       0.75465423219232042     
   74.160000000000011       0.75000794620740452     
   74.239999999999995       0.71876654531696593     
   74.320000000000007       0.76247766536413852     
   74.400000000000006       0.75075457443393745     
   74.480000000000004       0.74969226049391935     
   74.560000000000002       0.72783879225000847     
   74.640000000000001       0.74291251679335013     
   74.720000000000013       0.79038091514226660     
   74.800000000000011       0.75792667897782251     
   74.879999999999995       0.74751696743886686     
   74.960000000000008       0.79310502188140752     
   75.040000000000006       0.73306560568190349     
   75.120000000000005       0.73498793026330500     
   75.200000000000017       0.72995278334602987     
   75.280000000000001       0.74043744850506288     
   75.359999999999999       0.72016886198713292     
   75.440000000000012       0.75711441014629288     
   75.520000000000010       0.74205893370858533     
   75.600000000000009       0.78169207605610991     
   75.680000000000007       0.75015300455300082     
   75.760000000000005       0.73858974034577873     
   75.840000000000018       0.77047431119810594     
   75.920000000000002       0.72907126898023145     
   76.000000000000000       0.76127926161385828     
   76.080000000000013       0.73019841112260664     
   76.160000000000011       0.77471258890856431     
   76.240000000000009       0.73814233560905107     
   76.320000000000007       0.75220620089882462     
   76.400000000000006       0.70898860551355025     
   76.480000000000004       0.71257961026505434     
   76.560000000000002       0.77344991109381023     
   76.640000000000001       0.70118007258160875     
   76.720000000000013       0.72583493999565663     
   76.800000000000011       0.77819765178199773     
   76.879999999999995       0.74144968392649346     
   76.960000000000008       0.72711750090199401     
   77.040000000000006       0.74330136011987380     
   77.120000000000005       0.72631530857036131     
   77.200000000000003       0.71970460835083661     
   77.280000000000001       0.74435398354649385     
   77.360000000000014       0.71263885561013918     
   77.440000000000012       0.71776714849140155     
   77.519999999999996       0.75318028292194961     
   77.600000000000009       0.73013351275469052     
   77.680000000000007       0.72004076268535600     
   77.760000000000005       0.75920743847945460     
   77.840000000000003       0.75548269215827535     
   77.920000000000002       0.74725808743927946     
   78.000000000000000       0.74845839127693881     
   78.080000000000013       0.75285561215360164     
   78.159999999999997       0.74094373447195305     
   78.240000000000009       0.74127442742931859     
   78.320000000000007       0.75248569891969030     
   78.400000000000006       0.72898703642073792     
   78.480000000000004       0.70494775714788405     
   78.560000000000002       0.74121648327327327     
   78.640000000000001       0.74672306184928794     
   78.720000000000013       0.75314101238355935     
   78.800000000000011       0.69326756511468668     
   78.880000000000010       0.72303268721206171     
   78.960000000000008       0.71365427167406936     
   79.040000000000006       0.72736118534571181     
   79.120000000000019       0.73063075198897498     
   79.200000000000003       0.74037306178101359     
   79.280000000000001       0.73419372726152110     
   79.360000000000014       0.73655527904234730     
   79.440000000000012       0.71246923313834398     
   79.519999999999996       0.69583777215502063     
   79.600000000000009       0.74288451365537822     
   79.680000000000007       0.71801258015309166     
   79.760000000000005       0.69561467989041526     
   79.840000000000003       0.74227309132871533     
   79.920000000000002       0.72444456009869040     
   80.000000000000014       0.72939632852645064     
   80.080000000000013       0.74176066434768773     
   80.159999999999997       0.73849134727409049     
   80.240000000000009       0.72272582486331094     
   80.320000000000007       0.74839761747783362     
   80.400000000000006       0.73636814965977837     
   80.480000000000004       0.70417941847470233     
   80.560000000000002       0.72065080892002387     
   80.640000000000015       0.71778750192380802     
   80.720000000000013       0.72059817788859093     
   80.799999999999997       0.73902693796488172     
   80.880000000000010       0.72480447504798073     
   80.960000000000008       0.74681200602462394     
   81.040000000000006       0.72214143898041794     
   81.120000000000005       0.72587104265133529     
   81.200000000000003       0.71469390699945112     
   81.280000000000001       0.74827376917403876     
   81.360000000000014       0.73079195934070795     
   81.439999999999998       0.74646380577378479     
   81.520000000000010       0.69655890018293376     
   81.600000000000009       0.75232330755190013     
   81.680000000000007       0.75896441730657604     
   81.760000000000005       0.73400414384624735     
   81.840000000000003       0.76214298417103943     
   81.920000000000002       0.76211713664549574     
   82.000000000000014       0.75810537269540879     
   82.080000000000013       0.75932581123324439     
   82.160000000000011       0.73734551709025220     
   82.240000000000009       0.71874604274985943     
   82.320000000000007       0.73539365169794235     
   82.400000000000006       0.73914119951020574     
   82.480000000000004       0.74786929289449999     
   82.560000000000002       0.74846967726868596     
   82.640000000000015       0.72449002839155707     
   82.720000000000013       0.75670530859257501     
   82.799999999999997       0.72171483449838147     
   82.880000000000010       0.74747197556442180     
   82.960000000000008       0.74439992654901166     
   83.040000000000006       0.72285058317657103     
   83.120000000000005       0.72072932269972345     
   83.200000000000003       0.77308766959631836     
   83.280000000000015       0.71304887199774947     
   83.360000000000014       0.75948197733039724     
   83.439999999999998       0.73372154659525868     
   83.520000000000010       0.73228456072883430     
   83.600000000000009       0.73969528152676278     
   83.680000000000007       0.69946691862139587     
   83.760000000000005       0.74960941770545753     
   83.840000000000003       0.72975322398814246     
   83.920000000000002       0.74797857513738586     
   84.000000000000014       0.75541943494797081     
   84.079999999999998       0.72986429360928062     
   84.160000000000011       0.77023519390846795     
   84.240000000000009       0.76391825722691431     
   84.320000000000007       0.70412064334181568     
   84.400000000000006       0.75326074439528201     
   84.480000000000004       0.74119142850985487     
   84.560000000000002       0.71809532496328154     
   84.640000000000015       0.72985089176907036     
   84.719999999999999       0.72309858845384778     
   84.800000000000011       0.76441166314559228     
   84.880000000000010       0.74263467842380315     
   84.960000000000008       0.76136956554930590     
   85.040000000000006       0.74329644136440765     
   85.120000000000005       0.75168213611534440     
   85.200000000000003       0.72790521841502687     
   85.280000000000015       0.73635641973533250     
   85.360000000000014       0.73403392988749805     
   85.439999999999998       0.73537985201288258     
   85.520000000000010       0.73847199199747937     
   85.600000000000009       0.76254382522135278     
   85.680000000000007       0.75814512189133343     
   85.760000000000005       0.76730567173935615     
   85.840000000000003       0.76003563571699373     
   85.920000000000016       0.70023569350252501     
   86.000000000000014       0.75227554394290264     
   86.079999999999998       0.72587427141056404     
   86.160000000000011       0.77154067769865620     
   86.240000000000009       0.72886958711800254     
   86.320000000000007       0.74167426728382013     
   86.400000000000006       0.74245341383033547     
   86.480000000000004       0.74563491057712528     
   86.560000000000002       0.75938932095071476     
   86.640000000000015       0.74297243900323218     
   86.719999999999999       0.75406904874407743     
   86.800000000000011       0.72571435840605336     
   86.880000000000010       0.77682431300298460     
   86.960000000000008       0.75560058848045619     
   87.040000000000006       0.75457444702679455     
   87.120000000000005       0.75136984002975293     
   87.200000000000003       0.73007427585707141     
   87.280000000000015       0.74714261017156514     
   87.359999999999999       0.75222003781284918     
   87.440000000000012       0.74359070430104468     
   87.520000000000010       0.72792487197896061     
   87.600000000000009       0.75554388570618380     
   87.680000000000007       0.73562019701305437     
   87.760000000000005       0.74236317602989288     
   87.840000000000003       0.74075192158650283     
   87.920000000000016       0.74708392689353875     
   88.000000000000000       0.75811026276326610     
   88.079999999999998       0.71169911369864192     
   88.160000000000011       0.73207313558404508     
   88.240000000000009       0.74683181859078218     
   88.320000000000007       0.71437492382181955     
   88.400000000000006       0.71697588693025172     
   88.480000000000004       0.75551869674075178     
   88.560000000000016       0.73508164914984531     
   88.640000000000001       0.75996966974234459     
   88.719999999999999       0.73133168808997984     
   88.800000000000011       0.76268053220141019     
   88.880000000000010       0.73270128767475950     
   88.960000000000008       0.74529484440782801     
   89.040000000000006       0.74421896030610879     
   89.120000000000005       0.75384041361112619     
   89.200000000000017       0.69595816888813744     
   89.280000000000015       0.75781210547231770     
   89.359999999999999       0.71649605554802764     
   89.440000000000012       0.77314246116347352     
   89.520000000000010       0.73523813556452089     
   89.600000000000009       0.74778761559642315     
   89.680000000000007       0.77516245146274620     
   89.760000000000005       0.73451945924560891     
   89.840000000000003       0.74332897828623079     
   89.920000000000016       0.70619088387155415     
   90.000000000000000       0.72035829599582080     
   90.080000000000013       0.74272453720308951     
   90.160000000000011       0.75750733001609938     
   90.240000000000009       0.74809681119388360     
   90.320000000000007       0.73674862355664283     
   90.400000000000006       0.73864135865731928     
   90.480000000000004       0.72485403676244353     
   90.560000000000016       0.75409946681414486     
   90.640000000000001       0.75234043893289460     
   90.720000000000013       0.74126095228915168     
   90.800000000000011       0.75667728684426083     
   90.880000000000010       0.77240190740340153     
   90.960000000000008       0.73550937238838854     
   91.040000000000006       0.71262714574026531     
   91.120000000000005       0.75019411038571215     
   91.200000000000017       0.77571508182285664     
   91.280000000000001       0.72921587461864801     
   91.359999999999999       0.74595692537274538     
   91.440000000000012       0.74356600272283635     
   91.520000000000010       0.75256885185737243     
   91.600000000000009       0.73825722594568299     
   91.680000000000007       0.77371689643401853     
   91.760000000000005       0.74033977852318988     
   91.840000000000018       0.72660470200655913     
   91.920000000000002       0.71154872426102611     
   92.000000000000000       0.74370972614947495     
   92.080000000000013       0.70852940649168183     
   92.160000000000011       0.72726646423911234     
   92.240000000000009       0.75711667236024227     
   92.320000000000007       0.74962717985595151     
   92.400000000000006       0.73678254683983735     
   92.480000000000004       0.75980930199750363     
   92.560000000000016       0.72519370052756837     
   92.640000000000001       0.73969913212760607     
   92.720000000000013       0.72891424985867248     
   92.800000000000011       0.74513559759818593     
   92.880000000000010       0.73467080391210848     
   92.960000000000008       0.74477659056347478     
   93.040000000000006       0.75964867702429173     
   93.120000000000005       0.74634140162417384     
   93.200000000000017       0.72090745843338866     
   93.280000000000001       0.73331582148749208     
   93.360000000000014       0.76393016588014062     
   93.440000000000012       0.74248507306261058     
   93.520000000000010       0.76762931768088583     
   93.600000000000009       0.74691270753214734     
   93.680000000000007       0.76809544349779735     
   93.760000000000005       0.74505038465738171     
   93.840000000000018       0.74229906732487327     
   93.920000000000002       0.73860099828920067     
   94.000000000000000       0.72346571684641092     
   94.080000000000013       0.76395463409789732     
   94.160000000000011       0.74573968696908011     
   94.240000000000009       0.75858035120738831     
   94.320000000000007       0.75974869531148326     
   94.400000000000006       0.77567032851950546     
   94.480000000000018       0.72913495337015888     
   94.560000000000002       0.75966253303743658     
   94.640000000000001       0.75871986156488791     
   94.720000000000013       0.75050892077784714     
   94.800000000000011       0.75803277213946241     
   94.880000000000010       0.75497192976970884     
   94.960000000000008       0.72636747026251791     
   95.040000000000006       0.75215539905239437     
   95.120000000000005       0.75984185974150154     
   95.200000000000003       0.72229886621844497     
   95.280000000000001       0.77445969491352484     
   95.360000000000014       0.73629648938879133     
   95.440000000000012       0.73885016492886779     
   95.519999999999996       0.72326622556428866     
   95.600000000000009       0.73324220331558421     
   95.680000000000007       0.73878997961117621     
   95.760000000000005       0.76647141069078462     
   95.840000000000018       0.72011629360051543     
   95.920000000000002       0.73706115318076471     
   96.000000000000014       0.75792139082353782     
   96.080000000000013       0.77115805328826492     
   96.160000000000011       0.76990517980019035     
   96.240000000000009       0.74838406458429896     
   96.320000000000007       0.74511170799835980     
   96.400000000000006       0.75836923918202881     
   96.480000000000018       0.76102701262289019     
   96.560000000000002       0.74909666494857352     
   96.640000000000001       0.73810176001120942     
   96.720000000000013       0.72897220296026355     
   96.800000000000011       0.77164842293863234     
   96.880000000000010       0.74128565673206959     
   96.960000000000008       0.75792818928746264     
   97.040000000000006       0.73815682688142104     
   97.120000000000019       0.73750152318685147     
   97.200000000000003       0.74687164159780473     
   97.280000000000001       0.70240525998210568     
   97.360000000000014       0.75318561755878100     
   97.440000000000012       0.74417103946258334     
   97.520000000000010       0.72147903264383795     
   97.600000000000009       0.75454037839058707     
   97.680000000000007       0.73562727880216772     
   97.760000000000005       0.76972611910601296     
   97.840000000000003       0.74856817548735188     
   97.920000000000002       0.77622580714632483     
   98.000000000000014       0.74974237776257924     
   98.080000000000013       0.76360481481922593     
   98.159999999999997       0.74102461109301909     
   98.240000000000009       0.74148699501844928     
   98.320000000000007       0.75510869346046516     
   98.400000000000006       0.73957773937738891     
   98.480000000000004       0.75708510886315483     
   98.560000000000002       0.76084958610713382     
   98.640000000000015       0.76286059190677125     
   98.720000000000013       0.76753579801004879     
   98.799999999999997       0.77044503072406612     
   98.880000000000010       0.76700130881740236     
   98.960000000000008       0.75603167671501947     
   99.040000000000006       0.75520204530548984     
   99.120000000000019       0.72051119541318764     
   99.200000000000003       0.75899918672101263     
   99.280000000000001       0.71072288003004491     
   99.360000000000014       0.76516131258911524     
   99.440000000000012       0.73361967956392560     
   99.520000000000010       0.74796080961869793     
   99.600000000000009       0.74897578717268165     
   99.680000000000007       0.75895536678944286     
   99.760000000000019       0.73747259450053304     
   99.840000000000003       0.72240303414709350     
   99.920000000000002       0.74827154162292631     
