   0.0000000000000000        1.0000000000000175     
   8.0000000000000002E-002  0.88184108827947272     
  0.16000000000000000       0.96077655192268685     
  0.23999999999999999       0.97900731305048871     
  0.32000000000000001       0.72013391743910737     
  0.40000000000000008       0.41943005236639164     
  0.47999999999999998       0.66516534719383602     
  0.56000000000000005       0.72244120744476970     
  0.64000000000000001       0.86298393564728426     
  0.72000000000000008       0.49396275270511814     
  0.80000000000000016       0.75626849933553786     
  0.88000000000000000       0.88685587712343239     
  0.95999999999999996       0.85584804680424054     
   1.0400000000000000       0.84440332692399789     
   1.1200000000000001       0.83726523468512337     
   1.2000000000000002       0.65724075283111938     
   1.2800000000000000       0.74830354492025453     
   1.3600000000000001       0.77883040340632015     
   1.4400000000000002       0.65580597557078246     
   1.5200000000000000       0.76211688269267430     
   1.6000000000000003       0.74402246777768377     
   1.6800000000000002       0.67676316801842629     
   1.7600000000000000       0.77937507369749148     
   1.8400000000000001       0.84408706355322050     
   1.9199999999999999       0.77205862587330321     
   2.0000000000000004       0.81704222617282574     
   2.0800000000000001       0.81785904749003568     
   2.1600000000000001       0.63901249642118796     
   2.2400000000000002       0.84590452529315119     
   2.3199999999999998       0.87087963909755495     
   2.4000000000000004       0.86350000234500224     
   2.4800000000000004       0.88133809552421938     
   2.5600000000000001       0.88123306065869766     
   2.6400000000000001       0.84297313622650782     
   2.7200000000000002       0.70956175522975007     
   2.8000000000000003       0.84245457943810342     
   2.8800000000000003       0.85722238484007007     
   2.9600000000000004       0.77970125482243025     
   3.0400000000000000       0.85398083199442987     
   3.1200000000000001       0.85209363387136583     
   3.2000000000000006       0.85983706334900178     
   3.2800000000000002       0.85014598973000044     
   3.3600000000000003       0.86254135158388257     
   3.4400000000000004       0.87527479584842660     
   3.5200000000000000       0.85431586428467177     
   3.6000000000000001       0.85504278826259883     
   3.6800000000000002       0.84890011875269045     
   3.7600000000000002       0.81108242135139941     
   3.8399999999999999       0.80105720990110929     
   3.9200000000000008       0.81922158363135078     
   4.0000000000000009       0.83449449451407853     
   4.0800000000000001       0.85840842509152249     
   4.1600000000000001       0.86384714509420335     
   4.2400000000000002       0.86164343556734235     
   4.3200000000000003       0.83125524612465229     
   4.4000000000000004       0.86535737841673366     
   4.4800000000000004       0.79734235901019246     
   4.5600000000000005       0.88483686610709300     
   4.6399999999999997       0.87135995239138064     
   4.7200000000000006       0.84178204990061456     
   4.8000000000000007       0.89191838838187543     
   4.8800000000000008       0.87878199634590581     
   4.9600000000000009       0.86905340422519006     
   5.0400000000000009       0.87380368125432428     
   5.1200000000000001       0.76809622511485609     
   5.2000000000000002       0.87421179704584173     
   5.2800000000000002       0.89445701957850943     
   5.3600000000000003       0.88420174822212683     
   5.4400000000000004       0.84573916492278189     
   5.5200000000000005       0.88641644051218760     
   5.6000000000000005       0.88740297956301495     
   5.6800000000000006       0.87673019867391955     
   5.7600000000000007       0.87926330474675829     
   5.8400000000000007       0.86935221743735580     
   5.9200000000000008       0.85700738128786402     
   6.0000000000000009       0.86742884974552248     
   6.0800000000000001       0.85561612974706336     
   6.1600000000000001       0.87623590943994134     
   6.2400000000000002       0.86517413900350182     
   6.3200000000000003       0.86669888541471196     
   6.4000000000000012       0.87041058206605249     
   6.4800000000000004       0.88978109598912547     
   6.5600000000000005       0.90418748107530988     
   6.6400000000000006       0.89023794380773813     
   6.7200000000000006       0.89624607532469203     
   6.8000000000000007       0.87279779338763985     
   6.8800000000000008       0.89208169796485204     
   6.9600000000000009       0.89047969250534786     
   7.0400000000000000       0.89352157128169352     
   7.1200000000000001       0.88829443896312965     
   7.2000000000000002       0.89971764964977008     
   7.2800000000000002       0.89968618383902943     
   7.3600000000000003       0.87973757469414049     
   7.4400000000000004       0.89873463446254809     
   7.5200000000000005       0.90048830573538285     
   7.5999999999999996       0.90276666058139521     
   7.6799999999999997       0.90146441931547361     
   7.7600000000000016       0.90659393204177341     
   7.8400000000000016       0.91199255167582816     
   7.9200000000000008       0.91179887794094572     
   8.0000000000000018       0.90697659354917981     
   8.0800000000000018       0.91960408244743719     
   8.1600000000000001       0.90070009358277114     
   8.2400000000000002       0.92207857634338142     
   8.3200000000000003       0.90696241211662165     
   8.4000000000000004       0.89693852990960554     
   8.4800000000000004       0.86032969335018827     
   8.5600000000000005       0.88027281885890829     
   8.6400000000000006       0.89012650761733347     
   8.7200000000000006       0.91990625328781206     
   8.8000000000000007       0.91951667994122033     
   8.8800000000000008       0.91524501717280404     
   8.9600000000000009       0.91974057196952630     
   9.0400000000000009       0.91932383829087305     
   9.1200000000000010       0.92891318634037523     
   9.2000000000000011       0.92267424069750759     
   9.2799999999999994       0.92362957231520670     
   9.3599999999999994       0.90922463128830056     
   9.4400000000000013       0.90620495353844577     
   9.5200000000000014       0.88513362822255204     
   9.6000000000000014       0.90047005490189946     
   9.6800000000000015       0.91486109095106494     
   9.7600000000000016       0.90845878721177686     
   9.8400000000000016       0.90207463715469582     
   9.9200000000000017       0.90965314297960886     
   10.000000000000002       0.91251705037454145     
   10.080000000000002       0.92150752950718195     
   10.160000000000000       0.91973466280841132     
   10.240000000000000       0.92040219121538702     
   10.320000000000000       0.91898110380525866     
   10.400000000000000       0.91734456323065228     
   10.480000000000000       0.91911176077158430     
   10.560000000000000       0.90312399947988997     
   10.640000000000001       0.88630823096760891     
   10.720000000000001       0.91177455729856449     
   10.800000000000001       0.91214255259226773     
   10.880000000000001       0.92337721165400055     
   10.960000000000001       0.91674347255729771     
   11.040000000000001       0.91756290717363242     
   11.120000000000001       0.91701839130650065     
   11.200000000000001       0.91263575707569067     
   11.280000000000001       0.91846604737573601     
   11.360000000000001       0.91439690638063509     
   11.440000000000001       0.91848055560191533     
   11.520000000000001       0.91147713544282560     
   11.600000000000001       0.91778342989211981     
   11.680000000000001       0.91424666791239872     
   11.760000000000002       0.92130038729203911     
   11.840000000000002       0.92156041554877155     
   11.920000000000002       0.91959913699489626     
   12.000000000000002       0.92014524879984383     
   12.080000000000000       0.92204944476081252     
   12.160000000000000       0.91980211652714639     
   12.240000000000000       0.91802296888252055     
   12.320000000000000       0.92065166479521654     
   12.400000000000000       0.92267666245054114     
   12.480000000000000       0.91841396549332055     
   12.560000000000000       0.92753546641858320     
   12.640000000000001       0.91673597833056752     
   12.720000000000001       0.91334922127257701     
   12.800000000000002       0.91288557109204282     
   12.880000000000003       0.91603887664735684     
   12.960000000000001       0.89498843094554759     
   13.040000000000001       0.91998063290653231     
   13.120000000000001       0.91161735249006159     
   13.200000000000001       0.90676246058996768     
   13.280000000000001       0.91296853113702803     
   13.360000000000001       0.90982314651956253     
   13.440000000000001       0.90167480761449037     
   13.520000000000001       0.90280186021497977     
   13.600000000000001       0.91126336675292730     
   13.680000000000001       0.91533435697094478     
   13.760000000000002       0.90524894590596394     
   13.840000000000002       0.91447181166767699     
   13.920000000000002       0.91008997344609743     
   14.000000000000002       0.90863674267279770     
   14.080000000000000       0.90777053165289578     
   14.160000000000000       0.91419387194748836     
   14.240000000000000       0.90947837969339884     
   14.320000000000000       0.91858159747200074     
   14.400000000000000       0.91343604819018620     
   14.480000000000000       0.91833959868379389     
   14.560000000000000       0.91790331733081143     
   14.640000000000001       0.91900490944751068     
   14.720000000000001       0.90961894186770698     
   14.800000000000001       0.91136339743624906     
   14.880000000000001       0.91857782222486783     
   14.960000000000001       0.91487788120279256     
   15.040000000000001       0.91233794340593921     
   15.119999999999999       0.91804545756292433     
   15.199999999999999       0.92116209335567711     
   15.279999999999999       0.91751667381708502     
   15.359999999999999       0.91427040999366327     
   15.440000000000003       0.91959629544294041     
   15.520000000000003       0.91481396805447934     
   15.600000000000003       0.91623477780569096     
   15.680000000000003       0.91839153294231524     
   15.760000000000002       0.91451849516618311     
   15.840000000000002       0.91165372124344957     
   15.920000000000002       0.91170005926036934     
   16.000000000000004       0.91792972921792537     
   16.080000000000002       0.91722668377803751     
   16.160000000000004       0.91309593584343129     
   16.240000000000002       0.91585380686474094     
   16.320000000000000       0.92337297717838396     
   16.400000000000002       0.91013147469627931     
   16.480000000000000       0.91653257410367039     
   16.560000000000002       0.91480927977634141     
   16.640000000000001       0.91980157862173406     
   16.720000000000002       0.91215762929650590     
   16.800000000000001       0.91586821733376711     
   16.880000000000003       0.91894452098310353     
   16.960000000000001       0.91787546358689653     
   17.040000000000003       0.91827954562072323     
   17.120000000000001       0.92224333470840614     
   17.200000000000003       0.92481745289559547     
   17.280000000000001       0.92202221331013645     
   17.360000000000003       0.91684033641843488     
   17.440000000000001       0.92079297988464825     
   17.520000000000000       0.92583931211418602     
   17.600000000000001       0.92204134339155686     
   17.680000000000000       0.91854625455095029     
   17.760000000000002       0.92271794897943460     
   17.840000000000000       0.92587884025016831     
   17.920000000000002       0.92325496681138908     
   18.000000000000000       0.92197204466298155     
   18.080000000000002       0.91810204281853436     
   18.160000000000000       0.91999078351551922     
   18.240000000000002       0.91495435507566258     
   18.320000000000000       0.92896818978405571     
   18.400000000000002       0.91619149894069118     
   18.480000000000000       0.91443145314660546     
   18.559999999999999       0.91295890417381120     
   18.640000000000001       0.91014823072721718     
   18.719999999999999       0.92280061515617728     
   18.800000000000004       0.92038627288163277     
   18.880000000000003       0.91459479970544000     
   18.960000000000004       0.91511816843095695     
   19.040000000000003       0.91530701599486530     
   19.120000000000001       0.91375382107476288     
   19.200000000000003       0.91498700387446263     
   19.280000000000001       0.91256593878378844     
   19.360000000000003       0.92571645984278816     
   19.440000000000001       0.92474607226004824     
   19.520000000000003       0.91510827556943242     
   19.600000000000001       0.91542204073820943     
   19.680000000000003       0.91455414068715868     
   19.760000000000002       0.91815865409378161     
   19.840000000000003       0.92201355388558714     
   19.920000000000002       0.91308857659399023     
   20.000000000000004       0.91778342753587827     
   20.080000000000002       0.91329447220325233     
   20.160000000000004       0.91291641081981656     
   20.240000000000002       0.91732223039303240     
   20.320000000000000       0.92289826362120331     
   20.400000000000002       0.91416435686162145     
   20.480000000000000       0.91952976144629917     
   20.560000000000002       0.91722818294272579     
   20.640000000000001       0.91421478211379070     
   20.720000000000002       0.91098543693443534     
   20.800000000000001       0.91195223846498774     
   20.880000000000003       0.91593862243317981     
   20.960000000000001       0.91438683334830861     
   21.040000000000003       0.91438114231217882     
   21.120000000000001       0.91351731597292962     
   21.200000000000003       0.91372378276603483     
   21.280000000000001       0.90743944660159703     
   21.359999999999999       0.90477162345198703     
   21.440000000000001       0.91057531212595710     
   21.520000000000000       0.91135437941910091     
   21.600000000000001       0.91245172625174986     
   21.680000000000000       0.91162976560188547     
   21.760000000000002       0.92079356897409748     
   21.840000000000000       0.91953015218820944     
   21.920000000000002       0.91403435971753411     
   22.000000000000000       0.91271680501631491     
   22.080000000000002       0.90739528533256764     
   22.160000000000000       0.90250745523924891     
   22.240000000000002       0.91142783987687870     
   22.320000000000004       0.91217226531230677     
   22.400000000000002       0.90977992312734646     
   22.480000000000004       0.91758197957376419     
   22.560000000000002       0.90952992474102889     
   22.640000000000004       0.91169363453567254     
   22.720000000000002       0.90922049858662701     
   22.800000000000004       0.90292306039926573     
   22.880000000000003       0.90598335569867072     
   22.960000000000004       0.90994660517371018     
   23.040000000000003       0.90832596568862778     
   23.120000000000001       0.91095631294470880     
   23.200000000000003       0.91283073683578242     
   23.280000000000001       0.91104600263120061     
   23.360000000000003       0.91071233414474595     
   23.440000000000001       0.90682881731096354     
   23.520000000000003       0.90722954317445548     
   23.600000000000001       0.91373907045027225     
   23.680000000000003       0.90229865558602618     
   23.760000000000002       0.90467782450151113     
   23.840000000000003       0.91182776941781662     
   23.920000000000002       0.90451355393220201     
   24.000000000000004       0.90894952425212361     
   24.080000000000002       0.91200693372391128     
   24.160000000000000       0.90001940211699771     
   24.240000000000002       0.90545140539283675     
   24.320000000000000       0.90548873485255621     
   24.400000000000002       0.90782805493578722     
   24.480000000000000       0.90223307427988553     
   24.560000000000002       0.90425681609565434     
   24.640000000000001       0.90938330188808236     
   24.720000000000002       0.90238132555139350     
   24.800000000000001       0.90327076475954415     
   24.880000000000003       0.90748323188577362     
   24.960000000000001       0.90662248557094427     
   25.040000000000003       0.90777404715117349     
   25.120000000000001       0.89573731795672140     
   25.199999999999999       0.90896257950462822     
   25.280000000000001       0.90530888204020843     
   25.359999999999999       0.90839213097174853     
   25.440000000000001       0.90394100238597785     
   25.520000000000000       0.90421547945053249     
   25.600000000000005       0.90353910830511053     
   25.680000000000003       0.90531421148043822     
   25.760000000000005       0.89225453329472437     
   25.840000000000000       0.90360321875655392     
   25.920000000000002       0.90607280241258192     
   26.000000000000000       0.90730330496617539     
   26.080000000000002       0.90096452171514052     
   26.160000000000000       0.90844864800829606     
   26.240000000000002       0.91113672754048824     
   26.320000000000000       0.89959937775132071     
   26.400000000000002       0.89700131484722112     
   26.480000000000000       0.89653559536145255     
   26.560000000000002       0.90282206409637789     
   26.640000000000001       0.90231924219290560     
   26.720000000000002       0.89429859317336846     
   26.800000000000001       0.89777553851174885     
   26.880000000000003       0.90394890987326360     
   26.960000000000001       0.89824612576342211     
   27.040000000000003       0.89829231440754032     
   27.120000000000001       0.90225646198423914     
   27.200000000000003       0.90595030520409614     
   27.280000000000001       0.89989516007648740     
   27.360000000000003       0.89698604292261352     
   27.440000000000005       0.89895083103964823     
   27.520000000000003       0.89948526006410245     
   27.600000000000005       0.88901659784032194     
   27.680000000000003       0.89499464036317133     
   27.760000000000005       0.89586285764376006     
   27.840000000000003       0.88577990730107048     
   27.920000000000005       0.89295611207222425     
   28.000000000000004       0.89173712536156058     
   28.080000000000005       0.89343545468143204     
   28.160000000000000       0.90041404161811989     
   28.240000000000006       0.90150892788236248     
   28.320000000000000       0.88809414420864918     
   28.400000000000006       0.89831042834201946     
   28.480000000000000       0.89087333218974496     
   28.560000000000006       0.89662696058244695     
   28.640000000000001       0.88735024622270142     
   28.720000000000002       0.88728668811875544     
   28.800000000000001       0.88917037397036658     
   28.880000000000003       0.89447519430858080     
   28.960000000000001       0.89349338623119223     
   29.040000000000003       0.89796059811334095     
   29.120000000000001       0.88903134227776570     
   29.200000000000003       0.88413227172596687     
   29.280000000000001       0.89517038312349506     
   29.360000000000003       0.89104727664850447     
   29.440000000000001       0.89777160722610461     
   29.520000000000003       0.90191195070613772     
   29.600000000000001       0.88684471383959151     
   29.680000000000003       0.89260083907410059     
   29.760000000000002       0.89654928857236083     
   29.840000000000003       0.89184588479437021     
   29.920000000000002       0.88666054555062801     
   30.000000000000004       0.88741183188226003     
   30.080000000000002       0.88584677064571893     
   30.160000000000004       0.89930510629941729     
   30.239999999999998       0.88759977152235936     
   30.320000000000004       0.89267884320799640     
   30.399999999999999       0.88373502061074083     
   30.480000000000004       0.88321236779735013     
   30.559999999999999       0.88015648436281047     
   30.640000000000004       0.88371039629381354     
   30.719999999999999       0.88244014855094743     
   30.800000000000004       0.87941518691009912     
   30.880000000000006       0.88752970228610506     
   30.960000000000001       0.88979532189752231     
   31.040000000000006       0.88871996978623957     
   31.120000000000001       0.88115925421765096     
   31.200000000000006       0.88977354121547581     
   31.280000000000001       0.88561548891433817     
   31.360000000000007       0.88691916035852991     
   31.440000000000001       0.87331828150016155     
   31.520000000000003       0.88441219353411704     
   31.600000000000001       0.87823095093449777     
   31.680000000000003       0.88384003028620906     
   31.760000000000002       0.88529046521266341     
   31.840000000000003       0.87877748376214371     
   31.920000000000002       0.87958587538819832     
   32.000000000000007       0.87713907236294786     
   32.079999999999998       0.87148198651406417     
   32.160000000000004       0.88065802744323141     
   32.240000000000002       0.88256587766645500     
   32.320000000000007       0.88047203715291400     
   32.399999999999999       0.88157570290931886     
   32.480000000000004       0.87629433980328886     
   32.560000000000002       0.88196562700590275     
   32.640000000000001       0.87882861606486495     
   32.719999999999999       0.87976511028287496     
   32.800000000000004       0.87933885115018806     
   32.880000000000003       0.87680971278859210     
   32.960000000000001       0.87462483542653446     
   33.039999999999999       0.87229176638793759     
   33.120000000000005       0.87083341473986187     
   33.200000000000003       0.87415599608951089     
   33.280000000000001       0.87358987155718681     
   33.359999999999999       0.88162977771897311     
   33.440000000000005       0.86684278002641968     
   33.520000000000003       0.87857279055342841     
   33.600000000000001       0.87438051950290030     
   33.680000000000000       0.86872762777277945     
   33.760000000000005       0.88201036987336590     
   33.840000000000003       0.87621886421802042     
   33.920000000000002       0.87612902055584185     
   34.000000000000000       0.87482457023199367     
   34.080000000000005       0.87885097529418676     
   34.160000000000004       0.86841151390373938     
   34.240000000000002       0.87738712042766998     
   34.320000000000007       0.87593687786622887     
   34.400000000000006       0.87688205174318867     
   34.480000000000004       0.88022092733665158     
   34.560000000000002       0.88191270441927627     
   34.640000000000008       0.87447647438734000     
   34.720000000000006       0.87758687070849950     
   34.800000000000004       0.86848537661447955     
   34.880000000000003       0.87702103631006378     
   34.960000000000008       0.87417029677235458     
   35.039999999999999       0.87778274390611610     
   35.120000000000005       0.86623315385235544     
   35.200000000000003       0.87395300677721877     
   35.280000000000008       0.88117909361614588     
   35.359999999999999       0.87062856949141731     
   35.440000000000005       0.87710133943767765     
   35.520000000000003       0.88173909659195338     
   35.600000000000001       0.87243753281158265     
   35.680000000000000       0.87229926587567175     
   35.760000000000005       0.87712253326254608     
   35.840000000000003       0.86743732626684522     
   35.920000000000002       0.87730988357759221     
   36.000000000000000       0.87298463502797496     
   36.080000000000005       0.87301314293626053     
   36.160000000000004       0.87502669981415715     
   36.240000000000002       0.87247842282117416     
   36.320000000000000       0.88651562765607339     
   36.400000000000006       0.86940057977626273     
   36.480000000000004       0.87088186521359023     
   36.560000000000002       0.88109453690560369     
   36.640000000000001       0.87365675304135271     
   36.720000000000006       0.87230242305422856     
   36.800000000000004       0.86896931775115682     
   36.880000000000003       0.87408942356172170     
   36.960000000000001       0.87055850623900866     
   37.040000000000006       0.87479949148249725     
   37.119999999999997       0.88384203137795081     
   37.200000000000003       0.86199416886879321     
   37.280000000000001       0.86737675054846708     
   37.360000000000007       0.87358546614408550     
   37.439999999999998       0.87398316131559295     
   37.520000000000003       0.85937121398674121     
   37.600000000000009       0.87411497695356155     
   37.680000000000000       0.87039746362058468     
   37.760000000000005       0.86353822089736643     
   37.840000000000003       0.87239960164273544     
   37.920000000000009       0.87537607039234278     
   38.000000000000000       0.86888438180021677     
   38.080000000000005       0.86660064340675580     
   38.160000000000004       0.86140516368765652     
   38.240000000000002       0.85677016629290592     
   38.320000000000000       0.86474736614834802     
   38.400000000000006       0.87040027348064797     
   38.480000000000004       0.87197641358415034     
   38.560000000000002       0.85661489168886096     
   38.640000000000001       0.86627551025053995     
   38.720000000000006       0.85644322921839300     
   38.800000000000004       0.87020924027516955     
   38.880000000000003       0.85903846729825906     
   38.960000000000001       0.86243747757097922     
   39.040000000000006       0.85815256736840895     
   39.120000000000005       0.86091263353115466     
   39.200000000000003       0.86758769108466549     
   39.280000000000001       0.85616471200814703     
   39.360000000000007       0.86289953360329585     
   39.440000000000005       0.87432508477165061     
   39.520000000000003       0.86400512682395003     
   39.600000000000001       0.86066531061879470     
   39.680000000000007       0.86618625989347953     
   39.759999999999998       0.86423786701871763     
   39.840000000000003       0.86526268619102087     
   39.920000000000002       0.86171931627261056     
   40.000000000000007       0.86288137646871876     
   40.079999999999998       0.85735668485971750     
   40.160000000000004       0.85229868748285920     
   40.240000000000002       0.86245089067927061     
   40.320000000000007       0.85835630047607570     
   40.399999999999999       0.85451979857010008     
   40.480000000000004       0.86484935366692717     
   40.560000000000002       0.86540882993894974     
   40.640000000000001       0.85963000195839956     
   40.719999999999999       0.86288925095932723     
   40.800000000000004       0.84630365826173826     
   40.880000000000003       0.85570729602590656     
   40.960000000000001       0.86469617877073435     
   41.040000000000006       0.85950939906723944     
   41.120000000000005       0.85831692565918349     
   41.200000000000003       0.85721787157011131     
   41.280000000000001       0.86570295752439685     
   41.360000000000007       0.86254801798378544     
   41.440000000000005       0.85038870529674537     
   41.520000000000003       0.85572784861672557     
   41.600000000000001       0.85646818737514019     
   41.680000000000007       0.87645062227499493     
   41.760000000000005       0.87026798715253828     
   41.840000000000003       0.86944200969528007     
   41.920000000000002       0.87022356915718158     
   42.000000000000007       0.85010741400661194     
   42.080000000000005       0.85280411422422953     
   42.160000000000004       0.85682292452072251     
   42.240000000000002       0.85801982529259890     
   42.320000000000007       0.85832464781380224     
   42.400000000000006       0.86533080775918747     
   42.480000000000004       0.85758051698013371     
   42.560000000000002       0.86638168846789265     
   42.640000000000008       0.85497978393226060     
   42.719999999999999       0.85495902841425575     
   42.800000000000004       0.84517644088036037     
   42.880000000000003       0.85081755399539438     
   42.960000000000008       0.85890090640464367     
   43.039999999999999       0.86822041360288782     
   43.120000000000005       0.86650376103927917     
   43.200000000000003       0.86149678459753543     
   43.280000000000001       0.86146273423028974     
   43.359999999999999       0.84957424495915257     
   43.440000000000005       0.86532677517372503     
   43.520000000000003       0.85756298199805769     
   43.600000000000001       0.85538470240084719     
   43.680000000000000       0.85914034905444792     
   43.760000000000005       0.86395027055340912     
   43.840000000000003       0.85678913958368252     
   43.920000000000002       0.85721112801206600     
   44.000000000000000       0.85598653461140062     
   44.080000000000005       0.86259552943873619     
   44.160000000000004       0.85309870382269071     
   44.240000000000002       0.85880065526404037     
   44.320000000000000       0.86028415720008689     
   44.400000000000006       0.84933899798804957     
   44.480000000000004       0.86176093277545840     
   44.560000000000002       0.85959200334479957     
   44.640000000000008       0.85989886040917340     
   44.720000000000006       0.86328212508209545     
   44.800000000000004       0.85730562013404943     
   44.880000000000003       0.85997787450081120     
   44.960000000000008       0.86554189408774296     
   45.040000000000006       0.86426752882316982     
   45.120000000000005       0.86962997262264830     
   45.200000000000003       0.85147466822126694     
   45.280000000000008       0.85973818258029167     
   45.360000000000007       0.85947888380743120     
   45.440000000000005       0.84443953532274185     
   45.520000000000003       0.85640619195426804     
   45.600000000000009       0.86863130853734360     
   45.680000000000000       0.85581459710272978     
   45.760000000000005       0.86398891182958992     
   45.840000000000003       0.85019457412758526     
   45.920000000000009       0.86045316204483169     
   46.000000000000000       0.85503185127558445     
   46.080000000000005       0.85257019883750962     
   46.160000000000004       0.85675418563768180     
   46.240000000000002       0.85777923666105849     
   46.320000000000000       0.86124902011253457     
   46.400000000000006       0.85241654632482755     
   46.480000000000004       0.84559389262436557     
   46.560000000000002       0.85081118910331532     
   46.640000000000001       0.86328808080900565     
   46.720000000000006       0.85816519647688871     
   46.800000000000004       0.86162319023211564     
   46.880000000000003       0.84962439676658852     
   46.960000000000001       0.84883162462312467     
   47.040000000000006       0.84284767725578291     
   47.120000000000005       0.86019486756523622     
   47.200000000000003       0.85895993137696569     
   47.280000000000001       0.83531352434559925     
   47.360000000000007       0.85372621782872560     
   47.440000000000005       0.84007871631535180     
   47.520000000000003       0.84717188933447019     
   47.600000000000001       0.84891163075021248     
   47.680000000000007       0.82839130521026905     
   47.759999999999998       0.84744512136155392     
   47.840000000000003       0.86210071550386058     
   47.920000000000009       0.84894418862447019     
   48.000000000000007       0.84326037011875288     
   48.080000000000005       0.84631187332193780     
   48.160000000000004       0.85448232292246651     
   48.240000000000009       0.85056967293286456     
   48.320000000000000       0.84425958962261316     
   48.400000000000006       0.84888436476782825     
   48.480000000000004       0.84685086804924703     
   48.560000000000009       0.84414062613410756     
   48.640000000000001       0.84513346794818933     
   48.720000000000006       0.83637029667952068     
   48.800000000000004       0.84072067048779286     
   48.880000000000003       0.84305004567208575     
   48.960000000000001       0.84026602199145894     
   49.040000000000006       0.84194949931434171     
   49.120000000000005       0.83823609434056412     
   49.200000000000003       0.84893958824998339     
   49.280000000000001       0.84221333447377600     
   49.360000000000007       0.84526872711432077     
   49.440000000000005       0.84117333772427261     
   49.520000000000003       0.83705827048612869     
   49.600000000000001       0.84834714546891132     
   49.680000000000007       0.84275396247371104     
   49.760000000000005       0.84062312566698727     
   49.840000000000003       0.82852878475075309     
   49.920000000000002       0.83392282852938282     
   50.000000000000007       0.84696090299991889     
   50.080000000000005       0.84295589687972894     
   50.160000000000004       0.83332686830577152     
   50.240000000000002       0.83741472999446687     
   50.320000000000007       0.82936422074615712     
   50.399999999999999       0.84307367092800489     
   50.480000000000004       0.84805717108854373     
   50.560000000000002       0.84328495192163211     
   50.640000000000008       0.84365320741992222     
   50.719999999999999       0.85099527207216830     
   50.800000000000004       0.82501294024129890     
   50.880000000000003       0.83510331195458698     
   50.960000000000008       0.83379351202951146     
   51.039999999999999       0.84846237608434216     
   51.120000000000005       0.83501529018284837     
   51.200000000000010       0.84158347208139117     
   51.280000000000001       0.83010036287550648     
   51.360000000000007       0.83648042147109536     
   51.440000000000005       0.83408393638364453     
   51.520000000000010       0.83796888140401060     
   51.600000000000001       0.83754114421082426     
   51.680000000000000       0.85220737391656987     
   51.760000000000005       0.84627823605313479     
   51.840000000000003       0.84391827825890364     
   51.920000000000009       0.83348209989071942     
   52.000000000000000       0.83625058787685902     
   52.080000000000005       0.83751799134468019     
   52.160000000000004       0.82659933720543655     
   52.240000000000009       0.84121774376051905     
   52.320000000000000       0.82674592202606878     
   52.400000000000006       0.83457365321183208     
   52.480000000000004       0.82906077097424147     
   52.560000000000009       0.83973143848944654     
   52.640000000000001       0.84180139102886220     
   52.720000000000006       0.84331472101327232     
   52.800000000000004       0.82941834638252698     
   52.880000000000010       0.84402870293870003     
   52.960000000000001       0.82529471138710686     
   53.040000000000006       0.83664095135412175     
   53.120000000000005       0.83926230465197937     
   53.200000000000010       0.83312601828041222     
   53.280000000000001       0.83683101589135045     
   53.359999999999999       0.83545758588923691     
   53.440000000000005       0.83193146336289925     
   53.520000000000010       0.84569270146819420     
   53.600000000000001       0.83157001010961318     
   53.680000000000000       0.83173438704457059     
   53.760000000000005       0.83938703757473687     
   53.840000000000011       0.83587938542214946     
   53.920000000000002       0.84646687662715159     
   54.000000000000000       0.83796066397307445     
   54.080000000000005       0.83909469949917181     
   54.160000000000011       0.84508417673073999     
   54.240000000000002       0.83488612251000360     
   54.320000000000000       0.83330630861706889     
   54.400000000000006       0.83162020709253248     
   54.480000000000011       0.83307121886985447     
   54.560000000000002       0.83369202482011129     
   54.640000000000001       0.83658621261116950     
   54.720000000000006       0.84484600814984079     
   54.800000000000004       0.83455880775463998     
   54.880000000000010       0.83091561390856128     
   54.960000000000001       0.83162244957801434     
   55.040000000000006       0.82493938751424301     
   55.120000000000005       0.84239089264351530     
   55.200000000000010       0.83792287826829437     
   55.280000000000001       0.83829474221218481     
   55.360000000000007       0.82043121014999254     
   55.440000000000005       0.83404900968016282     
   55.520000000000010       0.83709305270652878     
   55.600000000000001       0.82280199185829805     
   55.680000000000007       0.83319326668253912     
   55.760000000000005       0.82690993755640552     
   55.840000000000011       0.83199004575078250     
   55.920000000000002       0.82377337886077417     
   56.000000000000007       0.83811036227388469     
   56.080000000000005       0.83945481859090598     
   56.160000000000011       0.83422657872535788     
   56.240000000000002       0.84639085290028693     
   56.320000000000000       0.82622993848664628     
   56.400000000000006       0.83944685276802700     
   56.480000000000011       0.82200330720488668     
   56.560000000000002       0.82880122853866012     
   56.640000000000001       0.82687857194794268     
   56.720000000000006       0.82877821885948000     
   56.800000000000011       0.83706157942786408     
   56.880000000000003       0.82741604764675447     
   56.960000000000001       0.81778613810676970     
   57.040000000000006       0.82113312222881285     
   57.120000000000012       0.82803474574120373     
   57.200000000000003       0.83253857714087531     
   57.280000000000001       0.84452863953622803     
   57.360000000000007       0.83328430997309411     
   57.440000000000005       0.83966128192746781     
   57.520000000000003       0.82521885582314136     
   57.600000000000001       0.82991762696014792     
   57.680000000000007       0.83502822365146134     
   57.760000000000005       0.83396451316338027     
   57.839999999999996       0.83552551409942521     
   57.920000000000002       0.82919168237400864     
   58.000000000000007       0.83870594303430712     
   58.080000000000005       0.82840806860045302     
   58.160000000000011       0.82979806166233006     
   58.240000000000002       0.83111837120942167     
   58.320000000000007       0.83267302734937021     
   58.400000000000006       0.82831940902073764     
   58.480000000000011       0.82631922028402582     
   58.560000000000002       0.83088296052032806     
   58.640000000000008       0.82923151530770667     
   58.720000000000006       0.83209272153689162     
   58.800000000000011       0.83677175451031760     
   58.880000000000003       0.82276770127762289     
   58.960000000000001       0.82958652884692652     
   59.040000000000006       0.82540322706499214     
   59.120000000000012       0.82370841222133950     
   59.200000000000003       0.83275709468131576     
   59.280000000000001       0.84311788245979913     
   59.360000000000007       0.83705807083222394     
   59.440000000000012       0.82480587506076086     
   59.520000000000003       0.83128954823205292     
   59.600000000000001       0.82162520422732888     
   59.680000000000007       0.82280965780568005     
   59.760000000000012       0.82258292541873579     
   59.840000000000003       0.83710306801924561     
   59.920000000000002       0.83097845351272603     
   60.000000000000007       0.82531740325574665     
   60.080000000000013       0.82452148036310480     
   60.160000000000004       0.82663965655331217     
   60.240000000000002       0.82274196857860993     
   60.320000000000007       0.83083780337805435     
   60.400000000000006       0.83640614149383341     
   60.479999999999997       0.81960878512964885     
   60.560000000000002       0.82976277994845637     
   60.640000000000008       0.81881041757737638     
   60.720000000000006       0.81521243911860031     
   60.799999999999997       0.82037446719302609     
   60.880000000000003       0.82013420611869403     
   60.960000000000008       0.81304433517398389     
   61.040000000000006       0.82331574743128000     
   61.119999999999997       0.84019276877082649     
   61.200000000000003       0.82064271832758018     
   61.280000000000008       0.81728904628607324     
   61.360000000000007       0.82541381930815527     
   61.439999999999998       0.82299741892292733     
   61.520000000000003       0.82763275160405814     
   61.600000000000009       0.83661741528366473     
   61.680000000000007       0.81846737748288689     
   61.760000000000012       0.82667178784729944     
   61.840000000000003       0.82945628973035979     
   61.920000000000002       0.83094185778702345     
   62.000000000000007       0.84421579830996563     
   62.080000000000013       0.81757627011701384     
   62.160000000000004       0.82262585805132871     
   62.240000000000002       0.82179291843152280     
   62.320000000000007       0.82350017329598746     
   62.400000000000013       0.81923684715639178     
   62.480000000000004       0.83379200480909443     
   62.560000000000002       0.82008746943405608     
   62.640000000000008       0.81845596380746777     
   62.720000000000013       0.82472436790160608     
   62.800000000000004       0.82303930044417906     
   62.880000000000003       0.81627432239574760     
   62.960000000000008       0.82360503957197928     
   63.040000000000006       0.82463598670588467     
   63.120000000000005       0.82827850438005557     
   63.200000000000003       0.82949536695542969     
   63.280000000000008       0.82225995372442195     
   63.360000000000007       0.82021546537246592     
   63.439999999999998       0.82890301407130795     
   63.520000000000003       0.82640542567538500     
   63.600000000000009       0.82283590732001322     
   63.680000000000007       0.82349586040859069     
   63.759999999999998       0.81847738562784855     
   63.840000000000003       0.81385939019832065     
   63.920000000000009       0.82753309382530860     
   64.000000000000014       0.82061874087502695     
   64.079999999999998       0.82164220072621608     
   64.159999999999997       0.82897794261334568     
   64.240000000000009       0.82294252284349567     
   64.320000000000007       0.82387885816978801     
   64.400000000000006       0.82061806073729526     
   64.480000000000004       0.82229859707266917     
   64.560000000000002       0.81968883010101456     
   64.640000000000015       0.82918525284697897     
   64.719999999999999       0.82675179370739205     
   64.799999999999997       0.82456333184047159     
   64.880000000000010       0.84030622921931863     
   64.960000000000008       0.82962118670923302     
   65.040000000000006       0.81522557734851231     
   65.120000000000005       0.82435023010282116     
   65.200000000000003       0.82876471286626907     
   65.280000000000001       0.82437869274135123     
   65.360000000000014       0.82039969744339647     
   65.439999999999998       0.81237431193337484     
   65.520000000000010       0.81267220397408246     
   65.600000000000009       0.81712221573368193     
   65.680000000000007       0.82066711744535736     
   65.760000000000005       0.82372612111262422     
   65.840000000000003       0.81435099223223928     
   65.920000000000002       0.83515024021497519     
   66.000000000000014       0.82020469659687700     
   66.079999999999998       0.83015795135272985     
   66.160000000000011       0.82503494656426957     
   66.240000000000009       0.82257937296080885     
   66.320000000000007       0.81933977069268715     
   66.400000000000006       0.81596741846162546     
   66.480000000000004       0.83308023260506503     
   66.560000000000002       0.82627477439326580     
   66.640000000000015       0.82590018641161911     
   66.719999999999999       0.81806553948592609     
   66.799999999999997       0.82166491053122370     
   66.880000000000010       0.82543925011042740     
   66.960000000000008       0.82290719015522118     
   67.040000000000006       0.81512361218159757     
   67.120000000000005       0.82336900833764248     
   67.200000000000003       0.82930924060948963     
   67.280000000000015       0.81343365347126417     
   67.359999999999999       0.84015587309771145     
   67.439999999999998       0.82071736538489060     
   67.520000000000010       0.82206693525920727     
   67.600000000000009       0.80962472765595395     
   67.680000000000007       0.81844454542144551     
   67.760000000000005       0.82261389771480664     
   67.840000000000003       0.80848502774216047     
   67.920000000000016       0.81629632691550391     
   68.000000000000000       0.81555107259819981     
   68.079999999999998       0.81958373039051091     
   68.160000000000011       0.83236407862409900     
   68.240000000000009       0.82435537523197855     
   68.320000000000007       0.81324011379801409     
   68.400000000000006       0.83415305313082322     
   68.480000000000004       0.82965288945480120     
   68.560000000000002       0.82456720252779014     
   68.640000000000015       0.83151589555851879     
   68.719999999999999       0.83437460246034612     
   68.800000000000011       0.82902312023576674     
   68.880000000000010       0.82003949097876083     
   68.960000000000008       0.81756482909242656     
   69.040000000000006       0.82257684749862370     
   69.120000000000005       0.81047162553944652     
   69.200000000000003       0.82056308872205697     
   69.280000000000015       0.82248802314321257     
   69.359999999999999       0.81383737915649690     
   69.440000000000012       0.82469179336640885     
   69.520000000000010       0.82675825630997457     
   69.600000000000009       0.82266294589293243     
   69.680000000000007       0.82498009870802469     
   69.760000000000005       0.82521674619038599     
   69.840000000000003       0.81734671847701845     
   69.920000000000016       0.81429385392075926     
   70.000000000000000       0.82331586460938344     
   70.079999999999998       0.81665965071041025     
   70.160000000000011       0.82034454087917930     
   70.240000000000009       0.81980233409488823     
   70.320000000000007       0.83462452754555894     
   70.400000000000006       0.81785023865247219     
   70.480000000000004       0.82781453711501729     
   70.560000000000016       0.82217368606445673     
   70.640000000000001       0.82305333752376608     
   70.719999999999999       0.81954837666281055     
   70.800000000000011       0.83482856351646861     
   70.880000000000010       0.83190630214865668     
   70.960000000000008       0.81843395668255459     
   71.040000000000006       0.80574341528559790     
   71.120000000000005       0.83270280410956254     
   71.200000000000003       0.83004467550895555     
   71.280000000000001       0.81495264607470552     
   71.359999999999999       0.80807060635209582     
   71.440000000000012       0.82070910796430840     
   71.520000000000010       0.81562402081521734     
   71.599999999999994       0.81172128207539207     
   71.680000000000007       0.82515755875335384     
   71.760000000000005       0.82283537708011523     
   71.840000000000003       0.81706475976765092     
   71.920000000000016       0.82814224971760997     
   72.000000000000000       0.81596324302163725     
   72.080000000000013       0.81771472896600716     
   72.160000000000011       0.82598301864808932     
   72.240000000000009       0.81542849520202543     
   72.320000000000007       0.82975397217565883     
   72.400000000000006       0.81736473297657286     
   72.480000000000004       0.81800669799446724     
   72.560000000000016       0.82296710612945700     
   72.640000000000001       0.82910734363921124     
   72.719999999999999       0.82133981688356617     
   72.800000000000011       0.82704189746282897     
   72.880000000000010       0.81946449161675405     
   72.960000000000008       0.80954213234855465     
   73.040000000000006       0.81736441479457067     
   73.120000000000005       0.81860712044095640     
   73.200000000000017       0.81409644147497451     
   73.280000000000001       0.81414092188327492     
   73.359999999999999       0.81755822483570906     
   73.440000000000012       0.82118651945605814     
   73.520000000000010       0.81302282353555388     
   73.600000000000009       0.79822638954154879     
   73.680000000000007       0.82221130983789881     
   73.760000000000005       0.81510116626780726     
   73.840000000000003       0.82671324323987394     
   73.920000000000002       0.81512516076459152     
   74.000000000000000       0.82031245197681968     
   74.080000000000013       0.82049782824004291     
   74.160000000000011       0.83199344040611101     
   74.239999999999995       0.81618911542629702     
   74.320000000000007       0.82235052063560965     
   74.400000000000006       0.81433823225081248     
   74.480000000000004       0.81919616211408852     
   74.560000000000002       0.81933453949753454     
   74.640000000000001       0.80970622435969275     
   74.720000000000013       0.80952170898603626     
   74.800000000000011       0.82666195603459169     
   74.879999999999995       0.81871985645998402     
   74.960000000000008       0.81630780739521869     
   75.040000000000006       0.81656365353583171     
   75.120000000000005       0.82107450513280966     
   75.200000000000017       0.81161412915723308     
   75.280000000000001       0.81867051508445132     
   75.359999999999999       0.81536008500377777     
   75.440000000000012       0.82723214750591612     
   75.520000000000010       0.82541742696661136     
   75.600000000000009       0.81172240391843165     
   75.680000000000007       0.82833465521636895     
   75.760000000000005       0.82608821503697560     
   75.840000000000018       0.81647213279073116     
   75.920000000000002       0.81170638858490707     
   76.000000000000000       0.81308476516482420     
   76.080000000000013       0.82024150918803784     
   76.160000000000011       0.82194500012364369     
   76.240000000000009       0.84390107013764648     
   76.320000000000007       0.82903301475710633     
   76.400000000000006       0.79546776898874250     
   76.480000000000004       0.80577431217042861     
   76.560000000000002       0.83127408562570215     
   76.640000000000001       0.80259382865775730     
   76.720000000000013       0.81314738334139225     
   76.800000000000011       0.82251163506119795     
   76.879999999999995       0.81933954073318860     
   76.960000000000008       0.80986242686012810     
   77.040000000000006       0.81964727159010475     
   77.120000000000005       0.80936960408832304     
   77.200000000000003       0.81677216571748090     
   77.280000000000001       0.82197717106450285     
   77.360000000000014       0.81185827367649843     
   77.440000000000012       0.80918208246848566     
   77.519999999999996       0.80859678709488925     
   77.600000000000009       0.81524481465758658     
   77.680000000000007       0.80553207971747853     
   77.760000000000005       0.81540248941672566     
   77.840000000000003       0.81422328521554488     
   77.920000000000002       0.81377880754716148     
   78.000000000000000       0.80459984691940645     
   78.080000000000013       0.80236991838985705     
   78.159999999999997       0.82844387529516805     
   78.240000000000009       0.82250171709196895     
   78.320000000000007       0.81516081916158378     
   78.400000000000006       0.81405164372519945     
   78.480000000000004       0.80928540501031676     
   78.560000000000002       0.82223746491645866     
   78.640000000000001       0.81519209154741401     
   78.720000000000013       0.82176769293936780     
   78.800000000000011       0.81212797938351322     
   78.880000000000010       0.81948387135359768     
   78.960000000000008       0.82806232333754448     
   79.040000000000006       0.82423676293935644     
   79.120000000000019       0.82154535047782951     
   79.200000000000003       0.81733318330200078     
   79.280000000000001       0.82868764855562838     
   79.360000000000014       0.82588101581486828     
   79.440000000000012       0.80839897720385034     
   79.519999999999996       0.81450489212910171     
   79.600000000000009       0.82486853473244337     
   79.680000000000007       0.81008142616223233     
   79.760000000000005       0.81439746304521110     
   79.840000000000003       0.81902465657106027     
   79.920000000000002       0.82998318760487999     
   80.000000000000014       0.83073986218818174     
   80.080000000000013       0.81910023458274916     
   80.159999999999997       0.82668142893440522     
   80.240000000000009       0.81554365517154381     
   80.320000000000007       0.81758910659022499     
   80.400000000000006       0.82107766381006986     
   80.480000000000004       0.81746634698435727     
   80.560000000000002       0.81960003351852739     
   80.640000000000015       0.81205458883265214     
   80.720000000000013       0.80851296821022456     
   80.799999999999997       0.80915751479244225     
   80.880000000000010       0.81809453539362309     
   80.960000000000008       0.81494657987451258     
   81.040000000000006       0.81884444618920682     
   81.120000000000005       0.81705951981838210     
   81.200000000000003       0.81794226757742849     
   81.280000000000001       0.81406045745112632     
   81.360000000000014       0.81331227697200981     
   81.439999999999998       0.82676897622514445     
   81.520000000000010       0.82652329459936913     
   81.600000000000009       0.81757176746220794     
   81.680000000000007       0.80581564678014772     
   81.760000000000005       0.82214562756219822     
   81.840000000000003       0.80992877126460383     
   81.920000000000002       0.81186663168420803     
   82.000000000000014       0.82485271765755375     
   82.080000000000013       0.81289277001314053     
   82.160000000000011       0.82295397029060657     
   82.240000000000009       0.80608853714582807     
   82.320000000000007       0.81860631477844992     
   82.400000000000006       0.80687995821511571     
   82.480000000000004       0.82981335244731003     
   82.560000000000002       0.81744281015006126     
   82.640000000000015       0.80744324794684308     
   82.720000000000013       0.82096299858067245     
   82.799999999999997       0.81248915424788426     
   82.880000000000010       0.82415257558779631     
   82.960000000000008       0.81642617423092290     
   83.040000000000006       0.81051983549620943     
   83.120000000000005       0.81983838583083057     
   83.200000000000003       0.81108244176305910     
   83.280000000000015       0.81647964913560345     
   83.360000000000014       0.81273399214337605     
   83.439999999999998       0.81750303193573848     
   83.520000000000010       0.81548119476344727     
   83.600000000000009       0.83366199644067840     
   83.680000000000007       0.82891365203438605     
   83.760000000000005       0.80941342595455656     
   83.840000000000003       0.82321599789508149     
   83.920000000000002       0.80151378657823968     
   84.000000000000014       0.80776677639138128     
   84.079999999999998       0.81350610138924406     
   84.160000000000011       0.80806493141566349     
   84.240000000000009       0.81510236426747562     
   84.320000000000007       0.80713787544438587     
   84.400000000000006       0.81724318289096609     
   84.480000000000004       0.80539242287117252     
   84.560000000000002       0.81107794726429783     
   84.640000000000015       0.81285332594472925     
   84.719999999999999       0.81705129221001138     
   84.800000000000011       0.81456653376830057     
   84.880000000000010       0.80314529190344652     
   84.960000000000008       0.80492180466629304     
   85.040000000000006       0.81521699533827652     
   85.120000000000005       0.79750218497337133     
   85.200000000000003       0.82402139677825403     
   85.280000000000015       0.81231338476878800     
   85.360000000000014       0.83060805243743818     
   85.439999999999998       0.81745562668801319     
   85.520000000000010       0.83171869368492679     
   85.600000000000009       0.82020400451880870     
   85.680000000000007       0.81823017494388728     
   85.760000000000005       0.80824329397947414     
   85.840000000000003       0.80038030798899840     
   85.920000000000016       0.80152839509211382     
   86.000000000000014       0.81127486612286681     
   86.079999999999998       0.81414062077649052     
   86.160000000000011       0.80660940628420508     
   86.240000000000009       0.82372643079138030     
   86.320000000000007       0.81653436907804067     
   86.400000000000006       0.83169928333642529     
   86.480000000000004       0.81709013239907458     
   86.560000000000002       0.81858754163756386     
   86.640000000000015       0.81910954196918273     
   86.719999999999999       0.80684321287386451     
   86.800000000000011       0.82275211977720575     
   86.880000000000010       0.81340199087652543     
   86.960000000000008       0.81945007784058721     
   87.040000000000006       0.81980819357611467     
   87.120000000000005       0.81647309298625248     
   87.200000000000003       0.81747475467613528     
   87.280000000000015       0.81372430748503743     
   87.359999999999999       0.82770066598814451     
   87.440000000000012       0.82446275284281489     
   87.520000000000010       0.81880662457681352     
   87.600000000000009       0.80869119070912510     
   87.680000000000007       0.81895485053206929     
   87.760000000000005       0.81530206098774927     
   87.840000000000003       0.81742416908588966     
   87.920000000000016       0.81116918086969980     
   88.000000000000000       0.82927722313186991     
   88.079999999999998       0.80635911595504495     
   88.160000000000011       0.81826388246587589     
   88.240000000000009       0.82244130032676444     
   88.320000000000007       0.82170190893616268     
   88.400000000000006       0.81678357716047922     
   88.480000000000004       0.79783991319931524     
   88.560000000000016       0.79862581227747254     
   88.640000000000001       0.80476722982135762     
   88.719999999999999       0.81399044346752225     
   88.800000000000011       0.81421629937060935     
   88.880000000000010       0.82042977172474052     
   88.960000000000008       0.82962106856078133     
   89.040000000000006       0.81495599566711030     
   89.120000000000005       0.81027979988632037     
   89.200000000000017       0.82005066282216754     
   89.280000000000015       0.82254862204488277     
   89.359999999999999       0.80763200744071806     
   89.440000000000012       0.81102659006574362     
   89.520000000000010       0.80909482394667065     
   89.600000000000009       0.81932297370735996     
   89.680000000000007       0.81559779308947233     
   89.760000000000005       0.80900098847984059     
   89.840000000000003       0.81727488260464687     
   89.920000000000016       0.83052986180764488     
   90.000000000000000       0.81017866767835112     
   90.080000000000013       0.81284465384771154     
   90.160000000000011       0.81142675329765956     
   90.240000000000009       0.80760386999486888     
   90.320000000000007       0.80241626662260279     
   90.400000000000006       0.82785837927323047     
   90.480000000000004       0.81899756888635233     
   90.560000000000016       0.82135736229345713     
   90.640000000000001       0.83441115683452516     
   90.720000000000013       0.81585897694185638     
   90.800000000000011       0.81560662332765077     
   90.880000000000010       0.81494697773164493     
   90.960000000000008       0.82153288129354984     
   91.040000000000006       0.82002860071208250     
   91.120000000000005       0.81248012223484833     
   91.200000000000017       0.81514603014790754     
   91.280000000000001       0.81446176509384782     
   91.359999999999999       0.80679468860081271     
   91.440000000000012       0.82336334845958503     
   91.520000000000010       0.82422843101132470     
   91.600000000000009       0.81029484455175482     
   91.680000000000007       0.80535410207839864     
   91.760000000000005       0.80147289898939877     
   91.840000000000018       0.80887536999549725     
   91.920000000000002       0.80898377402497135     
   92.000000000000000       0.81382608887825858     
   92.080000000000013       0.81189118450950393     
   92.160000000000011       0.81560094128807392     
   92.240000000000009       0.81089536946878282     
   92.320000000000007       0.79168973618153138     
   92.400000000000006       0.83011310780288527     
   92.480000000000004       0.80454616837235426     
   92.560000000000016       0.79416091332243943     
   92.640000000000001       0.80959060556661555     
   92.720000000000013       0.79347901629438711     
   92.800000000000011       0.81238739217594536     
   92.880000000000010       0.80533941752770044     
   92.960000000000008       0.81705225819640326     
   93.040000000000006       0.81477224322806951     
   93.120000000000005       0.81231096381298373     
   93.200000000000017       0.82135663761477007     
   93.280000000000001       0.82611780123881506     
   93.360000000000014       0.80341821621646758     
   93.440000000000012       0.81281326983733504     
   93.520000000000010       0.80405149476507709     
   93.600000000000009       0.81825393973162797     
   93.680000000000007       0.80814550445833921     
   93.760000000000005       0.81401574062019011     
   93.840000000000018       0.82309387054018424     
   93.920000000000002       0.82958880909968269     
   94.000000000000000       0.82050888215209505     
   94.080000000000013       0.80302421110161371     
   94.160000000000011       0.80419151734677596     
   94.240000000000009       0.80541909835257675     
   94.320000000000007       0.81257682580790547     
   94.400000000000006       0.81876038607158574     
   94.480000000000018       0.81213870205255467     
   94.560000000000002       0.80293260890010565     
   94.640000000000001       0.82162389286449355     
   94.720000000000013       0.82198929044315805     
   94.800000000000011       0.81369026219345508     
   94.880000000000010       0.82874456331611579     
   94.960000000000008       0.81276401591871861     
   95.040000000000006       0.80885529514952037     
   95.120000000000005       0.81914846318711421     
   95.200000000000003       0.82825151360202476     
   95.280000000000001       0.79665315511553392     
   95.360000000000014       0.80313765281346472     
   95.440000000000012       0.81706279154565209     
   95.519999999999996       0.81863259604845173     
   95.600000000000009       0.80957812522691708     
   95.680000000000007       0.79891497880288964     
   95.760000000000005       0.80668974695998608     
   95.840000000000018       0.81158604566446224     
   95.920000000000002       0.81425795803319856     
   96.000000000000014       0.81370131911985877     
   96.080000000000013       0.81945243430652825     
   96.160000000000011       0.82630177720520259     
   96.240000000000009       0.81453745443881109     
   96.320000000000007       0.79200132475685037     
   96.400000000000006       0.81652928585802442     
   96.480000000000018       0.80051109871297932     
   96.560000000000002       0.80068973654272046     
   96.640000000000001       0.82222067070378868     
   96.720000000000013       0.82634360609029733     
   96.800000000000011       0.79919181952895924     
   96.880000000000010       0.81159567873109428     
   96.960000000000008       0.80981266832515775     
   97.040000000000006       0.81160557269315570     
   97.120000000000019       0.81553259500843434     
   97.200000000000003       0.81110730083094462     
   97.280000000000001       0.81402300989034226     
   97.360000000000014       0.80243957064094773     
   97.440000000000012       0.79794474353467226     
   97.520000000000010       0.82862897852313200     
   97.600000000000009       0.83758784929347752     
   97.680000000000007       0.80809500384063082     
   97.760000000000005       0.80355411305706492     
   97.840000000000003       0.81586829588592735     
   97.920000000000002       0.81678881171757411     
   98.000000000000014       0.80726197271357336     
   98.080000000000013       0.81095456888932194     
   98.159999999999997       0.81216111313285633     
   98.240000000000009       0.81829723191145898     
   98.320000000000007       0.82548875681694167     
   98.400000000000006       0.81567045512626335     
   98.480000000000004       0.81011225665378428     
   98.560000000000002       0.81763158808721859     
   98.640000000000015       0.82363371814529363     
   98.720000000000013       0.79926746406394866     
   98.799999999999997       0.79920728656042306     
   98.880000000000010       0.80262454901447633     
   98.960000000000008       0.81351454152853553     
   99.040000000000006       0.81257822338551522     
   99.120000000000019       0.79090456487719363     
   99.200000000000003       0.80134338723483811     
   99.280000000000001       0.81089665023595714     
   99.360000000000014       0.82236116009872562     
   99.440000000000012       0.79610288056431278     
   99.520000000000010       0.81081536875365123     
   99.600000000000009       0.81260723639057009     
   99.680000000000007       0.81184311455204106     
   99.760000000000019       0.80738821038198061     
   99.840000000000003       0.80833155342397989     
   99.920000000000002       0.82357159966778459     
   100.00000000000001       0.81514595919741839     
   100.08000000000001       0.80209741779484134     
   100.16000000000001       0.80516205293660492     
   100.24000000000001       0.81453110662528838     
   100.32000000000001       0.80978791836121833     
   100.40000000000002       0.81024573961373247     
   100.48000000000000       0.80218155126277868     
   100.56000000000000       0.81289952404649846     
   100.64000000000001       0.81373040552151710     
   100.72000000000001       0.80746298231807234     
   100.80000000000000       0.81432959019696405     
   100.88000000000001       0.81105758092044233     
   100.96000000000001       0.80588911539349195     
   101.04000000000001       0.81532294798983951     
   101.12000000000000       0.80937660458570504     
   101.20000000000000       0.80607450492506982     
   101.28000000000002       0.81466548878345768     
   101.36000000000001       0.80290932036099893     
   101.44000000000000       0.80966429080979097     
   101.52000000000001       0.80719856886054842     
   101.60000000000001       0.80440853771694887     
   101.68000000000001       0.80454179430625805     
   101.76000000000001       0.80847945206079486     
   101.84000000000000       0.80764768186169733     
   101.92000000000002       0.82227912328004515     
   102.00000000000001       0.81891252938849401     
   102.08000000000000       0.79136587645147649     
   102.16000000000001       0.81669720413976143     
   102.24000000000001       0.80537257742162660     
   102.32000000000001       0.82196073081487886     
   102.40000000000002       0.82391709174649674     
   102.48000000000000       0.82029563978932651     
   102.56000000000000       0.79553710275605793     
   102.64000000000001       0.82130020223458056     
   102.72000000000001       0.79660161980113509     
   102.80000000000001       0.80164240158067712     
   102.88000000000001       0.81832232428786267     
   102.96000000000001       0.80810486280304872     
   103.04000000000002       0.81307285434742460     
   103.12000000000000       0.81623443028582365     
   103.20000000000000       0.81349897604131094     
   103.28000000000002       0.80088929311208990     
   103.36000000000000       0.79672682303456510     
   103.44000000000001       0.81119550221562575     
   103.52000000000001       0.81050539686036904     
   103.60000000000001       0.80271516454320990     
   103.68000000000001       0.81263303446941848     
   103.76000000000002       0.80636265771945803     
   103.84000000000002       0.81838721260753922     
   103.92000000000000       0.81508066592977557     
   104.00000000000000       0.81609756039989356     
   104.08000000000000       0.81445894525009521     
   104.16000000000001       0.79530084227344355     
   104.24000000000001       0.82836917030684398     
   104.32000000000001       0.81585493850373192     
   104.40000000000002       0.81004021000015125     
   104.48000000000002       0.80577919580699786     
   104.56000000000000       0.82371883515053601     
   104.64000000000000       0.80549420455973963     
   104.72000000000000       0.82132536806660061     
   104.80000000000001       0.81619021998071040     
   104.88000000000001       0.81662705432526217     
   104.96000000000001       0.81285555935028120     
   105.04000000000002       0.81545312431530081     
   105.12000000000002       0.81549385423053300     
   105.20000000000000       0.81936256641298533     
   105.28000000000000       0.80273021180492321     
   105.36000000000000       0.82758164184187499     
   105.44000000000001       0.81642657965671961     
   105.52000000000001       0.81335428218536487     
   105.60000000000001       0.80997519241010674     
   105.68000000000002       0.80487203075252967     
   105.76000000000002       0.80944370125668608     
   105.84000000000002       0.80319733469525167     
   105.92000000000000       0.80982581244303542     
   106.00000000000000       0.81096099659097631     
   106.08000000000001       0.80862416813935400     
   106.16000000000001       0.80785250299268896     
   106.24000000000001       0.82320272836065200     
   106.32000000000001       0.80929740228459068     
   106.40000000000002       0.80026260417742956     
   106.48000000000002       0.81201463980887034     
   106.56000000000000       0.82117247841321173     
   106.64000000000000       0.80779492501418726     
   106.72000000000000       0.81026574587535272     
   106.80000000000001       0.80551348480390339     
   106.88000000000001       0.80002812810442214     
   106.96000000000001       0.81244020604285594     
   107.04000000000002       0.79865148685913923     
   107.12000000000002       0.81929093244977180     
   107.20000000000000       0.80813016998447984     
   107.28000000000000       0.80429213697448587     
   107.36000000000000       0.80937227400744827     
   107.44000000000001       0.80228835959960798     
   107.52000000000001       0.81236451972645651     
   107.60000000000001       0.80797701995027205     
   107.68000000000002       0.80075216290538376     
   107.76000000000002       0.80615923526683264     
   107.84000000000000       0.80923168607492024     
   107.92000000000000       0.80475050176370377     
   108.00000000000000       0.80458049804985499     
   108.08000000000001       0.80768204861708925     
   108.16000000000001       0.81288349180988728     
   108.24000000000001       0.82544366667546998     
   108.32000000000002       0.80552630914445922     
   108.40000000000002       0.81178181315682307     
   108.48000000000000       0.81056056416621580     
   108.56000000000000       0.82651197228924134     
   108.64000000000000       0.80636733285561668     
   108.72000000000001       0.80305955861219847     
   108.80000000000001       0.80282797511091164     
   108.88000000000001       0.81347314588716979     
   108.96000000000002       0.81820719191418101     
   109.04000000000002       0.81636471839809022     
   109.12000000000000       0.81142937391960068     
   109.20000000000000       0.80381811210763776     
   109.28000000000000       0.80524660739042542     
   109.36000000000000       0.81562649117245067     
   109.44000000000001       0.80843623354219529     
   109.52000000000001       0.81776001466487291     
   109.60000000000001       0.80817734027157073     
   109.68000000000002       0.79935701800791714     
   109.76000000000002       0.80647803620833924     
   109.84000000000000       0.80803651789288722     
   109.92000000000000       0.81054104725824838     
   110.00000000000000       0.80144045004664111     
   110.08000000000001       0.81511490888367411     
   110.16000000000001       0.80879075417755852     
   110.24000000000001       0.80262541878240734     
   110.32000000000002       0.80541592207863544     
   110.40000000000002       0.81322746532224865     
   110.48000000000000       0.82698176823388403     
   110.56000000000000       0.80969450908313734     
   110.64000000000000       0.80634073295369113     
   110.72000000000001       0.79867050790158101     
   110.80000000000001       0.80697736079879345     
   110.88000000000001       0.82358285162386691     
   110.96000000000002       0.80984705390136025     
   111.04000000000002       0.79794254592657532     
   111.12000000000000       0.82355649638031425     
   111.20000000000000       0.80722840067036028     
   111.28000000000000       0.80424483290495719     
   111.36000000000001       0.81669310759711933     
   111.44000000000001       0.80820714311265618     
   111.52000000000001       0.80291475298615711     
   111.60000000000002       0.79935810891184433     
   111.68000000000002       0.81289666843515829     
   111.76000000000001       0.81121210547901268     
   111.84000000000000       0.82264157826461382     
   111.92000000000000       0.82320209306914549     
   112.00000000000001       0.82222797358513289     
   112.08000000000001       0.80984093361365306     
   112.16000000000001       0.81769156963364353     
   112.24000000000001       0.81594513591824125     
   112.32000000000002       0.81689042951026369     
   112.39999999999999       0.82383665226160030     
   112.48000000000000       0.80879742242296182     
   112.56000000000000       0.80910539218614452     
   112.64000000000000       0.81032446150034432     
   112.72000000000001       0.81052493356248356     
   112.80000000000001       0.79833698236066852     
   112.88000000000001       0.80618544532117153     
   112.96000000000002       0.80805793254733127     
   113.04000000000002       0.81255354923188372     
   113.12000000000000       0.81135963288989821     
   113.20000000000000       0.81279171087347113     
   113.28000000000000       0.79646308139317279     
   113.36000000000001       0.81699092258216477     
   113.44000000000001       0.81073173291469347     
   113.52000000000001       0.81824419525732472     
   113.60000000000002       0.81049365761793779     
   113.68000000000002       0.81431762629302107     
   113.76000000000001       0.82553012541653192     
   113.84000000000000       0.81811668908377000     
   113.92000000000000       0.81302325524613550     
   114.00000000000001       0.81052271450410751     
   114.08000000000001       0.81395712964720857     
   114.16000000000001       0.79975495465434465     
   114.24000000000002       0.82385580616555598     
   114.32000000000002       0.82050375225088645     
   114.40000000000001       0.79658287056902732     
   114.48000000000000       0.80071482864544885     
   114.56000000000000       0.80621147608059618     
   114.64000000000001       0.80322875120133674     
   114.72000000000001       0.81894144319968198     
   114.80000000000001       0.80626888384861417     
   114.88000000000001       0.80201228041168582     
   114.96000000000002       0.81477728558451468     
   115.04000000000001       0.81771108492892397     
   115.12000000000000       0.81292397683608231     
   115.20000000000000       0.82994283862854468     
   115.28000000000000       0.80976269193419759     
   115.36000000000001       0.81670040678494205     
   115.44000000000001       0.82570565081614589     
   115.52000000000001       0.81480298627832903     
   115.60000000000002       0.81404130633261251     
   115.67999999999999       0.81308006930854593     
   115.76000000000001       0.82687854336025812     
   115.84000000000000       0.80079557002526858     
   115.92000000000000       0.80115824729619345     
   116.00000000000001       0.81753914716580656     
   116.08000000000001       0.81937651267628064     
   116.16000000000001       0.81710484814397821     
   116.24000000000002       0.80247813317883321     
   116.32000000000002       0.81457632843050010     
   116.40000000000001       0.81364484158815142     
   116.48000000000000       0.79378028593659733     
   116.56000000000000       0.80382819264865202     
   116.64000000000001       0.79863724648920120     
   116.72000000000001       0.80268703322446400     
   116.80000000000001       0.81908054788954821     
   116.88000000000002       0.79965090236397574     
   116.96000000000002       0.79803490093774831     
   117.04000000000001       0.83811622748580050     
   117.12000000000000       0.80301669394311248     
   117.20000000000000       0.80306545081291880     
   117.28000000000002       0.80118227018834909     
   117.36000000000001       0.79822252447248232     
   117.44000000000001       0.80924603982735710     
   117.52000000000002       0.80206578952452323     
   117.60000000000002       0.80825402564374560     
   117.68000000000001       0.80028300172345301     
   117.76000000000001       0.81168707723987277     
   117.84000000000000       0.79812958407053025     
   117.92000000000000       0.81054440836788366     
   118.00000000000001       0.81462728315843458     
   118.08000000000001       0.79937944265539984     
   118.16000000000001       0.82019975713706950     
   118.24000000000002       0.80594809483221141     
   118.31999999999999       0.79702540126433108     
   118.40000000000001       0.79637021984138034     
   118.48000000000000       0.80845052519414839     
   118.56000000000000       0.80229303182102196     
   118.64000000000001       0.80308285528913070     
   118.72000000000001       0.81133840435897697     
   118.80000000000001       0.80626283124869802     
   118.88000000000002       0.80820822118394886     
   118.95999999999999       0.80408698909008613     
   119.04000000000001       0.82669947211588390     
   119.12000000000000       0.81674628231271562     
   119.20000000000000       0.80822233836807400     
   119.28000000000002       0.81010288782414441     
   119.36000000000001       0.80859181879769171     
   119.44000000000001       0.79160448311535214     
   119.52000000000002       0.80151115622924463     
   119.60000000000002       0.81261920575481161     
   119.68000000000001       0.81543198287874630     
   119.76000000000001       0.79775781500873333     
   119.84000000000000       0.80846519174510501     
   119.92000000000002       0.80506322738437164     
   120.00000000000001       0.81700287760320667     
   120.08000000000001       0.81118613291134156     
   120.16000000000003       0.81466060483417135     
   120.24000000000002       0.80921750110649304     
   120.32000000000001       0.81762435151763013     
   120.40000000000001       0.81104096279819149     
   120.48000000000000       0.81166003068773984     
   120.56000000000000       0.80916062130844335     
   120.64000000000001       0.81047214127230582     
   120.72000000000001       0.80752042209893204     
   120.80000000000001       0.79640332095582211     
   120.88000000000002       0.81878305447668154     
   120.95999999999999       0.79761859282439795     
   121.04000000000001       0.81555500231120281     
   121.12000000000000       0.81731221277451427     
   121.20000000000000       0.80845238018423882     
   121.28000000000002       0.80446545445807172     
   121.36000000000001       0.80464294695816885     
   121.44000000000001       0.80484679797516878     
   121.52000000000002       0.80537477697996152     
   121.59999999999999       0.81328889146452388     
   121.68000000000001       0.82235361197108614     
   121.76000000000001       0.80834586839456724     
   121.84000000000000       0.80316179905229224     
   121.92000000000002       0.80596408252600549     
   122.00000000000001       0.81839161283817508     
   122.08000000000001       0.80288967616973184     
   122.16000000000003       0.80912313770100064     
   122.23999999999999       0.80776321070811719     
   122.32000000000001       0.81060113362705866     
   122.40000000000001       0.79820149437458598     
   122.48000000000000       0.80948179086101357     
   122.56000000000002       0.80950001596202803     
   122.64000000000001       0.80506571690410322     
   122.72000000000001       0.80765323383376930     
   122.80000000000003       0.81239907066293437     
   122.88000000000000       0.80057074905182823     
   122.96000000000001       0.81699689586761670     
   123.04000000000001       0.81287809896450403     
   123.12000000000000       0.79582445212235364     
   123.20000000000002       0.82233006301353140     
   123.28000000000002       0.80960339517132307     
   123.36000000000001       0.80288901505625421     
   123.44000000000001       0.81256202299895730     
   123.52000000000002       0.80755905977129183     
   123.59999999999999       0.81197955325297100     
   123.68000000000001       0.81353706630540346     
   123.76000000000001       0.80958153566706992     
   123.84000000000000       0.80529412468759143     
   123.92000000000002       0.79669374045059727     
   124.00000000000001       0.80991835063649265     
   124.08000000000001       0.81065954610855440     
   124.16000000000003       0.82769314781858661     
   124.23999999999999       0.82062203661167876     
   124.32000000000001       0.80455170603053927     
   124.40000000000001       0.80202729159491903     
   124.48000000000000       0.80984959142226176     
   124.56000000000002       0.80771765701460485     
   124.64000000000001       0.80993725642626291     
   124.72000000000001       0.82343120721097052     
   124.80000000000003       0.80278142334555747     
   124.88000000000000       0.80437575886946466     
   124.96000000000001       0.80996194392810217     
   125.04000000000001       0.79360211302009442     
   125.12000000000000       0.80163849084729233     
   125.20000000000002       0.80755530440715484     
   125.28000000000002       0.80039571772681151     
   125.36000000000001       0.80996441273849951     
   125.44000000000003       0.81088085034173851     
   125.52000000000000       0.79013802576320102     
   125.60000000000001       0.82116825508561875     
   125.68000000000001       0.80957074466575318     
   125.76000000000001       0.81700514866975504     
   125.84000000000002       0.79837056604513745     
   125.92000000000002       0.80499394386991552     
   126.00000000000001       0.80407098278831979     
   126.08000000000001       0.81132311305591809     
   126.16000000000000       0.81750296783978005     
   126.24000000000001       0.82068481279043848     
   126.32000000000001       0.80938364458525125     
   126.40000000000001       0.80818845306344367     
   126.48000000000000       0.80613467812364270     
   126.56000000000002       0.80999700532087349     
   126.64000000000001       0.80136333824605499     
   126.72000000000001       0.81958180833127936     
   126.80000000000003       0.81414903461108834     
   126.88000000000000       0.82099719837895013     
   126.96000000000001       0.80778972410541716     
   127.04000000000001       0.80152981103326859     
   127.12000000000000       0.81633487821765505     
   127.20000000000002       0.79789240339193479     
   127.28000000000002       0.80080882801277031     
   127.36000000000001       0.80938845937461745     
   127.44000000000003       0.79647044882662477     
   127.52000000000000       0.79569544376852319     
   127.60000000000001       0.80853843505635137     
   127.68000000000001       0.79132962928501083     
   127.76000000000001       0.80041709510523351     
   127.84000000000002       0.80879734811869586     
   127.92000000000002       0.80359961954952475     
   128.00000000000003       0.80300790306048275     
   128.08000000000001       0.81948232939452592     
   128.16000000000000       0.80045379043458320     
   128.24000000000001       0.80697331601557276     
   128.31999999999999       0.81034577423768128     
   128.40000000000001       0.80487315556125305     
   128.48000000000002       0.79954072578040070     
   128.56000000000000       0.80661190875878608     
   128.64000000000001       0.81911351404683397     
   128.72000000000003       0.80436500177614323     
   128.80000000000001       0.83131687320839487     
   128.88000000000000       0.80667991432347586     
   128.96000000000001       0.78734921003634584     
   129.04000000000002       0.81156213378159392     
   129.12000000000000       0.80477612927151110     
   129.20000000000002       0.80371516998964709     
   129.28000000000003       0.81355686861711762     
   129.36000000000001       0.81190917489076342     
   129.44000000000000       0.80321425414824132     
   129.52000000000001       0.80565052060791498     
   129.59999999999999       0.80813919556180358     
   129.68000000000001       0.80623436975747076     
   129.76000000000002       0.80455453202608929     
   129.84000000000000       0.80860230780336873     
   129.92000000000002       0.80270479855225874     
   130.00000000000003       0.80005678754137965     
   130.08000000000001       0.81025032931323782     
   130.16000000000000       0.79673592415792349     
   130.24000000000001       0.79786461496873740     
   130.32000000000002       0.79739101251989708     
   130.40000000000001       0.80798686055807101     
   130.48000000000002       0.80919213556630842     
   130.56000000000000       0.79827946785755455     
   130.64000000000001       0.78573626999337176     
   130.72000000000003       0.81400015487057753     
   130.80000000000001       0.81712967915355028     
   130.88000000000000       0.79777587553150120     
   130.96000000000001       0.79039445474108871     
   131.04000000000002       0.80452961553160962     
   131.12000000000000       0.81459109732478585     
   131.20000000000002       0.81154041368051144     
   131.28000000000003       0.80121954660615469     
   131.36000000000001       0.81161765536027364     
   131.44000000000000       0.78761003450916955     
   131.52000000000001       0.81219508227688975     
   131.59999999999999       0.80393867516468309     
   131.68000000000001       0.79846307589084742     
   131.76000000000002       0.79625312032795759     
   131.84000000000000       0.80882182122501667     
   131.92000000000002       0.80701129543279249     
   132.00000000000003       0.80514621263395891     
   132.08000000000001       0.79902588369140615     
   132.16000000000000       0.79524221919774463     
   132.24000000000001       0.79775664654762757     
   132.32000000000002       0.79718442189630134     
   132.40000000000001       0.79900479976109395     
   132.48000000000002       0.80906544249797097     
   132.56000000000003       0.79318352160099037     
   132.64000000000001       0.79353586503778673     
   132.72000000000000       0.80726062400816767     
   132.80000000000001       0.79861285261448589     
   132.88000000000000       0.81181864342538868     
   132.96000000000001       0.79852869552797179     
   133.04000000000002       0.80684699800781012     
   133.12000000000000       0.79736896075908370     
   133.20000000000002       0.80349512707877691     
   133.28000000000003       0.80918802811750234     
   133.36000000000001       0.81213285735214769     
   133.44000000000000       0.80764070858017911     
   133.52000000000001       0.79319305459298906     
   133.59999999999999       0.79922764456404150     
   133.68000000000001       0.80681821487899119     
   133.76000000000002       0.81800300019667593     
   133.84000000000000       0.80987813398539998     
   133.92000000000002       0.82239680240523338     
   134.00000000000003       0.79881689614455442     
   134.08000000000001       0.80443366003282657     
   134.16000000000000       0.80933643080660145     
   134.24000000000001       0.81384509552925233     
   134.32000000000002       0.81174533855426423     
   134.40000000000001       0.81477552017729427     
   134.48000000000002       0.81189952582078750     
   134.56000000000003       0.81521788816471852     
   134.64000000000001       0.79921496262789260     
   134.72000000000000       0.79798430148191213     
   134.80000000000001       0.80601936407687802     
   134.88000000000000       0.82148885270306637     
   134.96000000000001       0.81692970117125385     
   135.04000000000002       0.82269311495109210     
   135.12000000000000       0.80548492054752574     
   135.20000000000002       0.80170863028479522     
   135.28000000000003       0.80957891108524838     
   135.36000000000001       0.79370021913007471     
   135.44000000000000       0.81996334172450402     
   135.52000000000001       0.81473794079061990     
   135.60000000000002       0.80187272314210745     
   135.68000000000001       0.81991640635890040     
   135.76000000000002       0.80596347692419734     
   135.84000000000003       0.81117657824538147     
   135.92000000000002       0.80705079134767455     
   136.00000000000000       0.81027530920626645     
   136.08000000000001       0.81377996859300239     
   136.16000000000000       0.78251373038965488     
   136.24000000000001       0.81734917745059088     
   136.32000000000002       0.81444712745100811     
   136.40000000000001       0.81495661018733589     
   136.48000000000002       0.80617633789864152     
   136.56000000000003       0.80823636211947214     
   136.64000000000001       0.80605056686730281     
   136.72000000000000       0.81501315061070323     
   136.80000000000001       0.80948456626201393     
   136.88000000000000       0.79141831773983051     
   136.96000000000001       0.80607709546725115     
   137.04000000000002       0.79508628314400742     
   137.12000000000000       0.80229573433682155     
   137.20000000000002       0.80570046903891401     
   137.28000000000003       0.81485185758013867     
   137.36000000000001       0.81076577812724271     
   137.44000000000000       0.79710264364375405     
   137.52000000000001       0.80807461158307148     
   137.60000000000002       0.80801447463990994     
   137.68000000000001       0.81106786569926537     
   137.76000000000002       0.81456950597460653     
   137.84000000000003       0.80710053911748825     
   137.92000000000002       0.80540457193640091     
   138.00000000000000       0.81499066316765034     
   138.08000000000001       0.81187438588092009     
   138.16000000000000       0.80925909724585399     
   138.24000000000001       0.82429395113454651     
   138.32000000000002       0.80701051410383406     
   138.40000000000001       0.79671765472187095     
   138.48000000000002       0.80331534626547352     
   138.56000000000003       0.79833491222767894     
   138.64000000000001       0.82642342688145709     
   138.72000000000000       0.81370469292608627     
   138.80000000000001       0.81911280873609082     
   138.88000000000002       0.80220322293639734     
   138.96000000000001       0.80311254593353865     
   139.04000000000002       0.80498991660178876     
   139.12000000000000       0.81789414677771233     
   139.20000000000002       0.81492070460964006     
   139.28000000000000       0.80701496162231701     
   139.36000000000001       0.80530071534784375     
   139.44000000000000       0.80215199501100265     
   139.52000000000001       0.79676993625721793     
   139.60000000000002       0.81196978410196685     
   139.68000000000001       0.81160540567312389     
   139.76000000000002       0.80079150283817768     
   139.84000000000003       0.80301730029539131     
   139.91999999999999       0.80995315252622235     
   140.00000000000000       0.81130952725896566     
   140.08000000000001       0.80661169935787569     
   140.16000000000000       0.80509554692837815     
   140.24000000000001       0.80570636174514998     
   140.32000000000002       0.81578093425449127     
   140.40000000000001       0.82160133783293932     
   140.48000000000002       0.81160429758706998     
   140.56000000000003       0.81218721781817649     
   140.64000000000001       0.81377953227568001     
   140.72000000000000       0.82225866969589567     
   140.80000000000001       0.80357800329620899     
   140.88000000000002       0.81800484882820368     
   140.96000000000001       0.81935968260049408     
   141.04000000000002       0.82179876080669234     
   141.12000000000003       0.80989475223126262     
   141.20000000000002       0.81304295980394925     
   141.28000000000000       0.81190884567999833     
   141.36000000000001       0.82353085009005877     
   141.44000000000000       0.80958780398273777     
   141.52000000000001       0.80430091443950258     
   141.60000000000002       0.80471740724780894     
   141.68000000000001       0.82713891713100607     
   141.76000000000002       0.82290570290087939     
   141.84000000000003       0.80244713016811020     
   141.92000000000002       0.80109834095639221     
   142.00000000000000       0.81027881298397142     
   142.08000000000001       0.81245106726561322     
   142.16000000000000       0.81250669706744327     
   142.24000000000001       0.80657915233333599     
   142.32000000000002       0.80967400809413215     
   142.40000000000001       0.79492320928463356     
   142.48000000000002       0.82494913959895144     
   142.56000000000000       0.81643809828062130     
   142.64000000000001       0.80771399470354266     
   142.72000000000000       0.80461171673195875     
   142.80000000000001       0.80833393520940100     
   142.88000000000002       0.82165606558420534     
   142.96000000000001       0.82117861954863258     
   143.04000000000002       0.81655293587194688     
   143.12000000000003       0.81340436136045757     
   143.19999999999999       0.81659378975502017     
   143.28000000000000       0.81262689872624838     
   143.36000000000001       0.81875085658668889     
   143.44000000000000       0.81284442083876407     
   143.52000000000001       0.82666826228146706     
   143.60000000000002       0.80529262805659396     
   143.68000000000001       0.81266280661579038     
   143.76000000000002       0.80520262584578317     
   143.84000000000003       0.81989218379706219     
   143.92000000000002       0.81604003869518216     
   144.00000000000000       0.81161653838038872     
   144.08000000000001       0.80568809931252550     
   144.16000000000003       0.82347967340046557     
   144.24000000000001       0.82202020085719019     
   144.32000000000002       0.81154233078350646     
   144.40000000000003       0.81527909634808515     
   144.48000000000002       0.82638078459336561     
   144.56000000000000       0.81259492970987524     
   144.64000000000001       0.79806097814277355     
   144.72000000000000       0.80302087592259630     
   144.80000000000001       0.80607126409651153     
   144.88000000000002       0.79912577068393709     
   144.96000000000001       0.81039174622265941     
   145.04000000000002       0.82507098181318939     
   145.12000000000003       0.81086144398031423     
   145.19999999999999       0.80719792404749757     
   145.28000000000000       0.81574760113527267     
   145.36000000000001       0.81307542543116673     
   145.44000000000000       0.81051272134181074     
   145.52000000000001       0.80914519329986212     
   145.60000000000002       0.81352281020358785     
   145.68000000000001       0.80344864885699829     
   145.76000000000002       0.81346228653368269     
   145.84000000000000       0.80018874417273755     
   145.92000000000002       0.81123123366282646     
   146.00000000000000       0.79585427598575942     
   146.08000000000001       0.82023350797891525     
   146.16000000000003       0.80161327740033261     
   146.24000000000001       0.79304327471163649     
   146.32000000000002       0.81327869766781247     
   146.40000000000003       0.81099563198572089     
   146.47999999999999       0.80167365606107654     
   146.56000000000000       0.81240186499531486     
   146.64000000000001       0.80474114644199235     
   146.72000000000000       0.81012716376583815     
   146.80000000000001       0.79786453456613782     
   146.88000000000002       0.80240847671349924     
   146.96000000000001       0.79242529554467267     
   147.04000000000002       0.80262210806759171     
   147.12000000000003       0.81236611591907271     
   147.20000000000002       0.81476269384139288     
   147.28000000000000       0.81609008988458243     
   147.36000000000001       0.80731766869276222     
   147.44000000000003       0.81626945825766928     
   147.52000000000001       0.80944135569156328     
   147.60000000000002       0.79306398508362230     
   147.68000000000001       0.81527268356101745     
   147.76000000000002       0.80150501144188568     
   147.84000000000000       0.79810601296035100     
   147.92000000000002       0.80143777524299764     
   148.00000000000000       0.80824653237049116     
   148.08000000000001       0.80851284277169333     
   148.16000000000003       0.81446731334384481     
   148.24000000000001       0.81836547030116180     
   148.32000000000002       0.79360380101747596     
   148.40000000000003       0.82190939892553938     
   148.47999999999999       0.81041603172749643     
   148.56000000000000       0.81602449147378520     
   148.64000000000001       0.79871902977574671     
   148.72000000000000       0.79680497254022209     
   148.80000000000001       0.80935270655863945     
   148.88000000000002       0.81461189366448272     
   148.96000000000001       0.80534153701110289     
   149.04000000000002       0.81630939144535142     
   149.12000000000000       0.81651788347822896     
   149.20000000000002       0.80884805512454583     
   149.28000000000000       0.80294178697297791     
   149.36000000000001       0.81171669848031602     
   149.44000000000003       0.80332147174151447     
   149.52000000000001       0.80993827459985457     
   149.60000000000002       0.80078482697292530     
   149.68000000000004       0.80480444042968480     
   149.75999999999999       0.80570397822165563     
   149.84000000000000       0.80837539978879891     
   149.92000000000002       0.81927249097940003     
