   0.0000000000000000       0.99999999898243064     
   5.0000000000000003E-002  0.86971451326776728     
  0.10000000000000001       0.83029195503263720     
  0.14999999999999999       0.99452738653499140     
  0.20000000000000001       0.95695895622766647     
  0.25000000000000006       0.99012513841143834     
  0.29999999999999999       0.80408032158479292     
  0.35000000000000003       0.64765562330226067     
  0.40000000000000002       0.95014158981345309     
  0.45000000000000007       0.99983568461553818     
  0.50000000000000011       0.93972237040897821     
  0.55000000000000004       0.97501844893101308     
  0.59999999999999998       0.88767203813622875     
  0.65000000000000002       0.98247885251740386     
  0.70000000000000007       0.99941427992467891     
  0.75000000000000011       0.98206896614989103     
  0.80000000000000004       0.99557885474346464     
  0.84999999999999998       0.99935545907184531     
  0.90000000000000013       0.99932205002023278     
  0.95000000000000007       0.90813592343140448     
   1.0000000000000002       0.95104743373799883     
   1.0500000000000000       0.94469068216754570     
   1.1000000000000001       0.96296789953359363     
   1.1500000000000001       0.95624258253721817     
   1.2000000000000000       0.84272202532004714     
   1.2500000000000002       0.87836155287353690     
   1.3000000000000000       0.99587361832850252     
   1.3500000000000001       0.99565183508157551     
   1.4000000000000001       0.99041739210976765     
   1.4500000000000000       0.99136774991465604     
   1.5000000000000002       0.99427776183367977     
   1.5500000000000003       0.98804596399565614     
   1.6000000000000001       0.98147712360489392     
   1.6500000000000001       0.83277597155004546     
   1.7000000000000000       0.94718340196380657     
   1.7500000000000002       0.99968834478230462     
   1.8000000000000003       0.84943169610428948     
   1.8500000000000001       0.97526513776684198     
   1.9000000000000001       0.94795809070840931     
   1.9500000000000002       0.95808179487881373     
   2.0000000000000004       0.99937524398704358     
   2.0500000000000003       0.98486000233700788     
   2.1000000000000001       0.91517143409748403     
   2.1500000000000004       0.82809310131432778     
   2.2000000000000002       0.99887229833968538     
   2.2500000000000000       0.97342486060586508     
   2.3000000000000003       0.99698277778900646     
   2.3500000000000001       0.99504777257353272     
   2.3999999999999999       0.97698935575069090     
   2.4500000000000002       0.95284195348865985     
   2.5000000000000004       0.93592656125995777     
   2.5500000000000003       0.98985578001711683     
   2.6000000000000001       0.99316541955998516     
   2.6500000000000004       0.99560576505310083     
   2.7000000000000002       0.98901040012928920     
   2.7500000000000000       0.98581629870257537     
   2.8000000000000003       0.99924473552801019     
   2.8500000000000001       0.79269227071333437     
   2.8999999999999999       0.98051021018363227     
   2.9500000000000006       0.93951367718635437     
   3.0000000000000004       0.99106025844886125     
   3.0500000000000003       0.99900359593182619     
   3.1000000000000005       0.99930221335840896     
   3.1500000000000004       0.99819853977718198     
   3.2000000000000002       0.99245954438691308     
   3.2500000000000004       0.97380311115791207     
   3.3000000000000003       0.92919581705121046     
   3.3500000000000001       0.99943163107976962     
   3.3999999999999999       0.99497167162280420     
   3.4500000000000002       0.96016628346259647     
   3.5000000000000004       0.99578666436622465     
   3.5500000000000003       0.98713039146018255     
   3.6000000000000005       0.96283866259788664     
   3.6500000000000004       0.97195486790101138     
   3.7000000000000002       0.95973834961095250     
   3.7500000000000004       0.99544956535608509     
   3.8000000000000003       0.99931151806501328     
   3.8500000000000001       0.95084469510136382     
   3.9000000000000004       0.97799231327727632     
   3.9500000000000002       0.98550169498375650     
   4.0000000000000009       0.95995880991613769     
   4.0500000000000007       0.99556976180654932     
   4.1000000000000005       0.97754746770329937     
   4.1500000000000004       0.99832879422237475     
   4.2000000000000002       0.78388713033164259     
   4.2500000000000000       0.98654416389441812     
   4.3000000000000007       0.98428083482721507     
   4.3500000000000005       0.93741586775481656     
   4.4000000000000004       0.99309239563321117     
   4.4500000000000002       0.97504593639231818     
   4.5000000000000000       0.98876047077469520     
   4.5499999999999998       0.96875542191417596     
   4.6000000000000005       0.99783324437937881     
   4.6500000000000004       0.91910974049430216     
   4.7000000000000002       0.99029744217079152     
   4.7500000000000000       0.96102742005048036     
   4.7999999999999998       0.99847388119859370     
   4.8500000000000005       0.99390466719765425     
   4.9000000000000004       0.97189021366855466     
   4.9500000000000011       0.99014592937959800     
   5.0000000000000009       0.92612618726200668     
   5.0500000000000007       0.99473690974767381     
   5.1000000000000005       0.98712310099763734     
   5.1500000000000004       0.95806825016877817     
   5.2000000000000002       0.99281752695479475     
   5.2500000000000009       0.99679136833187509     
   5.3000000000000007       0.99620351139491126     
   5.3500000000000005       0.89318891862491001     
   5.4000000000000004       0.96774747178559906     
   5.4500000000000002       0.98874399146791214     
   5.5000000000000000       0.98727104876332739     
   5.5500000000000007       0.97749708332260010     
   5.6000000000000005       0.98486392170177428     
   5.6500000000000004       0.99812500149237116     
   5.7000000000000002       0.99945991201089679     
   5.7500000000000000       0.99820499298095944     
   5.7999999999999998       0.97962799441982384     
   5.8499999999999996       0.97366133713253089     
   5.9000000000000012       0.98058869105201962     
   5.9500000000000011       0.99185282524246943     
   6.0000000000000009       0.97137592170067799     
   6.0500000000000007       0.98829914154822951     
   6.1000000000000005       0.93439655592337456     
   6.1500000000000004       0.95532913031563360     
   6.2000000000000011       0.97625969990604333     
   6.2500000000000009       0.85179553639379058     
   6.3000000000000007       0.85940173242212192     
   6.3500000000000005       0.93477090428168375     
   6.4000000000000004       0.99807231639588756     
   6.4500000000000002       0.99175958063226788     
   6.5000000000000009       0.95769039621497443     
   6.5500000000000007       0.87186055746162516     
   6.6000000000000005       0.94320620752228435     
   6.6500000000000004       0.99774242056518991     
   6.7000000000000002       0.87620348105074208     
   6.7500000000000000       0.85693861946812944     
   6.7999999999999998       0.99599487784028273     
   6.8500000000000005       0.98264456893765029     
   6.9000000000000004       0.99504204609995961     
   6.9500000000000011       0.99725467018662972     
   7.0000000000000009       0.88909878007067578     
   7.0500000000000007       0.95868654737698877     
   7.1000000000000005       0.91906801741118826     
   7.1500000000000012       0.85585861560391407     
   7.2000000000000011       0.99253312098489710     
   7.2500000000000009       0.99817497408287881     
   7.3000000000000007       0.99428796649335560     
   7.3500000000000005       0.96672849477204659     
   7.4000000000000004       0.99935518020323744     
   7.4500000000000011       0.99676345292964008     
   7.5000000000000009       0.99879853363959725     
   7.5500000000000007       0.99824325734950403     
   7.6000000000000005       0.99336170903622878     
   7.6500000000000004       0.99561873810206758     
   7.7000000000000002       0.99906216028868799     
   7.7500000000000000       0.99751604895792700     
   7.8000000000000007       0.99884352306474411     
   7.8500000000000005       0.98145281038217524     
   7.9000000000000004       0.77945071942214272     
   7.9500000000000002       0.97861390642870694     
   8.0000000000000018       0.98734048894489856     
   8.0500000000000007       0.98393553789727428     
   8.1000000000000014       0.95288074719761984     
   8.1500000000000004       0.99731337097683326     
   8.2000000000000011       0.98829893305419891     
   8.2500000000000018       0.99032018937591693     
   8.3000000000000007       0.98368491235512256     
   8.3500000000000014       0.89257243720850465     
   8.4000000000000004       0.92866660541919355     
   8.4500000000000011       0.93853711994071654     
   8.5000000000000000       0.98817605948990372     
   8.5500000000000007       0.93536983627276948     
   8.6000000000000014       0.99545034786969555     
   8.6500000000000004       0.98313431518213357     
   8.7000000000000011       0.98077270015246631     
   8.7500000000000000       0.96826523010427790     
   8.8000000000000007       0.91593221234730238     
   8.8499999999999996       0.98635108633132795     
   8.9000000000000004       0.99902831348627152     
   8.9500000000000011       0.99214534481269323     
   9.0000000000000000       0.99547987051004405     
   9.0500000000000007       0.97851091586864181     
   9.0999999999999996       0.93074696055266193     
   9.1500000000000004       0.99177898618960958     
   9.2000000000000011       0.93067693854176525     
   9.2500000000000000       0.91862761183536978     
   9.3000000000000007       0.76264495770806895     
   9.3499999999999996       0.84781257435116353     
   9.4000000000000004       0.89621313520505919     
   9.4499999999999993       0.95750780590288542     
   9.5000000000000000       0.99539130519496610     
   9.5500000000000007       0.98812077638724538     
   9.5999999999999996       0.98779786130176828     
   9.6500000000000021       0.92810767067535516     
   9.7000000000000011       0.97712251765871783     
   9.7500000000000018       0.86612065070732891     
   9.8000000000000007       0.99011681871954504     
   9.8500000000000014       0.95451076180482874     
   9.9000000000000021       0.99574179388108330     
   9.9500000000000011       0.95557483050083802     
   10.000000000000002       0.89383968144208159     
   10.050000000000001       0.61549004967763954     
   10.100000000000001       0.96345418353562107     
   10.150000000000002       0.99433443152183620     
   10.200000000000001       0.95992194841039558     
   10.250000000000002       0.98690397251347917     
   10.300000000000001       0.90945936693542739     
   10.350000000000001       0.97296643579000452     
   10.400000000000000       0.98146094973129561     
   10.450000000000001       0.99858972584066030     
   10.500000000000002       0.99691009154388344     
   10.550000000000001       0.98139434726177976     
   10.600000000000001       0.97978820992358551     
   10.650000000000000       0.97263159459480841     
   10.700000000000001       0.96749810602705144     
   10.750000000000000       0.94989177977469252     
   10.800000000000001       0.98912089984011586     
   10.850000000000001       0.95996338164695916     
   10.900000000000000       0.98950291499243925     
   10.950000000000001       0.97117323706640835     
   11.000000000000000       0.96513820820391327     
   11.050000000000001       0.99733612541694927     
   11.100000000000001       0.95691196844272086     
   11.150000000000000       0.98962736648363858     
   11.200000000000001       0.93544739894257400     
   11.250000000000000       0.94171873557032493     
   11.300000000000001       0.99754354594279693     
   11.350000000000000       0.93103140076795454     
   11.400000000000000       0.99463483785238127     
   11.450000000000001       0.90035755164290898     
   11.500000000000000       0.98912632837126113     
   11.550000000000001       0.93411876915011227     
   11.600000000000000       0.96875348454558696     
   11.650000000000000       0.98090668990973329     
   11.699999999999999       0.93941904484624394     
   11.750000000000002       0.99879256581900744     
   11.800000000000002       0.83979490128695800     
   11.850000000000001       0.83282669996755143     
   11.900000000000002       0.97731725960321636     
   11.950000000000001       0.97104222002514673     
   12.000000000000002       0.99917052455537314     
   12.050000000000002       0.96826225613887063     
   12.100000000000001       0.91694888257466223     
   12.150000000000002       0.95969690057245449     
   12.200000000000001       0.99598868438995103     
   12.250000000000002       0.99244922179763206     
   12.300000000000001       0.97800752214482767     
   12.350000000000001       0.99688442817278355     
   12.400000000000002       0.99890790578833233     
   12.450000000000001       0.99749485159062146     
   12.500000000000002       0.99665937643551461     
   12.550000000000001       0.93140214010112599     
   12.600000000000001       0.96946091775720211     
   12.650000000000000       0.95682428763002481     
   12.700000000000001       0.95950607770123852     
   12.750000000000002       0.99613784867143373     
   12.800000000000001       0.95269483315055903     
   12.850000000000001       0.96013266288410826     
   12.900000000000000       0.98966077209217385     
   12.950000000000001       0.98552713401340941     
   13.000000000000002       0.97365050846626833     
   13.050000000000001       0.96048639455906659     
   13.100000000000001       0.97675867038160546     
   13.150000000000000       0.97688108029134102     
   13.200000000000001       0.99517037224415050     
   13.250000000000000       0.94565360031982426     
   13.300000000000001       0.97968472437433052     
   13.350000000000001       0.98967949229912622     
   13.400000000000000       0.98606699378644103     
   13.450000000000001       0.97793520920529153     
   13.500000000000000       0.98609322700698854     
   13.550000000000001       0.99775658170190795     
   13.600000000000000       0.96258579239297815     
   13.650000000000000       0.99872591641520958     
   13.700000000000001       0.99655962653671626     
   13.750000000000000       0.99240110328692832     
   13.800000000000001       0.99705808622046155     
   13.850000000000000       0.85158691151643251     
   13.900000000000002       0.99846664870869728     
   13.950000000000003       0.99210609945425077     
   14.000000000000002       0.99562112890806354     
   14.050000000000002       0.99889464881210122     
   14.100000000000001       0.99441508385721455     
   14.150000000000002       0.93793323534751383     
   14.200000000000001       0.99730368898132415     
   14.250000000000002       0.97322895997364445     
   14.300000000000002       0.98516141634048104     
   14.350000000000001       0.99818948620696479     
   14.400000000000002       0.88981278924062368     
   14.450000000000001       0.94673615364519603     
   14.500000000000002       0.99339789344781293     
   14.550000000000001       0.99048401858404511     
   14.600000000000001       0.98370047654401271     
   14.650000000000002       0.89474884245772923     
   14.700000000000001       0.86989529436064428     
   14.750000000000002       0.99210252224814166     
   14.800000000000001       0.97743610800993219     
   14.850000000000001       0.93379190922343691     
   14.900000000000002       0.99858011991525597     
   14.950000000000001       0.94222238769641098     
   15.000000000000002       0.93668735754480248     
   15.050000000000001       0.99322781246576508     
   15.100000000000001       0.99078747535872458     
   15.150000000000000       0.93594476901932688     
   15.200000000000001       0.99518901973927043     
   15.250000000000002       0.98091866433230945     
   15.300000000000001       0.99134504393991596     
   15.350000000000001       0.99076195382112520     
   15.400000000000000       0.99754949069871368     
   15.450000000000001       0.98358285352502672     
   15.500000000000000       0.98476680523848437     
   15.550000000000001       0.98824020591029249     
   15.600000000000001       0.95511722440677160     
   15.650000000000000       0.99623837012816563     
   15.700000000000001       0.96583620547842319     
   15.750000000000000       0.97382443715448030     
   15.800000000000001       0.93647717844903433     
   15.850000000000001       0.99824292558203664     
   15.900000000000000       0.98137044622328695     
   15.950000000000001       0.99224255307357423     
   16.000000000000004       0.94807145110433222     
   16.050000000000001       0.99349473704816016     
   16.100000000000001       0.99769719292845671     
   16.149999999999999       0.99449075366479089     
   16.200000000000003       0.98475192670808387     
   16.250000000000000       0.99811716931982786     
   16.300000000000001       0.99141488936946398     
   16.350000000000001       0.99131499394485245     
   16.400000000000002       0.96964263035750831     
   16.449999999999999       0.99866420627531893     
   16.500000000000004       0.97023765836415710     
   16.550000000000001       0.94770993852771235     
   16.600000000000001       0.99416732527730600     
   16.649999999999999       0.99621742500268295     
   16.700000000000003       0.84537088490817547     
   16.750000000000000       0.98494942370570504     
   16.800000000000001       0.99721103916389631     
   16.850000000000001       0.92188719362990601     
   16.900000000000002       0.96885531869069264     
   16.949999999999999       0.99789068533402969     
   17.000000000000000       0.92584383897778133     
   17.050000000000001       0.99159142484487084     
   17.100000000000001       0.99712406622139238     
   17.150000000000002       0.94293641636628100     
   17.200000000000003       0.98575002937300349     
   17.250000000000004       0.95808519984538887     
   17.300000000000001       0.98558060518390167     
   17.350000000000001       0.97626084207087971     
   17.400000000000002       0.85743505160479860     
   17.450000000000003       0.99842117474993075     
   17.500000000000000       0.99244680201330759     
   17.550000000000004       0.88710996872995129     
   17.600000000000001       0.97996450958285031     
   17.650000000000002       0.99739242261232963     
   17.699999999999999       0.99607714688480187     
   17.750000000000004       0.99292544885003065     
   17.800000000000001       0.94330184511464066     
   17.850000000000001       0.99690121315730496     
   17.900000000000002       0.97130468591819508     
   17.950000000000003       0.99173107571080110     
   18.000000000000000       0.99549111218424047     
   18.050000000000004       0.98599251051567460     
   18.100000000000001       0.96894404024476299     
   18.150000000000002       0.99495002895594209     
   18.199999999999999       0.96318751875878572     
   18.250000000000004       0.96053778537612644     
   18.300000000000001       0.93731203973892829     
   18.350000000000001       0.91055775749014212     
   18.400000000000002       0.96858688351238265     
   18.450000000000003       0.99765731218962261     
   18.500000000000000       0.90265558073884244     
   18.550000000000001       0.99759352813604474     
   18.600000000000001       0.98191497046682896     
   18.650000000000002       0.87060893594733058     
   18.699999999999999       0.93280553577967096     
   18.750000000000004       0.96044210980393507     
   18.800000000000001       0.97570600938831920     
   18.850000000000001       0.97160743742412203     
   18.899999999999999       0.99809349598825003     
   18.950000000000003       0.80144193390688534     
   19.000000000000000       0.98792858571838926     
   19.050000000000001       0.97525761566962188     
   19.100000000000001       0.99808325512247897     
   19.150000000000002       0.92356149527743181     
   19.199999999999999       0.99090110329671355     
   19.250000000000000       0.81503871749138435     
   19.300000000000004       0.97846107179174457     
   19.350000000000001       0.99740463357727138     
   19.400000000000002       0.98765508225803578     
   19.450000000000003       0.94116425984350849     
   19.500000000000004       0.98327712857658667     
   19.550000000000001       0.99372917466786459     
   19.600000000000001       0.99656848796061048     
   19.650000000000002       0.98342351241040482     
   19.700000000000003       0.87065159736268372     
   19.750000000000000       0.98835376175253264     
   19.800000000000004       0.99837810093815960     
   19.850000000000001       0.99398385710790127     
   19.900000000000002       0.99816064847497976     
   19.949999999999999       0.88697837584548367     
   20.000000000000004       0.99848318261793467     
   20.050000000000001       0.97106654051629659     
   20.100000000000001       0.84332307261779882     
   20.150000000000002       0.99680050020651845     
   20.200000000000003       0.99112102154558557     
   20.250000000000000       0.95705404574266983     
   20.300000000000004       0.96979323662921701     
   20.350000000000001       0.99154617002642820     
   20.400000000000002       0.94645915352437815     
   20.449999999999999       0.99458022362796339     
   20.500000000000004       0.97385651178357946     
   20.550000000000001       0.98792380827522097     
   20.600000000000001       0.97845295468779325     
   20.650000000000002       0.87934345965415972     
   20.700000000000003       0.99783626124382963     
   20.750000000000000       0.78156468783115740     
   20.800000000000001       0.94428517018542435     
   20.850000000000001       0.93266350838871681     
   20.900000000000002       0.94380549673218128     
   20.949999999999999       0.96846857651428375     
   21.000000000000004       0.95389732760882062     
   21.050000000000001       0.94684323076473953     
   21.100000000000001       0.86085193277467187     
   21.149999999999999       0.99685749745820440     
   21.200000000000003       0.89229942760442416     
   21.250000000000000       0.97670079991591729     
   21.300000000000001       0.93941791100482441     
   21.350000000000005       0.99415818074588980     
   21.400000000000002       0.93857537054103013     
   21.450000000000003       0.96771380675654184     
   21.500000000000000       0.98470739171046540     
   21.550000000000004       0.99765778320404297     
   21.600000000000001       0.99050497346617439     
   21.650000000000002       0.99232555193211469     
   21.700000000000003       0.97160771154020020     
   21.750000000000004       0.99491174019343398     
   21.800000000000001       0.96021030706743005     
   21.850000000000005       0.99589596429217331     
   21.900000000000002       0.97606448950975355     
   21.950000000000003       0.95679422126167712     
   22.000000000000000       0.95055037217295801     
   22.050000000000004       0.99574545909330014     
   22.100000000000001       0.99739769424335523     
   22.150000000000002       0.99199003619347836     
   22.200000000000003       0.99106804695688966     
   22.250000000000004       0.96733244906830329     
   22.300000000000001       0.94942803612763682     
   22.350000000000001       0.90303742352536864     
   22.400000000000002       0.98069074262737932     
   22.450000000000003       0.99508426060307176     
   22.500000000000000       0.97980030351253422     
   22.550000000000004       0.99258604271829043     
   22.600000000000001       0.99754277357614651     
   22.650000000000002       0.95669650971130160     
   22.699999999999999       0.98090941159887179     
   22.750000000000004       0.99722520055877473     
   22.800000000000001       0.82438907500144909     
   22.850000000000001       0.98057349745922162     
   22.900000000000002       0.99580058099433921     
   22.950000000000003       0.96817877716484890     
   23.000000000000000       0.99566767154695834     
   23.050000000000001       0.98241557740988983     
   23.100000000000001       0.96784182502689708     
   23.150000000000002       0.99666231594882693     
   23.199999999999999       0.94892418604276707     
   23.250000000000004       0.96611913531949756     
   23.300000000000001       0.97692658418800782     
   23.350000000000001       0.98799231692906364     
   23.399999999999999       0.99044008095352776     
   23.450000000000003       0.96476609602223240     
   23.500000000000004       0.97840511129169538     
   23.550000000000001       0.94964178177024028     
   23.600000000000005       0.99739239852906281     
   23.650000000000002       0.94579115604130415     
   23.700000000000003       0.93272690306365025     
   23.750000000000004       0.94430648706924059     
   23.800000000000004       0.98427004047591871     
   23.850000000000001       0.99380969501429217     
   23.900000000000002       0.99677133469758383     
   23.950000000000003       0.99687746119323717     
   24.000000000000004       0.99515689029586052     
   24.050000000000001       0.96732996656793024     
   24.100000000000005       0.98571599496179718     
   24.150000000000002       0.92289136276007844     
   24.200000000000003       0.96161603261898032     
   24.250000000000000       0.93918571207411927     
   24.300000000000004       0.99276452401987336     
   24.350000000000001       0.89676516047123689     
   24.400000000000002       0.92836179956073639     
   24.450000000000003       0.96608730017969069     
   24.500000000000004       0.97700421418415939     
   24.550000000000001       0.97429533118228462     
   24.600000000000001       0.99749330140472781     
   24.650000000000002       0.97566523656380932     
   24.700000000000003       0.99056362413240584     
   24.750000000000000       0.97032671287289407     
   24.800000000000004       0.94584675748351721     
   24.850000000000001       0.93656842228764237     
   24.900000000000002       0.97581520609252503     
   24.949999999999999       0.98808960364149678     
   25.000000000000004       0.98602547864625667     
   25.050000000000001       0.99527867112874491     
   25.100000000000001       0.95357429657343862     
   25.150000000000002       0.92276817207828787     
   25.200000000000003       0.97672832805621979     
   25.250000000000000       0.99566802743638672     
   25.300000000000001       0.99485398482444876     
   25.350000000000001       0.99349478880749920     
   25.400000000000002       0.95679557223361189     
   25.449999999999999       0.94881316420265882     
   25.500000000000004       0.97776302313996788     
   25.550000000000001       0.98316572766615573     
   25.600000000000001       0.99074996311175945     
   25.650000000000006       0.99531034933295226     
   25.700000000000003       0.99041373797050092     
   25.750000000000004       0.99276837611226476     
   25.800000000000001       0.96644898838255999     
   25.850000000000005       0.99319718380819488     
   25.900000000000002       0.99613061233489930     
   25.950000000000003       0.98131623433643100     
   26.000000000000004       0.99569338448126921     
   26.050000000000004       0.99029128094954610     
   26.100000000000001       0.99184066188397091     
   26.150000000000002       0.98867898221390327     
   26.200000000000003       0.91980849091540640     
   26.250000000000004       0.94269127882943271     
   26.300000000000001       0.95600049884128224     
   26.350000000000005       0.99462410740151086     
   26.400000000000002       0.99717839641680972     
   26.450000000000003       0.96024629264647265     
   26.500000000000000       0.99788706080298351     
   26.550000000000004       0.98496256008661187     
   26.600000000000001       0.91014976325681118     
   26.650000000000002       0.99676356138661082     
   26.700000000000003       0.99568824346567630     
   26.750000000000004       0.99103724953099936     
   26.800000000000001       0.99768899627189345     
   26.850000000000001       0.99500519325102421     
   26.900000000000002       0.89875937701686126     
   26.950000000000003       0.95836441951675411     
   27.000000000000000       0.96745393400775248     
   27.050000000000004       0.95468010327935104     
   27.100000000000001       0.99493123951212348     
   27.150000000000002       0.92339586454684563     
   27.199999999999999       0.93001262523094863     
   27.250000000000004       0.88850029498951999     
   27.300000000000001       0.99697809698727702     
   27.350000000000001       0.96718620224602103     
   27.400000000000002       0.98835772200929406     
   27.450000000000003       0.98886714845087631     
   27.500000000000000       0.99684565590991370     
   27.550000000000004       0.99706616575567908     
   27.600000000000001       0.97597423579992149     
   27.650000000000002       0.97480251739150003     
   27.699999999999999       0.99077623955326810     
   27.750000000000004       0.97979002519075098     
   27.800000000000004       0.99653045011181618     
   27.850000000000001       0.93164308651698979     
   27.900000000000006       0.97254300848837172     
   27.950000000000003       0.91417411830780071     
   28.000000000000004       0.92717262681885360     
   28.050000000000001       0.97295119939085717     
   28.100000000000005       0.95328198356292670     
   28.150000000000002       0.99216805121694196     
   28.200000000000003       0.99069149118150202     
   28.250000000000004       0.99691477833077735     
   28.300000000000004       0.98959006359705914     
   28.350000000000001       0.98357549193212079     
   28.400000000000002       0.99412852822089570     
   28.450000000000003       0.92313423311406662     
   28.500000000000004       0.85979397777846756     
   28.550000000000001       0.95420527519462506     
   28.600000000000005       0.96711366799923815     
   28.650000000000002       0.91122752764635206     
   28.700000000000003       0.97360843210110171     
   28.750000000000000       0.99310172006000330     
   28.800000000000004       0.98352113396104146     
   28.850000000000001       0.95513477739110586     
   28.900000000000002       0.93730308839941989     
   28.950000000000003       0.90639036226529346     
   29.000000000000004       0.98328109773213623     
   29.050000000000001       0.98175689121624110     
   29.100000000000001       0.89726259173993972     
   29.150000000000002       0.99377247197380736     
   29.200000000000003       0.99207183050156200     
   29.250000000000000       0.99331222030691790     
   29.300000000000004       0.99805566963388881     
   29.350000000000001       0.98846847079296463     
   29.400000000000002       0.98111703115945204     
   29.449999999999999       0.98629983843179569     
   29.500000000000004       0.91431670630308959     
   29.550000000000001       0.97228041411437582     
   29.600000000000001       0.99202024542546730     
   29.650000000000002       0.99146440025287086     
   29.700000000000003       0.99465704774234498     
   29.750000000000000       0.99419418487673528     
   29.800000000000004       0.87682394123385521     
   29.850000000000001       0.98943758668122361     
   29.900000000000002       0.99823022943916928     
   29.950000000000003       0.92021094094629907     
   30.000000000000004       0.98675333799230691     
   30.050000000000004       0.88388570272143163     
   30.100000000000001       0.93725487063033897     
   30.150000000000006       0.98147670863815151     
   30.200000000000003       0.99767720035592078     
   30.250000000000004       0.88332381788827485     
   30.300000000000001       0.88648952542915593     
   30.350000000000005       0.97703099837337737     
   30.400000000000002       0.94652252184428265     
   30.450000000000003       0.94685571171291616     
   30.500000000000004       0.91143035092726610     
   30.550000000000004       0.85956420583795345     
   30.600000000000001       0.99744576123599460     
   30.650000000000002       0.99559314072331617     
   30.700000000000003       0.87833336823469899     
   30.750000000000004       0.83754135996460177     
   30.800000000000001       0.92688796923360295     
   30.850000000000005       0.95940199134374782     
   30.900000000000002       0.99217521366116079     
   30.950000000000003       0.97972322401194123     
   31.000000000000000       0.87270198702449742     
   31.050000000000004       0.90593392157639252     
   31.100000000000001       0.95768535571106350     
   31.150000000000002       0.97277282793333575     
   31.200000000000003       0.99575142294427710     
   31.250000000000004       0.93667470111684015     
   31.300000000000001       0.98956756966035564     
   31.350000000000005       0.97511213313503875     
   31.400000000000002       0.99786351406792306     
   31.450000000000003       0.99446263438486460     
   31.500000000000000       0.97260464777377875     
   31.550000000000004       0.95225689367227984     
   31.600000000000001       0.94811638557281164     
   31.650000000000002       0.95893290689465416     
   31.700000000000003       0.99641828233574814     
   31.750000000000004       0.99637529108209610     
   31.800000000000001       0.99616342708534400     
   31.850000000000001       0.99039784609802428     
   31.900000000000002       0.90988517920243961     
   31.950000000000003       0.99541715254257945     
   32.000000000000007       0.86692723780046210     
   32.050000000000004       0.90781363735817078     
   32.100000000000001       0.97976325140552645     
   32.150000000000006       0.96747377285768288     
   32.200000000000003       0.98435417448389428     
   32.250000000000000       0.95556661041443747     
   32.299999999999997       0.92553243803847762     
   32.350000000000001       0.98086727833668830     
   32.400000000000006       0.99727391703949475     
   32.450000000000003       0.99602542350927281     
   32.500000000000000       0.99669210957087373     
   32.550000000000004       0.99728704127757362     
   32.600000000000001       0.95735747678702177     
   32.650000000000006       0.92680635247367993     
   32.700000000000003       0.90954197319155272     
   32.750000000000000       0.99637178397308801     
   32.800000000000004       0.93887574054262279     
   32.850000000000009       0.99440523425045735     
   32.899999999999999       0.98458836512545145     
   32.950000000000003       0.99695715298942456     
   33.000000000000007       0.98890348846557896     
   33.050000000000004       0.85437609249732993     
   33.100000000000001       0.89417753943994893     
   33.149999999999999       0.97737101705138585     
   33.200000000000003       0.98673735181477396     
   33.250000000000007       0.95006486713238503     
   33.299999999999997       0.94915162085294491     
   33.350000000000001       0.99577709859736996     
   33.400000000000006       0.99801123751953402     
   33.450000000000003       0.98641343856944319     
   33.500000000000000       0.99325542236710129     
   33.550000000000004       0.98016963539206137     
   33.600000000000001       0.99489169518376663     
   33.650000000000006       0.95453820550498247     
   33.700000000000003       0.98017263942399624     
   33.750000000000000       0.99123189612135143     
   33.800000000000004       0.98917250548638114     
   33.850000000000001       0.93181654599516539     
   33.899999999999999       0.97289652828752993     
   33.950000000000003       0.98176178134529224     
   34.000000000000000       0.98746400565372194     
   34.050000000000004       0.99681808341304212     
   34.100000000000001       0.98712644694605545     
   34.149999999999999       0.99381820815764343     
   34.200000000000003       0.98925418417442634     
   34.250000000000007       0.91865303910527896     
   34.300000000000004       0.99223844701878749     
   34.350000000000001       0.99495681594813079     
   34.400000000000006       0.99607967849448842     
   34.450000000000003       0.97594600198781778     
   34.500000000000007       0.99199730575218259     
   34.550000000000004       0.99405065716945495     
   34.600000000000001       0.97742970044704625     
   34.650000000000006       0.99144775768575777     
   34.700000000000003       0.97173036443477689     
   34.750000000000000       0.85892806115527165     
   34.800000000000004       0.98861142879097785     
   34.850000000000001       0.98361442985861913     
   34.900000000000006       0.99596265262305994     
   34.950000000000003       0.98526043194064938     
   35.000000000000000       0.96933780791428148     
   35.050000000000004       0.98329750843554753     
   35.100000000000009       0.91191490233158623     
   35.149999999999999       0.99231680098220676     
   35.200000000000003       0.93250481192630463     
   35.250000000000007       0.97708054584151727     
   35.300000000000004       0.97028058587066435     
   35.350000000000001       0.97674662056678829     
   35.399999999999999       0.99204952893901865     
   35.450000000000003       0.99730445012022484     
   35.500000000000007       0.99579424070019895     
   35.549999999999997       0.95658633842140806     
   35.600000000000001       0.96897307329311388     
   35.650000000000006       0.99400201559408774     
   35.700000000000003       0.95053188795641363     
   35.750000000000000       0.97719167832332521     
   35.800000000000004       0.99231109276771279     
   35.850000000000001       0.98683536360709223     
   35.900000000000006       0.99573750635903446     
   35.950000000000003       0.96528956050107118     
   36.000000000000000       0.99062644324996285     
   36.050000000000004       0.99705803859886855     
   36.100000000000009       0.98178239577462689     
   36.149999999999999       0.99328918227708274     
   36.200000000000003       0.99752393576540288     
   36.250000000000000       0.98039640529289174     
   36.300000000000004       0.92150623793575348     
   36.350000000000009       0.99315007418528967     
   36.399999999999999       0.98131297589473598     
   36.450000000000003       0.94535052721998714     
   36.500000000000007       0.96526105693690467     
   36.550000000000004       0.97225815251697945     
   36.600000000000001       0.92344743267790186     
   36.650000000000006       0.98841794188167054     
   36.700000000000003       0.99530297081473917     
   36.750000000000007       0.98133527118444919     
   36.800000000000004       0.95416553220726685     
   36.850000000000001       0.96253334794113199     
   36.900000000000006       0.95521631843170551     
   36.950000000000003       0.97435263125744842     
   37.000000000000000       0.94898388636037811     
   37.050000000000004       0.97156898776369738     
   37.100000000000001       0.99179669202829490     
   37.150000000000006       0.99338862368509251     
   37.200000000000003       0.99680334149959482     
   37.250000000000000       0.98977155060005106     
   37.300000000000004       0.99059228953545297     
   37.350000000000009       0.95729339059792262     
   37.399999999999999       0.99694411927403748     
   37.450000000000003       0.97517634459415414     
   37.500000000000007       0.99322244971241014     
   37.550000000000004       0.98496864063088529     
   37.600000000000001       0.93159336160585360     
   37.649999999999999       0.99361464925464660     
   37.700000000000003       0.96988100216146556     
   37.750000000000007       0.82967084182737771     
   37.799999999999997       0.97538398432630924     
   37.850000000000001       0.94371396206434288     
   37.900000000000006       0.96495417120217897     
   37.950000000000003       0.97445789275935302     
   38.000000000000000       0.99237969586427044     
   38.050000000000004       0.99612499383960551     
   38.100000000000001       0.96321970177677940     
   38.150000000000006       0.98533821265321297     
   38.200000000000003       0.90216395867475629     
   38.250000000000000       0.95089236248562370     
   38.300000000000004       0.93620893149502971     
   38.350000000000009       0.99157284967221304     
   38.399999999999999       0.99694302867014217     
   38.450000000000003       0.99662846919924286     
   38.500000000000000       0.99494459459031226     
   38.550000000000004       0.99085023678241457     
   38.600000000000009       0.82398745556258879     
   38.649999999999999       0.91928258990712530     
   38.700000000000003       0.93073275248819309     
   38.750000000000007       0.98523458461751023     
   38.800000000000004       0.95991287500277223     
   38.850000000000001       0.99465290152280283     
   38.900000000000006       0.96505363455983462     
   38.950000000000003       0.98347385977429025     
   39.000000000000007       0.99152212346257473     
   39.050000000000004       0.98662423158211876     
   39.100000000000001       0.96846096749469712     
   39.150000000000006       0.99098384282061336     
   39.200000000000003       0.99634530718397107     
   39.250000000000000       0.98643265522813184     
   39.300000000000004       0.99594598703538861     
   39.350000000000001       0.99049768050498777     
   39.400000000000006       0.99690760185439209     
   39.450000000000003       0.93889715061407675     
   39.500000000000000       0.97041263319809901     
   39.550000000000004       0.92416059644397064     
   39.600000000000009       0.95578934137575877     
   39.649999999999999       0.99616041557068080     
   39.700000000000003       0.98635206391188901     
   39.750000000000007       0.97490850721031308     
   39.800000000000004       0.99385258702521539     
   39.850000000000001       0.98509052878103265     
   39.899999999999999       0.94212330393208332     
   39.950000000000003       0.97642400455965717     
   40.000000000000007       0.99562094469913476     
   40.049999999999997       0.98265181687205805     
   40.100000000000001       0.97059848423346151     
   40.150000000000006       0.96457228905013526     
   40.200000000000003       0.96189418527633541     
   40.250000000000000       0.90979514954461205     
   40.300000000000004       0.95904494449462740     
   40.350000000000001       0.94970150881898752     
   40.400000000000006       0.94692208191379756     
   40.450000000000003       0.98625283493596949     
   40.500000000000000       0.96673720955610931     
   40.550000000000004       0.98962402630834534     
   40.600000000000009       0.97260399310538326     
   40.650000000000006       0.87808320978263144     
   40.700000000000003       0.98763639544402670     
   40.750000000000000       0.92015115182709573     
   40.800000000000004       0.94932654935138339     
   40.850000000000009       0.97173646114763257     
   40.899999999999999       0.99520593604472807     
   40.950000000000003       0.99713165913619484     
   41.000000000000007       0.95823337784281959     
   41.050000000000004       0.97094698192227180     
   41.100000000000001       0.98749627087157243     
   41.150000000000006       0.98924892553679800     
   41.200000000000003       0.96992346163934773     
   41.250000000000007       0.89596809518015896     
   41.300000000000004       0.97554796565567903     
   41.350000000000001       0.99747382458394152     
   41.400000000000006       0.99771887390778036     
   41.450000000000003       0.95891659976143850     
   41.500000000000000       0.96327560258489342     
   41.550000000000004       0.99428348709968173     
   41.600000000000001       0.92927918006715382     
   41.650000000000006       0.91006483246436587     
   41.700000000000003       0.97009611726566769     
   41.750000000000000       0.95327361791462106     
   41.800000000000004       0.98264538120138678     
   41.850000000000009       0.93874574685975509     
   41.899999999999999       0.84065974543986777     
   41.950000000000003       0.92098041374238371     
   42.000000000000007       0.96972348203537395     
   42.050000000000004       0.99359251515033198     
   42.100000000000001       0.97145669511381183     
   42.150000000000006       0.99715654350080385     
   42.200000000000003       0.99039081118619043     
   42.250000000000007       0.99644542245090006     
   42.299999999999997       0.99751396141018545     
   42.350000000000001       0.99670911585554200     
   42.400000000000006       0.99724517670493495     
   42.450000000000003       0.98826791135062209     
   42.500000000000000       0.97671010127015212     
   42.550000000000004       0.99585234680029056     
   42.600000000000001       0.99679710001211097     
   42.650000000000006       0.95507728152365345     
   42.700000000000010       0.99667320568300066     
   42.750000000000000       0.98469369810684537     
   42.800000000000004       0.98806810452166616     
   42.850000000000009       0.96365674573239368     
   42.900000000000006       0.98764202943253199     
   42.950000000000003       0.95516052179612254     
   43.000000000000000       0.95021362955401856     
   43.050000000000004       0.99682296913504642     
   43.100000000000009       0.98226454988572454     
   43.149999999999999       0.99620215202579820     
   43.200000000000003       0.98795641802527556     
   43.250000000000007       0.99571838693953940     
   43.300000000000004       0.99190982682665607     
   43.350000000000001       0.99576573060722851     
   43.400000000000006       0.94009239351614748     
   43.450000000000003       0.99365937610460642     
   43.500000000000007       0.95843956749048898     
   43.550000000000004       0.99121819689145751     
   43.600000000000001       0.99503252068692216     
   43.650000000000006       0.98547607912209534     
   43.700000000000010       0.98505762630394900     
   43.750000000000000       0.99675165070113980     
   43.800000000000004       0.95869923003505320     
   43.850000000000001       0.99637531042927674     
   43.900000000000006       0.99492414378564842     
   43.950000000000003       0.95037674922022508     
   44.000000000000000       0.97027718357027726     
   44.050000000000004       0.98436504452524354     
   44.100000000000009       0.95262514375185947     
   44.149999999999999       0.99401250122116769     
   44.200000000000003       0.99243678428700255     
   44.250000000000007       0.98704379164381395     
   44.300000000000004       0.96347413598332454     
   44.350000000000001       0.99026910229502463     
   44.400000000000006       0.98011981682053817     
   44.450000000000003       0.96865280925465813     
   44.500000000000007       0.97998635050557237     
   44.549999999999997       0.96757644143723909     
   44.600000000000001       0.98270672142377158     
   44.650000000000006       0.89701164750709106     
   44.700000000000003       0.99188769748988437     
   44.750000000000000       0.99644902049657880     
   44.800000000000004       0.98341180585407095     
   44.850000000000001       0.99462469435682976     
   44.900000000000006       0.99569687558503628     
   44.950000000000010       0.99634837232836493     
   45.000000000000000       0.96187317854297938     
   45.050000000000004       0.98469908349814983     
   45.100000000000009       0.99653140542487229     
   45.150000000000006       0.97272450764885521     
   45.200000000000003       0.97482173144194328     
   45.250000000000000       0.99557428301128048     
   45.300000000000004       0.99697547957335608     
   45.350000000000009       0.99674718567208798     
   45.399999999999999       0.97287829361328559     
   45.450000000000003       0.99463591389836326     
   45.500000000000007       0.99648208678179429     
   45.550000000000004       0.99081205376208248     
   45.600000000000001       0.95357195326958377     
   45.650000000000006       0.99031890067782635     
   45.700000000000003       0.99644672428795578     
   45.750000000000007       0.97018216100734045     
   45.800000000000004       0.96290447022548664     
   45.850000000000001       0.98559735994966591     
   45.900000000000006       0.95144625354286227     
   45.950000000000010       0.96294323036990537     
   46.000000000000000       0.93488463649259057     
   46.050000000000004       0.99572940264802490     
   46.100000000000001       0.99426414446468248     
   46.150000000000006       0.99013482057329860     
   46.200000000000003       0.99291460435211920     
   46.250000000000000       0.91523578706216124     
   46.300000000000004       0.99475071912084356     
   46.350000000000009       0.99458498605541579     
   46.399999999999999       0.98501889933404552     
   46.450000000000003       0.99473820258062828     
   46.500000000000007       0.99544712042832129     
   46.550000000000004       0.99502359127410434     
   46.600000000000001       0.98441944678677606     
   46.650000000000006       0.98607109597857978     
   46.700000000000003       0.99628678351630373     
   46.750000000000007       0.99513803783998189     
   46.799999999999997       0.98041818730747332     
   46.850000000000001       0.97241281089541332     
   46.900000000000006       0.97872192490538468     
   46.950000000000003       0.99439727392196464     
   47.000000000000007       0.97976116490224074     
   47.050000000000004       0.99497852024228295     
   47.100000000000001       0.99536076885592517     
   47.150000000000006       0.99224765464963449     
   47.200000000000010       0.97967765774167681     
   47.250000000000000       0.95108119942291791     
   47.300000000000004       0.99250574033698802     
   47.350000000000009       0.99681351428321274     
   47.400000000000006       0.96005043392408496     
   47.450000000000003       0.99453532928260535     
   47.500000000000007       0.98545333970742244     
   47.550000000000004       0.99418617457550029     
   47.600000000000009       0.98916720089604815     
   47.649999999999999       0.99400538602092825     
   47.700000000000003       0.99605749862257309     
   47.750000000000007       0.98315677987646666     
   47.800000000000004       0.99586983132308671     
   47.850000000000001       0.96117363419209889     
   47.900000000000006       0.90298831868538876     
   47.950000000000003       0.99267102681090413     
   48.000000000000007       0.98910833663611364     
   48.050000000000004       0.98913324489258203     
   48.100000000000001       0.99377593197957537     
   48.150000000000006       0.99534497718751425     
   48.200000000000010       0.99075315606229786     
   48.250000000000000       0.99610467125495761     
   48.300000000000004       0.86190351163706436     
   48.350000000000001       0.95456701836385949     
   48.400000000000006       0.99691396765717921     
   48.450000000000003       0.99330288543652201     
   48.500000000000000       0.99413029318310309     
   48.550000000000004       0.99250096411101552     
   48.600000000000009       0.95268441602965426     
   48.649999999999999       0.99568382251492760     
   48.700000000000003       0.99230411481831615     
   48.750000000000007       0.98659524535580190     
   48.800000000000004       0.98752385600699477     
   48.850000000000001       0.99576374052357597     
   48.900000000000006       0.96961393849621935     
   48.950000000000003       0.96656541912327898     
   49.000000000000007       0.98780230664612301     
   49.049999999999997       0.99339326115488569     
   49.100000000000001       0.93660827249040945     
   49.150000000000006       0.93388529640343232     
   49.200000000000003       0.94424113855172065     
   49.250000000000007       0.99568335268316410     
   49.300000000000004       0.99236800500283850     
   49.350000000000001       0.96298986091697614     
   49.400000000000006       0.98229517920052045     
   49.450000000000010       0.99589863858940919     
   49.500000000000000       0.96758878043500318     
   49.550000000000004       0.98910732591069150     
   49.600000000000009       0.99317560372848279     
   49.650000000000006       0.86078946610525509     
   49.700000000000003       0.98452705931833873     
   49.750000000000007       0.97791102498561977     
   49.800000000000004       0.95265099414340537     
   49.850000000000009       0.98162280105598310     
   49.899999999999999       0.97772988115060389     
