   0.0000000000000000       0.99999999999990574     
   8.9999999999999993E-003  0.98133188006810601     
   1.7999999999999999E-002  0.99950131477438675     
   2.6999999999999993E-002  0.99940338690343433     
   3.5999999999999997E-002  0.99924640738908166     
   4.4999999999999998E-002  0.99917375050167168     
   5.3999999999999986E-002  0.99867724148453874     
   6.2999999999999987E-002  0.99854932565705112     
   7.1999999999999995E-002  0.99831946704788255     
   8.0999999999999989E-002  0.99806343613055515     
   8.9999999999999997E-002  0.99763708100519066     
   9.8999999999999991E-002  0.99758867395629447     
  0.10799999999999997       0.99719553729969057     
  0.11699999999999999       0.99711172146180294     
  0.12599999999999997       0.99670750013177212     
  0.13499999999999998       0.99655570399630167     
  0.14399999999999999       0.99639774573589357     
  0.15299999999999997       0.99585299894315327     
  0.16199999999999998       0.99557145440897843     
  0.17099999999999999       0.99539908632755425     
  0.17999999999999999       0.99518929387770894     
  0.18899999999999997       0.99478185212523518     
  0.19799999999999998       0.99478718691619072     
  0.20699999999999996       0.99426425510639316     
  0.21599999999999994       0.99396471838384293     
  0.22499999999999998       0.99275761204236268     
  0.23399999999999999       0.99235737212130481     
  0.24299999999999997       0.99189265483568523     
  0.25199999999999995       0.99154496418262406     
  0.26099999999999995       0.99117721933447123     
  0.26999999999999996       0.99032075344143167     
  0.27899999999999997       0.99024193477615441     
  0.28799999999999998       0.98937371297349319     
  0.29699999999999993       0.98894749553980077     
  0.30599999999999994       0.98892828620088136     
  0.31500000000000000       0.98842584641818731     
  0.32399999999999995       0.98794524178997223     
  0.33299999999999996       0.98725730941545975     
  0.34199999999999997       0.98674359246621923     
  0.35099999999999992       0.98635777943676828     
  0.35999999999999999       0.98553045459453137     
  0.36899999999999994       0.98432952279304942     
  0.37799999999999995       0.98343437130754319     
  0.38699999999999996       0.98301613662498277     
  0.39599999999999996       0.98216877893129950     
  0.40499999999999992       0.98127117101953276     
  0.41399999999999992       0.98120702058808662     
  0.42299999999999993       0.98106601992233644     
  0.43199999999999988       0.98021165723193693     
  0.44100000000000000       0.97956762391374630     
  0.44999999999999996       0.97906998345118812     
  0.45899999999999996       0.97787451858678631     
  0.46799999999999997       0.97701012122331488     
  0.47699999999999992       0.97697079700986589     
  0.48599999999999993       0.97645580297205103     
  0.49499999999999994       0.97606952896560906     
  0.50399999999999989       0.97508698493452628     
  0.51299999999999990       0.97456222246821578     
  0.52199999999999991       0.97343597889555145     
  0.53099999999999992       0.97315998754079713     
  0.53999999999999992       0.97207170380507157     
  0.54899999999999993       0.97138294553595717     
  0.55799999999999994       0.97096625795437208     
  0.56699999999999995       0.97028763007298824     
  0.57599999999999996       0.97000474818800675     
  0.58499999999999996       0.96890458157182013     
  0.59399999999999986       0.96859129638132635     
  0.60299999999999987       0.96812943079376401     
  0.61199999999999988       0.96822310446781790     
  0.62099999999999989       0.96740337673490462     
  0.63000000000000000       0.96692525410900099     
  0.63899999999999990       0.96502684924074622     
  0.64799999999999991       0.96307345951233525     
  0.65699999999999992       0.96281403568987611     
  0.66599999999999993       0.96208411381154435     
  0.67499999999999993       0.96132177344177994     
  0.68399999999999994       0.96065927496426062     
  0.69299999999999984       0.95822711705620345     
  0.70199999999999985       0.95774331158373605     
  0.71099999999999985       0.95665740899051999     
  0.71999999999999997       0.95617017117671865     
  0.72899999999999998       0.95565693605545821     
  0.73799999999999988       0.95424228288268187     
  0.74699999999999989       0.95345904372368173     
  0.75599999999999989       0.95211719140078677     
  0.76499999999999990       0.95083934522527813     
  0.77399999999999991       0.94953212616934968     
  0.78299999999999992       0.94675486939991016     
  0.79199999999999993       0.94670447905992028     
  0.80099999999999982       0.94638394646591228     
  0.80999999999999983       0.94541423919029866     
  0.81899999999999984       0.94491767735608478     
  0.82799999999999985       0.94475201696487565     
  0.83699999999999986       0.94330026310906034     
  0.84599999999999986       0.94229241003683384     
  0.85499999999999987       0.94144018896340498     
  0.86399999999999977       0.94023063903786941     
  0.87300000000000000       0.94079087006845130     
  0.88200000000000001       0.93925074231201688     
  0.89099999999999990       0.93706174034124734     
  0.89999999999999991       0.93708957888555444     
  0.90899999999999992       0.93655271399985063     
  0.91799999999999993       0.93520354759915136     
  0.92699999999999994       0.93328913210044939     
  0.93599999999999994       0.93349758818734163     
  0.94499999999999984       0.93198047888067204     
  0.95399999999999985       0.92998368273521281     
  0.96299999999999986       0.93087912971239950     
  0.97199999999999986       0.92939797020553039     
  0.98099999999999987       0.92827877616117183     
  0.98999999999999988       0.92772817778278815     
  0.99899999999999989       0.92718424525254373     
   1.0079999999999998       0.92520359854268830     
   1.0169999999999999       0.92265340249143879     
   1.0259999999999998       0.92183127049518543     
   1.0349999999999997       0.92187676901300475     
   1.0439999999999998       0.92134999992014532     
   1.0529999999999997       0.92050614275554776     
   1.0619999999999998       0.92000101339794904     
   1.0710000000000000       0.91975168740550084     
   1.0799999999999998       0.91969966679349546     
   1.0890000000000000       0.91856376887788271     
   1.0979999999999999       0.91863980227861963     
   1.1070000000000000       0.91854426028690206     
   1.1159999999999999       0.91750665263101805     
   1.1249999999999998       0.91660202584085604     
   1.1339999999999999       0.91652012108846348     
   1.1429999999999998       0.91657620295691367     
   1.1519999999999999       0.91683530815693548     
   1.1609999999999998       0.91551536045017656     
   1.1699999999999999       0.91538507596876728     
   1.1789999999999998       0.91352126041682780     
   1.1879999999999997       0.91254957428772709     
   1.1969999999999998       0.91222003512165717     
   1.2059999999999997       0.91125351863797366     
   1.2149999999999999       0.91094223981967770     
   1.2239999999999998       0.91054806689030887     
   1.2329999999999999       0.91030686368720248     
   1.2419999999999998       0.90948615403680289     
   1.2509999999999999       0.90922248766239266     
   1.2600000000000000       0.90768792979580826     
   1.2689999999999999       0.90789216286440189     
   1.2779999999999998       0.90748483251335932     
   1.2869999999999999       0.90723261507098030     
   1.2959999999999998       0.90669223842144187     
   1.3049999999999999       0.90505790897997751     
   1.3139999999999998       0.90441112184326178     
   1.3230000000000000       0.90314054075744721     
   1.3319999999999999       0.90298687819173262     
   1.3409999999999997       0.90240457282651421     
   1.3499999999999999       0.90242536390480832     
   1.3589999999999998       0.90217477726463224     
   1.3679999999999999       0.90259817914872786     
   1.3769999999999998       0.90296842728957205     
   1.3859999999999997       0.90279642745031607     
   1.3949999999999998       0.90296606418089664     
   1.4039999999999997       0.90351642419878131     
   1.4129999999999998       0.90271192246657184     
   1.4219999999999997       0.90260246402295075     
   1.4309999999999998       0.90222484615784870     
   1.4399999999999999       0.90289102614124717     
   1.4489999999999998       0.90188645765237963     
   1.4580000000000000       0.90154714182533136     
   1.4669999999999999       0.90066433862305184     
   1.4759999999999998       0.90109149563043112     
   1.4849999999999999       0.90121131781884889     
   1.4939999999999998       0.90077214868538835     
   1.5029999999999999       0.90021429742523285     
   1.5119999999999998       0.90068750279057208     
   1.5209999999999999       0.90020050774961613     
   1.5299999999999998       0.90011661608335369     
   1.5389999999999997       0.90050079103169300     
   1.5479999999999998       0.90070987796414959     
   1.5569999999999997       0.90048202273970157     
   1.5659999999999998       0.90059269123451202     
   1.5749999999999997       0.90079736064787330     
   1.5839999999999999       0.90064522129346714     
   1.5929999999999997       0.90004277255166276     
   1.6019999999999996       0.90059933487566557     
   1.6109999999999998       0.90106544260700505     
   1.6199999999999997       0.90105462657784008     
   1.6289999999999998       0.90028817235195380     
   1.6379999999999997       0.89912258618994401     
   1.6469999999999998       0.89892701194278091     
   1.6559999999999997       0.89788258583699299     
   1.6649999999999996       0.89824829358423086     
   1.6739999999999997       0.89827097952540258     
   1.6829999999999996       0.89849515220866316     
   1.6919999999999997       0.89843219871299074     
   1.7009999999999996       0.89763828404280188     
   1.7099999999999997       0.89805950300934023     
   1.7189999999999996       0.89741559651807878     
   1.7279999999999995       0.89802205958113490     
   1.7369999999999999       0.89841582478034865     
   1.7460000000000000       0.89825417315234701     
   1.7549999999999999       0.89897760562924212     
   1.7640000000000000       0.90005680478272965     
   1.7729999999999999       0.89976006110527629     
   1.7819999999999998       0.89996537269270738     
   1.7909999999999999       0.90002624023798838     
   1.7999999999999998       0.89985805972427602     
   1.8089999999999999       0.90047571708502772     
   1.8179999999999998       0.90050580891691612     
   1.8269999999999997       0.90011394552655477     
   1.8359999999999999       0.90076867927508930     
   1.8449999999999998       0.90089005208083339     
   1.8539999999999999       0.90087622801169120     
   1.8629999999999998       0.90092077270663462     
   1.8719999999999999       0.90091466761177952     
   1.8809999999999998       0.90111067994893035     
   1.8899999999999997       0.90117412209315650     
   1.8989999999999998       0.90128684334103482     
   1.9079999999999997       0.90127621219148335     
   1.9169999999999998       0.90084228672755684     
   1.9259999999999997       0.90011209062220243     
   1.9349999999999998       0.90008598606919177     
   1.9439999999999997       0.90034483350866246     
   1.9529999999999996       0.90034479098807019     
   1.9619999999999997       0.89971427457001552     
   1.9709999999999996       0.89935486658602160     
   1.9799999999999998       0.89951735215404005     
   1.9889999999999997       0.89904066819736284     
   1.9979999999999998       0.89880361457422697     
   2.0069999999999997       0.89906906513547979     
   2.0159999999999996       0.89888402194013217     
   2.0249999999999995       0.89834560609209890     
   2.0339999999999998       0.89882272617730241     
   2.0429999999999997       0.89864301977380845     
   2.0519999999999996       0.89869044276782883     
   2.0609999999999995       0.89841533413000818     
   2.0699999999999994       0.89860159808430973     
   2.0789999999999997       0.89828081955996442     
   2.0879999999999996       0.89821067171138291     
   2.0969999999999995       0.89809376835910604     
   2.1059999999999994       0.89829851062407828     
   2.1149999999999998       0.89785208830374197     
   2.1239999999999997       0.89785280994243921     
   2.1330000000000000       0.89683683603793851     
   2.1419999999999999       0.89621863048151129     
   2.1509999999999998       0.89580658843057759     
   2.1599999999999997       0.89569145213601531     
   2.1690000000000000       0.89503715947028561     
   2.1779999999999999       0.89524337893821138     
   2.1869999999999998       0.89508220390285143     
   2.1959999999999997       0.89540542715851490     
   2.2049999999999996       0.89497623605532384     
   2.2140000000000000       0.89491545767004199     
   2.2229999999999999       0.89448860474177561     
   2.2319999999999998       0.89424827063562728     
   2.2409999999999997       0.89421184356771899     
   2.2499999999999996       0.89414587009110646     
   2.2589999999999999       0.89429970599605946     
   2.2679999999999998       0.89364653155686335     
   2.2769999999999997       0.89379285759145566     
   2.2859999999999996       0.89279348734673636     
   2.2949999999999999       0.89219759502595586     
   2.3039999999999998       0.89231612092644408     
   2.3129999999999997       0.89194469561555301     
   2.3219999999999996       0.89225597975180482     
   2.3309999999999995       0.89124113074382050     
   2.3399999999999999       0.89101784355233937     
   2.3489999999999998       0.89095089080632917     
   2.3579999999999997       0.89091622403090509     
   2.3669999999999995       0.89070711545762127     
   2.3759999999999994       0.89060715733351647     
   2.3849999999999998       0.88989515308144285     
   2.3939999999999997       0.88949908619418938     
   2.4029999999999996       0.88973069491722512     
   2.4119999999999995       0.88906088098733194     
   2.4209999999999994       0.88904940322017201     
   2.4299999999999997       0.88885330550188624     
   2.4389999999999996       0.88820928658980769     
   2.4479999999999995       0.88763743787808469     
   2.4569999999999994       0.88689980272938262     
   2.4659999999999997       0.88725397244319992     
   2.4749999999999996       0.88674132938882178     
   2.4839999999999995       0.88589419811320236     
   2.4929999999999994       0.88580735330977223     
   2.5019999999999998       0.88559234287097743     
   2.5109999999999997       0.88492932525291712     
   2.5200000000000000       0.88462406056021925     
   2.5289999999999999       0.88454974628441208     
   2.5379999999999998       0.88355509181638081     
   2.5469999999999997       0.88334820570038164     
   2.5559999999999996       0.88320243669170162     
   2.5649999999999999       0.88297219454605869     
   2.5739999999999998       0.88237990676600520     
   2.5829999999999997       0.88230513209965178     
   2.5919999999999996       0.88223474784034384     
   2.6009999999999995       0.88196641544551713     
   2.6099999999999999       0.88175755322245197     
   2.6189999999999998       0.88159189164727758     
   2.6279999999999997       0.88187916435447622     
   2.6369999999999996       0.88155496224434260     
   2.6459999999999999       0.88153666891181004     
   2.6549999999999998       0.88137872003580453     
   2.6639999999999997       0.88055250627130466     
   2.6729999999999996       0.88023673126692636     
   2.6819999999999995       0.87989964552784861     
   2.6909999999999998       0.87890713423905686     
   2.6999999999999997       0.87843772263088227     
   2.7089999999999996       0.87841776870296084     
   2.7179999999999995       0.87851637056606346     
   2.7269999999999994       0.87789458756076033     
   2.7359999999999998       0.87792114920345554     
   2.7449999999999997       0.87796085054976924     
   2.7539999999999996       0.87769751853219413     
   2.7629999999999995       0.87716769102328473     
   2.7719999999999994       0.87720347379161734     
   2.7809999999999997       0.87656285111452670     
   2.7899999999999996       0.87567315639865184     
   2.7989999999999995       0.87541774199164613     
   2.8079999999999994       0.87502137432950933     
   2.8169999999999997       0.87466060172128668     
   2.8259999999999996       0.87418863296003790     
   2.8349999999999995       0.87318571492323271     
   2.8439999999999994       0.87251874586469225     
   2.8529999999999993       0.87202376806951587     
   2.8619999999999997       0.87184313252023993     
   2.8709999999999996       0.87159606774730969     
   2.8799999999999999       0.87105075609073623     
   2.8889999999999998       0.87051444305651116     
   2.8979999999999997       0.87054005330262818     
   2.9069999999999996       0.87020836710714355     
   2.9159999999999999       0.86991350757094432     
   2.9249999999999994       0.86967709943815341     
   2.9339999999999997       0.86944634527623765     
   2.9429999999999996       0.86898529880425224     
   2.9519999999999995       0.86854767429738189     
   2.9609999999999994       0.86858268797923865     
   2.9699999999999998       0.86838409487063861     
   2.9789999999999992       0.86762849961204269     
   2.9879999999999995       0.86768021257324823     
   2.9969999999999994       0.86751345813815495     
   3.0059999999999998       0.86696717918401800     
   3.0149999999999992       0.86656926235559928     
   3.0239999999999996       0.86628896263604527     
   3.0329999999999995       0.86625849889310935     
   3.0419999999999998       0.86539083708420883     
   3.0509999999999993       0.86467039450195493     
   3.0599999999999996       0.86395305043553661     
   3.0689999999999995       0.86321731766652021     
   3.0779999999999994       0.86300978173462406     
   3.0869999999999997       0.86280080513661672     
   3.0959999999999996       0.86254957218725481     
   3.1050000000000000       0.86233383417093012     
   3.1139999999999994       0.86170169751642189     
   3.1229999999999998       0.86083809755324792     
   3.1319999999999997       0.86069700232947544     
   3.1410000000000000       0.86084823355615236     
   3.1499999999999995       0.86051855945822697     
   3.1589999999999998       0.86004221129583125     
   3.1679999999999997       0.85946677806764837     
   3.1770000000000000       0.85862971458426263     
   3.1859999999999995       0.85776847329140438     
   3.1949999999999998       0.85737518092953369     
   3.2039999999999993       0.85678042445071856     
   3.2129999999999996       0.85645007863613132     
   3.2219999999999995       0.85616906649912528     
   3.2309999999999999       0.85549965289920815     
   3.2399999999999993       0.85543695212518611     
   3.2489999999999997       0.85557418838137245     
   3.2579999999999996       0.85511198187263582     
   3.2669999999999999       0.85500211344720023     
   3.2759999999999994       0.85433933682338326     
   3.2849999999999997       0.85439437662424744     
   3.2939999999999996       0.85473719507023149     
   3.3029999999999995       0.85479422997426902     
   3.3119999999999994       0.85457439827366144     
   3.3209999999999997       0.85433624385268148     
   3.3299999999999992       0.85340818405254115     
   3.3389999999999995       0.85319621589988914     
   3.3479999999999994       0.85350302954188950     
   3.3569999999999998       0.85292667451123605     
   3.3659999999999992       0.85262252141825978     
   3.3749999999999996       0.85222574947672158     
   3.3839999999999995       0.85099294048336405     
   3.3929999999999998       0.85061929561014937     
   3.4019999999999992       0.85004394214727153     
   3.4109999999999996       0.84965424135577394     
   3.4199999999999995       0.84955768799647602     
   3.4289999999999994       0.84900173211791397     
   3.4379999999999993       0.84858603861587822     
   3.4469999999999996       0.84866663559572053     
   3.4559999999999991       0.84812813452600111     
   3.4649999999999994       0.84780762837966817     
   3.4739999999999998       0.84713485310478176     
   3.4829999999999997       0.84710821468131292     
   3.4920000000000000       0.84667270191099164     
   3.5009999999999994       0.84620906913140814     
   3.5099999999999998       0.84612380333349912     
   3.5189999999999997       0.84604395434458324     
   3.5280000000000000       0.84562467532477048     
   3.5369999999999995       0.84521236587852766     
   3.5459999999999998       0.84477841506210638     
   3.5549999999999993       0.84501240070080230     
   3.5639999999999996       0.84438992313908312     
   3.5729999999999995       0.84351763981502759     
   3.5819999999999999       0.84368128633645867     
   3.5909999999999993       0.84250926970769624     
   3.5999999999999996       0.84255310027069918     
   3.6089999999999995       0.84235459960497439     
   3.6179999999999999       0.84205227451146436     
   3.6269999999999993       0.84187427544910687     
   3.6359999999999997       0.84172744435193381     
   3.6449999999999996       0.84144048032640861     
   3.6539999999999995       0.84130180440827540     
   3.6629999999999994       0.84123566689247686     
   3.6719999999999997       0.84050823552386578     
   3.6809999999999992       0.84014045760087208     
   3.6899999999999995       0.83960729577721127     
   3.6989999999999994       0.83937473732580625     
   3.7079999999999997       0.83909723839694150     
   3.7169999999999992       0.83903507966753288     
   3.7259999999999995       0.83873162264303791     
   3.7349999999999994       0.83871601895990822     
   3.7439999999999998       0.83787236335255577     
   3.7529999999999992       0.83744557989435253     
   3.7619999999999996       0.83676422728994349     
   3.7709999999999995       0.83658046468828207     
   3.7799999999999994       0.83600042586212220     
   3.7889999999999993       0.83618729523040092     
   3.7979999999999996       0.83576381964902646     
   3.8069999999999991       0.83539589238360623     
   3.8159999999999994       0.83511062505396361     
   3.8249999999999993       0.83507796331315864     
   3.8339999999999996       0.83457394446590849     
   3.8430000000000000       0.83435996747607943     
   3.8519999999999994       0.83366823791897626     
   3.8609999999999998       0.83381455771746071     
   3.8699999999999997       0.83330756228316782     
   3.8790000000000000       0.83291987295417702     
   3.8879999999999995       0.83312552209071844     
   3.8969999999999998       0.83280545239929105     
   3.9059999999999993       0.83253538212752065     
   3.9149999999999996       0.83184445741744339     
   3.9239999999999995       0.83153321339560982     
   3.9329999999999998       0.83135742326946160     
   3.9419999999999993       0.83094306852828226     
   3.9509999999999996       0.83048298580041469     
   3.9599999999999995       0.82986683056158861     
   3.9689999999999999       0.82906270764529277     
   3.9779999999999993       0.82892489951262538     
   3.9869999999999997       0.82836112618750768     
   3.9959999999999996       0.82832846537259353     
   4.0049999999999999       0.82810610179941291     
   4.0139999999999993       0.82821918732915256     
   4.0229999999999997       0.82813711684557223     
   4.0319999999999991       0.82739735089296884     
   4.0409999999999995       0.82733838918686953     
   4.0499999999999989       0.82681062022877616     
   4.0589999999999993       0.82684814597290102     
   4.0679999999999996       0.82670214593575342     
   4.0770000000000000       0.82625930822200999     
   4.0859999999999994       0.82609223448924929     
   4.0949999999999998       0.82579840019343054     
   4.1039999999999992       0.82578531304474778     
   4.1129999999999995       0.82576922178593148     
   4.1219999999999990       0.82595632463484625     
   4.1309999999999993       0.82540632758318677     
   4.1399999999999988       0.82515431577457132     
   4.1489999999999991       0.82511473159177928     
   4.1579999999999995       0.82494126077827756     
   4.1669999999999998       0.82457685705244554     
   4.1759999999999993       0.82410738842449727     
   4.1849999999999996       0.82332025779073192     
   4.1939999999999991       0.82310254275972317     
   4.2029999999999994       0.82325922488183045     
   4.2119999999999989       0.82300926743754532     
   4.2209999999999992       0.82232705220471713     
   4.2299999999999995       0.82239376802189312     
   4.2389999999999999       0.82225006755459740     
   4.2479999999999993       0.82216474482634549     
   4.2569999999999997       0.82165208511704280     
   4.2660000000000000       0.82144030501365439     
   4.2749999999999995       0.82063050674447147     
   4.2839999999999998       0.82033223542527267     
   4.2929999999999993       0.81998408044377358     
   4.3019999999999996       0.81982004052004354     
   4.3109999999999991       0.81949399216850594     
   4.3199999999999994       0.81912458994445614     
   4.3289999999999997       0.81897744739069267     
   4.3380000000000001       0.81885129261969758     
   4.3469999999999995       0.81900378985461320     
   4.3559999999999999       0.81872551832976359     
   4.3649999999999993       0.81815296779435076     
   4.3739999999999997       0.81804866121487052     
   4.3829999999999991       0.81762514986135926     
   4.3919999999999995       0.81691752776722815     
   4.4009999999999989       0.81666579115677429     
   4.4099999999999993       0.81658999949027022     
   4.4189999999999996       0.81644819030104854     
   4.4279999999999999       0.81618064976522042     
   4.4369999999999994       0.81611068172415391     
   4.4459999999999997       0.81584642636359395     
   4.4549999999999992       0.81529853107005268     
   4.4639999999999995       0.81549748129340593     
   4.4729999999999990       0.81496257000670558     
   4.4819999999999993       0.81484659497383349     
   4.4909999999999988       0.81425289380106025     
   4.4999999999999991       0.81389542816466109     
   4.5089999999999995       0.81358191048746853     
   4.5179999999999998       0.81293648076281733     
   4.5269999999999992       0.81283216624607313     
   4.5359999999999996       0.81253013162973475     
   4.5449999999999990       0.81209597618590468     
   4.5539999999999994       0.81188818634755566     
   4.5629999999999988       0.81149857009629500     
   4.5719999999999992       0.81121767537600509     
   4.5809999999999995       0.81058544663630316     
   4.5899999999999999       0.80995288185747882     
   4.5989999999999993       0.80999951017111105     
   4.6079999999999997       0.80953180306857220     
   4.6170000000000000       0.80944417267026914     
   4.6259999999999994       0.80929863898792354     
   4.6349999999999998       0.80931312797027566     
   4.6439999999999992       0.80936485065325936     
   4.6529999999999996       0.80898178776390917     
   4.6619999999999990       0.80896013587372462     
   4.6709999999999994       0.80879883400508201     
   4.6799999999999997       0.80882159498400874     
   4.6890000000000001       0.80866475283003092     
   4.6979999999999995       0.80802128221940905     
   4.7069999999999999       0.80755769770940011     
   4.7159999999999993       0.80723731733883541     
   4.7249999999999996       0.80675956872539445     
   4.7339999999999991       0.80632261286454465     
   4.7429999999999994       0.80617415289729366     
   4.7519999999999989       0.80616765621463093     
   4.7609999999999992       0.80590353405850401     
   4.7699999999999996       0.80504162129001078     
   4.7789999999999999       0.80494724227097836     
   4.7879999999999994       0.80469686487306491     
   4.7969999999999997       0.80452609708991973     
   4.8059999999999992       0.80421152717846556     
   4.8149999999999995       0.80384022249315323     
   4.8239999999999990       0.80358459278806582     
   4.8329999999999993       0.80323600579856302     
   4.8419999999999987       0.80316329856312296     
   4.8509999999999991       0.80242860783565573     
   4.8599999999999994       0.80207448998060638     
   4.8689999999999998       0.80228509658925284     
   4.8779999999999992       0.80188003036735456     
   4.8869999999999996       0.80170685726732360     
   4.8959999999999990       0.80094188846575809     
   4.9049999999999994       0.80029551102597940     
   4.9139999999999988       0.80030682518309526     
   4.9229999999999992       0.80018764664693265     
   4.9319999999999995       0.80009461160937922     
   4.9409999999999998       0.79951833452807930     
   4.9499999999999993       0.79908764687822809     
   4.9589999999999996       0.79891068675558929     
   4.9679999999999991       0.79918998290290266     
   4.9769999999999994       0.79888750003594045     
   4.9859999999999989       0.79901616024313715     
   4.9949999999999992       0.79818512866521729     
   5.0039999999999996       0.79796410385145489     
   5.0129999999999990       0.79735315539660612     
   5.0219999999999994       0.79691850744189108     
   5.0309999999999997       0.79652281227335808     
   5.0400000000000000       0.79642231935835517     
   5.0489999999999995       0.79582823845073725     
   5.0579999999999998       0.79564658044642278     
   5.0669999999999993       0.79528100164967175     
   5.0759999999999996       0.79471016270927042     
   5.0849999999999991       0.79490472634969445     
   5.0939999999999994       0.79520951022005748     
   5.1029999999999989       0.79492251000311953     
   5.1119999999999992       0.79516897231885342     
   5.1209999999999996       0.79486455176613535     
   5.1299999999999999       0.79459260668153031     
   5.1389999999999993       0.79429873789988992     
   5.1479999999999997       0.79413179947090529     
   5.1569999999999991       0.79335249975929079     
   5.1659999999999995       0.79300099638512211     
   5.1749999999999989       0.79269222570496245     
   5.1839999999999993       0.79292961315598431     
   5.1929999999999987       0.79269055864910132     
   5.2019999999999991       0.79240783601795084     
   5.2109999999999994       0.79177000335985070     
   5.2199999999999998       0.79133243536875619     
   5.2289999999999992       0.79075084908122339     
   5.2379999999999995       0.79024834400399013     
   5.2469999999999990       0.79024815937375181     
   5.2559999999999993       0.78990110724457308     
   5.2649999999999988       0.78934935834224484     
   5.2739999999999991       0.78892405035575908     
   5.2829999999999995       0.78853509579055647     
   5.2919999999999998       0.78809816826070289     
   5.3009999999999993       0.78792561364148950     
   5.3099999999999996       0.78804297258067768     
   5.3189999999999991       0.78753269464438691     
   5.3279999999999994       0.78728651443548558     
   5.3369999999999989       0.78699973300412551     
   5.3459999999999992       0.78725603470478056     
   5.3549999999999986       0.78706474722047359     
   5.3639999999999990       0.78700844727062036     
   5.3729999999999993       0.78674885527068061     
   5.3819999999999997       0.78646662126461686     
   5.3910000000000000       0.78643282712023854     
   5.3999999999999995       0.78627493858525865     
   5.4089999999999998       0.78659529506164905     
   5.4179999999999993       0.78616065635311416     
   5.4269999999999996       0.78574998224722969     
   5.4359999999999991       0.78509001645112697     
   5.4449999999999994       0.78511474300161999     
   5.4539999999999988       0.78460062003946018     
   5.4629999999999992       0.78488607326845528     
   5.4719999999999995       0.78463447899273919     
   5.4809999999999999       0.78438046422973506     
   5.4899999999999993       0.78430431924633315     
   5.4989999999999997       0.78444019017603239     
   5.5079999999999991       0.78396323871608786     
   5.5169999999999995       0.78382246530165556     
   5.5259999999999989       0.78403770074298540     
   5.5349999999999993       0.78413311655454754     
   5.5439999999999987       0.78377286852460704     
   5.5529999999999990       0.78410813778449917     
   5.5619999999999994       0.78337048363967376     
   5.5709999999999997       0.78337050868977054     
   5.5799999999999992       0.78342469806359727     
   5.5889999999999995       0.78336489356668360     
   5.5979999999999990       0.78326507866706285     
   5.6069999999999993       0.78312356944933026     
   5.6159999999999988       0.78276885249032779     
   5.6249999999999991       0.78208420434682091     
   5.6339999999999995       0.78220333327430558     
   5.6429999999999998       0.78216661451796299     
   5.6519999999999992       0.78210518843125099     
   5.6609999999999996       0.78217028396391197     
   5.6699999999999990       0.78185478022899269     
   5.6789999999999994       0.78151528972589490     
   5.6879999999999988       0.78142295601091449     
   5.6969999999999992       0.78102362243998324     
   5.7059999999999986       0.78081114969958187     
   5.7149999999999990       0.78059663347944619     
   5.7239999999999993       0.78041853523550186     
   5.7329999999999997       0.78008707107191089     
   5.7419999999999991       0.78034065692139032     
   5.7509999999999994       0.78018956290494879     
   5.7599999999999998       0.77999489358170038     
   5.7689999999999992       0.77976244916128201     
   5.7779999999999996       0.77905950799528378     
   5.7869999999999990       0.77874767768497255     
   5.7959999999999994       0.77873021922075514     
   5.8049999999999988       0.77877308584156413     
   5.8139999999999992       0.77840389372094265     
   5.8229999999999995       0.77806056098806553     
   5.8319999999999999       0.77770780512767446     
   5.8410000000000002       0.77782442708019039     
   5.8499999999999988       0.77789189376412393     
   5.8589999999999991       0.77777596232980439     
   5.8679999999999994       0.77752573308444750     
   5.8769999999999998       0.77717571908242711     
   5.8859999999999992       0.77657461262839345     
   5.8949999999999987       0.77664631124445804     
   5.9039999999999990       0.77601279161345527     
   5.9129999999999994       0.77559945508950856     
   5.9219999999999988       0.77551875954593708     
   5.9309999999999992       0.77547573363350086     
   5.9399999999999995       0.77536949380488884     
   5.9489999999999998       0.77509242274777190     
   5.9579999999999984       0.77448197397141894     
   5.9669999999999987       0.77443849270213849     
   5.9759999999999991       0.77409791736730982     
   5.9849999999999994       0.77373250692199491     
   5.9939999999999989       0.77361772537803719     
   6.0029999999999992       0.77366341897240110     
   6.0119999999999996       0.77312208881995437     
   6.0209999999999999       0.77272576383240255     
   6.0299999999999985       0.77206319243634169     
   6.0389999999999988       0.77190946973755492     
   6.0479999999999992       0.77166768797945895     
   6.0569999999999995       0.77151610121805081     
   6.0659999999999989       0.77146388943889066     
   6.0749999999999993       0.77118800117947628     
   6.0839999999999996       0.77100384649811105     
   6.0930000000000000       0.77085349593686447     
   6.1019999999999985       0.77110012378232906     
   6.1109999999999989       0.77071992634665032     
   6.1199999999999992       0.77058055156498073     
   6.1289999999999996       0.77034837450168514     
   6.1379999999999990       0.76979760205172032     
   6.1469999999999985       0.76955885141414659     
   6.1559999999999988       0.76908870052597988     
   6.1649999999999991       0.76921430584620454     
   6.1739999999999995       0.76881507926557169     
   6.1829999999999989       0.76843956184540774     
   6.1919999999999993       0.76773083881188209     
   6.2009999999999996       0.76778399543287346     
   6.2100000000000000       0.76756174622023676     
   6.2189999999999985       0.76727603862026572     
   6.2279999999999989       0.76712835170571581     
   6.2369999999999992       0.76712687983132111     
   6.2459999999999996       0.76716336296298959     
   6.2549999999999990       0.76673696458100893     
   6.2639999999999993       0.76582470603212849     
   6.2729999999999997       0.76599905854276618     
   6.2820000000000000       0.76573821034318823     
   6.2909999999999986       0.76554817534881725     
   6.2999999999999989       0.76586659566219750     
   6.3089999999999993       0.76523182416359681     
   6.3179999999999996       0.76529330279179764     
   6.3269999999999991       0.76509331562709226     
   6.3359999999999994       0.76491089525572786     
   6.3449999999999998       0.76470414761173633     
   6.3540000000000001       0.76447051955061340     
   6.3629999999999987       0.76447648594061679     
   6.3719999999999990       0.76428028238296408     
   6.3809999999999993       0.76375787237391024     
   6.3899999999999997       0.76386696582202618     
   6.3989999999999982       0.76459828957364373     
   6.4079999999999986       0.76382942098640239     
   6.4169999999999989       0.76368741761460224     
   6.4259999999999993       0.76377432670785705     
   6.4349999999999987       0.76352534648649639     
   6.4439999999999991       0.76302233448574197     
   6.4529999999999994       0.76264070998253908     
   6.4619999999999997       0.76272913079626159     
   6.4709999999999983       0.76276447556137028     
   6.4799999999999986       0.76307534211175865     
   6.4889999999999990       0.76342280319737343     
   6.4979999999999993       0.76367083733617835     
   6.5069999999999988       0.76362887487811615     
   6.5159999999999991       0.76326350684447231     
   6.5249999999999995       0.76287472896599917     
   6.5339999999999998       0.76314126654110881     
   6.5430000000000001       0.76295829044003904     
   6.5519999999999987       0.76256252093507515     
   6.5609999999999991       0.76249278445298208     
   6.5699999999999994       0.76287901198315966     
   6.5789999999999997       0.76263389907095480     
   6.5879999999999992       0.76271522235368650     
   6.5969999999999995       0.76247342764995596     
   6.6059999999999990       0.76259198464420663     
   6.6149999999999993       0.76242005019008852     
   6.6239999999999988       0.76252783773094979     
   6.6329999999999991       0.76201671150965411     
   6.6419999999999995       0.76158064656931335     
   6.6509999999999998       0.76122434458043309     
   6.6599999999999984       0.76129853505633294     
   6.6689999999999987       0.76107732307917297     
   6.6779999999999990       0.76075331533556056     
   6.6869999999999994       0.76050891256295017     
   6.6959999999999988       0.76031655807992027     
   6.7049999999999992       0.76017665645650789     
   6.7139999999999995       0.76035598667237636     
   6.7229999999999999       0.76038090967977523     
   6.7319999999999984       0.76054410489497248     
   6.7409999999999988       0.76040762180999610     
   6.7499999999999991       0.76017265526432709     
   6.7589999999999995       0.75984564212074723     
   6.7679999999999989       0.75947928992665303     
   6.7769999999999992       0.75942074877323351     
   6.7859999999999996       0.75958392190933943     
   6.7949999999999999       0.75891137737473446     
   6.8039999999999985       0.75866455950907086     
   6.8129999999999988       0.75857585505958613     
   6.8219999999999992       0.75785109640598192     
   6.8309999999999995       0.75815372445062068     
   6.8399999999999990       0.75832082452232730     
   6.8489999999999984       0.75858785834775400     
   6.8579999999999988       0.75841337785540341     
   6.8669999999999991       0.75834188849327877     
   6.8759999999999986       0.75835583640496729     
   6.8849999999999989       0.75845332662755127     
   6.8939999999999992       0.75834688321371091     
   6.9029999999999996       0.75857084821643606     
   6.9119999999999981       0.75803148940711396     
   6.9209999999999985       0.75802512073184236     
   6.9299999999999988       0.75735007113811903     
   6.9389999999999992       0.75716016257793173     
   6.9479999999999995       0.75708356418512845     
   6.9569999999999990       0.75659320027288512     
   6.9659999999999993       0.75653813738042108     
   6.9749999999999996       0.75676262103489689     
   6.9840000000000000       0.75690010969969856     
   6.9929999999999986       0.75674337765199684     
   7.0019999999999989       0.75642005598759710     
   7.0109999999999992       0.75636802611262621     
   7.0199999999999996       0.75593429192750572     
   7.0289999999999990       0.75535656695675457     
   7.0379999999999994       0.75520362295380250     
   7.0469999999999997       0.75551048307272295     
   7.0560000000000000       0.75516608587235134     
   7.0649999999999986       0.75548793062799025     
   7.0739999999999990       0.75487208456905142     
   7.0829999999999993       0.75467251885742270     
   7.0919999999999996       0.75439781302647957     
   7.1009999999999982       0.75446429503333767     
   7.1099999999999985       0.75402343002878158     
   7.1189999999999989       0.75396056762425701     
   7.1279999999999992       0.75386399147144867     
   7.1369999999999987       0.75398053558124090     
   7.1459999999999990       0.75390376542407300     
   7.1549999999999994       0.75358830133778754     
   7.1639999999999997       0.75351970413917413     
   7.1729999999999983       0.75354206461724182     
   7.1819999999999986       0.75362434828242542     
   7.1909999999999989       0.75337529467576203     
   7.1999999999999993       0.75338579854800369     
   7.2089999999999987       0.75331840205173284     
   7.2179999999999991       0.75310814558524386     
   7.2269999999999994       0.75313808869102605     
   7.2359999999999998       0.75286399314522778     
   7.2449999999999983       0.75277805938669784     
   7.2539999999999987       0.75264712059544259     
   7.2629999999999990       0.75220178496116008     
   7.2719999999999994       0.75162989367191868     
   7.2809999999999988       0.75128497148080542     
   7.2899999999999991       0.75101759951233305     
   7.2989999999999995       0.75107954348065820     
   7.3079999999999989       0.75081027358748254     
   7.3169999999999993       0.75119094384049534     
   7.3259999999999987       0.75134199909968225     
   7.3349999999999991       0.75114986294329344     
   7.3439999999999994       0.75132299071124198     
   7.3529999999999998       0.75132785606578578     
   7.3619999999999983       0.75128931374328745     
   7.3709999999999987       0.75133426884563947     
   7.3799999999999990       0.75129552208454120     
   7.3889999999999993       0.75069288621632957     
   7.3979999999999988       0.75057900649471432     
   7.4069999999999991       0.75109835591317919     
   7.4159999999999995       0.75073312246017687     
   7.4249999999999998       0.75049897908811758     
   7.4339999999999984       0.75040979534169727     
   7.4429999999999987       0.75035489721963067     
   7.4519999999999991       0.75029826349739481     
   7.4609999999999994       0.75022656670332477     
   7.4699999999999989       0.75059958394700410     
   7.4789999999999992       0.75044661918581812     
   7.4879999999999995       0.75025480548155854     
   7.4969999999999999       0.75027069402728874     
   7.5059999999999985       0.74996604767725517     
   7.5149999999999988       0.74991409772550621     
   7.5239999999999991       0.74975242391131047     
   7.5329999999999995       0.74997651205683780     
   7.5419999999999989       0.74989771960695839     
   7.5509999999999984       0.74992397670629485     
   7.5599999999999987       0.74969219078004568     
   7.5689999999999991       0.74993588582546999     
   7.5779999999999985       0.74962164606420567     
   7.5869999999999989       0.74955725218000258     
   7.5959999999999992       0.74966254982286606     
   7.6049999999999995       0.75007480748192534     
   7.6139999999999981       0.75016897652854841     
   7.6229999999999984       0.75009900953217268     
   7.6319999999999988       0.74984995028836865     
   7.6409999999999991       0.74965606713877486     
   7.6499999999999986       0.74942063731116948     
   7.6589999999999989       0.74960745082782154     
   7.6679999999999993       0.74930882412887012     
   7.6769999999999996       0.74926790545207933     
   7.6859999999999999       0.74873854274494500     
   7.6949999999999985       0.74862995817829447     
   7.7039999999999988       0.74857241731604840     
   7.7129999999999992       0.74837387620940965     
   7.7219999999999995       0.74805871440196581     
   7.7309999999999990       0.74866388540365669     
   7.7399999999999993       0.74820763448841543     
   7.7489999999999997       0.74802023998120681     
   7.7580000000000000       0.74807238803790699     
   7.7669999999999986       0.74762130626384082     
   7.7759999999999989       0.74747278280135809     
   7.7849999999999993       0.74722030329527067     
   7.7939999999999996       0.74697169027762689     
   7.8029999999999982       0.74718766794878133     
   7.8119999999999985       0.74706659327837632     
   7.8209999999999988       0.74697861273397870     
   7.8299999999999992       0.74739835445613401     
   7.8389999999999986       0.74754827522998923     
   7.8479999999999990       0.74747884082610405     
   7.8569999999999993       0.74735794268644284     
   7.8659999999999997       0.74723389335074242     
   7.8749999999999982       0.74729318155322666     
   7.8839999999999986       0.74685723345716726     
   7.8929999999999989       0.74665822442990126     
   7.9019999999999992       0.74628607313038509     
   7.9109999999999987       0.74651320061872040     
   7.9199999999999990       0.74628725725161249     
   7.9289999999999994       0.74600743749557641     
   7.9379999999999997       0.74610198300744590     
   7.9469999999999983       0.74599232826756134     
   7.9559999999999986       0.74649720348314341     
   7.9649999999999990       0.74617168838816916     
   7.9739999999999993       0.74572711520209922     
   7.9829999999999988       0.74562735167447580     
   7.9919999999999991       0.74484167093482567     
   8.0009999999999994       0.74429538336939316     
   8.0099999999999998       0.74427258658331985     
   8.0189999999999984       0.74399687806352921     
   8.0279999999999987       0.74379018008869480     
   8.0369999999999990       0.74373089866912523     
   8.0459999999999994       0.74391654215242686     
   8.0549999999999979       0.74434378816551516     
   8.0639999999999983       0.74401428183088936     
   8.0729999999999986       0.74405114922104132     
   8.0819999999999990       0.74438496878401705     
   8.0909999999999993       0.74435854671641588     
   8.0999999999999979       0.74427769993008386     
   8.1089999999999982       0.74431506805798264     
   8.1179999999999986       0.74441848852847348     
   8.1269999999999989       0.74433683440671472     
   8.1359999999999992       0.74434999089839393     
   8.1449999999999996       0.74406352086120675     
   8.1539999999999999       0.74354049701049674     
   8.1630000000000003       0.74317000388679044     
   8.1719999999999988       0.74303841584517827     
   8.1809999999999992       0.74298496470550868     
   8.1899999999999995       0.74280649667905141     
   8.1989999999999998       0.74263775929119757     
   8.2079999999999984       0.74229969389304340     
   8.2169999999999987       0.74257040390306306     
   8.2259999999999991       0.74234702282628995     
   8.2349999999999994       0.74231779812873877     
   8.2439999999999980       0.74280701307683139     
   8.2529999999999983       0.74287829924925852     
   8.2619999999999987       0.74261844758052298     
   8.2709999999999990       0.74254139576405664     
   8.2799999999999976       0.74267257574378132     
   8.2889999999999979       0.74268726622320680     
   8.2979999999999983       0.74227238097956993     
   8.3069999999999986       0.74209417826529500     
   8.3159999999999989       0.74208502056600367     
   8.3249999999999993       0.74186419582834862     
   8.3339999999999996       0.74164699577166915     
   8.3430000000000000       0.74142679120800725     
   8.3519999999999985       0.74145772717429881     
   8.3609999999999989       0.74104209911053764     
   8.3699999999999992       0.74117573874428855     
   8.3789999999999996       0.74136849003184691     
   8.3879999999999981       0.74141330077578882     
   8.3969999999999985       0.74146268170484175     
   8.4059999999999988       0.74124335860743884     
   8.4149999999999991       0.74136449523023795     
   8.4239999999999977       0.74078888715344926     
   8.4329999999999981       0.74068873752795350     
   8.4419999999999984       0.74076093134454457     
   8.4509999999999987       0.74027463812340488     
   8.4599999999999991       0.74005896046305852     
   8.4689999999999994       0.74025751402160900     
   8.4779999999999998       0.74009744921087928     
   8.4869999999999983       0.74003937653126162     
   8.4959999999999987       0.73992944641584457     
   8.5049999999999990       0.73998393223266012     
   8.5139999999999993       0.73999353137335089     
   8.5229999999999997       0.73996805810686772     
   8.5320000000000000       0.74013635920158694     
   8.5409999999999986       0.73983822054928439     
   8.5499999999999989       0.73951265163926072     
   8.5589999999999993       0.73949558311982544     
   8.5679999999999996       0.73983524538228951     
   8.5769999999999982       0.73961995633526889     
   8.5859999999999985       0.73955801801407639     
   8.5949999999999989       0.73949218664357985     
   8.6039999999999992       0.73924622802596762     
   8.6129999999999978       0.73946008666073759     
   8.6219999999999981       0.73928282052363536     
   8.6309999999999985       0.73912322277940534     
   8.6399999999999988       0.73960824718213669     
   8.6489999999999991       0.73963330570934960     
   8.6579999999999995       0.73947210288564380     
   8.6669999999999998       0.73923425184933611     
   8.6760000000000002       0.73919308442853071     
   8.6849999999999987       0.73952777209094001     
   8.6939999999999991       0.73943147707595236     
   8.7029999999999994       0.73954112234255587     
   8.7119999999999997       0.73951049424932513     
   8.7209999999999983       0.73963700495984697     
   8.7299999999999986       0.73945690930072772     
   8.7389999999999990       0.73930204848989534     
   8.7479999999999993       0.73920163830561680     
   8.7569999999999979       0.73898156621500144     
   8.7659999999999982       0.73892959771599176     
   8.7749999999999986       0.73874870761068423     
   8.7839999999999989       0.73841377071501313     
   8.7929999999999975       0.73860591347645677     
   8.8019999999999978       0.73851332025425853     
   8.8109999999999982       0.73841882714113394     
   8.8199999999999985       0.73851434295444529     
   8.8289999999999988       0.73844037239070481     
   8.8379999999999992       0.73802804642406861     
   8.8469999999999995       0.73792664827307630     
   8.8559999999999999       0.73740973018819256     
   8.8650000000000002       0.73766639943113099     
   8.8739999999999988       0.73769335242128720     
   8.8829999999999991       0.73775726658004070     
   8.8919999999999995       0.73752404170634722     
   8.9009999999999998       0.73789067149996224     
   8.9099999999999984       0.73753853525848845     
   8.9189999999999987       0.73766088677431751     
   8.9279999999999990       0.73739663781571385     
   8.9369999999999994       0.73776754586130322     
   8.9459999999999980       0.73790955556666793     
   8.9549999999999983       0.73799748426152478     
   8.9639999999999986       0.73737894912244162     
   8.9729999999999990       0.73714487653463734     
   8.9819999999999975       0.73664307514100147     
   8.9909999999999979       0.73682176419619316     
   8.9999999999999982       0.73697685717739625     
   9.0089999999999986       0.73646707924027777     
   9.0179999999999989       0.73684402010934402     
   9.0269999999999992       0.73689159568212204     
   9.0359999999999996       0.73706977194226164     
   9.0449999999999999       0.73723434106771313     
   9.0539999999999985       0.73741179267405121     
   9.0629999999999988       0.73721823852820745     
   9.0719999999999992       0.73736887631123693     
   9.0809999999999995       0.73726029322870268     
   9.0899999999999981       0.73730673088227994     
   9.0989999999999984       0.73703712833471702     
   9.1079999999999988       0.73689122067127910     
   9.1169999999999991       0.73676118590383333     
   9.1259999999999977       0.73713294958658759     
   9.1349999999999980       0.73745214512133639     
   9.1439999999999984       0.73747333452313890     
   9.1529999999999987       0.73787575858017185     
   9.1619999999999990       0.73747442154895293     
   9.1709999999999994       0.73718278319635777     
   9.1799999999999997       0.73749021351371657     
   9.1889999999999983       0.73780544426791461     
   9.1979999999999986       0.73763363742823718     
   9.2069999999999990       0.73742795878473422     
   9.2159999999999993       0.73792131620827139     
   9.2249999999999996       0.73833937686581186     
   9.2340000000000000       0.73825708150573977     
   9.2429999999999986       0.73827697367957767     
   9.2519999999999989       0.73821077188608142     
   9.2609999999999992       0.73846757294835941     
   9.2699999999999996       0.73818882639773831     
   9.2789999999999981       0.73796461458440643     
   9.2879999999999985       0.73758975939262095     
   9.2969999999999988       0.73749746948995887     
   9.3059999999999992       0.73720635391679357     
   9.3149999999999977       0.73679555783723127     
   9.3239999999999981       0.73646527207220469     
   9.3329999999999984       0.73638697144555310     
   9.3419999999999987       0.73621155779455050     
   9.3509999999999991       0.73640789369719384     
   9.3599999999999994       0.73650334708823129     
   9.3689999999999998       0.73610270659157850     
   9.3780000000000001       0.73559146967872369     
   9.3869999999999987       0.73543039152247147     
   9.3959999999999990       0.73530309703297658     
   9.4049999999999994       0.73544935662934430     
   9.4139999999999997       0.73549299495542164     
   9.4229999999999983       0.73564585565629426     
   9.4319999999999986       0.73549536938044302     
   9.4409999999999989       0.73578801807527472     
   9.4499999999999993       0.73592045415189589     
   9.4589999999999979       0.73577064881785781     
   9.4679999999999982       0.73560549181063706     
   9.4769999999999985       0.73583631166872343     
   9.4859999999999989       0.73542892173708108     
   9.4949999999999974       0.73554391424456755     
   9.5039999999999978       0.73553333240227703     
   9.5129999999999981       0.73560357080247962     
   9.5219999999999985       0.73556014748308496     
   9.5309999999999988       0.73541631110326489     
   9.5399999999999991       0.73554350559129744     
   9.5489999999999995       0.73529965185937018     
   9.5579999999999998       0.73532267899605985     
   9.5669999999999984       0.73527584619935538     
   9.5759999999999987       0.73528700061648822     
   9.5849999999999991       0.73541915493883292     
   9.5939999999999994       0.73554640494999701     
   9.6029999999999998       0.73517868211249326     
   9.6119999999999983       0.73528921256276003     
   9.6209999999999987       0.73514047238357927     
   9.6299999999999990       0.73505880052089767     
   9.6389999999999993       0.73497097357890240     
   9.6479999999999979       0.73554230399215803     
   9.6569999999999983       0.73544009568513224     
   9.6659999999999986       0.73525039052384900     
   9.6749999999999989       0.73497767791668234     
   9.6839999999999975       0.73429936601074874     
   9.6929999999999978       0.73461924030787418     
   9.7019999999999982       0.73453391618445218     
   9.7109999999999985       0.73443554067145844     
   9.7199999999999989       0.73477008102201324     
   9.7289999999999992       0.73452381399297650     
   9.7379999999999995       0.73480211663371497     
   9.7469999999999999       0.73478672923353261     
   9.7559999999999985       0.73497664649978633     
   9.7649999999999988       0.73491859490035361     
   9.7739999999999991       0.73473367798635225     
   9.7829999999999995       0.73409770374178385     
   9.7919999999999980       0.73410326494363942     
   9.8009999999999984       0.73458184907696367     
   9.8099999999999987       0.73459169532796531     
   9.8189999999999991       0.73441652578917593     
   9.8279999999999976       0.73454191771457955     
   9.8369999999999980       0.73476938866075792     
   9.8459999999999983       0.73462263342279821     
   9.8549999999999986       0.73460137677253379     
   9.8639999999999990       0.73446437430313471     
   9.8729999999999993       0.73467143668860524     
   9.8819999999999997       0.73534176016126696     
   9.8909999999999982       0.73510856803986502     
   9.8999999999999986       0.73482139683622372     
   9.9089999999999989       0.73463214986927483     
   9.9179999999999993       0.73463145260433260     
   9.9269999999999996       0.73476086848415678     
   9.9359999999999982       0.73470039808237697     
   9.9449999999999985       0.73499351085546050     
   9.9539999999999988       0.73517614074349813     
   9.9629999999999992       0.73486146334518565     
   9.9719999999999978       0.73451447417970439     
   9.9809999999999981       0.73467260008624391     
   9.9899999999999984       0.73465416166531960     
   9.9989999999999988       0.73465567416020727     
   10.007999999999999       0.73482525112460073     
   10.016999999999998       0.73458362887854212     
   10.025999999999998       0.73486713362301836     
   10.034999999999998       0.73478006332464707     
   10.043999999999999       0.73489644470997328     
   10.052999999999999       0.73493955418605061     
   10.061999999999999       0.73512384979967849     
   10.071000000000000       0.73545745936342433     
   10.080000000000000       0.73539713609087620     
   10.088999999999999       0.73484466062380815     
   10.097999999999999       0.73466437269077078     
   10.106999999999999       0.73480982988144616     
   10.116000000000000       0.73482866854533591     
   10.124999999999998       0.73465973001904317     
   10.133999999999999       0.73480026746875760     
   10.142999999999999       0.73482609367435670     
   10.151999999999999       0.73496836687851075     
   10.160999999999998       0.73543566072267375     
   10.169999999999998       0.73525386988944819     
   10.178999999999998       0.73557221732385758     
   10.187999999999999       0.73558478725748211     
   10.196999999999997       0.73572107061522241     
   10.205999999999998       0.73546314433440152     
   10.214999999999998       0.73590618191668034     
   10.223999999999998       0.73594273249023245     
   10.232999999999999       0.73622816784266831     
   10.241999999999999       0.73622880312017569     
   10.250999999999999       0.73619316121144340     
   10.260000000000000       0.73689794661159869     
   10.268999999999998       0.73700458234646549     
   10.277999999999999       0.73660731586808315     
   10.286999999999999       0.73698243205920888     
   10.295999999999999       0.73717933128494328     
   10.304999999999998       0.73737760543653963     
   10.313999999999998       0.73718891338462600     
   10.322999999999999       0.73759641416677413     
   10.331999999999999       0.73744756814368784     
   10.340999999999998       0.73713053046338661     
   10.349999999999998       0.73715244283576220     
   10.358999999999998       0.73697716748533804     
   10.367999999999999       0.73682031398866255     
   10.376999999999999       0.73666068859124201     
   10.385999999999997       0.73698973796710254     
   10.394999999999998       0.73686410337109065     
   10.403999999999998       0.73653654372153554     
   10.412999999999998       0.73654146896461115     
   10.421999999999999       0.73660964645488036     
   10.430999999999999       0.73705765912710963     
   10.440000000000000       0.73722791961947176     
   10.449000000000000       0.73743106259818747     
   10.457999999999998       0.73767780520418580     
   10.466999999999999       0.73737616560911445     
   10.475999999999999       0.73748148377247835     
   10.484999999999999       0.73767039789420374     
   10.493999999999998       0.73782080142261941     
   10.502999999999998       0.73738900854652378     
   10.511999999999999       0.73744464035032409     
   10.520999999999999       0.73739443792512638     
   10.529999999999998       0.73726809901987556     
   10.538999999999998       0.73730181971074560     
   10.547999999999998       0.73737213454971640     
   10.556999999999999       0.73705844923622088     
   10.565999999999999       0.73699860506588077     
   10.574999999999999       0.73684147051905780     
   10.584000000000000       0.73677456064392277     
   10.593000000000000       0.73669040275252795     
   10.601999999999999       0.73684253979435665     
   10.610999999999999       0.73667188080917068     
   10.619999999999999       0.73668170672761291     
   10.629000000000000       0.73630410163733140     
   10.637999999999998       0.73615298685098052     
   10.646999999999998       0.73616870230067577     
   10.655999999999999       0.73612549068289446     
   10.664999999999999       0.73597792408250995     
   10.673999999999998       0.73631769281645498     
   10.682999999999998       0.73625919763062553     
   10.691999999999998       0.73650812318712744     
   10.700999999999999       0.73654129359103004     
   10.709999999999997       0.73662647860982078     
   10.718999999999998       0.73683714597659011     
   10.727999999999998       0.73653183158880986     
   10.736999999999998       0.73665573029436315     
   10.745999999999999       0.73636337266186824     
   10.754999999999999       0.73646148556106938     
   10.763999999999999       0.73655378083245482     
   10.773000000000000       0.73606359462687354     
   10.782000000000000       0.73592098510192994     
   10.790999999999999       0.73642918210791708     
   10.799999999999999       0.73648611200265757     
   10.808999999999999       0.73671319677425706     
   10.818000000000000       0.73709256001356949     
   10.826999999999998       0.73697992836443127     
   10.835999999999999       0.73706129326283987     
   10.844999999999999       0.73712651571743593     
   10.853999999999999       0.73720449189638082     
   10.862999999999998       0.73709853787223112     
   10.871999999999998       0.73713705321631562     
   10.880999999999998       0.73717709083204008     
   10.889999999999999       0.73744057768514970     
   10.898999999999997       0.73733205302483618     
   10.907999999999998       0.73699447331476931     
   10.916999999999998       0.73676315979343920     
   10.925999999999998       0.73683411445556335     
   10.934999999999999       0.73683608385486277     
   10.943999999999999       0.73726760182860696     
   10.952999999999999       0.73718163861132702     
   10.962000000000000       0.73738262129942123     
   10.970999999999998       0.73747047791780251     
   10.979999999999999       0.73748166183913255     
   10.988999999999999       0.73739594908004058     
   10.997999999999999       0.73741711532492393     
   11.006999999999998       0.73727228154775226     
   11.015999999999998       0.73715522125174571     
   11.024999999999999       0.73694833500697488     
   11.033999999999999       0.73694615332382785     
   11.042999999999997       0.73660373493671771     
   11.051999999999998       0.73615447671365630     
   11.060999999999998       0.73606868872694375     
   11.069999999999999       0.73610274507317730     
   11.078999999999999       0.73602924156350424     
   11.087999999999997       0.73586753009746919     
   11.096999999999998       0.73573936352170466     
   11.105999999999998       0.73522194646709249     
   11.114999999999998       0.73532274799039177     
   11.123999999999999       0.73516993863618385     
   11.132999999999999       0.73525447997814830     
   11.141999999999999       0.73554818916382070     
   11.151000000000000       0.73566570571839429     
   11.159999999999998       0.73558074777328730     
   11.168999999999999       0.73540375847187278     
   11.177999999999999       0.73555285538582194     
   11.186999999999999       0.73588847956591519     
   11.195999999999998       0.73556141952777654     
   11.204999999999998       0.73540314139053375     
   11.213999999999999       0.73541951687508722     
   11.222999999999999       0.73551372994816500     
   11.231999999999998       0.73526492910273633     
   11.240999999999998       0.73505146068808547     
   11.249999999999998       0.73503046798405680     
   11.258999999999999       0.73504076419179210     
   11.267999999999999       0.73463734024289806     
   11.276999999999999       0.73420328231617227     
   11.286000000000000       0.73388253408402693     
   11.295000000000000       0.73357357003481805     
   11.303999999999998       0.73347330584050874     
   11.312999999999999       0.73310997848706960     
   11.321999999999999       0.73291625732314958     
   11.331000000000000       0.73314684379124828     
   11.339999999999998       0.73317796247356271     
   11.348999999999998       0.73351395686084198     
   11.357999999999999       0.73349111446378712     
   11.366999999999999       0.73378341222288979     
   11.375999999999998       0.73394132076737018     
   11.384999999999998       0.73395651035874343     
   11.393999999999998       0.73399533880390300     
   11.402999999999999       0.73357340658533665     
   11.411999999999997       0.73359437267329053     
   11.420999999999998       0.73406843305186698     
   11.429999999999998       0.73455659105940241     
   11.438999999999998       0.73428741770482042     
   11.447999999999999       0.73482491849267439     
   11.456999999999999       0.73463710038447427     
   11.465999999999999       0.73487235895329051     
   11.475000000000000       0.73493989154504935     
   11.483999999999998       0.73484639628491510     
   11.492999999999999       0.73478550310041757     
   11.501999999999999       0.73496994442194996     
   11.510999999999999       0.73480421399060625     
   11.520000000000000       0.73510112198615807     
   11.528999999999998       0.73497483590295043     
   11.537999999999998       0.73516626997114587     
   11.546999999999999       0.73511570926222036     
   11.555999999999999       0.73522985238945870     
   11.564999999999998       0.73550468939802172     
   11.573999999999998       0.73562012609252636     
   11.582999999999998       0.73549725096801988     
   11.591999999999999       0.73534338018757439     
   11.600999999999997       0.73539203052559488     
   11.609999999999998       0.73542674347547854     
   11.618999999999998       0.73500408580968257     
   11.627999999999998       0.73525417581408836     
   11.636999999999999       0.73548237445710740     
   11.645999999999999       0.73539279172130112     
   11.654999999999999       0.73526224320914346     
   11.664000000000000       0.73542848023706042     
   11.673000000000000       0.73528728075330951     
   11.682000000000000       0.73539646346475407     
   11.690999999999997       0.73525980437326299     
   11.699999999999998       0.73521918188256430     
   11.708999999999998       0.73539828337034352     
   11.717999999999998       0.73573199231419828     
   11.726999999999999       0.73553685340633945     
   11.735999999999999       0.73554954023679398     
   11.744999999999999       0.73546293336278590     
   11.754000000000000       0.73512896947442896     
   11.762999999999998       0.73471040171787494     
   11.771999999999998       0.73450960872466153     
   11.780999999999999       0.73478527354220180     
   11.789999999999997       0.73509535909466028     
   11.798999999999998       0.73521697767402805     
   11.807999999999998       0.73528317395549170     
   11.816999999999998       0.73526586586835874     
   11.825999999999999       0.73543418469604260     
   11.834999999999997       0.73557016204497239     
   11.843999999999998       0.73534566028614079     
   11.852999999999998       0.73540226740320180     
   11.861999999999998       0.73520990715571166     
   11.870999999999999       0.73510052507470414     
   11.879999999999999       0.73509262449722401     
   11.888999999999999       0.73492129926052896     
   11.898000000000000       0.73461883192034028     
   11.907000000000000       0.73447444134620410     
   11.915999999999997       0.73469390166400661     
   11.924999999999997       0.73422556239285330     
   11.933999999999997       0.73415426915206805     
   11.942999999999998       0.73397472283536136     
   11.951999999999998       0.73378621864469395     
   11.960999999999999       0.73366467312727046     
   11.969999999999999       0.73344244039718420     
   11.978999999999999       0.73307543285580989     
   11.987999999999998       0.73310126545718834     
   11.996999999999998       0.73283825271002423     
   12.005999999999998       0.73294138146846999     
   12.014999999999999       0.73309753627551977     
   12.023999999999999       0.73302276853210913     
   12.032999999999999       0.73330411648354377     
   12.042000000000000       0.73304471150582406     
   12.051000000000000       0.73320884219384597     
   12.059999999999997       0.73326163389000343     
   12.068999999999997       0.73330805772564400     
   12.077999999999998       0.73357944034943900     
   12.086999999999998       0.73341735293098897     
   12.095999999999998       0.73347701471334059     
   12.104999999999999       0.73312115480588325     
   12.113999999999999       0.73332379686048377     
   12.122999999999999       0.73341594154549605     
   12.131999999999998       0.73323350773988583     
   12.140999999999998       0.73279541205678411     
   12.149999999999999       0.73302428802107167     
   12.158999999999999       0.73296502511247830     
   12.167999999999999       0.73300875296698753     
   12.177000000000000       0.73291159086774671     
   12.186000000000000       0.73288678747486402     
   12.195000000000000       0.73274876482002127     
   12.203999999999997       0.73289330032945754     
   12.212999999999997       0.73292339843655685     
   12.221999999999998       0.73271858986477389     
   12.230999999999998       0.73280322800010089     
   12.239999999999998       0.73318481175984407     
   12.248999999999999       0.73359479455902210     
   12.257999999999999       0.73311120420242248     
   12.266999999999999       0.73295985611323389     
   12.275999999999998       0.73332749162505295     
   12.284999999999997       0.73316885883610194     
   12.293999999999997       0.73267286166642887     
   12.302999999999997       0.73283731677825814     
   12.311999999999998       0.73277703464644173     
   12.320999999999998       0.73272150649251777     
   12.329999999999998       0.73253334683580174     
   12.338999999999999       0.73264062322802326     
   12.347999999999999       0.73269762776986325     
   12.356999999999998       0.73263736464629126     
   12.365999999999998       0.73283477648999873     
   12.374999999999998       0.73289392135442644     
   12.383999999999999       0.73310314625932960     
   12.392999999999999       0.73287143858425252     
   12.401999999999999       0.73274181062356936     
   12.411000000000000       0.73260302990311243     
   12.420000000000000       0.73225829943963050     
   12.428999999999997       0.73233160268545650     
   12.437999999999997       0.73231214737540562     
   12.446999999999997       0.73240616777894085     
   12.455999999999998       0.73237937165389799     
   12.464999999999998       0.73205107844243911     
   12.473999999999998       0.73217019312249731     
   12.482999999999999       0.73206908074431143     
   12.491999999999999       0.73198015444275211     
   12.500999999999998       0.73210102814732725     
   12.509999999999998       0.73221774364222969     
   12.518999999999998       0.73203097512831961     
   12.527999999999999       0.73225844290090902     
   12.536999999999999       0.73223827210710357     
   12.545999999999999       0.73228718145735983     
   12.555000000000000       0.73188217849889192     
   12.564000000000000       0.73133277100260308     
   12.572999999999997       0.73128721864389212     
   12.581999999999997       0.73158630329790708     
   12.590999999999998       0.73151042656161513     
   12.599999999999998       0.73174585896333677     
   12.608999999999998       0.73150180322934333     
   12.617999999999999       0.73130001465965355     
   12.626999999999999       0.73141165955120013     
   12.635999999999999       0.73167125830358204     
   12.644999999999998       0.73164073812695241     
   12.653999999999998       0.73173269409897423     
   12.662999999999998       0.73178700817479170     
   12.671999999999999       0.73174364081441845     
   12.680999999999999       0.73170553901268398     
   12.690000000000000       0.73227914042234166     
   12.699000000000000       0.73244886490681838     
   12.708000000000000       0.73265677454891387     
   12.716999999999999       0.73283929525225056     
   12.725999999999997       0.73241928949835788     
   12.734999999999998       0.73252744442535656     
   12.743999999999998       0.73250109692443321     
   12.752999999999998       0.73241882624670529     
   12.761999999999999       0.73225194909591385     
   12.770999999999999       0.73226090250840359     
   12.779999999999999       0.73255572870020791     
   12.789000000000000       0.73259072817214088     
   12.797999999999996       0.73243790261392927     
   12.806999999999997       0.73239272397558597     
   12.815999999999997       0.73264475366611426     
   12.824999999999998       0.73280243412010526     
   12.833999999999998       0.73241330047709741     
   12.842999999999998       0.73206608683336105     
   12.851999999999999       0.73199402684323778     
   12.860999999999999       0.73192196348356153     
   12.869999999999997       0.73169943341285892     
   12.878999999999998       0.73157241383535543     
   12.887999999999998       0.73152782945142814     
   12.896999999999998       0.73096074772935760     
   12.905999999999999       0.73073180375044022     
   12.914999999999999       0.73095371364492823     
   12.923999999999999       0.73069757555582726     
   12.933000000000000       0.73072463890336914     
   12.941999999999997       0.73094367907571145     
   12.950999999999997       0.73123052627537266     
   12.959999999999997       0.73101798853474464     
   12.968999999999998       0.73086575613716709     
   12.977999999999998       0.73069690870191872     
   12.986999999999998       0.73061456495256516     
   12.995999999999999       0.73058253126763673     
   13.004999999999999       0.73039547973290619     
   13.013999999999998       0.73038372906153892     
   13.022999999999998       0.73055188610458321     
   13.031999999999998       0.73054663899467109     
   13.040999999999999       0.73025325122449691     
   13.049999999999999       0.73024236158660871     
   13.058999999999999       0.73019942242438407     
   13.068000000000000       0.73013263629746472     
   13.077000000000000       0.73003016384296582     
   13.086000000000000       0.72985890822051724     
   13.094999999999997       0.73018366600619178     
   13.103999999999997       0.73016522415948293     
   13.112999999999998       0.73038351441208471     
   13.121999999999998       0.73019500935023784     
   13.130999999999998       0.72972528132409553     
   13.139999999999999       0.72990480950794967     
   13.148999999999999       0.72996434843687108     
   13.157999999999999       0.72994117292577521     
   13.166999999999998       0.72981683768623640     
   13.175999999999998       0.73038310890754221     
   13.184999999999999       0.73032394045769589     
   13.193999999999999       0.73018643288279883     
   13.202999999999998       0.73033227523896427     
   13.211999999999998       0.73027547489177502     
   13.220999999999998       0.73034264969880180     
   13.229999999999999       0.73033330581383571     
   13.238999999999997       0.73007570628785001     
   13.247999999999998       0.72994889853631395     
   13.256999999999998       0.73007606339651165     
   13.265999999999998       0.73013073365369663     
   13.274999999999999       0.72982372858266453     
   13.283999999999999       0.73004741222029690     
   13.292999999999999       0.73042087045399706     
   13.302000000000000       0.73009490447365599     
   13.310999999999996       0.72977500055289046     
   13.319999999999997       0.72964389115219519     
   13.328999999999997       0.72969779053378003     
   13.337999999999997       0.72972926157032536     
   13.346999999999998       0.72959111692742806     
   13.355999999999998       0.73005130948920005     
   13.364999999999998       0.73037607790136339     
   13.373999999999999       0.73033161644598676     
   13.382999999999997       0.73079669290001970     
   13.391999999999998       0.73097997324037089     
   13.400999999999998       0.73119768295441268     
   13.409999999999998       0.73122372036644978     
   13.418999999999999       0.73142835940158590     
   13.427999999999999       0.73154425235398512     
   13.436999999999999       0.73153976078690330     
   13.446000000000000       0.73172863538093513     
   13.455000000000000       0.73175173393791570     
   13.463999999999997       0.73206554462091666     
   13.472999999999997       0.73192176020938726     
   13.481999999999998       0.73196980508886222     
   13.490999999999998       0.73182404844039717     
   13.499999999999998       0.73166918290390803     
   13.508999999999999       0.73158105388707573     
   13.517999999999999       0.73177865482124782     
   13.526999999999999       0.73205168700289047     
   13.535999999999998       0.73211563109815980     
   13.544999999999998       0.73219560316488030     
   13.553999999999998       0.73215098910886678     
   13.562999999999999       0.73187785614784540     
   13.571999999999999       0.73201010295783786     
   13.581000000000000       0.73181158809720037     
   13.590000000000000       0.73177033645880740     
   13.599000000000000       0.73152337757967589     
   13.607999999999997       0.73142401146734581     
   13.616999999999997       0.73137625060051348     
   13.625999999999998       0.73147789458160772     
   13.634999999999998       0.73133727451724706     
   13.643999999999998       0.73120387277171117     
   13.652999999999999       0.73129774312910723     
   13.661999999999999       0.73114595896005097     
   13.670999999999999       0.73103506175795141     
   13.679999999999998       0.73069136384449462     
   13.688999999999997       0.73028955675505669     
   13.697999999999997       0.72983828630091729     
   13.706999999999997       0.73021276989554096     
   13.715999999999998       0.73017053648173669     
   13.724999999999998       0.73027441989732145     
   13.733999999999998       0.73017430825181295     
   13.742999999999999       0.73032020871055414     
   13.751999999999997       0.73035924333999980     
   13.760999999999997       0.73008767478889258     
   13.769999999999998       0.72970300419416512     
   13.778999999999998       0.72959554687071260     
   13.787999999999998       0.72950035331887486     
   13.796999999999999       0.72920064529189632     
   13.805999999999999       0.72892851674552583     
   13.815000000000000       0.72902454987999576     
   13.823999999999996       0.72899788779088071     
   13.832999999999997       0.72922471977470904     
   13.841999999999997       0.72911960594355385     
   13.850999999999997       0.72902139673148048     
   13.859999999999998       0.72898097261306316     
   13.868999999999998       0.72862859483352393     
   13.877999999999998       0.72870071101579326     
   13.886999999999999       0.72889793213026144     
   13.895999999999999       0.72883880782215427     
   13.904999999999998       0.72880969755659386     
   13.913999999999998       0.72876579643501516     
   13.922999999999998       0.72873502430230075     
   13.931999999999999       0.72882551640546833     
   13.940999999999999       0.72887003078195289     
   13.949999999999999       0.72891530999292842     
   13.959000000000000       0.72861411524767750     
   13.968000000000000       0.72856161127554275     
   13.976999999999997       0.72844332304484694     
   13.985999999999997       0.72863047775838785     
   13.994999999999997       0.72846258049862944     
   14.003999999999998       0.72847018581136047     
   14.012999999999998       0.72835285730950572     
   14.021999999999998       0.72848001513169847     
   14.030999999999999       0.72834398314568394     
   14.039999999999999       0.72848235040706133     
   14.048999999999998       0.72849375105463077     
   14.057999999999998       0.72818638993921625     
   14.066999999999998       0.72860700450050908     
   14.075999999999999       0.72883531831930759     
   14.084999999999999       0.72883750363107935     
   14.093999999999999       0.72893139461125633     
   14.103000000000000       0.72865922959908669     
   14.112000000000000       0.72857780648984927     
   14.120999999999997       0.72872211254124786     
   14.129999999999997       0.72896382336851262     
   14.138999999999998       0.72892137680134961     
   14.147999999999998       0.72880078004987447     
   14.156999999999998       0.72858263316953054     
   14.165999999999999       0.72867724228104158     
   14.174999999999999       0.72888475543438669     
   14.183999999999999       0.72897649535457532     
   14.192999999999996       0.72884067992839174     
   14.201999999999996       0.72898505598136931     
   14.210999999999997       0.72902040283059899     
   14.219999999999997       0.72886881884482591     
   14.228999999999997       0.72914865616060132     
   14.237999999999998       0.72896661079253944     
   14.246999999999998       0.72885016687413240     
   14.255999999999998       0.72886407888196014     
   14.264999999999999       0.72883836513911282     
   14.273999999999997       0.72872778107137570     
   14.282999999999998       0.72878124684440548     
   14.291999999999998       0.72867304140760769     
   14.300999999999998       0.72873314409230983     
   14.309999999999999       0.72853198521477514     
   14.318999999999999       0.72814213850494758     
   14.327999999999999       0.72831878989201837     
   14.337000000000000       0.72869439841654104     
   14.345999999999997       0.72854494266433478     
   14.354999999999997       0.72875741329853028     
   14.363999999999997       0.72871487489267062     
   14.372999999999998       0.72878520139568137     
   14.381999999999998       0.72852870578497619     
   14.390999999999998       0.72868332718417017     
   14.399999999999999       0.72846000626398077     
   14.408999999999999       0.72873335841805009     
   14.417999999999997       0.72843248057997645     
   14.426999999999998       0.72844099786522243     
   14.435999999999998       0.72834866660194908     
   14.444999999999999       0.72849117047710732     
   14.453999999999999       0.72849960213954412     
   14.462999999999999       0.72856246107344813     
   14.472000000000000       0.72869425306881308     
   14.481000000000000       0.72861483524401360     
   14.489999999999997       0.72836770017824959     
   14.498999999999997       0.72828436858269630     
   14.507999999999997       0.72814650441084516     
   14.516999999999998       0.72829504888718533     
   14.525999999999998       0.72829094018509166     
   14.534999999999998       0.72829015856173462     
   14.543999999999999       0.72818394723533231     
   14.552999999999999       0.72806586239355120     
   14.561999999999998       0.72837748879454500     
   14.570999999999998       0.72819512248472651     
   14.579999999999998       0.72873964622432053     
   14.588999999999999       0.72877130051309957     
   14.597999999999999       0.72908664544083845     
   14.606999999999998       0.72914988645112899     
   14.615999999999998       0.72916521925923727     
   14.624999999999998       0.72943052916991302     
   14.633999999999999       0.72914786151894184     
   14.642999999999997       0.72919078414512839     
   14.651999999999997       0.72902631676526919     
   14.660999999999998       0.72875003700360097     
   14.669999999999998       0.72860653166316558     
   14.678999999999998       0.72876106715226707     
   14.687999999999999       0.72878117383750585     
   14.696999999999999       0.72874882204725089     
   14.706000000000000       0.72893133285592582     
   14.714999999999996       0.72897498046105569     
   14.723999999999997       0.72915592019343867     
   14.732999999999997       0.72905064134226971     
   14.741999999999997       0.72874982241049402     
   14.750999999999998       0.72879079504228927     
   14.759999999999998       0.72857111632447447     
   14.768999999999998       0.72898639162633838     
   14.777999999999999       0.72854484600219083     
   14.786999999999997       0.72840037776141897     
   14.795999999999998       0.72843569612960646     
   14.804999999999998       0.72860397494788043     
   14.813999999999998       0.72852248652948681     
   14.822999999999999       0.72869405179463920     
   14.831999999999999       0.72867924756523472     
   14.840999999999999       0.72885729521057963     
   14.850000000000000       0.72877155431580942     
   14.858999999999996       0.72877767852308040     
   14.867999999999997       0.72887389261902880     
   14.876999999999997       0.72887451353456523     
   14.885999999999997       0.72878953217536235     
   14.894999999999998       0.72861341819074410     
   14.903999999999998       0.72832124554409261     
   14.912999999999998       0.72815042867060820     
   14.921999999999999       0.72816965057570782     
   14.930999999999997       0.72827638648167081     
   14.939999999999998       0.72850034249366291     
   14.948999999999998       0.72840405617977921     
   14.957999999999998       0.72870511453501319     
   14.966999999999999       0.72853662255139418     
   14.975999999999999       0.72876841662365466     
   14.984999999999999       0.72891303356205994     
