   0.0000000000000000       0.99999999999999389     
   7.0000000000000007E-002  0.99524924149044347     
  0.14000000000000001       0.99995127762927682     
  0.20999999999999999       0.99770541613935071     
  0.28000000000000003       0.93077372746226461     
  0.35000000000000003       0.99808579630007177     
  0.41999999999999998       0.99876231122195425     
  0.49000000000000005       0.98711873834068742     
  0.56000000000000005       0.99018297231384089     
  0.63000000000000012       0.97873831663452393     
  0.70000000000000007       0.99371447722296280     
  0.77000000000000002       0.90938237151841650     
  0.83999999999999997       0.99433568070607670     
  0.91000000000000014       0.99575379346355042     
  0.98000000000000009       0.92696642501336768     
   1.0500000000000000       0.97960235266401807     
   1.1200000000000001       0.99328782800932613     
   1.1899999999999999       0.96460563154869527     
   1.2600000000000002       0.98116103993422787     
   1.3300000000000001       0.95935346538010247     
   1.4000000000000001       0.99423031640329140     
   1.4700000000000002       0.97773201417166278     
   1.5400000000000000       0.98970179009453452     
   1.6100000000000001       0.98252219031293819     
   1.6799999999999999       0.97341216647614903     
   1.7500000000000002       0.98173447298371264     
   1.8200000000000003       0.98047313924076362     
   1.8900000000000001       0.98807216960601141     
   1.9600000000000002       0.99000878678999960     
   2.0300000000000002       0.96827896261412894     
   2.1000000000000001       0.93682117397332987     
   2.1700000000000004       0.95408138003090526     
   2.2400000000000002       0.98504145328739467     
   2.3100000000000001       0.96095684738739506     
   2.3799999999999999       0.98624964098566725     
   2.4500000000000002       0.99301995688445766     
   2.5200000000000005       0.98119628413307658     
   2.5900000000000003       0.97699151769306181     
   2.6600000000000001       0.98981350503216425     
   2.7300000000000000       0.97848301226705003     
   2.8000000000000003       0.98533613917982654     
   2.8700000000000006       0.97069525658134659     
   2.9400000000000004       0.97866180152919091     
   3.0100000000000002       0.97759452989737028     
   3.0800000000000001       0.97239712745532192     
   3.1499999999999999       0.98336567874187830     
   3.2200000000000002       0.95664966723228584     
   3.2900000000000000       0.97680498788627457     
   3.3599999999999999       0.98147401109360466     
   3.4300000000000006       0.98302982896069124     
   3.5000000000000004       0.97745069525681894     
   3.5700000000000003       0.98023138606207183     
   3.6400000000000006       0.99032289445595623     
   3.7100000000000004       0.98704237407564654     
   3.7800000000000002       0.97666815986941169     
   3.8500000000000001       0.97779992512232317     
   3.9200000000000004       0.98053719640422154     
   3.9900000000000002       0.99361770730693366     
   4.0600000000000005       0.97316867390022666     
   4.1300000000000008       0.94781571679429588     
   4.2000000000000002       0.98946319368904223     
   4.2700000000000005       0.98102728921443072     
   4.3400000000000007       0.97740245043533813     
   4.4100000000000001       0.97658659590568697     
   4.4800000000000004       0.98180319071222033     
   4.5500000000000007       0.98431620586801694     
   4.6200000000000001       0.97080726451558497     
   4.6900000000000004       0.96610567476337983     
   4.7599999999999998       0.94951667069028189     
   4.8300000000000001       0.97431607723254543     
   4.9000000000000004       0.97283955390515231     
   4.9700000000000006       0.97512554433203602     
   5.0400000000000009       0.96966268170947501     
   5.1100000000000003       0.98553673651202645     
   5.1800000000000006       0.96077382641745046     
   5.2500000000000000       0.97727752867274376     
   5.3200000000000003       0.98332001267231250     
   5.3900000000000006       0.97786246339450311     
   5.4600000000000000       0.95871411595377254     
   5.5300000000000002       0.96634508173356537     
   5.6000000000000005       0.96711987137377986     
   5.6700000000000008       0.98789354265107321     
   5.7400000000000011       0.98550150926073954     
   5.8100000000000005       0.97310345577083435     
   5.8800000000000008       0.98425343730378867     
   5.9500000000000002       0.97679855701582596     
   6.0200000000000005       0.98040788496821962     
   6.0900000000000007       0.98150266385917617     
   6.1600000000000001       0.95746196742317768     
   6.2300000000000004       0.97369501313531293     
   6.2999999999999998       0.98147258169476104     
   6.3700000000000001       0.97701956352880848     
   6.4400000000000004       0.98722083383555137     
   6.5099999999999998       0.96649966923409825     
   6.5800000000000001       0.98750739301155666     
   6.6500000000000004       0.98608166810877607     
   6.7199999999999998       0.97017724980672504     
   6.7900000000000009       0.98709790551527643     
   6.8600000000000012       0.98551904040610561     
   6.9300000000000006       0.95411221300314997     
   7.0000000000000009       0.98508834706750725     
   7.0700000000000012       0.97304905041732226     
   7.1400000000000006       0.98132386588897214     
   7.2100000000000009       0.98674302237478839     
   7.2800000000000011       0.98653466033626003     
   7.3500000000000005       0.98900144877952167     
   7.4200000000000008       0.95496568517916935     
   7.4900000000000002       0.98816316296917306     
   7.5600000000000005       0.97006483982260550     
   7.6300000000000008       0.95639267750298629     
   7.7000000000000002       0.99024203902118335     
   7.7700000000000005       0.98834196589969070     
   7.8400000000000007       0.98597780242503763     
   7.9100000000000001       0.98877589165635105     
   7.9800000000000004       0.98667616537670177     
   8.0500000000000007       0.98641219716720663     
   8.1200000000000010       0.98630787020488664     
   8.1899999999999995       0.98812397611230629     
   8.2600000000000016       0.97781852533112024     
   8.3300000000000018       0.96754483362810106     
   8.4000000000000004       0.98693218169765939     
   8.4700000000000006       0.98256465100221591     
   8.5400000000000009       0.97462711335267727     
   8.6100000000000012       0.98762598120823408     
   8.6800000000000015       0.98473223331127580     
   8.7500000000000018       0.97435670980180300     
   8.8200000000000003       0.98216084621054922     
   8.8900000000000006       0.98450095544190319     
   8.9600000000000009       0.99061606029044125     
   9.0300000000000011       0.98859000957451337     
   9.1000000000000014       0.98863245958376755     
   9.1699999999999999       0.98283023619108045     
   9.2400000000000002       0.98896439893974786     
   9.3100000000000005       0.98677554436161452     
   9.3800000000000008       0.97466441783000124     
   9.4500000000000011       0.98867738756888679     
   9.5199999999999996       0.98985738487652464     
   9.5899999999999999       0.98010087980233962     
   9.6600000000000001       0.98981112093870882     
   9.7300000000000022       0.98991682141173920     
   9.8000000000000007       0.99055414664521169     
   9.8700000000000010       0.98787899138910085     
   9.9400000000000013       0.97823978129392264     
   10.010000000000002       0.99242570304381916     
   10.080000000000002       0.98207215641249679     
   10.150000000000000       0.99139382196560066     
   10.220000000000001       0.98894276756015564     
   10.290000000000001       0.98812626237288914     
   10.360000000000001       0.98677168404900728     
   10.430000000000001       0.98721676988964058     
   10.500000000000000       0.98724290068566212     
   10.570000000000000       0.98105880399908640     
   10.640000000000001       0.99071782374839945     
   10.710000000000001       0.98808523754505950     
   10.780000000000001       0.99254920888573828     
   10.850000000000001       0.98979577532815288     
   10.920000000000000       0.98539914675816320     
   10.990000000000000       0.98553930451965921     
   11.060000000000000       0.98562693225666442     
   11.130000000000001       0.98896916740601204     
   11.200000000000001       0.98997774761164048     
   11.270000000000001       0.99044155032259806     
   11.340000000000002       0.96574582628665628     
   11.410000000000002       0.98829890643381457     
   11.480000000000002       0.98859968492159411     
   11.550000000000001       0.98556842446548443     
   11.620000000000001       0.98380422488360941     
   11.690000000000001       0.97413796157886112     
   11.760000000000002       0.98537111031536639     
   11.830000000000002       0.99048536465739712     
   11.900000000000000       0.98322223678248011     
   11.970000000000001       0.98792771674428081     
   12.040000000000001       0.97997265180198379     
   12.110000000000001       0.98620906774755590     
   12.180000000000001       0.99135552922391224     
   12.250000000000000       0.98959608436860469     
   12.320000000000000       0.98741168216004171     
   12.390000000000001       0.98636989531796948     
   12.460000000000001       0.99090675314595689     
   12.530000000000001       0.97716450915501163     
   12.600000000000000       0.98845426459809382     
   12.670000000000000       0.99143960336593295     
   12.740000000000000       0.98399362373238930     
   12.810000000000000       0.98950630213996338     
   12.880000000000001       0.99175460958203776     
   12.950000000000001       0.98953971323547685     
   13.020000000000000       0.98619689688971635     
   13.090000000000000       0.99037121167795139     
   13.160000000000000       0.98784277969742806     
   13.230000000000000       0.98928542052786572     
   13.300000000000001       0.98536017886935767     
   13.369999999999999       0.98136231086836401     
   13.440000000000000       0.98661975638390798     
   13.510000000000002       0.98651629822788001     
   13.580000000000002       0.98881120596721439     
   13.650000000000002       0.99174741358968366     
   13.720000000000002       0.98270343671542715     
   13.790000000000003       0.98704636611801333     
   13.860000000000001       0.98385964641510215     
   13.930000000000001       0.98795156974756693     
   14.000000000000002       0.98619078845669383     
   14.070000000000002       0.98040503892294584     
   14.140000000000002       0.97516221652565571     
   14.210000000000003       0.98273145697102016     
   14.280000000000001       0.98303106034794474     
   14.350000000000001       0.99243503321638893     
   14.420000000000002       0.98804051099861134     
   14.490000000000002       0.99138485734880932     
   14.560000000000002       0.99018112952317461     
   14.630000000000001       0.99249953421374282     
   14.700000000000001       0.98635641149483966     
   14.770000000000001       0.98498571526634005     
   14.840000000000002       0.98746375975104950     
   14.910000000000002       0.99079609453999673     
   14.980000000000000       0.98721260802341815     
   15.050000000000001       0.97945538779025587     
   15.120000000000001       0.99046597630699484     
   15.190000000000001       0.98810928035488610     
   15.260000000000002       0.97988274207892878     
   15.330000000000002       0.99336671035056878     
   15.400000000000000       0.99218201940212658     
   15.470000000000001       0.98891461459746632     
   15.540000000000001       0.98803551280999002     
   15.610000000000001       0.97526029260251790     
   15.680000000000001       0.98158758487890374     
   15.750000000000000       0.97474823706547231     
   15.820000000000000       0.98426711492674546     
   15.890000000000001       0.99025662907578826     
   15.960000000000001       0.98719748353288539     
   16.030000000000001       0.98878778348208529     
   16.100000000000001       0.98983753247658346     
   16.170000000000002       0.99096922657612330     
   16.240000000000002       0.98953421055100532     
   16.309999999999999       0.98719178149844877     
   16.379999999999999       0.97773971920479430     
   16.450000000000003       0.98433269395322898     
   16.520000000000003       0.97815824957587760     
   16.590000000000003       0.98550542051138190     
   16.660000000000004       0.98536086403905354     
   16.730000000000004       0.99065288183319111     
   16.800000000000001       0.98770670520712922     
   16.870000000000001       0.98756989250048433     
   16.940000000000001       0.98561879798526097     
   17.010000000000002       0.98476348432197081     
   17.080000000000002       0.98549357439151641     
   17.150000000000002       0.98894652491607571     
   17.220000000000002       0.98489937253228521     
   17.290000000000003       0.98344185488815339     
   17.360000000000003       0.98685142938871162     
   17.430000000000003       0.98185946445576988     
   17.500000000000004       0.98708160362909625     
   17.570000000000000       0.98455945439605819     
   17.640000000000001       0.98895685523189514     
   17.710000000000001       0.98014029949731285     
   17.780000000000001       0.98420018426381528     
   17.850000000000001       0.98537350853065353     
   17.920000000000002       0.98600106245774255     
   17.990000000000002       0.98608632721527334     
   18.060000000000002       0.98915297763813559     
   18.130000000000003       0.98868752058287779     
   18.200000000000003       0.99072075354061973     
   18.270000000000000       0.98879606856009461     
   18.340000000000000       0.98994392888182425     
   18.410000000000000       0.98630241396367957     
   18.480000000000000       0.98423973223620298     
   18.550000000000001       0.98870121733305572     
   18.620000000000001       0.98562950330847554     
   18.690000000000001       0.97489456587746226     
   18.760000000000002       0.98839166553860047     
   18.830000000000002       0.98909349205416164     
   18.900000000000002       0.98247254065688538     
   18.970000000000002       0.99096169170931114     
   19.039999999999999       0.98727451485328854     
   19.109999999999999       0.99102804079755424     
   19.180000000000000       0.98837088868631062     
   19.250000000000000       0.98402739374894399     
   19.320000000000000       0.99064776783072905     
   19.390000000000001       0.97583261576637825     
   19.460000000000004       0.99009094354467264     
   19.530000000000001       0.96867883144003375     
   19.600000000000001       0.98624165857026247     
   19.670000000000002       0.98723296095693669     
   19.740000000000002       0.98667534755262010     
   19.810000000000002       0.97769426740987742     
   19.880000000000003       0.98407005115740354     
   19.950000000000003       0.98648289240494691     
   20.020000000000003       0.97352809438552224     
   20.090000000000003       0.98185632555408631     
   20.160000000000004       0.98724450722465762     
   20.230000000000004       0.99060856655634377     
   20.300000000000001       0.98353549122366490     
   20.370000000000001       0.98265168537828229     
   20.440000000000001       0.98849331007819818     
   20.510000000000002       0.98421017491433227     
   20.580000000000002       0.98882263763057265     
   20.650000000000002       0.97964977277783039     
   20.720000000000002       0.97506104255001669     
   20.790000000000003       0.98683530987947432     
   20.860000000000003       0.98384117916504543     
   20.930000000000003       0.98038721834586184     
   21.000000000000000       0.98470806438638347     
   21.070000000000000       0.97940198820031299     
   21.140000000000001       0.98427651875114952     
   21.210000000000001       0.99087804267150437     
   21.280000000000001       0.98763155690509852     
   21.350000000000001       0.97484782914834966     
   21.420000000000002       0.98637132698195806     
   21.490000000000002       0.98366113860023230     
   21.560000000000002       0.98011834530808228     
   21.630000000000003       0.96899690022523433     
   21.700000000000003       0.98351836948631155     
   21.770000000000000       0.98069577793203810     
   21.840000000000000       0.98716794355738291     
   21.910000000000000       0.97613275747741601     
   21.980000000000000       0.98036445614836798     
   22.050000000000001       0.98283045239178779     
   22.120000000000001       0.96701128119389901     
   22.190000000000001       0.97941147441514220     
   22.260000000000002       0.98331224470200440     
   22.330000000000002       0.98881825740147633     
   22.400000000000002       0.98789800457628685     
   22.470000000000002       0.98668147277688778     
   22.540000000000003       0.98575649070433846     
   22.609999999999999       0.97817874300110474     
   22.680000000000003       0.98830075549715612     
   22.750000000000000       0.97816638814754886     
   22.820000000000004       0.98647863040667216     
   22.890000000000001       0.97376050768004607     
   22.960000000000004       0.98468724735980118     
   23.030000000000001       0.97377091054264120     
   23.100000000000001       0.98487544695238494     
   23.170000000000002       0.98282627918055654     
   23.240000000000002       0.98613791963809416     
   23.309999999999999       0.99193503553390128     
   23.380000000000003       0.97675499149802836     
   23.449999999999999       0.98214499305654990     
   23.520000000000003       0.98609723787132753     
   23.590000000000000       0.98006423284015609     
   23.660000000000004       0.96770098708864605     
   23.730000000000000       0.97990889693880145     
   23.800000000000001       0.97251436599477648     
   23.870000000000001       0.98595307140662047     
   23.940000000000001       0.98464878263952627     
   24.010000000000005       0.98487822692293892     
   24.080000000000002       0.98162137648486636     
   24.150000000000006       0.98102794346656996     
   24.220000000000002       0.97967246232290794     
   24.290000000000003       0.97999195634118075     
   24.360000000000003       0.98373228301019555     
   24.430000000000003       0.98630502022697086     
   24.500000000000000       0.98577591055473324     
   24.570000000000004       0.98800336061379856     
   24.640000000000001       0.97919995727688880     
   24.710000000000004       0.98271871840605629     
   24.780000000000001       0.97739183741822022     
   24.850000000000005       0.98001001063344328     
   24.920000000000002       0.98245362419277682     
   24.990000000000002       0.96636691026207477     
   25.060000000000002       0.97890126854519277     
   25.130000000000003       0.98504846261861079     
   25.199999999999999       0.98649502214027618     
   25.270000000000003       0.98011229867154159     
   25.340000000000000       0.97716552190587891     
   25.410000000000004       0.98141328645697667     
   25.480000000000000       0.98682320365179488     
   25.550000000000004       0.98573408771962856     
   25.620000000000001       0.98309681927610160     
   25.690000000000005       0.98179589555398594     
   25.760000000000002       0.98462071103663673     
   25.830000000000002       0.97376641773654193     
   25.900000000000002       0.96832060608601755     
   25.970000000000002       0.97897829675862680     
   26.039999999999999       0.98284776566686982     
   26.110000000000003       0.97759250985241464     
   26.180000000000000       0.98233316524049319     
   26.250000000000004       0.96907672967839475     
   26.320000000000000       0.98043789401903703     
   26.390000000000004       0.98200443166927132     
   26.460000000000001       0.98749451130945887     
   26.530000000000001       0.97574948503660797     
   26.600000000000001       0.98373864726317151     
   26.670000000000002       0.98025625165296482     
   26.739999999999998       0.98891654490989178     
   26.810000000000002       0.96798560742335249     
   26.879999999999999       0.97961320684281716     
   26.950000000000003       0.97916136699736755     
   27.020000000000003       0.97914189194506340     
   27.090000000000003       0.95605023140269874     
   27.160000000000004       0.97925494071803165     
   27.230000000000000       0.97617359568137319     
   27.300000000000004       0.97706535829741015     
   27.370000000000001       0.98438295604754011     
   27.440000000000005       0.96810622011104386     
   27.510000000000002       0.98497529579680820     
   27.580000000000005       0.97897057039425517     
   27.650000000000002       0.98048425892557267     
   27.720000000000002       0.98116934230189445     
   27.790000000000003       0.97653594862694360     
   27.860000000000003       0.98023125357043794     
   27.930000000000000       0.96929383173863171     
   28.000000000000004       0.97937474903355681     
   28.070000000000000       0.96844245989557820     
   28.140000000000004       0.97372573675895635     
   28.210000000000001       0.97549681046469217     
   28.280000000000005       0.97254632725766765     
   28.350000000000001       0.97998118162127013     
   28.420000000000005       0.98175640391349206     
   28.490000000000002       0.97658528231548003     
   28.560000000000002       0.97329839005506980     
   28.630000000000003       0.98334246511465762     
   28.700000000000003       0.97663777732486934     
   28.770000000000000       0.96884566588103482     
   28.840000000000003       0.96259436409017740     
   28.910000000000000       0.97607928980209069     
   28.980000000000004       0.95962112899430208     
   29.050000000000001       0.98325747614377268     
   29.120000000000005       0.97838590825222616     
   29.190000000000001       0.97027334404999876     
   29.260000000000002       0.97790731785670004     
   29.330000000000002       0.97551148386766040     
   29.400000000000002       0.98806172798660930     
   29.469999999999999       0.97022626478754392     
   29.540000000000003       0.96970692324155650     
   29.609999999999999       0.97244665486389981     
   29.680000000000003       0.97304824435590220     
   29.750000000000000       0.97474044734290899     
   29.820000000000004       0.97321658731434579     
   29.890000000000004       0.97591303728352519     
   29.960000000000001       0.97760780353944743     
   30.030000000000005       0.97590316550042400     
   30.100000000000001       0.97967612064108678     
   30.170000000000005       0.98367331794024093     
   30.240000000000002       0.97858198757114112     
   30.310000000000006       0.97911434330522940     
   30.380000000000003       0.96933034220349634     
   30.450000000000003       0.98359883629225120     
   30.520000000000003       0.98005021291042871     
   30.590000000000003       0.98215759853507734     
   30.660000000000004       0.97256209895814205     
   30.730000000000004       0.98043034660825623     
   30.800000000000001       0.98195390285620254     
   30.870000000000005       0.97906267480993314     
   30.940000000000001       0.97643045554265007     
   31.010000000000005       0.97783416089650887     
   31.080000000000002       0.96025810856041549     
   31.150000000000006       0.97874124796248563     
   31.220000000000002       0.96981341335088056     
   31.290000000000003       0.98499205388796796     
   31.360000000000003       0.96986672007890040     
   31.430000000000003       0.98021510749667906     
   31.500000000000000       0.95044597217662874     
   31.570000000000004       0.98378077793041963     
   31.640000000000001       0.97706021960298695     
   31.710000000000004       0.96689200350807158     
   31.780000000000001       0.97608695887111629     
   31.850000000000005       0.97374238879301100     
   31.920000000000002       0.98687087997362477     
   31.990000000000002       0.97987849914753078     
   32.060000000000002       0.97422659609287143     
   32.130000000000003       0.97839494971450758     
   32.200000000000003       0.97123408953199197     
   32.270000000000003       0.97541691050872426     
   32.340000000000003       0.98184673343544204     
   32.410000000000004       0.97804349063865614     
   32.480000000000004       0.97865038397629989     
   32.550000000000004       0.98141666349835988     
   32.619999999999997       0.98143922109281712     
   32.690000000000005       0.97727855298662314     
   32.759999999999998       0.98293035094011982     
   32.830000000000005       0.97335532400179392     
   32.900000000000006       0.97728066468656760     
   32.970000000000006       0.97102202770999380     
   33.040000000000006       0.97406867489768023     
   33.109999999999999       0.96881187751887832     
   33.180000000000007       0.96944611686449222     
   33.250000000000000       0.97195521148498287     
   33.320000000000007       0.98651178670353357     
   33.390000000000001       0.98215093227177930     
   33.460000000000008       0.98771237990561489     
   33.530000000000001       0.97514126622275932     
   33.600000000000001       0.96509443218370350     
   33.670000000000002       0.97194400745762077     
   33.740000000000002       0.97932193435578185     
   33.810000000000002       0.97904822084574450     
   33.880000000000003       0.96557719665876074     
   33.950000000000003       0.96761356710963997     
   34.020000000000003       0.97282731368615638     
   34.090000000000003       0.96110282636410183     
   34.160000000000004       0.97798520587352966     
   34.230000000000004       0.98002400698043779     
   34.300000000000004       0.97905934001431238     
   34.370000000000005       0.97754869727634552     
   34.440000000000005       0.97094523376951092     
   34.509999999999998       0.97311588767973844     
   34.580000000000005       0.97711170580254381     
   34.649999999999999       0.97543995075389300     
   34.720000000000006       0.95107594662160944     
   34.789999999999999       0.97472917844524543     
   34.860000000000007       0.97501672468144895     
   34.930000000000000       0.98135108815424565     
   35.000000000000007       0.97936619231827460     
   35.070000000000000       0.98137565079253519     
   35.140000000000001       0.97158055198432103     
   35.210000000000001       0.98542721189458005     
   35.280000000000001       0.97656214062936919     
   35.350000000000001       0.97516728625702287     
   35.420000000000002       0.97449053985753231     
   35.490000000000002       0.97371161709955822     
   35.560000000000002       0.96690340009383102     
   35.630000000000003       0.97294519798558454     
   35.700000000000003       0.97727002541267738     
   35.770000000000003       0.97964881239320822     
   35.840000000000003       0.98313695076932106     
   35.910000000000004       0.97941906160010606     
   35.980000000000004       0.97308826407991655     
   36.050000000000004       0.96869434673629906     
   36.120000000000005       0.98126946961099837     
   36.190000000000005       0.97489343186368882     
   36.260000000000005       0.98420824597976109     
   36.330000000000005       0.97278672315873682     
   36.400000000000006       0.97540366413339896     
   36.470000000000006       0.97630897876071443     
   36.539999999999999       0.97199656918509092     
   36.610000000000007       0.97023345200297073     
   36.680000000000000       0.97345126503224477     
   36.750000000000007       0.98014120653001324     
   36.820000000000000       0.96692145559726161     
   36.890000000000008       0.96641288894792543     
   36.960000000000001       0.97142868981031327     
   37.030000000000001       0.96715439636003531     
   37.100000000000001       0.96736692419660475     
   37.170000000000002       0.97710018887718719     
   37.240000000000002       0.96617187179242370     
   37.310000000000002       0.96741648465435293     
   37.380000000000003       0.97555187615097827     
   37.450000000000003       0.97258651980737987     
   37.520000000000003       0.97862573653767715     
   37.590000000000003       0.96832471920139618     
   37.660000000000004       0.97822238172478115     
   37.730000000000004       0.96090659286589075     
   37.800000000000004       0.97721466787020750     
   37.870000000000005       0.98365088401235767     
   37.940000000000005       0.97317144176734738     
   38.010000000000005       0.97100018657321663     
   38.079999999999998       0.97457612956614814     
   38.150000000000006       0.96981271606249631     
   38.219999999999999       0.96481934620830390     
   38.290000000000006       0.97310460559807177     
   38.359999999999999       0.96126709768311547     
   38.430000000000007       0.96249251765185251     
   38.500000000000000       0.96935137453412534     
   38.570000000000000       0.97563253378078096     
   38.640000000000001       0.98492150695242131     
   38.710000000000001       0.96578764354251612     
   38.780000000000001       0.96388377345884924     
   38.850000000000001       0.97792158697939768     
   38.920000000000009       0.95833733151363765     
   38.990000000000002       0.96948931361062363     
   39.060000000000002       0.97306302570937764     
   39.130000000000003       0.95695669836838759     
   39.200000000000003       0.97533404605682206     
   39.270000000000003       0.95896744410750256     
   39.340000000000003       0.94242252472196242     
   39.410000000000004       0.97211912400738165     
   39.480000000000004       0.95941164515626876     
   39.550000000000004       0.97591346099117160     
   39.620000000000005       0.96606335013638400     
   39.690000000000005       0.96538123606201809     
   39.760000000000005       0.94700635399067623     
   39.830000000000005       0.95727918228558828     
   39.900000000000006       0.97227268725874882     
   39.970000000000006       0.96130218918749033     
   40.040000000000006       0.96847256339605492     
   40.109999999999999       0.95761264404996149     
   40.180000000000007       0.97429676717492097     
   40.250000000000000       0.96798908878065537     
   40.320000000000007       0.96229108943567820     
   40.390000000000001       0.97582062476759635     
   40.460000000000008       0.96504251449973599     
   40.530000000000001       0.95430952227336163     
   40.600000000000001       0.96353249019610154     
   40.670000000000002       0.96432597148278409     
   40.740000000000002       0.97259496059301098     
   40.810000000000002       0.97197036938840142     
   40.880000000000003       0.97844910961400089     
   40.950000000000003       0.97256663455150183     
   41.020000000000003       0.96543005131552828     
   41.090000000000003       0.95798764283044613     
   41.160000000000004       0.97500221810204002     
   41.230000000000004       0.94347344773318620     
   41.300000000000004       0.97455146830176209     
   41.370000000000005       0.97238616239242026     
   41.440000000000005       0.96566385588770576     
   41.509999999999998       0.97230780944965733     
   41.580000000000005       0.97890240248316296     
   41.649999999999999       0.96557644939639398     
   41.720000000000006       0.96680336995589722     
   41.789999999999999       0.96627854654879364     
   41.860000000000007       0.96767372571079568     
   41.930000000000007       0.96363250806886303     
   42.000000000000000       0.95076491224719650     
   42.070000000000007       0.97370075933834921     
   42.140000000000001       0.96903025852983904     
   42.210000000000008       0.96156924646964725     
   42.280000000000001       0.96303063865922467     
   42.350000000000009       0.97144536409419968     
   42.420000000000002       0.97604831356963961     
   42.490000000000009       0.96283929761918008     
   42.560000000000002       0.97255618269588018     
   42.630000000000003       0.97715948806139508     
   42.700000000000003       0.97391932853679886     
   42.770000000000003       0.97017910135240304     
   42.840000000000003       0.97243181901386833     
   42.910000000000004       0.97579371148539618     
   42.980000000000004       0.96488050606363607     
   43.050000000000004       0.96511149470478830     
   43.120000000000005       0.95222085412862500     
   43.190000000000005       0.96426438233243117     
   43.260000000000005       0.96416672532093362     
   43.330000000000005       0.97292136698050624     
   43.400000000000006       0.96129578118057224     
   43.470000000000006       0.96034386416176976     
   43.539999999999999       0.97282398233079559     
   43.610000000000007       0.97134052848911667     
   43.680000000000000       0.97243829419600158     
   43.750000000000007       0.97368068675544994     
   43.820000000000000       0.97393758259981311     
   43.890000000000008       0.96551733533225137     
   43.960000000000001       0.97445823504801066     
   44.030000000000001       0.96566311752015721     
   44.100000000000001       0.96495179003330922     
   44.170000000000002       0.97598908372386572     
   44.240000000000002       0.96111933539598315     
   44.310000000000002       0.97054211366584586     
   44.380000000000003       0.96382649413742116     
   44.450000000000003       0.96282632006515279     
   44.520000000000003       0.96794238379247832     
   44.590000000000003       0.96640126722548381     
   44.660000000000004       0.96873683449959003     
   44.730000000000004       0.97641358076709139     
   44.800000000000004       0.96916417275067490     
   44.870000000000005       0.95930333255747235     
   44.940000000000005       0.96513420103186054     
   45.010000000000005       0.97087167291531995     
   45.080000000000005       0.97551199729620819     
   45.150000000000006       0.97314322134271658     
   45.219999999999999       0.95985428459515754     
   45.290000000000006       0.95968683806685817     
   45.360000000000007       0.97241034735399257     
   45.430000000000007       0.97362998180424221     
   45.500000000000000       0.96685722072754710     
   45.570000000000000       0.95847991040641201     
   45.640000000000008       0.96744955511258390     
   45.710000000000008       0.96468150631214444     
   45.780000000000001       0.98004222361309268     
   45.850000000000001       0.96997133807094504     
   45.920000000000009       0.97972764884165109     
   45.990000000000009       0.97066471282918176     
   46.060000000000002       0.97369323681931008     
   46.130000000000003       0.97342967562439808     
   46.200000000000003       0.95239018904412187     
   46.270000000000010       0.95497320453442081     
   46.340000000000003       0.96109005805631742     
   46.410000000000004       0.96567150664994816     
   46.480000000000004       0.98060453369099809     
   46.550000000000004       0.97096917520223691     
   46.619999999999997       0.96754177544472342     
   46.690000000000005       0.97040374652003869     
   46.760000000000005       0.97260619878981003     
   46.830000000000005       0.97277543047641080     
   46.899999999999999       0.97143123623734673     
   46.969999999999999       0.97895006033693710     
   47.040000000000006       0.97528097624792320     
   47.110000000000007       0.95646900759092257     
   47.180000000000000       0.95901783660910500     
   47.250000000000000       0.97804476373151239     
   47.320000000000007       0.95900524617862515     
   47.390000000000008       0.95809549092869151     
   47.460000000000001       0.97079869266713004     
   47.530000000000001       0.97385214019863875     
   47.600000000000001       0.97973223207565752     
   47.670000000000009       0.97899856136702013     
   47.740000000000002       0.95688626570073632     
   47.810000000000002       0.96598797724256236     
   47.880000000000003       0.97627954306454856     
   47.950000000000010       0.96963829874394591     
   48.020000000000010       0.96204890556908296     
   48.090000000000003       0.96816414407146645     
   48.160000000000004       0.97387692444148433     
   48.230000000000004       0.96558370367530300     
   48.300000000000011       0.96363234627078476     
   48.370000000000005       0.97470273210252534     
   48.440000000000005       0.96879233379831320     
   48.510000000000005       0.97093354771839069     
   48.580000000000005       0.96816872037248702     
   48.649999999999999       0.97548749541443858     
   48.720000000000006       0.97559665776679616     
   48.790000000000006       0.97100497859808343     
   48.860000000000007       0.96118734821417506     
   48.930000000000000       0.96523270286514085     
   49.000000000000000       0.97055656574224103     
   49.070000000000007       0.97137672531940367     
   49.140000000000008       0.96435086854423691     
   49.210000000000001       0.97627800426069555     
   49.280000000000001       0.95711186995365438     
   49.350000000000009       0.96285286284762872     
   49.420000000000009       0.97068281711807003     
   49.490000000000002       0.96030249666290712     
   49.560000000000002       0.96806973395414997     
   49.630000000000003       0.95059501213350361     
   49.700000000000010       0.95346876637293387     
   49.770000000000003       0.97915033231040960     
   49.840000000000003       0.95014733377011640     
   49.910000000000004       0.96844787066107740     
   49.980000000000004       0.95225746552120027     
   50.049999999999997       0.96525170683426531     
   50.120000000000005       0.96651665087032845     
   50.190000000000005       0.96541473622136775     
   50.260000000000005       0.96812274387173247     
   50.329999999999998       0.95816204257600546     
   50.399999999999999       0.97083071610832672     
   50.470000000000006       0.95440471246736025     
   50.540000000000006       0.95121269108834094     
   50.609999999999999       0.96724285423221734     
   50.680000000000000       0.96394031605019093     
   50.750000000000007       0.96462224397359786     
   50.820000000000007       0.97339906682166755     
   50.890000000000008       0.97211522755910973     
   50.960000000000001       0.96672183187056515     
   51.030000000000001       0.95724237254763012     
   51.100000000000009       0.96540472988586501     
   51.170000000000009       0.96431594184185387     
   51.240000000000002       0.97302307813465749     
   51.310000000000002       0.97019645686651224     
   51.380000000000010       0.96919060845421312     
   51.450000000000010       0.97196077991072538     
   51.520000000000003       0.96194468445470649     
   51.590000000000003       0.96991376121681361     
   51.660000000000004       0.96890526737131566     
   51.730000000000011       0.96869553189949653     
   51.800000000000004       0.97511821792574438     
   51.870000000000005       0.96545667515696176     
   51.940000000000005       0.97748412009174601     
   52.010000000000005       0.97931383208489142     
   52.079999999999998       0.97519015003974985     
   52.150000000000006       0.95797873147770130     
   52.220000000000006       0.96227492620812671     
   52.290000000000006       0.96815630906063233     
   52.359999999999999       0.97465395470087801     
   52.430000000000000       0.96551685780433405     
   52.500000000000007       0.96806962536113361     
   52.570000000000007       0.96764666372213637     
   52.640000000000001       0.96088457046228049     
   52.710000000000001       0.96624088334754177     
   52.780000000000008       0.97122160454783779     
   52.850000000000009       0.97007431441510472     
   52.920000000000002       0.95726943145487009     
   52.990000000000002       0.97684487557997912     
   53.060000000000002       0.95973113884470995     
   53.130000000000010       0.97185497555162892     
   53.200000000000003       0.95816291522831420     
   53.270000000000003       0.96466689919039750     
   53.340000000000003       0.96437209735416785     
   53.410000000000011       0.97173681037917692     
   53.479999999999997       0.96741927582705878     
   53.550000000000004       0.95757642591009473     
   53.620000000000005       0.95987342041377210     
   53.690000000000005       0.97479680455234108     
   53.759999999999998       0.96426952757603623     
   53.830000000000005       0.96891402383453318     
   53.900000000000006       0.95305274542116802     
   53.970000000000006       0.97061883406515559     
   54.040000000000006       0.96412576768722957     
   54.109999999999999       0.96919936805132634     
   54.180000000000007       0.94069142381422355     
   54.250000000000007       0.97009381779872761     
   54.320000000000007       0.97603866282264484     
   54.390000000000001       0.97174202767146389     
   54.460000000000001       0.97081861796633540     
   54.530000000000008       0.96894482063884690     
   54.600000000000009       0.96720170762925284     
   54.670000000000002       0.96608033997892473     
   54.740000000000002       0.97130961073786537     
   54.810000000000009       0.97304494478980663     
   54.880000000000010       0.97464608661264285     
   54.950000000000003       0.95606920971823339     
   55.020000000000003       0.97392941898627483     
   55.090000000000003       0.97408943430494310     
   55.160000000000011       0.96348152313909718     
   55.230000000000004       0.95833458313242847     
   55.300000000000004       0.97275055995308091     
   55.370000000000005       0.96489876276141140     
   55.440000000000005       0.95065537710741443     
   55.509999999999998       0.96637500361715434     
   55.580000000000005       0.97116024241257570     
   55.650000000000006       0.98167637111425543     
   55.720000000000006       0.96459648763465378     
   55.789999999999999       0.97601911366164773     
   55.859999999999999       0.96399822194460061     
   55.930000000000007       0.97487916787095263     
   56.000000000000007       0.96241119082701065     
   56.070000000000000       0.96542638505630241     
   56.140000000000001       0.96786710895225569     
   56.210000000000008       0.95988890347910572     
   56.280000000000008       0.93946678908295289     
   56.350000000000001       0.95797704859289434     
   56.420000000000002       0.95439101568047380     
   56.490000000000002       0.97448849284080019     
   56.560000000000009       0.96136112855575850     
   56.630000000000003       0.96434310322266958     
   56.700000000000003       0.97622173019871861     
   56.770000000000003       0.97062200728149206     
   56.840000000000011       0.97927630081613604     
   56.910000000000011       0.97101230708897390     
   56.980000000000004       0.97074670373968763     
   57.050000000000004       0.96265413357347007     
   57.120000000000005       0.95709486765467167     
   57.190000000000012       0.96762368204305749     
   57.260000000000005       0.97160869409736883     
   57.330000000000005       0.97488283823968835     
   57.400000000000006       0.96833319887822278     
   57.470000000000006       0.96760111824753781     
   57.539999999999999       0.97055777068519999     
   57.610000000000007       0.95396095829583027     
   57.680000000000007       0.97054537959080622     
   57.750000000000007       0.97321878846241550     
   57.820000000000000       0.95636360837310841     
   57.890000000000001       0.97914697797223460     
   57.960000000000008       0.97392685009646662     
   58.030000000000008       0.95667204449085530     
   58.100000000000001       0.97147731046272967     
   58.170000000000002       0.96320346068255158     
   58.240000000000009       0.95824701040322646     
   58.310000000000009       0.96158577137404755     
   58.380000000000003       0.96357524968864972     
   58.450000000000003       0.97517495084278039     
   58.520000000000003       0.97100841191901777     
   58.590000000000011       0.96974145192558681     
   58.660000000000004       0.96743291628063621     
   58.730000000000004       0.97378477826143750     
   58.800000000000004       0.96571125777890721     
   58.870000000000012       0.94531625175758338     
   58.939999999999998       0.96245881285479229     
   59.010000000000005       0.96892338230821962     
   59.080000000000005       0.96357367785980896     
   59.150000000000006       0.96208308365682682     
   59.219999999999999       0.98242587363335743     
   59.290000000000006       0.97383861241395964     
   59.360000000000007       0.97341202888286493     
   59.430000000000007       0.97069850469833041     
   59.500000000000000       0.96715685544429197     
   59.570000000000000       0.95959049399652063     
   59.640000000000008       0.96885147935409255     
   59.710000000000008       0.97018121916170952     
   59.780000000000008       0.95854955177035472     
   59.850000000000001       0.96873672582349357     
   59.920000000000002       0.97294236393593414     
   59.990000000000009       0.97771306529233115     
   60.060000000000009       0.96013666415911392     
   60.130000000000003       0.96878992863887770     
   60.200000000000003       0.96957077088836041     
   60.270000000000010       0.96204539289985502     
   60.340000000000011       0.95566092026376659     
   60.410000000000004       0.94200824113520942     
   60.480000000000004       0.96218045380445161     
   60.550000000000004       0.97348222479055058     
   60.620000000000012       0.97393376970728562     
   60.690000000000005       0.96899248282450345     
   60.760000000000005       0.95484636053296434     
   60.830000000000005       0.97630338605950384     
   60.900000000000006       0.95049300543427917     
   60.969999999999999       0.96792976368658190     
   61.040000000000006       0.97406769744733956     
   61.110000000000007       0.96697868153530941     
   61.180000000000007       0.96470204498535050     
   61.250000000000000       0.97297236997470826     
   61.320000000000007       0.96829210938906418     
   61.390000000000008       0.95959714808914720     
   61.460000000000008       0.95438073996172246     
   61.530000000000001       0.96329534471821909     
   61.600000000000001       0.96088762633719926     
   61.670000000000009       0.95482779110665417     
   61.740000000000009       0.96879513757042635     
   61.810000000000002       0.96550049042144948     
   61.880000000000003       0.95481881884714204     
   61.950000000000003       0.95852519360739774     
   62.020000000000010       0.96261209705429984     
   62.090000000000003       0.97305913714336389     
   62.160000000000004       0.97371695704356742     
   62.230000000000004       0.96195944713155546     
   62.300000000000011       0.96110404035423624     
   62.369999999999997       0.96314786065533009     
   62.440000000000005       0.95792082259759936     
   62.510000000000005       0.95214653034969254     
   62.580000000000005       0.97118620651074061     
   62.649999999999999       0.96740622436863988     
   62.720000000000006       0.95357239167829710     
   62.790000000000006       0.96770427034236794     
   62.860000000000007       0.94554410197284156     
   62.930000000000007       0.94978314095340943     
   63.000000000000000       0.96012899102549942     
   63.070000000000007       0.96916183349478724     
   63.140000000000008       0.95402653693459272     
   63.210000000000008       0.96984901502883791     
   63.280000000000001       0.96089999425354833     
   63.350000000000001       0.97792177365000232     
   63.420000000000009       0.96961673611336552     
   63.490000000000009       0.97967812972518009     
   63.560000000000002       0.97136532227875927     
   63.630000000000003       0.97491990574031984     
   63.700000000000010       0.96311096727969059     
   63.770000000000010       0.96370357166680420     
   63.840000000000003       0.96435540624362881     
   63.910000000000004       0.96516278223080010     
   63.980000000000004       0.96202674073109928     
   64.050000000000011       0.96716839656121867     
   64.120000000000005       0.97118075563888584     
   64.189999999999998       0.96309999979988292     
   64.260000000000005       0.95335695366412287     
   64.330000000000013       0.95531957895613917     
   64.400000000000006       0.97435366263585443     
   64.469999999999999       0.94403517328700215     
   64.540000000000006       0.97003109724368664     
   64.610000000000014       0.95250607112972085     
   64.680000000000007       0.95128706659272966     
   64.750000000000000       0.97146222053096376     
   64.820000000000007       0.96232516562262693     
   64.890000000000015       0.96053600363081348     
   64.960000000000008       0.97007625242212236     
   65.030000000000001       0.97178556677620553     
   65.100000000000009       0.97623319384297325     
   65.170000000000002       0.96093840082279280     
   65.239999999999995       0.97641503462810575     
   65.310000000000002       0.97006694058362064     
   65.380000000000010       0.97481033054204069     
   65.450000000000003       0.96872049733774190     
   65.519999999999996       0.95047115497995793     
   65.590000000000003       0.96118422941320314     
   65.660000000000011       0.95615543851700602     
   65.730000000000004       0.96503841883830488     
   65.800000000000011       0.95164504044612730     
   65.870000000000005       0.96650633964571431     
   65.940000000000012       0.95718003084026460     
   66.010000000000005       0.90233456713668769     
   66.080000000000013       0.96877799080403448     
   66.150000000000006       0.96467001956503740     
   66.219999999999999       0.97517268704600502     
   66.290000000000006       0.96263230057644256     
   66.360000000000014       0.97171952667353290     
   66.430000000000007       0.95365150438055613     
   66.500000000000000       0.96803209043807403     
   66.570000000000007       0.97556097666976216     
   66.640000000000015       0.96179520352997427     
   66.710000000000008       0.96259797689765270     
   66.780000000000001       0.96480302730441603     
   66.850000000000009       0.96227424083724822     
   66.920000000000016       0.96620489936655685     
   66.990000000000009       0.95117527804770852     
   67.060000000000002       0.97050079113086862     
   67.130000000000010       0.96996410820871293     
   67.200000000000003       0.95910767690228793     
   67.269999999999996       0.96709468322814895     
   67.340000000000003       0.95917958184813468     
   67.410000000000011       0.96754903391321057     
   67.480000000000004       0.95785980355252454     
   67.549999999999997       0.95953121191552460     
   67.620000000000005       0.96636184374506873     
   67.690000000000012       0.94395620589559792     
   67.760000000000005       0.96776978967915739     
   67.829999999999998       0.95291873793524773     
   67.900000000000006       0.96870080663836722     
   67.970000000000013       0.95561572193628708     
   68.040000000000006       0.95850659976561547     
   68.109999999999999       0.96452134992079075     
   68.180000000000007       0.93598771301580352     
   68.250000000000000       0.96776840103599093     
   68.320000000000007       0.95576329716092234     
   68.390000000000001       0.97620208200806513     
   68.460000000000008       0.97003850254340818     
   68.530000000000001       0.97179791445939789     
   68.600000000000009       0.97662465848624680     
   68.670000000000002       0.96970093735212726     
   68.740000000000009       0.95340571082993264     
   68.810000000000002       0.96880645883663474     
   68.880000000000010       0.96696221699638163     
   68.950000000000017       0.96905850356169043     
   69.019999999999996       0.96597485956083651     
   69.090000000000003       0.95541709689069443     
   69.160000000000011       0.95422825427664082     
   69.230000000000004       0.95756248061599236     
   69.299999999999997       0.96607530783252349     
   69.370000000000005       0.93787280264396067     
   69.440000000000012       0.95678045357215979     
   69.510000000000005       0.97065461225334237     
   69.579999999999998       0.96890074187801700     
   69.650000000000006       0.96399939941663360     
   69.720000000000013       0.97664746799284563     
   69.790000000000006       0.96644627968736208     
   69.859999999999999       0.97420444235495851     
   69.930000000000007       0.96788711996061239     
   70.000000000000014       0.95219953014671277     
   70.070000000000007       0.95917189562460026     
   70.140000000000001       0.96162040399267468     
   70.210000000000008       0.94830709551328940     
   70.280000000000001       0.96538692879809596     
   70.350000000000009       0.96558796832901517     
   70.420000000000002       0.97356040465249749     
   70.490000000000009       0.96134700292213893     
   70.560000000000002       0.97716291208664152     
   70.630000000000010       0.97290346017135620     
   70.700000000000003       0.96782432821025588     
   70.770000000000010       0.94369320599256956     
   70.840000000000003       0.97349748724728102     
   70.910000000000011       0.96620724959323390     
   70.980000000000004       0.97228139375965028     
   71.049999999999997       0.96892557135767754     
   71.120000000000005       0.97194922172156828     
   71.190000000000012       0.96643882879397514     
   71.260000000000005       0.96516161364866249     
   71.329999999999998       0.96415484459904344     
   71.400000000000006       0.97326022813598134     
   71.470000000000013       0.96657670625622549     
   71.540000000000006       0.96708980322098492     
   71.609999999999999       0.96363620772500047     
   71.680000000000007       0.97600522373070964     
   71.750000000000014       0.96229307419998977     
   71.820000000000007       0.96767205275584278     
   71.890000000000001       0.97339466238129257     
   71.960000000000008       0.95665348166282782     
   72.030000000000015       0.96421527434594401     
   72.100000000000009       0.95597290756009634     
   72.170000000000002       0.95449283892477943     
   72.240000000000009       0.94445509189572519     
   72.310000000000002       0.95157974006526480     
   72.380000000000010       0.96976086588049171     
   72.450000000000003       0.95224129814419234     
   72.520000000000010       0.95407699883657116     
   72.590000000000003       0.97147109952093391     
   72.660000000000011       0.94085124265301523     
   72.730000000000004       0.97850961076625220     
   72.800000000000011       0.95472284612048230     
   72.870000000000005       0.96178005906852382     
   72.940000000000012       0.97261528909673378     
   73.010000000000005       0.96146477787048379     
   73.079999999999998       0.95901756447049824     
   73.150000000000006       0.95548090689599041     
   73.220000000000013       0.97435617242387274     
   73.290000000000006       0.95578344752507782     
   73.359999999999999       0.96489658439748227     
   73.430000000000007       0.96105508207446289     
   73.500000000000014       0.96912410088670486     
   73.570000000000007       0.95129039296437101     
   73.640000000000001       0.96399822549240488     
   73.710000000000008       0.95914624496310918     
   73.780000000000015       0.97297019946691876     
   73.850000000000009       0.96020953235801154     
   73.920000000000002       0.97062906076129862     
   73.990000000000009       0.97171003273133649     
   74.060000000000002       0.95401100089568203     
   74.129999999999995       0.95654236602446496     
   74.200000000000003       0.96317734785345765     
   74.270000000000010       0.95957133761855629     
   74.340000000000003       0.96372598851158287     
   74.409999999999997       0.97944196307579112     
   74.480000000000004       0.97040946628202329     
   74.550000000000011       0.97425814202798999     
   74.620000000000005       0.96906912839521397     
   74.690000000000012       0.96412708813548476     
   74.760000000000005       0.96126844482807583     
   74.830000000000013       0.97739019940632377     
   74.900000000000006       0.95391908306905182     
   74.970000000000013       0.96863130654811191     
   75.040000000000006       0.96899003893029845     
   75.109999999999999       0.95570902353916098     
   75.180000000000007       0.96982458508417912     
   75.250000000000014       0.97196128915576230     
   75.320000000000007       0.96553370717095466     
   75.390000000000001       0.97500737986417274     
   75.460000000000008       0.94762492807321930     
   75.530000000000015       0.96712017016205176     
   75.600000000000009       0.95759141926066316     
   75.670000000000002       0.96704292325985464     
   75.740000000000009       0.96966267795280947     
   75.810000000000016       0.96147284320399007     
   75.880000000000010       0.95427977720739854     
   75.950000000000003       0.94643203035440859     
   76.020000000000010       0.93781655549411236     
   76.090000000000003       0.96675392863201448     
   76.159999999999997       0.96390458726875938     
   76.230000000000004       0.95010104701950926     
   76.300000000000011       0.96182893163268735     
   76.370000000000005       0.97305357023586170     
   76.439999999999998       0.96590772889593568     
   76.510000000000005       0.95649575875103110     
   76.580000000000013       0.95348618409890795     
   76.650000000000006       0.94281054346394211     
   76.719999999999999       0.94952325110833802     
   76.790000000000006       0.97015230071014880     
   76.860000000000014       0.96223914662219878     
   76.930000000000007       0.95600114481214937     
   77.000000000000000       0.95769867214945559     
   77.070000000000007       0.95000963929299498     
   77.140000000000001       0.96596041888571449     
   77.210000000000008       0.97314067106116187     
   77.280000000000001       0.95968288473397556     
   77.350000000000009       0.96295819475797728     
   77.420000000000002       0.96396858926386053     
   77.490000000000009       0.96195494046694729     
   77.560000000000002       0.96543065499620184     
   77.630000000000010       0.94979894635872242     
   77.700000000000003       0.96790043148879557     
   77.770000000000010       0.96115861710144035     
   77.840000000000018       0.96377768328640512     
   77.910000000000011       0.95452632664947523     
   77.980000000000004       0.96497288786018032     
   78.050000000000011       0.94901715645339324     
   78.120000000000005       0.95709177498653053     
   78.189999999999998       0.96769630605942913     
   78.260000000000005       0.97381946724281154     
   78.330000000000013       0.96076662954465863     
   78.400000000000006       0.96508666361611328     
   78.469999999999999       0.96592247257539909     
   78.540000000000006       0.96834724514917825     
   78.610000000000014       0.96605116491259402     
   78.680000000000007       0.96173076098647337     
   78.750000000000000       0.96240818034720732     
   78.820000000000007       0.97445521908626009     
   78.890000000000015       0.94506861744978821     
   78.960000000000008       0.95249359595286975     
   79.030000000000001       0.95844375925052250     
   79.100000000000009       0.94671157511038739     
   79.170000000000002       0.96561769714071644     
   79.240000000000009       0.95011758664974655     
   79.310000000000002       0.94942784945664283     
   79.380000000000010       0.93556133694853771     
   79.450000000000003       0.95190467064591988     
   79.520000000000010       0.95214758075348227     
   79.590000000000003       0.94282513217370212     
   79.660000000000011       0.96093365162316635     
   79.730000000000004       0.95078328102093601     
   79.800000000000011       0.95806075516798650     
   79.870000000000005       0.95938065292284047     
   79.940000000000012       0.94650936879687797     
   80.010000000000005       0.94078499627003798     
   80.080000000000013       0.97006026189676919     
   80.150000000000006       0.95032357306868220     
   80.219999999999999       0.95762005404303940     
   80.290000000000006       0.94252803817640352     
   80.360000000000014       0.96590941415392606     
   80.430000000000007       0.95617791614515701     
   80.500000000000000       0.96639669942536066     
   80.570000000000007       0.96048249904356509     
   80.640000000000015       0.95269518157575472     
   80.710000000000008       0.95953538079966960     
   80.780000000000001       0.95817904318331382     
   80.850000000000009       0.96357058085169267     
   80.920000000000016       0.95443332571033013     
   80.990000000000009       0.94325477006017100     
   81.060000000000002       0.96969033130368987     
   81.130000000000010       0.97017369658805552     
   81.200000000000003       0.96085337930769921     
   81.270000000000010       0.96771698214248225     
   81.340000000000003       0.95186406838893012     
   81.410000000000011       0.96091441438682290     
   81.480000000000004       0.97525430887427755     
   81.550000000000011       0.95858993282353655     
   81.620000000000005       0.96577674792865043     
   81.690000000000012       0.94869716597982368     
   81.760000000000005       0.96125470379718114     
   81.830000000000013       0.95958711133623031     
   81.900000000000006       0.95378735366184930     
   81.969999999999999       0.97000153095251596     
   82.040000000000006       0.95658647143149556     
   82.110000000000014       0.96230140155702470     
   82.180000000000007       0.95278056211578943     
   82.250000000000000       0.96207943072621394     
   82.320000000000007       0.95489592312218308     
   82.390000000000015       0.95898881478329767     
   82.460000000000008       0.96462321808097873     
   82.530000000000001       0.95163917903264517     
   82.600000000000009       0.96240038496796998     
   82.670000000000016       0.96067705883865795     
   82.740000000000009       0.96059392323201109     
   82.810000000000002       0.94705672194881418     
   82.880000000000010       0.95987965523137520     
   82.950000000000017       0.95849621404035545     
   83.019999999999996       0.96333367377064916     
   83.090000000000003       0.96938941427671044     
   83.160000000000011       0.95687605076287052     
   83.230000000000004       0.97405994365504478     
   83.299999999999997       0.93369052030601174     
   83.370000000000005       0.96457419939083633     
   83.440000000000012       0.93213459615110617     
   83.510000000000005       0.96471140871513250     
   83.579999999999998       0.94696405004052675     
   83.650000000000006       0.95776348957833746     
   83.720000000000013       0.96429306555004402     
   83.790000000000006       0.95550740169984960     
   83.860000000000014       0.96184654392580926     
   83.930000000000007       0.97189706229398309     
   84.000000000000000       0.96046401814799576     
   84.070000000000007       0.96541398447616111     
   84.140000000000015       0.96729376631674602     
   84.210000000000008       0.95661205242648828     
   84.280000000000001       0.96688039859365249     
   84.350000000000009       0.96594835447422001     
   84.420000000000016       0.97046713368002957     
   84.490000000000009       0.97682259404445781     
   84.560000000000002       0.96113422590077358     
   84.630000000000010       0.96810574178373709     
   84.700000000000017       0.96830650179936262     
   84.770000000000010       0.95916494591308643     
   84.840000000000003       0.95576906123701633     
   84.910000000000011       0.96826210273005930     
   84.980000000000018       0.93744123974863636     
   85.049999999999997       0.96658725729847206     
   85.120000000000005       0.94941146489132677     
   85.190000000000012       0.97294967605417659     
   85.260000000000005       0.96457555185875166     
   85.329999999999998       0.94245436151754536     
   85.400000000000006       0.94228519760749008     
   85.470000000000013       0.96583883703115248     
   85.540000000000006       0.96142378948786134     
   85.609999999999999       0.96479997439754506     
   85.680000000000007       0.95952160447460377     
   85.750000000000014       0.93867582996059529     
   85.820000000000007       0.96137605908440715     
   85.890000000000001       0.97628685292856332     
   85.960000000000008       0.96380264087703094     
   86.030000000000001       0.96898510993296971     
   86.100000000000009       0.95316049145356530     
   86.170000000000002       0.96261797735471133     
   86.240000000000009       0.95317450965369555     
   86.310000000000002       0.96820543632200440     
   86.380000000000010       0.95993450100880917     
   86.450000000000003       0.96682905761426619     
   86.520000000000010       0.96037179759841673     
   86.590000000000003       0.95606878827496211     
   86.660000000000011       0.95272510258953502     
   86.730000000000018       0.97148373989488501     
   86.800000000000011       0.95092110650053918     
   86.870000000000005       0.96872018451895470     
   86.940000000000012       0.96208055979390261     
   87.010000000000005       0.96297831913419429     
   87.079999999999998       0.95868355293833285     
   87.150000000000006       0.95575544163402237     
   87.220000000000013       0.95667265073056418     
   87.290000000000006       0.96942818935265529     
   87.359999999999999       0.96048358675928358     
   87.430000000000007       0.97404986810084282     
   87.500000000000014       0.95902917306388213     
   87.570000000000007       0.95066362956362582     
   87.640000000000001       0.96293081049767770     
   87.710000000000008       0.94635096395490392     
   87.780000000000015       0.96809136322151634     
   87.850000000000009       0.97752086076810918     
   87.920000000000002       0.97678203615986514     
   87.990000000000009       0.96677775555224421     
   88.060000000000002       0.97110650220975536     
   88.130000000000010       0.96161356627514460     
   88.200000000000003       0.95974927296467660     
   88.270000000000010       0.95209699859103925     
   88.340000000000003       0.97079912492774723     
   88.410000000000011       0.94977374665116410     
   88.480000000000004       0.95446807884347962     
   88.550000000000011       0.97322886862052371     
   88.620000000000005       0.96916045511238758     
   88.690000000000012       0.96012165083522827     
   88.760000000000005       0.96111304157099409     
   88.830000000000013       0.95979648173501342     
   88.900000000000006       0.96525066574898455     
   88.970000000000013       0.96723884592812204     
   89.040000000000006       0.94542590505766455     
   89.109999999999999       0.96800764120462890     
   89.180000000000007       0.96508483330390282     
   89.250000000000014       0.96220605466093612     
   89.320000000000007       0.95426644759832246     
   89.390000000000001       0.95737944963501209     
   89.460000000000008       0.96467618847914371     
   89.530000000000015       0.97460008983616397     
   89.600000000000009       0.95794720521026155     
   89.670000000000002       0.96357906337904975     
   89.740000000000009       0.96575355381288852     
   89.810000000000016       0.96619017173167610     
   89.880000000000010       0.96994685843016804     
   89.950000000000003       0.96372794852834087     
   90.020000000000010       0.96967093489375700     
   90.090000000000003       0.94378211562005887     
   90.160000000000011       0.95731805159221650     
   90.230000000000004       0.96129552224186987     
   90.300000000000011       0.96087796910818879     
   90.370000000000005       0.96420643422528995     
   90.439999999999998       0.97214987884422843     
   90.510000000000005       0.97070192622877050     
   90.580000000000013       0.96116645746530238     
   90.650000000000006       0.96878725655334919     
   90.720000000000013       0.95387726947884954     
   90.790000000000020       0.97287151657417326     
   90.860000000000014       0.96925436292056810     
   90.929999999999993       0.96209352232839018     
   91.000000000000000       0.95491393136273817     
   91.070000000000007       0.97158946558055692     
   91.140000000000001       0.96143579113814914     
   91.210000000000008       0.97112874822022910     
   91.280000000000015       0.96319066625696870     
   91.350000000000009       0.94714591624187561     
   91.420000000000016       0.96658116098711089     
   91.489999999999995       0.95415657478807114     
   91.560000000000002       0.96669638277067127     
   91.630000000000010       0.95334170422969122     
   91.700000000000003       0.96814702283328002     
   91.770000000000010       0.97119566366764465     
   91.840000000000018       0.96933073376940537     
   91.910000000000011       0.96423900052101297     
   91.980000000000018       0.95886538497132845     
   92.049999999999997       0.95937953274465482     
   92.120000000000005       0.96455637451390563     
   92.189999999999998       0.95887400544927270     
   92.260000000000005       0.97967956678984858     
   92.330000000000013       0.96953488254968234     
   92.400000000000006       0.96539031981390888     
   92.470000000000013       0.97052230969236142     
   92.540000000000020       0.96354273753680442     
   92.610000000000014       0.96687837071044247     
   92.680000000000007       0.94697197468731642     
   92.750000000000000       0.97268334454327843     
   92.820000000000007       0.95654883905029375     
   92.890000000000001       0.96095842594698488     
   92.960000000000008       0.96468323658599164     
   93.030000000000015       0.94848433648239527     
   93.100000000000009       0.97209185736284265     
   93.170000000000016       0.95432459697254635     
   93.239999999999995       0.96344442080793180     
   93.310000000000002       0.95649741866903581     
   93.380000000000010       0.97595124224012730     
   93.450000000000003       0.97048663714077177     
   93.520000000000010       0.96537947274771452     
   93.590000000000018       0.96222343695685331     
   93.660000000000011       0.96278536513812774     
   93.730000000000018       0.96656992022474730     
   93.799999999999997       0.96759460822628252     
   93.870000000000005       0.95609734405146851     
   93.939999999999998       0.96442375390391510     
   94.010000000000005       0.95862250484473033     
   94.080000000000013       0.96637121331240294     
   94.150000000000006       0.96564197102929561     
   94.220000000000013       0.95766869590949544     
   94.290000000000020       0.96792001979027797     
   94.359999999999999       0.97291910117106739     
   94.430000000000007       0.96581723723395863     
   94.500000000000000       0.97349176011690930     
   94.570000000000007       0.96202763128130409     
   94.640000000000015       0.95986514948126589     
   94.710000000000008       0.96207795402253204     
   94.780000000000015       0.97301755268729384     
   94.850000000000023       0.97138529676613949     
   94.920000000000002       0.96702153697749627     
   94.989999999999995       0.96748118210302891     
   95.060000000000002       0.97502117756624818     
   95.130000000000010       0.95818406131381983     
   95.200000000000003       0.96492179772732012     
   95.270000000000010       0.95699712741657061     
   95.340000000000018       0.96036908317445524     
   95.410000000000011       0.95251418845606173     
   95.480000000000004       0.94901986310423547     
   95.549999999999997       0.95769148973698481     
   95.620000000000005       0.95526920376912050     
   95.690000000000012       0.97210883539254500     
   95.760000000000005       0.96385485261964599     
   95.830000000000013       0.95379273347345328     
   95.900000000000020       0.96745974174710381     
   95.970000000000013       0.94550862637447908     
   96.040000000000020       0.96927683620279670     
   96.109999999999999       0.96466091984051217     
   96.180000000000007       0.94880694871493609     
   96.250000000000000       0.95346120203929108     
   96.320000000000007       0.95932603009590478     
   96.390000000000015       0.97251505566019958     
   96.460000000000008       0.95620387638902460     
   96.530000000000015       0.96013451085859081     
   96.600000000000023       0.96872973226268699     
   96.670000000000002       0.96623481891251572     
   96.740000000000009       0.96319760643956553     
   96.810000000000002       0.96651493548642298     
   96.880000000000010       0.96222933370111263     
   96.950000000000003       0.97555918579134948     
   97.020000000000010       0.96433037043481928     
   97.090000000000018       0.95283972676190121     
   97.160000000000011       0.95981181436149232     
   97.230000000000004       0.96434292543160494     
   97.299999999999997       0.95567429197216314     
   97.370000000000005       0.96215487458903126     
   97.440000000000012       0.96362313411785028     
   97.510000000000005       0.96372437953365664     
   97.580000000000013       0.95603801866019922     
   97.650000000000020       0.96248963143570643     
   97.720000000000013       0.96260717521541017     
   97.789999999999992       0.96576802850695842     
   97.859999999999999       0.95940355089513085     
   97.930000000000007       0.94959011360217349     
   98.000000000000000       0.97378395266137474     
   98.070000000000007       0.94768732411274048     
   98.140000000000015       0.97634366605283063     
   98.210000000000008       0.97149745031085033     
   98.280000000000015       0.94973977761003536     
   98.349999999999994       0.96984470676062151     
   98.420000000000002       0.94491966991695753     
   98.490000000000009       0.95267557811859926     
   98.560000000000002       0.95760628357468358     
   98.630000000000010       0.96139818128111754     
   98.700000000000017       0.97245621563998208     
   98.770000000000010       0.97299415690809721     
   98.840000000000018       0.95035090049610405     
   98.910000000000025       0.95107547967473693     
   98.980000000000004       0.95777540743146172     
   99.049999999999997       0.96843683259894775     
   99.120000000000005       0.96619451016261637     
   99.190000000000012       0.95084273658818497     
   99.260000000000005       0.95517859986049869     
   99.330000000000013       0.95336303528864463     
   99.400000000000020       0.95701375461664839     
   99.470000000000013       0.97021366293237099     
   99.540000000000006       0.96104677275326045     
   99.609999999999999       0.96007311676025908     
   99.680000000000007       0.95815115122540984     
   99.750000000000014       0.96117219785833430     
   99.820000000000007       0.97251121461928469     
   99.890000000000015       0.96542571391322740     
