   0.0000000000000000       0.99999999999986355     
   7.0000000000000001E-003  0.99144860204924612     
   1.4000000000000000E-002  0.96840870052908856     
   2.0999999999999998E-002  0.93726873699952817     
   2.8000000000000001E-002  0.90549185472156579     
   3.5000000000000003E-002  0.87906626526514764     
   4.1999999999999996E-002  0.92391955057990138     
   4.9000000000000002E-002  0.99070803733662993     
   5.6000000000000001E-002  0.98485165121546658     
   6.3000000000000000E-002  0.98052661806346841     
   7.0000000000000007E-002  0.97584828524828870     
   7.6999999999999999E-002  0.97084013448025197     
   8.3999999999999991E-002  0.96467785552816876     
   9.1000000000000011E-002  0.95851440338340055     
   9.8000000000000004E-002  0.95248555578550897     
  0.10500000000000001       0.94503777331692917     
  0.11200000000000000       0.93898460104734227     
  0.11899999999999999       0.93145336957111802     
  0.12600000000000000       0.92546554483198773     
  0.13300000000000001       0.91884073881731010     
  0.14000000000000001       0.91224218854710393     
  0.14700000000000002       0.90584334923199405     
  0.15400000000000000       0.89883008176242929     
  0.16100000000000000       0.89274629425837571     
  0.16799999999999998       0.88789696647321270     
  0.17500000000000002       0.88277446502308721     
  0.18200000000000002       0.87807056732367750     
  0.18900000000000000       0.87434828606203974     
  0.19600000000000001       0.87109182748018676     
  0.20299999999999999       0.86727101644266924     
  0.21000000000000002       0.86355055910250866     
  0.21700000000000003       0.86168883941622543     
  0.22400000000000000       0.85918928845474862     
  0.23100000000000001       0.85761481405325135     
  0.23799999999999999       0.85617696624733142     
  0.24500000000000002       0.85558108398766697     
  0.25200000000000000       0.85466515018782918     
  0.25900000000000001       0.85447108747636413     
  0.26600000000000001       0.85463294035555959     
  0.27300000000000002       0.85405242736439568     
  0.28000000000000003       0.85454729808595875     
  0.28700000000000003       0.85505240975745900     
  0.29400000000000004       0.85577724189913351     
  0.30099999999999999       0.85618502497001581     
  0.30800000000000000       0.85667329680107540     
  0.31500000000000000       0.85687609096234718     
  0.32200000000000001       0.85692432765100512     
  0.32900000000000001       0.85693861231930279     
  0.33599999999999997       0.85751121770615846     
  0.34300000000000003       0.85846754202635678     
  0.35000000000000003       0.85840828216419574     
  0.35700000000000004       0.85854053833376709     
  0.36400000000000005       0.85888475783523766     
  0.37100000000000000       0.85856314323590055     
  0.37800000000000000       0.85881726030662187     
  0.38500000000000001       0.85874480339744730     
  0.39200000000000002       0.85861872170010323     
  0.39900000000000002       0.85795474085962165     
  0.40599999999999997       0.85757218719047479     
  0.41300000000000003       0.85711196302605508     
  0.42000000000000004       0.85609638244212538     
  0.42700000000000005       0.85497561921130871     
  0.43400000000000005       0.85396095609162204     
  0.44100000000000000       0.85282652850423846     
  0.44800000000000001       0.85261083233955892     
  0.45500000000000002       0.85181730923441634     
  0.46200000000000002       0.85127313998369325     
  0.46900000000000003       0.85101496408470356     
  0.47599999999999998       0.85035553377728990     
  0.48299999999999998       0.84942936112660616     
  0.49000000000000005       0.84871287936067108     
  0.49700000000000005       0.84734570300567247     
  0.50400000000000000       0.84646672737930939     
  0.51100000000000001       0.84577542416126628     
  0.51800000000000002       0.84484909531382568     
  0.52500000000000002       0.84302188824656110     
  0.53200000000000003       0.84180949267261662     
  0.53900000000000003       0.84063586176406235     
  0.54600000000000004       0.83941652239715114     
  0.55300000000000005       0.83949120971864843     
  0.56000000000000005       0.83812531744103624     
  0.56700000000000006       0.83698611680007939     
  0.57400000000000007       0.83607710161457449     
  0.58100000000000007       0.83471300425524486     
  0.58800000000000008       0.83381736078885471     
  0.59500000000000008       0.83310809226335625     
  0.60199999999999998       0.83204095955966140     
  0.60899999999999999       0.83070554262627916     
  0.61599999999999999       0.82917439029267292     
  0.62300000000000000       0.82832035048849884     
  0.63000000000000000       0.82752384004549229     
  0.63700000000000001       0.82663056038233595     
  0.64400000000000002       0.82543157870660933     
  0.65100000000000002       0.82442536721423976     
  0.65800000000000003       0.82364372839896149     
  0.66499999999999992       0.82183616137002469     
  0.67199999999999993       0.82064799067222793     
  0.67900000000000005       0.81965203911206397     
  0.68600000000000005       0.81874289173702264     
  0.69300000000000006       0.81774010819859000     
  0.70000000000000007       0.81691275282105802     
  0.70700000000000007       0.81603739234159978     
  0.71400000000000008       0.81470999180526005     
  0.72100000000000009       0.81369493338410526     
  0.72800000000000009       0.81259416276801322     
  0.73500000000000010       0.81140137041722293     
  0.74199999999999999       0.81075276879195068     
  0.74900000000000000       0.81009345411460398     
  0.75600000000000001       0.80955326700491426     
  0.76300000000000001       0.80883341783254359     
  0.77000000000000002       0.80823298473115912     
  0.77700000000000002       0.80781304109430907     
  0.78400000000000003       0.80699826438734135     
  0.79100000000000004       0.80598888864339857     
  0.79800000000000004       0.80569599633331768     
  0.80499999999999994       0.80479100759841893     
  0.81199999999999994       0.80462334661025592     
  0.81899999999999995       0.80380491945008770     
  0.82600000000000007       0.80308796708374375     
  0.83300000000000007       0.80268393308496711     
  0.84000000000000008       0.80211188788438759     
  0.84700000000000009       0.80105807493710135     
  0.85400000000000009       0.80062582580318886     
  0.86100000000000010       0.79996221234490328     
  0.86800000000000010       0.79909036244232923     
  0.87500000000000011       0.79852794174963471     
  0.88200000000000001       0.79734415623081711     
  0.88900000000000001       0.79687943570835729     
  0.89600000000000002       0.79619227255258762     
  0.90300000000000002       0.79557872591118739     
  0.91000000000000003       0.79518703060193141     
  0.91700000000000004       0.79462709960234978     
  0.92400000000000004       0.79443688962986880     
  0.93100000000000005       0.79382378824125377     
  0.93800000000000006       0.79368610964890729     
  0.94499999999999995       0.79336815755222778     
  0.95199999999999996       0.79280408264456603     
  0.95899999999999996       0.79235160810712657     
  0.96599999999999997       0.79186689657843490     
  0.97300000000000009       0.79104064671734520     
  0.98000000000000009       0.79042107673366602     
  0.98700000000000010       0.79032032030448562     
  0.99400000000000011       0.79015619186050379     
   1.0010000000000001       0.78981821317185130     
   1.0080000000000000       0.78924058176045153     
   1.0150000000000001       0.78861447428217757     
   1.0220000000000000       0.78869951110371450     
   1.0290000000000001       0.78813630817364722     
   1.0360000000000000       0.78745339327749730     
   1.0430000000000001       0.78679317947682714     
   1.0500000000000000       0.78648836634631558     
   1.0569999999999999       0.78645191821469185     
   1.0640000000000001       0.78599524215799987     
   1.0710000000000000       0.78628835360702309     
   1.0780000000000001       0.78612436144146824     
   1.0850000000000000       0.78612544268822826     
   1.0920000000000001       0.78622727008559290     
   1.0990000000000000       0.78601558089560608     
   1.1060000000000001       0.78594685689016364     
   1.1130000000000000       0.78583341848522081     
   1.1200000000000001       0.78566865362226890     
   1.1270000000000000       0.78513235035598972     
   1.1340000000000001       0.78509010921686073     
   1.1410000000000000       0.78511503964034768     
   1.1480000000000001       0.78489136111025803     
   1.1550000000000000       0.78496549392202608     
   1.1620000000000001       0.78448789338865088     
   1.1690000000000000       0.78445456852889972     
   1.1760000000000002       0.78443076050064586     
   1.1830000000000001       0.78416357536803794     
   1.1900000000000002       0.78353121105940449     
   1.1970000000000001       0.78340182978813711     
   1.2040000000000000       0.78360069451334724     
   1.2110000000000001       0.78374502443277494     
   1.2180000000000000       0.78348873292764298     
   1.2250000000000001       0.78326374869089754     
   1.2320000000000000       0.78286093502219589     
   1.2390000000000001       0.78267330583934536     
   1.2460000000000000       0.78274777875405865     
   1.2530000000000001       0.78274131843509276     
   1.2600000000000000       0.78261622179121015     
   1.2669999999999999       0.78256353212294694     
   1.2740000000000000       0.78238200283737525     
   1.2809999999999999       0.78277249398186799     
   1.2880000000000000       0.78303475924584065     
   1.2949999999999999       0.78267987025204233     
   1.3020000000000000       0.78294015922950522     
   1.3089999999999999       0.78261168203849363     
   1.3160000000000001       0.78266553925605853     
   1.3230000000000000       0.78277410744975628     
   1.3299999999999998       0.78301303541080736     
   1.3370000000000000       0.78320619074342057     
   1.3439999999999999       0.78286259953891613     
   1.3510000000000002       0.78265241173454048     
   1.3580000000000001       0.78289648270326573     
   1.3650000000000002       0.78253632324444145     
   1.3720000000000001       0.78230446136740439     
   1.3790000000000002       0.78225924408667646     
   1.3860000000000001       0.78250911297549852     
   1.3930000000000002       0.78284042834147005     
   1.4000000000000001       0.78308281731228890     
   1.4070000000000000       0.78313324566334319     
   1.4140000000000001       0.78275119962616313     
   1.4210000000000000       0.78255834655352963     
   1.4280000000000002       0.78238445870909834     
   1.4350000000000001       0.78274722191539303     
   1.4420000000000002       0.78288678837679504     
   1.4490000000000001       0.78314855346058132     
   1.4560000000000002       0.78305353482238771     
   1.4630000000000001       0.78300078018564201     
   1.4700000000000002       0.78274714845190807     
   1.4770000000000001       0.78283791305118966     
   1.4840000000000000       0.78295608677107875     
   1.4910000000000001       0.78329470744461049     
   1.4980000000000000       0.78344771177048933     
   1.5050000000000001       0.78357711203159353     
   1.5120000000000000       0.78300785069830836     
   1.5190000000000001       0.78320825989320464     
   1.5260000000000000       0.78297452981714610     
   1.5330000000000001       0.78286181244150010     
   1.5400000000000000       0.78269139399691046     
   1.5469999999999999       0.78249992333011864     
   1.5540000000000000       0.78236987626684396     
   1.5609999999999999       0.78249453379722966     
   1.5680000000000001       0.78269815012709409     
   1.5750000000000000       0.78312120451456024     
   1.5820000000000001       0.78311153655819554     
   1.5890000000000000       0.78299670318191128     
   1.5960000000000001       0.78294388910705170     
   1.6030000000000000       0.78318196012482999     
   1.6099999999999999       0.78277280657341808     
   1.6170000000000000       0.78297901072952736     
   1.6239999999999999       0.78288717611526881     
   1.6310000000000000       0.78298770383065086     
   1.6379999999999999       0.78341914170947280     
   1.6450000000000002       0.78349652403494485     
   1.6520000000000001       0.78409973905710373     
   1.6590000000000003       0.78415186349482668     
   1.6660000000000001       0.78401562253855483     
   1.6730000000000003       0.78399077399204875     
   1.6800000000000002       0.78392566527637242     
   1.6870000000000001       0.78396375037240007     
   1.6940000000000002       0.78378659173586740     
   1.7010000000000001       0.78398879970135049     
   1.7080000000000002       0.78430388758283620     
   1.7150000000000001       0.78416228729785620     
   1.7220000000000002       0.78428856618602882     
   1.7290000000000001       0.78455026639508119     
   1.7360000000000002       0.78443187563542938     
   1.7430000000000001       0.78430964275469983     
   1.7500000000000002       0.78451401612277460     
   1.7570000000000001       0.78433741640576249     
   1.7640000000000000       0.78445631874774702     
   1.7710000000000001       0.78478358278328486     
   1.7780000000000000       0.78523269551314046     
   1.7850000000000001       0.78470363452976122     
   1.7920000000000000       0.78486974894918959     
   1.7990000000000002       0.78484615060393026     
   1.8060000000000000       0.78436054658341714     
   1.8130000000000002       0.78391361965557016     
   1.8200000000000001       0.78402672579613131     
   1.8270000000000000       0.78381133282812898     
   1.8340000000000001       0.78390919952975502     
   1.8410000000000000       0.78396693205833823     
   1.8480000000000001       0.78337774125431203     
   1.8550000000000000       0.78356586012316898     
   1.8620000000000001       0.78389948660179154     
   1.8690000000000000       0.78407267386755852     
   1.8760000000000001       0.78367259082341867     
   1.8830000000000000       0.78348702051533825     
   1.8899999999999999       0.78318425152733928     
   1.8970000000000000       0.78309675716633320     
   1.9039999999999999       0.78338097565578546     
   1.9110000000000000       0.78324513419502773     
   1.9179999999999999       0.78323971284704541     
   1.9250000000000000       0.78327624740258173     
   1.9319999999999999       0.78371663798918911     
   1.9390000000000001       0.78362431704729663     
   1.9460000000000002       0.78393171665351069     
   1.9530000000000003       0.78410497208658125     
   1.9600000000000002       0.78417030221389628     
   1.9670000000000003       0.78409162316033343     
   1.9740000000000002       0.78388825104906668     
   1.9810000000000001       0.78400040686613448     
   1.9880000000000002       0.78362437621390957     
   1.9950000000000001       0.78411592455658030     
   2.0020000000000002       0.78418530102019413     
   2.0090000000000003       0.78439352508075022     
   2.0160000000000000       0.78475939937988515     
   2.0230000000000001       0.78489270862073202     
   2.0300000000000002       0.78497195147765708     
   2.0369999999999999       0.78469774681759119     
   2.0440000000000000       0.78486715946500429     
   2.0510000000000002       0.78448185420357164     
   2.0580000000000003       0.78444792909776018     
   2.0649999999999999       0.78388436455575650     
   2.0720000000000001       0.78389509616762731     
   2.0790000000000002       0.78406499965935317     
   2.0860000000000003       0.78411575736030459     
   2.0930000000000000       0.78453591723343707     
   2.1000000000000001       0.78482047010115163     
   2.1070000000000002       0.78480106647488301     
   2.1139999999999999       0.78514590787344873     
   2.1210000000000000       0.78501434082687971     
   2.1280000000000001       0.78476405486544654     
   2.1350000000000002       0.78502910665411785     
   2.1419999999999999       0.78554840637440915     
   2.1490000000000000       0.78564138794452609     
   2.1560000000000001       0.78576287125196831     
   2.1630000000000003       0.78609338882908375     
   2.1699999999999999       0.78627393651359467     
   2.1770000000000000       0.78606899420943332     
   2.1840000000000002       0.78647738814967783     
   2.1909999999999998       0.78648401628121334     
   2.1980000000000000       0.78676349824930436     
   2.2050000000000001       0.78704684406260295     
   2.2120000000000002       0.78709958848777406     
   2.2189999999999999       0.78732414196776501     
   2.2260000000000000       0.78713928384936860     
   2.2330000000000001       0.78735019255603700     
   2.2400000000000002       0.78756793171113260     
   2.2470000000000003       0.78755640311346087     
   2.2540000000000000       0.78754732719312837     
   2.2610000000000001       0.78724033006676342     
   2.2680000000000002       0.78703528500556785     
   2.2749999999999999       0.78729112846686344     
   2.2820000000000000       0.78714865134402912     
   2.2890000000000001       0.78748236326500642     
   2.2960000000000003       0.78739821830784973     
   2.3029999999999999       0.78741028830583659     
   2.3100000000000001       0.78733474263563441     
   2.3169999999999997       0.78755580821658422     
   2.3240000000000003       0.78763646824062528     
   2.3310000000000000       0.78733849652930610     
   2.3380000000000001       0.78723720281306286     
   2.3449999999999998       0.78688921099960185     
   2.3520000000000003       0.78691685616254448     
   2.3590000000000000       0.78686326769045489     
   2.3660000000000001       0.78669801392032035     
   2.3729999999999998       0.78667024765847304     
   2.3800000000000003       0.78631090891353783     
   2.3870000000000000       0.78587419245124901     
   2.3940000000000001       0.78609515265446239     
   2.4010000000000002       0.78620466756915131     
   2.4079999999999999       0.78624810503164599     
   2.4150000000000005       0.78639003438010691     
   2.4220000000000002       0.78604372228032160     
   2.4290000000000003       0.78624255648320218     
   2.4359999999999999       0.78582000249434825     
   2.4430000000000005       0.78548107000315170     
   2.4500000000000002       0.78581427158974892     
   2.4570000000000003       0.78605990245663993     
   2.4640000000000000       0.78587227202012444     
   2.4710000000000001       0.78623558002373506     
   2.4780000000000002       0.78606260460986432     
   2.4850000000000003       0.78618383236186706     
   2.4920000000000000       0.78607847670398745     
   2.4990000000000001       0.78639144756787005     
   2.5060000000000002       0.78620257059525145     
   2.5130000000000003       0.78634656838795269     
   2.5200000000000000       0.78656243830520245     
   2.5270000000000001       0.78653431968992005     
   2.5339999999999998       0.78653420794552587     
   2.5410000000000004       0.78662521245796346     
   2.5480000000000000       0.78677965078251610     
   2.5550000000000002       0.78710284217073967     
   2.5619999999999998       0.78715387455301788     
   2.5690000000000004       0.78682796241178632     
   2.5760000000000001       0.78698998774542450     
   2.5830000000000002       0.78712174724040440     
   2.5899999999999999       0.78729559977938468     
   2.5970000000000000       0.78718975574696470     
   2.6040000000000001       0.78721202666484580     
   2.6110000000000002       0.78734097438712158     
   2.6179999999999999       0.78707675313468184     
   2.6250000000000000       0.78673485006201871     
   2.6320000000000001       0.78671806078096662     
   2.6390000000000002       0.78664346654209105     
   2.6459999999999999       0.78621667496019021     
   2.6530000000000000       0.78608679984784480     
   2.6599999999999997       0.78652550494541851     
   2.6670000000000003       0.78648739053133365     
   2.6739999999999999       0.78643344570391560     
   2.6810000000000000       0.78686803319054888     
   2.6879999999999997       0.78748188369337713     
   2.6950000000000003       0.78737028656342090     
   2.7020000000000004       0.78735100278208670     
   2.7090000000000001       0.78733121233279035     
   2.7160000000000002       0.78740445596739872     
   2.7230000000000003       0.78683627524740318     
   2.7300000000000004       0.78662642804917915     
   2.7370000000000001       0.78692906700127707     
   2.7440000000000002       0.78726013369432224     
   2.7509999999999999       0.78715871695605233     
   2.7580000000000005       0.78716884129633358     
   2.7650000000000001       0.78671070018694422     
   2.7720000000000002       0.78682594306085640     
   2.7789999999999999       0.78674586764634202     
   2.7860000000000005       0.78646349633601964     
   2.7930000000000001       0.78631841888300591     
   2.8000000000000003       0.78671762894557806     
   2.8069999999999999       0.78636137995967137     
   2.8140000000000001       0.78627925225501893     
   2.8210000000000002       0.78649690912879222     
   2.8280000000000003       0.78631433802493589     
   2.8350000000000000       0.78663472767923981     
   2.8420000000000001       0.78675562173613278     
   2.8490000000000002       0.78654289951714784     
   2.8560000000000003       0.78652211841480857     
   2.8630000000000000       0.78609773077703293     
   2.8700000000000001       0.78595604399634333     
   2.8769999999999998       0.78574651557084829     
   2.8840000000000003       0.78522739306894396     
   2.8910000000000000       0.78574830601135459     
   2.8980000000000001       0.78578659098597603     
   2.9049999999999998       0.78588020104388012     
   2.9120000000000004       0.78596746016821994     
   2.9190000000000000       0.78634998081675000     
   2.9260000000000002       0.78634162803288077     
   2.9329999999999998       0.78638077200999534     
   2.9400000000000004       0.78638495727250524     
   2.9470000000000001       0.78616383075814478     
   2.9540000000000002       0.78589321919256294     
   2.9609999999999999       0.78610515785974133     
   2.9680000000000000       0.78617497952789384     
   2.9750000000000001       0.78584390334514709     
   2.9820000000000002       0.78582232355971182     
   2.9890000000000003       0.78577996173347375     
