   0.0000000000000000       0.99999999972661713     
   5.0000000000000003E-002  0.85122393084313297     
  0.10000000000000001       0.39562480271240147     
  0.14999999999999999      -0.33449090334327608     
  0.20000000000000001      -0.71385945674034723     
  0.25000000000000006      -0.86842474760704524     
  0.29999999999999999      -0.99683565345927028     
  0.35000000000000003      -0.92841807052472680     
  0.40000000000000002      -0.98976330442237659     
  0.45000000000000007      -0.98586090767537882     
  0.50000000000000011      -0.79616999450350412     
  0.55000000000000004      -0.20007617102208167     
  0.59999999999999998       0.43682075762948980     
  0.65000000000000002       0.77125762391209629     
  0.70000000000000007       0.82540157155963656     
  0.75000000000000011       0.93375520112175470     
  0.80000000000000004       0.91525304395700280     
  0.84999999999999998       0.88288444345933381     
  0.90000000000000013       0.96358449984792505     
  0.95000000000000007       0.96285778189814142     
   1.0000000000000002       0.94323888763822650     
   1.0500000000000000       0.98171037607978173     
   1.1000000000000001       0.98668892608262992     
   1.1500000000000001       0.96352293800361533     
   1.2000000000000000       0.98246030020904274     
   1.2500000000000002       0.99393168057776515     
   1.3000000000000000       0.98935008860767837     
   1.3500000000000001       0.98743924758008683     
   1.4000000000000001       0.99497232361247390     
   1.4500000000000000       0.99532957734119420     
   1.5000000000000002       0.98785869898780698     
   1.5500000000000003       0.99478489447170915     
   1.6000000000000001       0.99704425893328696     
   1.6500000000000001       0.98938457872321695     
   1.7000000000000000       0.99123207231126864     
   1.7500000000000002       0.99721108205289544     
   1.8000000000000003       0.98667764253979706     
   1.8500000000000001       0.97913864652452021     
   1.9000000000000001       0.99543018835947050     
   1.9500000000000002       0.98278832766806190     
   2.0000000000000004       0.95680995363047172     
   2.0500000000000003       0.98903674055806856     
   2.1000000000000001       0.97766943901224501     
   2.1500000000000004       0.92920648337337453     
   2.2000000000000002       0.96532945038256779     
   2.2500000000000000       0.97014273810334140     
   2.3000000000000003       0.91122665528479485     
   2.3500000000000001       0.93007433034740705     
   2.3999999999999999       0.95620056115151653     
   2.4500000000000002       0.89536472055544958     
   2.5000000000000004       0.89048432564390279     
   2.5500000000000003       0.93130150933027311     
   2.6000000000000001       0.87863942537149720     
   2.6500000000000004       0.84702925439725996     
   2.7000000000000002       0.89875693681676250     
   2.7500000000000000       0.86226987278928768     
   2.8000000000000003       0.80152943046960812     
   2.8500000000000001       0.85012902996429907     
   2.8999999999999999       0.84102794856805618     
   2.9500000000000006       0.76432111056192620     
   3.0000000000000004       0.79132860086528467     
   3.0500000000000003       0.80693793013102988     
   3.1000000000000005       0.72334010680068839     
   3.1500000000000004       0.72029722574417465     
   3.2000000000000002       0.75909281136872386     
   3.2500000000000004       0.68239075849092545     
   3.3000000000000003       0.63783423794879002     
   3.3500000000000001       0.69328947936327090     
   3.3999999999999999       0.63636930825220128     
   3.4500000000000002       0.56008244002391394     
   3.5000000000000004       0.61000282537773143     
   3.5500000000000003       0.58561433222394199     
   3.6000000000000005       0.48982724336126759     
   3.6500000000000004       0.51748580513217146     
   3.7000000000000002       0.52696701457716322     
   3.7500000000000004       0.42646596808824433     
   3.8000000000000003       0.42693600023372363     
   3.8500000000000001       0.45930834072373888     
   3.9000000000000004       0.37216293449565468     
   3.9500000000000002       0.34363017463642920     
   4.0000000000000009       0.39002743914867893     
   4.0500000000000007       0.33013335826396473     
   4.1000000000000005       0.27570238984990258     
   4.1500000000000004       0.32130483585995112     
   4.2000000000000002       0.29061399485315559     
   4.2500000000000000       0.22039776034616210     
   4.3000000000000007       0.25412679182444259     
   4.3500000000000005       0.25251639173770113     
   4.4000000000000004       0.17996104428827989     
   4.4500000000000002       0.19378324451734907     
   4.5000000000000000       0.21531807460627575     
   4.5499999999999998       0.15293666103125644     
   4.6000000000000005       0.14457756584982259     
   4.6500000000000004       0.18368830354839669     
   4.7000000000000002       0.14454726592623857     
   4.7500000000000000       0.11914989413069406     
   4.7999999999999998       0.15846808745486465     
   4.8500000000000005       0.13952016643338663     
   4.9000000000000004       0.10051991464860074     
   4.9500000000000011       0.13107209931547539     
   5.0000000000000009       0.13589955452574162     
   5.0500000000000007        9.1098681523887254E-002
   5.1000000000000005       0.10890233354581656     
   5.1500000000000004       0.13147798941721664     
   5.2000000000000002        9.4309329328911271E-002
   5.2500000000000009        9.7648001401172038E-002
   5.3000000000000007       0.12324253472718172     
   5.3500000000000005        9.6758322764462321E-002
   5.4000000000000004        8.5220735557352448E-002
   5.4500000000000002       0.11717611021525431     
   5.5000000000000000       0.10641915805917111     
   5.5500000000000007        8.4769462897987619E-002
   5.6000000000000005       0.11083636699367570     
   5.6500000000000004       0.11288529615880333     
   5.7000000000000002        9.0245593497665227E-002
   5.7500000000000000       0.10758328920350936     
   5.7999999999999998       0.12327628868767687     
   5.8499999999999996        9.8097676631568556E-002
   5.9000000000000012       0.10367292600254489     
   5.9500000000000011       0.12881911353195505     
   6.0000000000000009       0.11112868147162991     
   6.0500000000000007       0.10864822582147124     
   6.1000000000000005       0.13394400153048630     
   6.1500000000000004       0.12748850793632652     
   6.2000000000000011       0.11431750057316345     
   6.2500000000000009       0.13786434189078448     
   6.3000000000000007       0.13955500250220848     
   6.3500000000000005       0.12358468807351644     
   6.4000000000000004       0.14090293107963991     
   6.4500000000000002       0.15280473526823560     
   6.5000000000000009       0.13708433613311208     
   6.5500000000000007       0.14721070791256299     
   6.6000000000000005       0.16898057869831024     
   6.6500000000000004       0.15943880018021789     
   6.7000000000000002       0.16379731621565508     
   6.7500000000000000       0.18604334489134264     
   6.7999999999999998       0.18087010747137361     
   6.8500000000000005       0.17887537247733132     
   6.9000000000000004       0.19735917183056043     
   6.9500000000000011       0.19814125757813111     
   7.0000000000000009       0.18963997548376191     
   7.0500000000000007       0.19965930126513171     
   7.1000000000000005       0.20741444987396293     
   7.1500000000000012       0.19863937242210983     
   7.2000000000000011       0.20587555060277785     
   7.2500000000000009       0.22037218621334989     
   7.3000000000000007       0.21436742372230294     
   7.3500000000000005       0.21616661790292996     
   7.4000000000000004       0.23065213761008735     
   7.4500000000000011       0.22665150187792793     
   7.5000000000000009       0.22711172176283784     
   7.5500000000000007       0.24045590055407348     
   7.6000000000000005       0.24299279472384253     
   7.6500000000000004       0.23573488261224260     
   7.7000000000000002       0.24727511572596131     
   7.7500000000000000       0.25057253487134412     
   7.8000000000000007       0.24281238899288288     
   7.8500000000000005       0.25059031192292858     
   7.9000000000000004       0.25836759268049853     
   7.9500000000000002       0.25322847619942190     
   8.0000000000000018       0.25328200372333415     
   8.0500000000000007       0.26134409655327179     
   8.1000000000000014       0.25953534322767036     
   8.1500000000000004       0.26115394742048964     
   8.2000000000000011       0.27331545184589295     
   8.2500000000000018       0.27179030292815626     
   8.3000000000000007       0.26936099232725774     
   8.3500000000000014       0.27689424252226852     
   8.4000000000000004       0.28036982102433017     
   8.4500000000000011       0.27776248782240187     
   8.5000000000000000       0.28438060425819517     
   8.5500000000000007       0.29209022278726932     
   8.6000000000000014       0.28729528911773355     
   8.6500000000000004       0.28958092489055787     
   8.7000000000000011       0.29892212854259781     
   8.7500000000000000       0.29730847973080421     
   8.8000000000000007       0.29791559554926478     
   8.8499999999999996       0.30582192240482092     
   8.9000000000000004       0.30659714522606796     
   8.9500000000000011       0.30517469949812032     
   9.0000000000000000       0.31104952787944540     
   9.0500000000000007       0.31125632931988129     
   9.0999999999999996       0.31105861303046872     
   9.1500000000000004       0.31595723887992488     
   9.2000000000000011       0.31759026911943500     
   9.2500000000000000       0.31556279171980617     
   9.3000000000000007       0.31641089624003177     
   9.3499999999999996       0.31998197358614916     
   9.4000000000000004       0.31842680520461408     
   9.4499999999999993       0.31759306139437404     
   9.5000000000000000       0.32153740882514686     
   9.5500000000000007       0.31865303799686540     
   9.5999999999999996       0.31763358137726538     
   9.6500000000000021       0.31978343714112134     
   9.7000000000000011       0.32240388729019093     
   9.7500000000000018       0.32233914635275618     
   9.8000000000000007       0.32624381881579612     
   9.8500000000000014       0.32867817444551545     
   9.9000000000000021       0.32766634611514667     
   9.9500000000000011       0.32826868842045387     
   10.000000000000002       0.33221590139845658     
   10.050000000000001       0.32923943550418788     
   10.100000000000001       0.32821720619198458     
   10.150000000000002       0.33382155948810505     
   10.200000000000001       0.33178815375353565     
   10.250000000000002       0.33082208774221311     
   10.300000000000001       0.33181923071517005     
   10.350000000000001       0.33178042289395154     
   10.400000000000000       0.32937897761441753     
   10.450000000000001       0.33205911107836772     
   10.500000000000002       0.33309243878278350     
   10.550000000000001       0.33288196727365343     
   10.600000000000001       0.33383310779397407     
   10.650000000000000       0.33463985893968301     
   10.700000000000001       0.33235269421057761     
   10.750000000000000       0.33349850522791447     
   10.800000000000001       0.33540267009249830     
   10.850000000000001       0.33605325780729040     
   10.900000000000000       0.33268952072652858     
   10.950000000000001       0.33245436976697718     
   11.000000000000000       0.33025797264575263     
   11.050000000000001       0.32563736698184864     
   11.100000000000001       0.32579872471316274     
   11.150000000000000       0.32421754618672033     
   11.200000000000001       0.32312157187396601     
   11.250000000000000       0.32463878565235743     
   11.300000000000001       0.32610268525857838     
   11.350000000000000       0.32572284432817949     
   11.400000000000000       0.32481859226442034     
   11.450000000000001       0.32642570002880328     
   11.500000000000000       0.32579775240772835     
   11.550000000000001       0.32574143719569226     
   11.600000000000000       0.32727882458076418     
   11.650000000000000       0.32402729140747349     
   11.699999999999999       0.32584753140555311     
   11.750000000000002       0.32873453574596651     
   11.800000000000002       0.32768415366141485     
   11.850000000000001       0.32657583347890967     
   11.900000000000002       0.32593477533934206     
   11.950000000000001       0.32690972993922218     
   12.000000000000002       0.32682323289689919     
   12.050000000000002       0.32581380861049858     
   12.100000000000001       0.32666731862927861     
   12.150000000000002       0.32464005304406918     
   12.200000000000001       0.32389524552901133     
   12.250000000000002       0.32422383512143382     
   12.300000000000001       0.32388618413713599     
   12.350000000000001       0.32404345706594662     
   12.400000000000002       0.32390396001338451     
   12.450000000000001       0.32297763921611100     
   12.500000000000002       0.32110052903483205     
   12.550000000000001       0.32110490552364546     
   12.600000000000001       0.32207765209453637     
   12.650000000000000       0.31973806565414670     
   12.700000000000001       0.32012296907648696     
   12.750000000000002       0.31905168481565815     
   12.800000000000001       0.31851674006599989     
   12.850000000000001       0.31821616889245030     
   12.900000000000000       0.31936744999497352     
   12.950000000000001       0.31755882284171999     
   13.000000000000002       0.31737743004388169     
   13.050000000000001       0.31544229300535243     
   13.100000000000001       0.31449790787341092     
   13.150000000000000       0.31478487074799910     
   13.200000000000001       0.31483524196210061     
   13.250000000000000       0.31477032149593431     
   13.300000000000001       0.31505518558704465     
   13.350000000000001       0.31448342915691563     
   13.400000000000000       0.31332690560137644     
   13.450000000000001       0.31039328465765192     
   13.500000000000000       0.31074038565815959     
   13.550000000000001       0.30951988409974746     
   13.600000000000000       0.30890271480009002     
   13.650000000000000       0.30765880025576892     
   13.700000000000001       0.30970001101186395     
   13.750000000000000       0.30714126341780729     
   13.800000000000001       0.30621067741888486     
   13.850000000000000       0.30486972211550800     
   13.900000000000002       0.30460311825921998     
   13.950000000000003       0.30490809820199261     
   14.000000000000002       0.30669600149881021     
   14.050000000000002       0.30782091520421240     
   14.100000000000001       0.30839377961276254     
   14.150000000000002       0.30682912913276583     
   14.200000000000001       0.30720479374196724     
   14.250000000000002       0.30651835386962839     
   14.300000000000002       0.30667433291047569     
   14.350000000000001       0.30534022710058473     
   14.400000000000002       0.30392707571311817     
   14.450000000000001       0.30269421837153698     
   14.500000000000002       0.30317795401381098     
   14.550000000000001       0.30551052288371833     
   14.600000000000001       0.30467068065335295     
   14.650000000000002       0.30304336586627278     
   14.700000000000001       0.30571673008576800     
   14.750000000000002       0.30781024689553144     
   14.800000000000001       0.30681894906635859     
   14.850000000000001       0.30691780215157155     
   14.900000000000002       0.30938810170468534     
   14.950000000000001       0.30992653878896559     
   15.000000000000002       0.31126897849412916     
   15.050000000000001       0.31040266677427020     
   15.100000000000001       0.31024728221635717     
   15.150000000000000       0.30963474867502655     
   15.200000000000001       0.31153862579135327     
   15.250000000000002       0.31159024144487002     
   15.300000000000001       0.30861816172647993     
   15.350000000000001       0.30842004259891076     
   15.400000000000000       0.31015353464111756     
   15.450000000000001       0.30919549153993781     
   15.500000000000000       0.31165604378206474     
   15.550000000000001       0.31140781265104056     
   15.600000000000001       0.30892864425635064     
   15.650000000000000       0.30974914820203775     
   15.700000000000001       0.30804384651262212     
   15.750000000000000       0.30795865721415905     
   15.800000000000001       0.30687013158305187     
   15.850000000000001       0.30748335829808299     
   15.900000000000000       0.30771071417683127     
   15.950000000000001       0.30723174251121432     
   16.000000000000004       0.30639471772563709     
   16.050000000000001       0.30737442897189204     
   16.100000000000001       0.30713674413818148     
   16.149999999999999       0.30663598494600480     
   16.200000000000003       0.30671270314599564     
   16.250000000000000       0.30841196733400389     
   16.300000000000001       0.30895208472550589     
   16.350000000000001       0.30951045150666828     
   16.400000000000002       0.30826886413874288     
   16.449999999999999       0.30929796955466771     
   16.500000000000004       0.30858137765310040     
   16.550000000000001       0.30857249733521908     
   16.600000000000001       0.30865654595184899     
   16.649999999999999       0.30605967201803708     
   16.700000000000003       0.30837239559990764     
   16.750000000000000       0.30902070995659198     
   16.800000000000001       0.30747610330103486     
   16.850000000000001       0.30743521802520352     
   16.900000000000002       0.31169203688367303     
   16.949999999999999       0.31288999004199258     
   17.000000000000000       0.31212982406908796     
   17.050000000000001       0.31279416578443198     
   17.100000000000001       0.31395435403730487     
   17.150000000000002       0.31557735900829964     
   17.200000000000003       0.31434311074607096     
   17.250000000000004       0.31446151118843124     
   17.300000000000001       0.31197734513605757     
   17.350000000000001       0.31330785129768213     
   17.400000000000002       0.31339388694323650     
   17.450000000000003       0.31280709947462637     
   17.500000000000000       0.31407390954762754     
   17.550000000000004       0.31444048280105380     
   17.600000000000001       0.31279171202112749     
   17.650000000000002       0.31281986661260119     
   17.699999999999999       0.31464381732472102     
   17.750000000000004       0.31469646429531023     
   17.800000000000001       0.31518519647794452     
   17.850000000000001       0.31783420070857249     
   17.900000000000002       0.31550682282852538     
   17.950000000000003       0.31467994155850360     
   18.000000000000000       0.31515348092660656     
   18.050000000000004       0.31690170381188898     
   18.100000000000001       0.31712614934159483     
   18.150000000000002       0.31691441993229252     
   18.199999999999999       0.31436357524919234     
   18.250000000000004       0.31270824877971071     
   18.300000000000001       0.31238213618210564     
   18.350000000000001       0.31267957059124818     
   18.400000000000002       0.31255086569625778     
   18.450000000000003       0.31356805778491426     
   18.500000000000000       0.31382945185902889     
   18.550000000000001       0.31496442722220414     
   18.600000000000001       0.31570200379645758     
   18.650000000000002       0.31708671703299285     
   18.699999999999999       0.31823540288585389     
   18.750000000000004       0.31774620585656843     
   18.800000000000001       0.31884004913136699     
   18.850000000000001       0.31763292675666360     
   18.899999999999999       0.31928305981761729     
   18.950000000000003       0.31979874340623260     
   19.000000000000000       0.32013461265314369     
   19.050000000000001       0.31970049801518557     
   19.100000000000001       0.31908312060832134     
   19.150000000000002       0.31621202954793604     
   19.199999999999999       0.31707954735567101     
   19.250000000000000       0.31776922817896525     
   19.300000000000004       0.31680140743204754     
   19.350000000000001       0.31548054030718525     
   19.400000000000002       0.31895336702754773     
   19.450000000000003       0.31947497832733118     
   19.500000000000004       0.31871197815232771     
   19.550000000000001       0.31839927475943025     
   19.600000000000001       0.31688445109033825     
   19.650000000000002       0.31469397925601145     
   19.700000000000003       0.31449094098891167     
   19.750000000000000       0.31463773696432895     
   19.800000000000004       0.31625404226544013     
   19.850000000000001       0.31677090203407998     
   19.900000000000002       0.31710492042220900     
   19.949999999999999       0.31731700060008322     
   20.000000000000004       0.31634858433335816     
   20.050000000000001       0.31541368037149525     
   20.100000000000001       0.31708180162426175     
   20.150000000000002       0.31516742967457489     
   20.200000000000003       0.31643140272259840     
   20.250000000000000       0.31533184806004144     
   20.300000000000004       0.31434513457133850     
   20.350000000000001       0.31304641488546697     
   20.400000000000002       0.31456947491193932     
   20.449999999999999       0.31457862034391443     
   20.500000000000004       0.31285276901678033     
   20.550000000000001       0.31221256475953507     
   20.600000000000001       0.31189364861315466     
   20.650000000000002       0.31361934855009782     
   20.700000000000003       0.31519330128067524     
   20.750000000000000       0.31459346016585582     
   20.800000000000001       0.31543718771647000     
   20.850000000000001       0.31619791054240332     
   20.900000000000002       0.31689052872183460     
   20.949999999999999       0.31628806704575996     
   21.000000000000004       0.31730878036543253     
   21.050000000000001       0.31633186074078634     
   21.100000000000001       0.31513956440893814     
   21.149999999999999       0.31642098754602854     
   21.200000000000003       0.31792755628120295     
   21.250000000000000       0.31695560033774778     
   21.300000000000001       0.31446864474632791     
   21.350000000000005       0.31537023724924385     
   21.400000000000002       0.31540571223099650     
   21.450000000000003       0.31716931987404995     
   21.500000000000000       0.31878817410314986     
   21.550000000000004       0.31602839371114000     
   21.600000000000001       0.31603680725386724     
   21.650000000000002       0.31479029155429622     
   21.700000000000003       0.31545184794318903     
   21.750000000000004       0.31538022866608412     
   21.800000000000001       0.31509338743127357     
   21.850000000000005       0.31311144398254476     
   21.900000000000002       0.31145902860049285     
   21.950000000000003       0.31153685749895649     
   22.000000000000000       0.31254072160907309     
   22.050000000000004       0.31145693936528207     
   22.100000000000001       0.30959598371261182     
   22.150000000000002       0.30673601838244724     
   22.200000000000003       0.30546764829935991     
   22.250000000000004       0.30702983766769965     
   22.300000000000001       0.30741944466543075     
   22.350000000000001       0.30964833918429674     
   22.400000000000002       0.30780892329457127     
   22.450000000000003       0.30723148797552868     
   22.500000000000000       0.30790723451464264     
   22.550000000000004       0.30958132796220500     
   22.600000000000001       0.30994303733437900     
   22.650000000000002       0.31026075789742974     
   22.699999999999999       0.30882669592059203     
   22.750000000000004       0.30792357424182204     
   22.800000000000001       0.30676195658100874     
   22.850000000000001       0.30664199701225980     
   22.900000000000002       0.30672886076000716     
   22.950000000000003       0.30821435332702435     
   23.000000000000000       0.30795506514873422     
   23.050000000000001       0.30943108200742636     
   23.100000000000001       0.30988584781970480     
   23.150000000000002       0.31160498760871824     
   23.199999999999999       0.31111898891876055     
   23.250000000000004       0.31033156962488168     
   23.300000000000001       0.30979039394039171     
   23.350000000000001       0.30858787661787584     
   23.399999999999999       0.30751029128535667     
   23.450000000000003       0.30736912165636271     
   23.500000000000004       0.30747606241519704     
   23.550000000000001       0.30629408105419115     
   23.600000000000005       0.30659266579529421     
   23.650000000000002       0.30534572757357570     
   23.700000000000003       0.30418220496526566     
   23.750000000000004       0.30296392308064807     
   23.800000000000004       0.30422140364468042     
   23.850000000000001       0.30161597299547416     
   23.900000000000002       0.29955965093295972     
   23.950000000000003       0.30012612574369324     
   24.000000000000004       0.29915023637058608     
   24.050000000000001       0.30010619642198422     
   24.100000000000005       0.29930248441745272     
   24.150000000000002       0.30111228291230213     
   24.200000000000003       0.30063301166879242     
   24.250000000000000       0.30318837588015402     
   24.300000000000004       0.30223164349935805     
   24.350000000000001       0.30208273051910745     
   24.400000000000002       0.30057690188458253     
   24.450000000000003       0.30175552387882376     
   24.500000000000004       0.30218249144251497     
   24.550000000000001       0.30273380112888654     
   24.600000000000001       0.30255824928811303     
   24.650000000000002       0.30406537469742212     
   24.700000000000003       0.30572537971576141     
   24.750000000000000       0.30567884814231855     
   24.800000000000004       0.30828898084127593     
   24.850000000000001       0.30861271824398362     
   24.900000000000002       0.30823312635209704     
   24.949999999999999       0.30753488616155134     
   25.000000000000004       0.30654988118968057     
   25.050000000000001       0.30732592628287325     
   25.100000000000001       0.30920002519570428     
   25.150000000000002       0.31064306465293989     
   25.200000000000003       0.30886662857958064     
   25.250000000000000       0.30858579740065167     
   25.300000000000001       0.30947072568858930     
   25.350000000000001       0.31052455506639698     
   25.400000000000002       0.31033099719570917     
   25.449999999999999       0.31174685654908868     
   25.500000000000004       0.31288903150917685     
   25.550000000000001       0.31157237849630509     
   25.600000000000001       0.30992625431672083     
   25.650000000000006       0.30941257007934447     
   25.700000000000003       0.31166281541439728     
   25.750000000000004       0.31201176069097969     
   25.800000000000001       0.31210297553823935     
   25.850000000000005       0.31210359871363164     
   25.900000000000002       0.31356567880740621     
   25.950000000000003       0.31311807205683845     
   26.000000000000004       0.31219493633805745     
   26.050000000000004       0.31384379446121258     
   26.100000000000001       0.31486504699647733     
   26.150000000000002       0.31773148546537550     
   26.200000000000003       0.31663966496162826     
   26.250000000000004       0.31522647075840160     
   26.300000000000001       0.31740920517621413     
   26.350000000000005       0.31861734467714969     
   26.400000000000002       0.31788518831148249     
   26.450000000000003       0.31922413348127426     
   26.500000000000000       0.31990430991470348     
   26.550000000000004       0.31896465896137227     
   26.600000000000001       0.32039307583960475     
   26.650000000000002       0.32184789591652430     
   26.700000000000003       0.32135406090494839     
   26.750000000000004       0.32092593935558911     
   26.800000000000001       0.32308650168002390     
   26.850000000000001       0.32392565195826972     
   26.900000000000002       0.32240823590326695     
   26.950000000000003       0.32423347957472337     
   27.000000000000000       0.32509882130270651     
   27.050000000000004       0.32455865440605414     
   27.100000000000001       0.32558371386720408     
   27.150000000000002       0.32442194427233900     
   27.199999999999999       0.32431012266622772     
   27.250000000000004       0.32256342792134091     
   27.300000000000001       0.32131735576253728     
   27.350000000000001       0.31912767886391485     
   27.400000000000002       0.31727420554666069     
   27.450000000000003       0.31765690295845750     
   27.500000000000000       0.31848629200281964     
   27.550000000000004       0.31903685903662027     
   27.600000000000001       0.31922858072469545     
   27.650000000000002       0.31769437092688063     
   27.699999999999999       0.31566653775853754     
   27.750000000000004       0.31611804964539247     
   27.800000000000004       0.31727695431376607     
   27.850000000000001       0.31753115523641023     
   27.900000000000006       0.31824977758579454     
   27.950000000000003       0.31531009378541919     
   28.000000000000004       0.31499530109269902     
   28.050000000000001       0.31555239203537777     
   28.100000000000005       0.31665045321602930     
   28.150000000000002       0.31504091848327376     
   28.200000000000003       0.31522841470646151     
   28.250000000000004       0.31397243747855091     
   28.300000000000004       0.31310121379899336     
   28.350000000000001       0.31448503311394449     
   28.400000000000002       0.31697629332259802     
   28.450000000000003       0.31724394872710787     
   28.500000000000004       0.31864990722115738     
   28.550000000000001       0.32049287266464910     
   28.600000000000005       0.31864999141030897     
   28.650000000000002       0.31697663776560797     
   28.700000000000003       0.31748526140361100     
   28.750000000000000       0.31610340743216436     
   28.800000000000004       0.31493894868737721     
   28.850000000000001       0.31440707455020434     
   28.900000000000002       0.31398028591147892     
   28.950000000000003       0.31399076585691965     
   29.000000000000004       0.31389160380552156     
   29.050000000000001       0.31329190378526506     
   29.100000000000001       0.31180442258385838     
   29.150000000000002       0.31298424847095646     
   29.200000000000003       0.31299840463310680     
   29.250000000000000       0.31301870105006957     
   29.300000000000004       0.31358523766751167     
   29.350000000000001       0.31231716502943335     
   29.400000000000002       0.31157205220232687     
   29.449999999999999       0.31265746059812966     
   29.500000000000004       0.31140231653144279     
   29.550000000000001       0.31098279096584774     
   29.600000000000001       0.31334518665271288     
   29.650000000000002       0.31132611964789214     
   29.700000000000003       0.31121199486237805     
   29.750000000000000       0.31233986562346033     
   29.800000000000004       0.31381000813175219     
   29.850000000000001       0.31413752352557039     
   29.900000000000002       0.31591027300630592     
   29.950000000000003       0.31411875240113812     
