   0.0000000000000000       0.99999999999998246     
   7.0000000000000001E-003  0.99596119843093989     
   1.4000000000000000E-002  0.98605911527391532     
   2.0999999999999998E-002  0.97075087859866038     
   2.8000000000000001E-002  0.95002503114207870     
   3.5000000000000003E-002  0.92656178339227657     
   4.1999999999999996E-002  0.90204512939836845     
   4.9000000000000002E-002  0.87992631116472009     
   5.6000000000000001E-002  0.86435036787334252     
   6.3000000000000000E-002  0.85447871779517204     
   7.0000000000000007E-002  0.85296874623892338     
   7.6999999999999999E-002  0.85793974638421444     
   8.3999999999999991E-002  0.86498571065872176     
   9.1000000000000011E-002  0.87515871712729609     
   9.8000000000000004E-002  0.88502137116858925     
  0.10500000000000001       0.88904351007464189     
  0.11200000000000000       0.89051944485870660     
  0.11899999999999999       0.88609369396763149     
  0.12600000000000000       0.87731963651064471     
  0.13300000000000001       0.86349303818708545     
  0.14000000000000001       0.84415378840253219     
  0.14700000000000002       0.81357897379745614     
  0.15400000000000000       0.77859107741683209     
  0.16100000000000000       0.73941411298494930     
  0.16799999999999998       0.69438905195001688     
  0.17500000000000002       0.64440519047504674     
  0.18200000000000002       0.59783913126458599     
  0.18900000000000000       0.54438435373369820     
  0.19600000000000001       0.49906700407344706     
  0.20299999999999999       0.45621928743401979     
  0.21000000000000002       0.41762432995516480     
  0.21700000000000003       0.38503826051133427     
  0.22400000000000000       0.35833747854420028     
  0.23100000000000001       0.34098176474179315     
  0.23799999999999999       0.33317155410888960     
  0.24500000000000002       0.33285323134070693     
  0.25200000000000000       0.33520064173284059     
  0.25900000000000001       0.33703757337213675     
  0.26600000000000001       0.33412793745700414     
  0.27300000000000002       0.32429968874132475     
  0.28000000000000003       0.31140680425746498     
  0.28700000000000003       0.30262309429317685     
  0.29400000000000004       0.29344977214797668     
  0.30099999999999999       0.26149845606009092     
  0.30800000000000000       0.24496761697507968     
  0.31500000000000000       0.21838220170011097     
  0.32200000000000001       0.20389097548416549     
  0.32900000000000001       0.18598488631522905     
  0.33599999999999997       0.16128143001083084     
  0.34300000000000003       0.13959746066791309     
  0.35000000000000003       0.12018902552701877     
  0.35700000000000004        9.5483026199446180E-002
  0.36400000000000005        8.2425532776497862E-002
  0.37100000000000000        6.9001585024352163E-002
  0.37800000000000000        6.5429487311202864E-002
  0.38500000000000001        5.4440402098204374E-002
  0.39200000000000002        5.3089532012636824E-002
  0.39900000000000002        5.1696423153146501E-002
  0.40599999999999997        5.4455730005538827E-002
  0.41300000000000003        5.4866807160351881E-002
  0.42000000000000004        7.0780429681147783E-002
  0.42700000000000005        8.3498343748639112E-002
  0.43400000000000005        9.4897665161514447E-002
  0.44100000000000000        9.4458383538652393E-002
  0.44800000000000001        8.3564382481527075E-002
  0.45500000000000002        7.8464230469846852E-002
  0.46200000000000002        6.0658252440303331E-002
  0.46900000000000003        4.9684288762761319E-002
  0.47599999999999998        4.7252079889623481E-002
  0.48299999999999998        3.8202992606684028E-002
  0.49000000000000005        3.7111245019235399E-002
  0.49700000000000005        4.2591302801256253E-002
  0.50400000000000000        3.1680443006949444E-002
  0.51100000000000001        6.1259840887822672E-003
  0.51800000000000002        1.8426773119883846E-002
  0.52500000000000002        2.1996417294094472E-002
  0.53200000000000003        1.6170853296973056E-002
  0.53900000000000003        9.9108921433396554E-003
  0.54600000000000004        1.7199761756106734E-002
  0.55300000000000005        1.9185893738062076E-002
  0.56000000000000005        4.6666687007668288E-002
  0.56700000000000006        5.9296572522284638E-002
  0.57400000000000007        5.2821128793262451E-002
  0.58100000000000007        5.5717333685050226E-002
  0.58800000000000008        5.9303123992903994E-002
  0.59500000000000008        4.7454512521634080E-002
  0.60199999999999998        4.9617556970382892E-002
  0.60899999999999999        1.8685355981968596E-003
  0.61599999999999999        1.2337133865869251E-002
  0.62300000000000000        1.3993300401934463E-002
  0.63000000000000000        5.5234455170922805E-003
  0.63700000000000001        3.3315483531107776E-002
  0.64400000000000002        1.2474164788569737E-002
  0.65100000000000002        3.6871390907664475E-002
  0.65800000000000003       -1.5857248292708022E-002
  0.66499999999999992        1.8152536411399169E-002
  0.67199999999999993       -1.6313611211959553E-002
  0.67900000000000005        1.3592160951358560E-002
  0.68600000000000005       -1.6440438203347198E-002
  0.69300000000000006       -1.5552454973532264E-002
  0.70000000000000007       -2.2759291951450152E-002
  0.70700000000000007       -4.5594232940981756E-002
  0.71400000000000008        1.8993444134781001E-002
  0.72100000000000009        1.2691817756402986E-002
  0.72800000000000009        1.2519820815336629E-002
  0.73500000000000010       -2.1156083510244606E-002
  0.74199999999999999       -2.0853294111248144E-002
  0.74900000000000000       -1.8514022090053664E-002
  0.75600000000000001        2.3314637051492469E-002
  0.76300000000000001       -3.4255624865331888E-002
  0.77000000000000002       -1.9983216466473060E-003
  0.77700000000000002       -3.4534175767299585E-002
  0.78400000000000003       -5.5776712345605169E-002
  0.79100000000000004       -3.7027044730795142E-002
  0.79800000000000004        6.6657584963338368E-003
  0.80499999999999994       -1.2669355286148784E-002
  0.81199999999999994        4.0240793630779544E-002
  0.81899999999999995        2.2246831773046118E-002
  0.82600000000000007        2.6579808868052383E-002
  0.83300000000000007        5.5629464380531207E-003
  0.84000000000000008        4.2681929333424052E-004
  0.84700000000000009        8.9859110077461085E-003
  0.85400000000000009       -9.2036159314262175E-003
  0.86100000000000010        2.1759538117205053E-002
  0.86800000000000010       -7.0909062383346074E-003
  0.87500000000000011       -3.6940442120659764E-002
  0.88200000000000001        1.4372022354648052E-002
  0.88900000000000001        1.5019864854250704E-002
  0.89600000000000002        9.2491617142153940E-003
  0.90300000000000002        4.2044621740035953E-002
  0.91000000000000003       -1.2757094414681003E-002
  0.91700000000000004        1.0511622546107274E-002
  0.92400000000000004        8.3796789070976277E-003
  0.93100000000000005       -4.1885339427060506E-002
  0.93800000000000006        2.0003359180605262E-002
  0.94499999999999995       -3.6147201135952135E-002
  0.95199999999999996       -2.2377672172619939E-003
  0.95899999999999996        6.7775783807565715E-003
  0.96599999999999997       -1.7126017573025685E-003
  0.97300000000000009       -3.0133285521890759E-002
  0.98000000000000009        1.8592005096709104E-002
  0.98700000000000010        2.4832506718321087E-002
  0.99400000000000011        1.2566711626065562E-002
   1.0010000000000001        1.5490055596817981E-002
   1.0080000000000000        4.4312843656494185E-003
   1.0150000000000001       -1.2146069163758509E-002
   1.0220000000000000        1.2014746039172103E-002
   1.0290000000000001        3.1943160214395212E-003
   1.0360000000000000       -1.0273159272374356E-002
   1.0430000000000001       -7.4613747358078337E-003
   1.0500000000000000       -3.0623244846065129E-002
   1.0569999999999999       -1.1808289113321230E-002
   1.0640000000000001        2.9227454925584810E-002
   1.0710000000000000        2.8066835984599553E-002
   1.0780000000000001        4.8239067013028381E-002
   1.0850000000000000        7.9415552708843925E-003
   1.0920000000000001       -1.2851189022184070E-002
   1.0990000000000000        7.8375413889463681E-003
   1.1060000000000001        2.0144957494757983E-002
   1.1130000000000000        3.8109744961167327E-002
   1.1200000000000001       -8.4182049317163890E-004
   1.1270000000000000       -2.9666653916837905E-002
   1.1340000000000001        4.6090099627056541E-002
   1.1410000000000000       -1.4472720629754975E-002
   1.1480000000000001       -3.2730839493059556E-002
   1.1550000000000000       -1.9690777637787313E-003
   1.1620000000000001        6.0603922932163837E-002
   1.1690000000000000        2.1879317004325848E-002
   1.1760000000000002       -8.2967729452476019E-002
   1.1830000000000001        1.0620435168780739E-002
   1.1900000000000002       -1.4301050056151407E-002
   1.1970000000000001       -2.5134200832580327E-002
   1.2040000000000000        2.2882285803989020E-002
   1.2110000000000001        2.1004779370304191E-002
   1.2180000000000000       -3.8469897410291651E-002
   1.2250000000000001        3.2944352911316206E-002
   1.2320000000000000       -1.2381216641581233E-002
   1.2390000000000001        2.9167472620434894E-002
   1.2460000000000000        4.2486073308978856E-002
   1.2530000000000001       -4.6432873895921274E-002
   1.2600000000000000       -1.5736524196339426E-002
   1.2669999999999999        3.0900644188410018E-002
   1.2740000000000000        4.0201850744174566E-002
   1.2809999999999999       -9.0667707536552199E-003
   1.2880000000000000       -1.4476866234258479E-003
   1.2949999999999999        3.9625510884383512E-003
   1.3020000000000000       -1.2276722133630168E-002
   1.3089999999999999       -6.1929408051872026E-003
   1.3160000000000001       -5.6135298262130710E-003
   1.3230000000000000       -3.5080289918742610E-002
   1.3299999999999998        1.0161169070950511E-002
   1.3370000000000000       -7.7310070363713294E-003
   1.3439999999999999       -3.7055661520296282E-002
   1.3510000000000002       -2.2084921127747965E-002
   1.3580000000000001        8.9003299138314170E-003
   1.3650000000000002        1.7019993119359297E-002
   1.3720000000000001        9.5062432231241070E-003
   1.3790000000000002       -3.9651941599916862E-002
   1.3860000000000001       -1.7228125014790201E-002
   1.3930000000000002       -2.8808778802460518E-003
   1.4000000000000001       -3.8564425964341002E-002
   1.4070000000000000       -3.2680409093650818E-003
   1.4140000000000001        1.7625190512635284E-002
   1.4210000000000000       -1.3130311808267549E-002
   1.4280000000000002        4.6913898416129446E-002
   1.4350000000000001        4.7510586550774471E-004
   1.4420000000000002       -6.4587404307558771E-002
   1.4490000000000001        7.4092812484578413E-003
   1.4560000000000002        3.2114453458430070E-004
   1.4630000000000001       -6.3831887480900375E-003
   1.4700000000000002        3.8152798657629565E-003
   1.4770000000000001       -5.8705472644587850E-002
   1.4840000000000000        1.7901263436335746E-002
   1.4910000000000001       -2.1546559803164049E-002
   1.4980000000000000       -2.6067455600080214E-002
   1.5050000000000001        2.0655866559193780E-002
   1.5120000000000000        7.0966433612392179E-003
   1.5190000000000001       -6.8683993282756713E-003
   1.5260000000000000       -8.6628175361109963E-004
   1.5330000000000001       -2.2430005247781998E-003
   1.5400000000000000       -1.9500478468177089E-003
   1.5469999999999999        1.4575981073044645E-002
   1.5540000000000000       -1.4767518844407870E-002
   1.5609999999999999       -1.0911359119827599E-003
   1.5680000000000001       -3.1481378418546325E-004
   1.5750000000000000       -9.1785131664048423E-003
   1.5820000000000001       -1.6142256585067831E-003
   1.5890000000000000        6.6677679476630477E-003
   1.5960000000000001       -1.0463849747722780E-002
   1.6030000000000000        2.2472043781279309E-002
   1.6099999999999999        2.8556546021812110E-002
   1.6170000000000000        2.1008497379832215E-002
   1.6239999999999999       -5.3632562047760939E-003
   1.6310000000000000        8.2390866031466104E-003
   1.6379999999999999        3.6228106386564776E-002
   1.6450000000000002       -1.5010431584986317E-002
   1.6520000000000001        5.7155531588401658E-003
   1.6590000000000003       -3.7488972195470036E-003
   1.6660000000000001        2.8586931571482510E-002
   1.6730000000000003       -3.3183426437499774E-002
   1.6800000000000002       -2.6843997301484266E-002
   1.6870000000000001       -2.9531778907851240E-002
   1.6940000000000002       -3.7169149220351132E-002
   1.7010000000000001        1.5774620101056815E-002
   1.7080000000000002       -7.8940889107183450E-003
   1.7150000000000001       -8.1884554899296826E-003
   1.7220000000000002        4.4299656991891216E-003
   1.7290000000000001       -1.1335098384791615E-002
   1.7360000000000002        1.9184136303812523E-003
   1.7430000000000001       -8.7089454443696306E-003
   1.7500000000000002        4.0260681249475253E-002
   1.7570000000000001        1.7058458340765359E-002
   1.7640000000000000        1.5057367746042386E-002
   1.7710000000000001        2.4651404028850851E-002
   1.7780000000000000        2.8791668890621579E-002
   1.7850000000000001        7.8335441061977585E-003
   1.7920000000000000        5.9483801913935751E-003
   1.7990000000000002        4.3081987109359387E-003
   1.8060000000000000        3.9048757794332332E-003
   1.8130000000000002        3.4364274077567634E-003
   1.8200000000000001        3.4639233471321147E-002
   1.8270000000000000        1.0785400693518701E-002
   1.8340000000000001       -1.6817031889364072E-002
   1.8410000000000000       -4.9321358499832008E-003
   1.8480000000000001       -3.1877969371107324E-003
   1.8550000000000000        2.2892393686928542E-002
   1.8620000000000001       -5.8061326232300824E-003
   1.8690000000000000       -1.8723412631606623E-002
   1.8760000000000001       -1.4638589293747433E-002
   1.8830000000000000        2.8275234755170041E-002
   1.8899999999999999        2.5990760555569523E-002
   1.8970000000000000       -2.7843956093617443E-002
   1.9039999999999999        4.9486263667535705E-003
   1.9110000000000000       -2.2433423833030570E-003
   1.9179999999999999        4.1961106489974441E-002
   1.9250000000000000       -4.0340659981669569E-003
   1.9319999999999999        1.2618442598390138E-002
   1.9390000000000001       -6.4217852493469701E-002
   1.9460000000000002        1.3476386530104207E-002
   1.9530000000000003       -1.1919653578637678E-002
   1.9600000000000002       -1.6241997447963612E-002
   1.9670000000000003       -3.0849825921427380E-002
   1.9740000000000002       -1.7973416838437357E-002
   1.9810000000000001        1.8834723371694454E-002
   1.9880000000000002       -1.0782437184585160E-002
   1.9950000000000001       -5.9334316585335735E-003
   2.0020000000000002        3.6588961759566073E-002
   2.0090000000000003       -3.1950106891330113E-002
   2.0160000000000000       -1.4377172348901415E-002
   2.0230000000000001       -6.3653424932023681E-002
   2.0300000000000002       -3.5917438095400644E-003
   2.0369999999999999        1.2008180955714130E-002
   2.0440000000000000       -4.2010145041562329E-002
   2.0510000000000002        2.0181598532815922E-002
   2.0580000000000003        3.1456459067055617E-002
   2.0649999999999999       -1.5037845315867170E-002
   2.0720000000000001        3.7333058963697312E-003
   2.0790000000000002       -4.6930000938179291E-002
   2.0860000000000003       -3.0679937903419958E-002
   2.0930000000000000        2.5398883401735139E-002
   2.1000000000000001       -2.6204103268205874E-002
   2.1070000000000002       -3.6325466742416275E-002
   2.1139999999999999        3.0408951396550580E-003
   2.1210000000000000       -1.1026030753209841E-002
   2.1280000000000001       -2.8604784898312929E-002
   2.1350000000000002        3.6809539508770471E-003
   2.1419999999999999        1.8381051629164362E-002
   2.1490000000000000        3.3425737492008773E-003
   2.1560000000000001        1.2239472631130994E-002
   2.1630000000000003        1.7030108601019577E-002
   2.1699999999999999        1.2897302812104527E-003
   2.1770000000000000        1.1488864594221333E-002
   2.1840000000000002        5.1358294496084769E-002
   2.1909999999999998        3.0711126943475338E-002
   2.1980000000000000       -1.8391609431373936E-002
   2.2050000000000001        3.9636615561705248E-003
   2.2120000000000002        1.3277958402759202E-002
   2.2189999999999999        2.8649383501817900E-002
   2.2260000000000000        2.5141205372656582E-002
   2.2330000000000001        2.6544837372357178E-002
   2.2400000000000002        2.6183497452757318E-002
   2.2470000000000003       -1.4054666041173596E-002
   2.2540000000000000        5.8831066708617532E-003
   2.2610000000000001       -3.0940439608524606E-002
   2.2680000000000002        1.0471781184161236E-003
   2.2749999999999999       -4.0363291761397260E-002
   2.2820000000000000       -1.8336328153938052E-002
   2.2890000000000001       -2.7867364160520615E-003
   2.2960000000000003        3.5824842509363259E-003
   2.3029999999999999       -2.0961970150544438E-002
   2.3100000000000001        2.7715804172303640E-002
   2.3169999999999997        2.6039832169117986E-002
   2.3240000000000003       -5.3795252345301976E-002
   2.3310000000000000        1.5847434919206829E-002
   2.3380000000000001        2.2703378034765603E-002
   2.3449999999999998       -6.0938503699918885E-002
   2.3520000000000003       -9.3586167413905533E-003
   2.3590000000000000        2.9843411459379836E-002
   2.3660000000000001       -1.9575771179920452E-003
   2.3729999999999998        1.9113896662390585E-002
   2.3800000000000003       -3.6436449604059493E-002
   2.3870000000000000        1.8916070475449950E-002
   2.3940000000000001        3.3438483688621214E-002
   2.4010000000000002       -3.6361872353579496E-003
   2.4079999999999999       -3.4208221087006961E-002
   2.4150000000000005       -4.8115563070303636E-003
   2.4220000000000002        1.9731469448972021E-002
   2.4290000000000003       -1.9362960067846172E-002
   2.4359999999999999        1.6763136712624454E-002
   2.4430000000000005        1.8639789558683811E-002
   2.4500000000000002       -1.6853141485724005E-003
   2.4570000000000003       -5.2625797610090855E-003
   2.4640000000000000       -1.2490677430047125E-002
   2.4710000000000001        4.4796012580078329E-002
   2.4780000000000002        1.9214173468465391E-004
   2.4850000000000003       -1.1035986764674544E-002
   2.4920000000000000       -2.2862258841771007E-002
   2.4990000000000001       -1.2902148609005754E-002
   2.5060000000000002       -6.2568719997226265E-003
   2.5130000000000003        2.8414572247018859E-002
   2.5200000000000000       -5.6496944312367280E-003
   2.5270000000000001       -1.2877922923856580E-002
   2.5339999999999998        8.8625782280721630E-003
   2.5410000000000004       -2.3704137273819752E-002
   2.5480000000000000        5.0588889238138320E-002
   2.5550000000000002       -1.3954720652734478E-002
   2.5619999999999998        3.7617464504494012E-002
   2.5690000000000004        3.9445722892593467E-002
   2.5760000000000001       -2.2947105297243587E-003
   2.5830000000000002        1.4793065641704573E-005
   2.5899999999999999        3.5014084813391531E-003
   2.5970000000000000       -4.1510955319780635E-002
   2.6040000000000001        4.4590366971808876E-002
   2.6110000000000002        1.6697737555476756E-002
   2.6179999999999999        8.9552544510507475E-004
   2.6250000000000000        2.6054446986215948E-003
   2.6320000000000001       -5.7463359766882546E-003
   2.6390000000000002        1.4245350793636586E-002
   2.6459999999999999        7.1271216879047862E-003
   2.6530000000000000       -1.4611397522458425E-002
   2.6599999999999997        2.6639728089351309E-002
   2.6670000000000003        8.5009050136239436E-003
   2.6739999999999999       -5.2885472205066134E-002
   2.6810000000000000        1.3998638320828687E-002
   2.6879999999999997       -3.2426301945660256E-002
   2.6950000000000003        5.1484695686593709E-002
   2.7020000000000004        2.3384707032226261E-002
   2.7090000000000001       -4.4911501800333882E-002
   2.7160000000000002       -6.7411750345628824E-003
   2.7230000000000003        2.8893192065282038E-002
   2.7300000000000004        2.0738811874632418E-002
   2.7370000000000001       -2.4599372011626160E-002
   2.7440000000000002       -5.0265931578245063E-003
   2.7509999999999999       -4.7104965764999968E-003
   2.7580000000000005        4.2359326421973889E-002
   2.7650000000000001       -1.8536924317316385E-002
   2.7720000000000002        7.7971620411229131E-003
   2.7789999999999999        2.0347881122883962E-002
   2.7860000000000005       -3.5629059558573851E-002
   2.7930000000000001        1.6869054559484148E-002
   2.8000000000000003        1.4374925815484248E-002
   2.8069999999999999       -4.0242510056350524E-002
   2.8140000000000001       -5.5342351256135449E-003
   2.8210000000000002       -1.6439032658609777E-002
   2.8280000000000003       -5.1061495996934823E-003
   2.8350000000000000       -5.8937550526609109E-003
   2.8420000000000001       -2.0866070987561235E-002
   2.8490000000000002        1.6213566793854923E-003
   2.8560000000000003       -3.3777862889776106E-002
   2.8630000000000000        5.7763647652315014E-003
   2.8700000000000001       -2.1540023746324397E-002
   2.8769999999999998       -4.2420645665670418E-003
   2.8840000000000003       -1.2366302817509424E-002
   2.8910000000000000        2.0117402108128273E-002
   2.8980000000000001        1.1607573948577341E-002
   2.9049999999999998       -2.9282995447241958E-002
   2.9120000000000004        8.8142132320958837E-003
   2.9190000000000000        2.5578643270470568E-002
   2.9260000000000002        6.5105697326577477E-003
   2.9329999999999998       -1.3193035352068018E-002
   2.9400000000000004       -2.6089939560777559E-002
   2.9470000000000001        8.0646725563327730E-004
   2.9540000000000002        7.9255919042642824E-003
   2.9609999999999999       -6.7455347846183220E-002
   2.9680000000000000        3.8715714939491245E-003
   2.9750000000000001        1.3844075402107043E-002
   2.9820000000000002       -7.5721292417102650E-003
   2.9890000000000003       -4.2546254487056720E-002
