   0.0000000000000000        1.0000000000000104     
   7.0000000000000001E-003  0.99709074984018231     
   1.4000000000000000E-002  0.98907706844126575     
   2.0999999999999998E-002  0.97785688132056092     
   2.8000000000000001E-002  0.96622959868742375     
   3.5000000000000003E-002  0.95712977368774477     
   4.1999999999999996E-002  0.95282288615899713     
   4.9000000000000002E-002  0.95442902290029175     
   5.6000000000000001E-002  0.96153298456697733     
   6.3000000000000000E-002  0.97230793455123898     
   7.0000000000000007E-002  0.98403716620472070     
   7.6999999999999999E-002  0.99372558909583220     
   8.3999999999999991E-002  0.99918281432195999     
   9.1000000000000011E-002  0.99927442672205080     
   9.8000000000000004E-002  0.99431649627718643     
  0.10500000000000001       0.98598458860567118     
  0.11200000000000000       0.97679898406967736     
  0.11899999999999999       0.96926763053741760     
  0.12600000000000000       0.96540173494069559     
  0.13300000000000001       0.96633548412089842     
  0.14000000000000001       0.97189115379987723     
  0.14700000000000002       0.98036495005079449     
  0.15400000000000000       0.98946769725164974     
  0.16100000000000000       0.99648782249503509     
  0.16799999999999998       0.99946713008777088     
  0.17500000000000002       0.99737674646299346     
  0.18200000000000002       0.99042825495538767     
  0.18900000000000000       0.98021704152194711     
  0.19600000000000001       0.96892328108528103     
  0.20299999999999999       0.95913428487711727     
  0.21000000000000002       0.95316022208047868     
  0.21700000000000003       0.95179532424908897     
  0.22400000000000000       0.95506935841880425     
  0.23100000000000001       0.96252725518135274     
  0.23799999999999999       0.97162579096996193     
  0.24500000000000002       0.97921768922616226     
  0.25200000000000000       0.98459557239048290     
  0.25900000000000001       0.98606536723540772     
  0.26600000000000001       0.98276513764236162     
  0.27300000000000002       0.97920003245170206     
  0.28000000000000003       0.97079374405836494     
  0.28700000000000003       0.95601092670012144     
  0.29400000000000004       0.93829692840843948     
  0.30099999999999999       0.91232634832796722     
  0.30800000000000000       0.88041184696170693     
  0.31500000000000000       0.81005322086862319     
  0.32200000000000001       0.72808763686127975     
  0.32900000000000001       0.68996642969348165     
  0.33599999999999997       0.63409813491239664     
  0.34300000000000003       0.58827504058816216     
  0.35000000000000003       0.55253624059562712     
  0.35700000000000004       0.44169945334994515     
  0.36400000000000005       0.34268866112329976     
  0.37100000000000000       0.28872195716187804     
  0.37800000000000000       0.21318480015332256     
  0.38500000000000001       0.10901290747317019     
  0.39200000000000002        6.7593342576047891E-002
  0.39900000000000002       0.10210912358952745     
  0.40599999999999997        6.6461417242182727E-002
  0.41300000000000003        7.5349653060907462E-002
  0.42000000000000004        8.4978508867354571E-002
  0.42700000000000005        6.3777484860535874E-002
  0.43400000000000005        5.7910250284032086E-002
  0.44100000000000000        6.9485481386020093E-002
  0.44800000000000001       -5.1012476011680196E-003
  0.45500000000000002       -1.4001065611887478E-002
  0.46200000000000002       -5.0139773798316967E-002
  0.46900000000000003       -3.3059663507282360E-003
  0.47599999999999998       -1.6459113934067706E-002
  0.48299999999999998        5.0784096594747221E-003
  0.49000000000000005        5.0707573932273391E-003
  0.49700000000000005       -2.2545690453241302E-002
  0.50400000000000000        4.1478764636465014E-002
  0.51100000000000001        1.8467106726807479E-002
  0.51800000000000002        2.1001874061783353E-002
  0.52500000000000002       -1.5624117363501356E-002
  0.53200000000000003       -1.9343221674976950E-002
  0.53900000000000003        4.3135032738040381E-004
  0.54600000000000004        1.6606459605160072E-002
  0.55300000000000005       -2.1983373338661030E-003
  0.56000000000000005       -1.6518105907694407E-002
  0.56700000000000006        4.3846694219335687E-003
  0.57400000000000007       -6.8739179393361447E-003
  0.58100000000000007        3.9752362216215345E-003
  0.58800000000000008       -2.0586070938809979E-002
  0.59500000000000008       -6.3510254915036035E-002
  0.60199999999999998       -2.8136621798424723E-002
  0.60899999999999999       -4.9538139900835047E-002
  0.61599999999999999       -2.3682776142278178E-002
  0.62300000000000000       -6.7793296452332286E-002
  0.63000000000000000       -3.4731246796344137E-002
  0.63700000000000001       -2.1910693610381352E-002
  0.64400000000000002       -1.9009382305911194E-002
  0.65100000000000002       -2.1244459263073161E-002
  0.65800000000000003       -4.9478167636700772E-002
  0.66499999999999992       -6.5388758339111369E-002
  0.67199999999999993       -3.3998202678062736E-002
  0.67900000000000005       -3.9587581716238876E-003
  0.68600000000000005       -1.6726801972327912E-002
  0.69300000000000006        7.8403737125619273E-003
  0.70000000000000007       -1.6773565078229847E-002
  0.70700000000000007        3.4172453697258805E-002
  0.71400000000000008       -2.3097918143766629E-002
  0.72100000000000009        5.2579253009174352E-003
  0.72800000000000009        9.0014048383297209E-003
  0.73500000000000010       -1.4393112971021582E-002
  0.74199999999999999        6.6490611634537518E-003
  0.74900000000000000       -2.0740028323788410E-002
  0.75600000000000001        4.8688109516489709E-003
  0.76300000000000001        6.8952760207180875E-003
  0.77000000000000002        3.9998785475976267E-002
  0.77700000000000002        1.4905655727336554E-002
  0.78400000000000003       -2.0063115466738331E-002
  0.79100000000000004        1.8855513722578890E-002
  0.79800000000000004       -1.3566492272211943E-002
  0.80499999999999994        1.2750503389208025E-002
  0.81199999999999994       -8.3950209299578690E-003
  0.81899999999999995       -2.6201354702160207E-004
  0.82600000000000007       -3.7332153559171459E-002
  0.83300000000000007       -3.9438750074755466E-003
  0.84000000000000008        1.1664168459695709E-002
  0.84700000000000009        1.3775090726209077E-002
  0.85400000000000009       -8.6030616902288946E-004
  0.86100000000000010       -9.8604927785622392E-003
  0.86800000000000010        6.9029156202866692E-003
  0.87500000000000011        9.6795703267545542E-004
  0.88200000000000001        5.9503460972506125E-003
  0.88900000000000001       -1.0094692393037371E-002
  0.89600000000000002       -2.0853067999934569E-002
  0.90300000000000002        5.8756562688248977E-002
  0.91000000000000003        2.2700849172426683E-002
  0.91700000000000004        3.4212440172602162E-003
  0.92400000000000004       -6.6107893469072648E-003
  0.93100000000000005       -1.1234378619618148E-002
  0.93800000000000006       -8.7227814860143405E-003
  0.94499999999999995       -2.8517347592004971E-002
  0.95199999999999996       -3.7178844928605584E-002
  0.95899999999999996       -5.0889409858613989E-002
  0.96599999999999997       -9.0692258338646470E-002
  0.97300000000000009        1.9281417286204729E-002
  0.98000000000000009        1.5796549952009110E-002
  0.98700000000000010       -3.2242849969248664E-002
  0.99400000000000011       -2.8570481538350838E-002
   1.0010000000000001       -1.1752537951276161E-002
   1.0080000000000000       -2.6640213656411272E-002
   1.0150000000000001       -4.9177117761867090E-002
   1.0220000000000000       -2.5448603850241270E-002
   1.0290000000000001        8.5896556659383737E-003
   1.0360000000000000       -3.8296143332002319E-002
   1.0430000000000001       -7.3631608381274699E-003
   1.0500000000000000        1.5859820558767331E-002
   1.0569999999999999       -3.6460148363245772E-002
   1.0640000000000001       -2.0180753507427453E-002
   1.0710000000000000       -2.5769087647431713E-003
   1.0780000000000001        2.2247545531609195E-002
   1.0850000000000000       -2.6636274309609038E-002
   1.0920000000000001        6.4396635217512516E-003
   1.0990000000000000        1.6165130418158414E-002
   1.1060000000000001        4.1543974394775418E-004
   1.1130000000000000       -9.6197505004877032E-003
   1.1200000000000001        4.2703104381380086E-002
   1.1270000000000000       -2.0241036540277837E-002
   1.1340000000000001       -1.6847258332201732E-002
   1.1410000000000000       -3.0967262495222119E-002
   1.1480000000000001        3.4143044569907868E-002
   1.1550000000000000        2.1702739285944989E-003
   1.1620000000000001        7.2203286427604163E-004
   1.1690000000000000        2.1101062202317565E-003
   1.1760000000000002       -2.4547464336048087E-002
   1.1830000000000001       -2.2652674226596798E-002
   1.1900000000000002       -4.4178587219297724E-002
   1.1970000000000001        5.6259933397861143E-003
   1.2040000000000000       -1.8471150178480642E-002
   1.2110000000000001        1.6588440596934751E-002
   1.2180000000000000       -1.6365457027370450E-002
   1.2250000000000001       -2.6821104260288445E-002
   1.2320000000000000       -3.6196551251904824E-002
   1.2390000000000001       -3.5108704444452486E-002
   1.2460000000000000        3.2024450219985394E-002
   1.2530000000000001        4.4812460774053306E-002
   1.2600000000000000        1.0056873949623948E-002
   1.2669999999999999       -2.0312682999124327E-002
   1.2740000000000000       -1.2873304906623539E-002
   1.2809999999999999        3.0198540637679828E-002
   1.2880000000000000       -4.6755715412201693E-002
   1.2949999999999999        2.8290457899027839E-003
   1.3020000000000000       -4.9057086227049143E-002
   1.3089999999999999       -1.7174392356884657E-002
   1.3160000000000001        2.9898642224689721E-002
   1.3230000000000000        3.3341824875939202E-002
   1.3299999999999998        1.6334480151233264E-002
   1.3370000000000000       -1.3150972098459597E-002
   1.3439999999999999        8.5281231551200733E-003
   1.3510000000000002       -3.2966474126520422E-002
   1.3580000000000001       -2.6905211674687540E-002
   1.3650000000000002       -1.1430738041258982E-002
   1.3720000000000001       -1.1817239905728822E-002
   1.3790000000000002       -6.3476498068598839E-003
   1.3860000000000001        1.6804051153058105E-002
   1.3930000000000002        1.5889151716988543E-003
   1.4000000000000001       -9.5470696150847661E-003
   1.4070000000000000       -2.0814679563378046E-003
   1.4140000000000001        2.5866371829441050E-002
   1.4210000000000000       -2.6592520866790991E-002
   1.4280000000000002       -1.1191564623687344E-002
   1.4350000000000001       -3.7592179310753177E-002
   1.4420000000000002       -2.6768553039348362E-002
   1.4490000000000001       -2.2326134687180390E-002
   1.4560000000000002        2.3353213923059658E-002
   1.4630000000000001        6.5187718310041984E-002
   1.4700000000000002        4.5206856833569231E-003
   1.4770000000000001        1.0924330197305904E-002
   1.4840000000000000        1.1943384869172449E-002
   1.4910000000000001        4.0528075721624979E-002
   1.4980000000000000       -1.6109417932300397E-002
   1.5050000000000001       -1.9769454074750902E-002
   1.5120000000000000       -2.3811094254842392E-002
   1.5190000000000001       -1.7932275555800275E-002
   1.5260000000000000       -1.9200373328146177E-002
   1.5330000000000001       -4.0116015054419245E-002
   1.5400000000000000       -2.4292814930142966E-002
   1.5469999999999999       -3.1379687895189294E-002
   1.5540000000000000        2.4084241358841517E-003
   1.5609999999999999        2.1677685447258063E-002
   1.5680000000000001       -2.3965095855822617E-003
   1.5750000000000000       -1.5307830405382951E-002
   1.5820000000000001       -3.1147515079210947E-002
   1.5890000000000000       -5.8404899054428666E-002
   1.5960000000000001        1.6244570404419063E-003
   1.6030000000000000        1.6796919408413092E-002
   1.6099999999999999        1.2029401539909940E-003
   1.6170000000000000        3.4863749886629242E-002
   1.6239999999999999       -2.9656369388475261E-002
   1.6310000000000000        1.4572736124329798E-003
   1.6379999999999999       -9.4098128176023227E-003
   1.6450000000000002       -8.1938433128520508E-003
   1.6520000000000001        3.1387758028725704E-002
   1.6590000000000003        4.4184068559487082E-002
   1.6660000000000001       -2.7687983832609581E-002
   1.6730000000000003        9.4055909154908872E-004
   1.6800000000000002       -9.6757896265932709E-003
   1.6870000000000001       -4.8906002106932918E-002
   1.6940000000000002        1.9471736347486873E-002
   1.7010000000000001        2.0192308074912336E-002
   1.7080000000000002       -2.2465841003413757E-003
   1.7150000000000001        1.3596832912179618E-002
   1.7220000000000002       -4.4580056722586428E-002
   1.7290000000000001        2.9336814439530408E-002
   1.7360000000000002        1.4006666401504024E-002
   1.7430000000000001       -3.7784922494543106E-002
   1.7500000000000002        6.4768223523441096E-002
   1.7570000000000001       -4.2514746071131565E-002
   1.7640000000000000       -2.3711179456771682E-002
   1.7710000000000001       -2.3038842957578333E-002
   1.7780000000000000        1.3999977143762582E-002
   1.7850000000000001       -3.9617338984631462E-002
   1.7920000000000000        1.1466481595849788E-003
   1.7990000000000002       -6.7067956514284016E-002
   1.8060000000000000       -2.0184824735155232E-002
   1.8130000000000002       -1.5397500323041406E-002
   1.8200000000000001       -9.9540355623243173E-003
   1.8270000000000000        2.2306898841139424E-002
   1.8340000000000001       -1.4311007825021914E-002
   1.8410000000000000        5.4764729826146073E-003
   1.8480000000000001       -2.6438059467113993E-003
   1.8550000000000000       -3.9011212504635934E-002
   1.8620000000000001       -4.1497206213895960E-003
   1.8690000000000000       -5.7934538459594016E-002
   1.8760000000000001        1.7282151691024279E-002
   1.8830000000000000        1.7888684794389698E-002
   1.8899999999999999       -2.4645580605820287E-002
   1.8970000000000000        2.3936725142893633E-002
   1.9039999999999999       -2.7825124259907243E-004
   1.9110000000000000       -2.6321559704303641E-002
   1.9179999999999999        9.5109434732669716E-003
   1.9250000000000000        3.0485768955463736E-002
   1.9319999999999999        1.6733679709184202E-002
   1.9390000000000001       -1.2389498376471518E-002
   1.9460000000000002        7.0913957545414982E-003
   1.9530000000000003        4.2594954741949041E-003
   1.9600000000000002        3.1659882400819715E-003
   1.9670000000000003        3.0389846384929237E-003
   1.9740000000000002       -1.6615876919648248E-002
   1.9810000000000001       -2.1115645678505473E-002
   1.9880000000000002        3.0555779680657612E-002
   1.9950000000000001       -1.7188254618201105E-002
   2.0020000000000002        9.3954380966254306E-003
   2.0090000000000003        3.8414209714439929E-002
   2.0160000000000000       -3.6463778812775315E-002
   2.0230000000000001       -1.9061735400847633E-002
   2.0300000000000002        3.9630287829269570E-002
   2.0369999999999999       -1.1843970038486926E-002
   2.0440000000000000       -2.0759351936310184E-002
   2.0510000000000002        3.7520478241350588E-002
   2.0580000000000003        3.0530231821916037E-002
   2.0649999999999999       -3.0244786160533315E-002
   2.0720000000000001       -1.4160923532518393E-002
   2.0790000000000002       -4.6586073070518354E-002
   2.0860000000000003        1.9472767163043530E-003
   2.0930000000000000        6.3484862334321612E-003
   2.1000000000000001       -8.9346610340303376E-003
   2.1070000000000002       -1.5068781337133786E-003
   2.1139999999999999       -3.2004276608426231E-002
   2.1210000000000000       -5.7628500960197081E-002
   2.1280000000000001        3.4999584855933642E-003
   2.1350000000000002       -4.3753431635005668E-002
   2.1419999999999999        1.7162383312298282E-003
   2.1490000000000000        2.2334685011142105E-002
   2.1560000000000001        1.2693977734991153E-002
   2.1630000000000003       -5.1908731109564413E-002
   2.1699999999999999       -2.3620037493828058E-002
   2.1770000000000000       -1.5049819537003888E-002
   2.1840000000000002       -2.7160180639544517E-002
   2.1909999999999998        4.4680543053058040E-003
   2.1980000000000000       -4.1025215272091541E-002
   2.2050000000000001        6.0443663706121085E-003
   2.2120000000000002       -2.8987933074232780E-002
   2.2189999999999999       -1.4640240608228791E-002
   2.2260000000000000       -3.4380760567006889E-002
   2.2330000000000001       -1.1725079362478826E-002
   2.2400000000000002       -9.0321340482946866E-003
   2.2470000000000003        7.1239259577793633E-003
   2.2540000000000000       -1.4109315962735045E-002
   2.2610000000000001       -2.6841801570231246E-002
   2.2680000000000002       -3.4513586415846724E-002
   2.2749999999999999        1.6852108985573117E-002
   2.2820000000000000       -9.4103728642521388E-003
   2.2890000000000001        8.2703538461567604E-003
   2.2960000000000003       -3.0816037098011242E-003
   2.3029999999999999       -1.2634229124066572E-002
   2.3100000000000001       -5.8037099370874473E-003
   2.3169999999999997       -8.7926845343118780E-003
   2.3240000000000003       -3.9720773730008872E-003
   2.3310000000000000        2.5655809603722323E-003
   2.3380000000000001        5.2688686642025293E-003
   2.3449999999999998        4.5223403324385354E-002
   2.3520000000000003       -4.6524935312679067E-002
   2.3590000000000000       -3.9425129197331661E-002
   2.3660000000000001        1.9755073098127032E-002
   2.3729999999999998       -6.1546454157816570E-004
   2.3800000000000003       -2.1676095353855614E-002
   2.3870000000000000       -4.0859369347170202E-002
   2.3940000000000001       -3.9030683333657825E-003
   2.4010000000000002       -5.5418430758035929E-003
   2.4079999999999999       -1.4841372349792620E-002
   2.4150000000000005       -3.9775406701824292E-002
   2.4220000000000002       -7.3531056956031337E-003
   2.4290000000000003       -1.8383643045721411E-002
   2.4359999999999999        1.1056777522701781E-002
   2.4430000000000005       -2.8108284397833409E-002
   2.4500000000000002       -3.7056511052374823E-003
   2.4570000000000003       -4.1035204731035495E-002
   2.4640000000000000       -3.3201922079629631E-002
   2.4710000000000001        1.5519531722116529E-002
   2.4780000000000002        2.9290180204119610E-003
   2.4850000000000003        3.2800535230028044E-002
   2.4920000000000000       -3.0968732964201075E-002
   2.4990000000000001        3.1658126737618704E-002
   2.5060000000000002        7.7051581354799139E-003
   2.5130000000000003       -3.5141259070103896E-002
   2.5200000000000000        1.6497531023593911E-002
   2.5270000000000001       -4.4281612991921293E-002
   2.5339999999999998        9.2708217957143107E-003
   2.5410000000000004       -2.4814838114838124E-002
   2.5480000000000000        2.1144917709491045E-003
   2.5550000000000002        1.0308456902829116E-003
   2.5619999999999998       -2.6645695761027708E-004
   2.5690000000000004        5.4177232793150849E-002
   2.5760000000000001       -3.7006018021288528E-002
   2.5830000000000002       -9.2966946261934455E-003
   2.5899999999999999        1.1846143324916944E-003
   2.5970000000000000       -2.3408287841879229E-002
   2.6040000000000001       -1.6954798604830684E-003
   2.6110000000000002        3.8551739055741629E-003
   2.6179999999999999        8.8417152726645177E-003
   2.6250000000000000        4.6871209100426234E-002
   2.6320000000000001        1.3693588139400067E-002
   2.6390000000000002       -5.6667273795692162E-003
   2.6459999999999999       -2.9576487469200049E-002
   2.6530000000000000       -2.6673390628500143E-002
   2.6599999999999997       -1.5878860039376413E-002
   2.6670000000000003        1.7302450017162640E-002
   2.6739999999999999        8.1258436676908546E-003
   2.6810000000000000        2.4331374019562126E-002
   2.6879999999999997       -1.7378209814594092E-002
   2.6950000000000003       -7.0190990720160190E-003
   2.7020000000000004        1.6519187055475317E-003
   2.7090000000000001       -2.6158408630134994E-002
   2.7160000000000002       -1.8070763975945231E-002
   2.7230000000000003        7.7003068172911780E-003
   2.7300000000000004       -1.7438047566031463E-002
   2.7370000000000001       -2.6592895472042459E-002
   2.7440000000000002        1.1185035178895995E-002
   2.7509999999999999       -2.2200753250034424E-002
   2.7580000000000005       -5.0629777107613551E-002
   2.7650000000000001        3.0320916350334091E-002
   2.7720000000000002        1.3407435064191706E-002
   2.7789999999999999        6.7094333407166067E-003
   2.7860000000000005       -2.4563872048341710E-002
   2.7930000000000001       -2.3761458877135457E-002
   2.8000000000000003       -2.8108302990655674E-002
   2.8069999999999999       -2.7044262244713825E-002
   2.8140000000000001        1.9409071350146901E-002
   2.8210000000000002       -6.1737351595550754E-003
   2.8280000000000003       -2.6034530614471693E-003
   2.8350000000000000       -2.0623637831024510E-002
   2.8420000000000001       -9.3416972772565748E-003
   2.8490000000000002        4.0471604784282349E-002
   2.8560000000000003       -3.9126820527974004E-002
   2.8630000000000000       -1.6058841632053195E-002
   2.8700000000000001       -6.5679608088254826E-003
   2.8769999999999998        4.4968650412516914E-003
   2.8840000000000003        1.7832721810109118E-002
   2.8910000000000000       -2.3289371315959210E-002
   2.8980000000000001       -3.5058015546115526E-002
   2.9049999999999998       -3.8952237835092164E-003
   2.9120000000000004       -9.2288766607105353E-003
   2.9190000000000000       -6.0898241293269326E-003
   2.9260000000000002        4.8246670963780457E-002
   2.9329999999999998       -1.0309571329096972E-002
   2.9400000000000004        6.5392033294819289E-004
   2.9470000000000001       -1.8546967114207575E-003
   2.9540000000000002       -1.0011967204879256E-002
   2.9609999999999999       -3.4100918322439613E-003
   2.9680000000000000        2.3570529040024086E-003
   2.9750000000000001       -2.8519417049111602E-002
   2.9820000000000002       -9.0727750564152110E-002
   2.9890000000000003        2.0039221519886102E-002
