   0.0000000000000000       0.99999999999998523     
   7.0000000000000001E-003  0.99710275454427799     
   1.4000000000000000E-002  0.98907577231870003     
   2.0999999999999998E-002  0.97788366960771211     
   2.8000000000000001E-002  0.96629576457171040     
   3.5000000000000003E-002  0.95721081055763146     
   4.1999999999999996E-002  0.95295882256071496     
   4.9000000000000002E-002  0.95458887508420109     
   5.6000000000000001E-002  0.96171705273972996     
   6.3000000000000000E-002  0.97246138743037791     
   7.0000000000000007E-002  0.98412511825258386     
   7.6999999999999999E-002  0.99382642323679915     
   8.3999999999999991E-002  0.99921591854627700     
   9.1000000000000011E-002  0.99923469874630855     
   9.8000000000000004E-002  0.99426423082967386     
  0.10500000000000001       0.98596628270429165     
  0.11200000000000000       0.97540227494821730     
  0.11899999999999999       0.96522317112471046     
  0.12600000000000000       0.94411951157352636     
  0.13300000000000001       0.91490185340492758     
  0.14000000000000001       0.84293841050350760     
  0.14700000000000002       0.73125935302402323     
  0.15400000000000000       0.62461995995176334     
  0.16100000000000000       0.44611503875140468     
  0.16799999999999998       0.31833374059693248     
  0.17500000000000002       0.19706303255321087     
  0.18200000000000002       0.13854655881908567     
  0.18900000000000000        5.0656911219561965E-002
  0.19600000000000001        5.3810538984100362E-002
  0.20299999999999999        7.5487299870017815E-002
  0.21000000000000002        2.4938428668352094E-002
  0.21700000000000003       -1.2064099201251757E-002
  0.22400000000000000        1.4167360266633802E-002
  0.23100000000000001        8.2084997380888047E-003
  0.23799999999999999        3.1159033125467663E-002
  0.24500000000000002        2.1696124442002862E-002
  0.25200000000000000        3.9576941142412468E-002
  0.25900000000000001       -1.4732196474163932E-002
  0.26600000000000001       -4.7004098488010156E-003
  0.27300000000000002        5.2597945156494179E-002
  0.28000000000000003        1.4294114836643595E-002
  0.28700000000000003        3.2540358832400199E-003
  0.29400000000000004       -1.9758446645706505E-002
  0.30099999999999999       -8.3161424597883379E-003
  0.30800000000000000        1.3279161927632887E-002
  0.31500000000000000        3.3336009455122301E-002
  0.32200000000000001        2.1427826620480320E-002
  0.32900000000000001       -2.6433021211544512E-002
  0.33599999999999997        1.9596156372071512E-002
  0.34300000000000003       -1.5830661769282512E-002
  0.35000000000000003        7.8575220841982114E-003
  0.35700000000000004        2.6746612060894893E-002
  0.36400000000000005       -1.7691362456073146E-003
  0.37100000000000000       -1.6561158629787266E-003
  0.37800000000000000        4.4729191115061437E-004
  0.38500000000000001       -1.6868935483226016E-002
  0.39200000000000002        2.7610367062969331E-002
  0.39900000000000002        7.6754588768393629E-003
  0.40599999999999997        6.7130377393510299E-003
  0.41300000000000003       -1.4700610270096632E-002
  0.42000000000000004        2.4883599881056710E-003
  0.42700000000000005       -9.4142794110405274E-003
  0.43400000000000005        3.5298700085886696E-002
  0.44100000000000000        8.3074101990270165E-003
  0.44800000000000001        3.3078032207582899E-003
  0.45500000000000002       -7.2027990725598680E-003
  0.46200000000000002       -2.4218302601552361E-002
  0.46900000000000003        4.6428957780916019E-002
  0.47599999999999998       -2.6038551202382878E-002
  0.48299999999999998       -2.2351165196272910E-002
  0.49000000000000005       -3.1653462699329477E-002
  0.49700000000000005        1.5194606923535492E-002
  0.50400000000000000        1.3837771324369526E-002
  0.51100000000000001       -1.3903345328463072E-002
  0.51800000000000002        5.1109574660059848E-003
  0.52500000000000002        7.6237099692000555E-003
  0.53200000000000003        6.1614166505008623E-002
  0.53900000000000003        4.5802852738795426E-002
  0.54600000000000004       -1.3207596738190759E-002
  0.55300000000000005       -1.7472916989039945E-002
  0.56000000000000005       -1.3793741192962942E-002
  0.56700000000000006       -4.1004856027745389E-002
  0.57400000000000007        9.4036830710678733E-003
  0.58100000000000007        2.2779687478307251E-002
  0.58800000000000008        3.4033561286667229E-002
  0.59500000000000008       -2.8202755842413708E-002
  0.60199999999999998       -9.7237497892140937E-003
  0.60899999999999999        4.3445905791695216E-002
  0.61599999999999999       -1.1188424892836980E-002
  0.62300000000000000        1.4615130897400803E-002
  0.63000000000000000        2.3270164976651957E-002
  0.63700000000000001        1.3511554614052856E-002
  0.64400000000000002       -2.5486721629064547E-002
  0.65100000000000002       -3.9470205737250554E-002
  0.65800000000000003        5.9615890202106427E-002
  0.66499999999999992        2.0431681070710805E-002
  0.67199999999999993        1.4535745809979872E-004
  0.67900000000000005        3.3381339564445965E-002
  0.68600000000000005       -7.9413038555726755E-003
  0.69300000000000006       -2.8617098950108719E-003
  0.70000000000000007       -1.7674262133077337E-002
  0.70700000000000007        9.2422065516035035E-003
  0.71400000000000008       -1.6381190254956560E-002
  0.72100000000000009        8.7962778135726987E-003
  0.72800000000000009        2.0200725093841798E-002
  0.73500000000000010       -3.3940320625105304E-002
  0.74199999999999999       -1.0349440451470205E-002
  0.74900000000000000       -3.3978701905233888E-002
  0.75600000000000001        2.9350664251602574E-002
  0.76300000000000001        4.7066354685136496E-003
  0.77000000000000002        5.2865664467783909E-002
  0.77700000000000002       -2.5511096243003548E-002
  0.78400000000000003        1.6688092520364173E-002
  0.79100000000000004        9.6228001582624283E-003
  0.79800000000000004       -6.9928937025185945E-003
  0.80499999999999994        8.2557553420009831E-003
  0.81199999999999994       -2.1481027380974283E-002
  0.81899999999999995        3.3544589354250816E-002
  0.82600000000000007        1.3593632160285467E-002
  0.83300000000000007        6.7480737248933808E-003
  0.84000000000000008        1.4802149964630073E-002
  0.84700000000000009       -6.3588435220962459E-003
  0.85400000000000009       -4.9781373570758928E-003
  0.86100000000000010        2.3908268319933756E-002
  0.86800000000000010        1.0330834348422489E-002
  0.87500000000000011        1.8892769960143680E-002
  0.88200000000000001       -2.7946688762834457E-003
  0.88900000000000001        3.6281031265082191E-002
  0.89600000000000002        1.4196158102036140E-002
  0.90300000000000002        2.4020714598599387E-002
  0.91000000000000003       -8.8811655960098507E-003
  0.91700000000000004        3.0242700003351643E-002
  0.92400000000000004       -3.5019280887843502E-003
  0.93100000000000005       -4.8679964390654779E-003
  0.93800000000000006       -2.1460592558380284E-002
  0.94499999999999995        5.7525155339147135E-002
  0.95199999999999996        3.3471671616553525E-002
  0.95899999999999996       -1.6194405617638880E-002
  0.96599999999999997        9.2350327672097148E-003
  0.97300000000000009       -2.9614697865841966E-002
  0.98000000000000009       -1.0409848263730854E-003
  0.98700000000000010        1.2897964342849224E-002
  0.99400000000000011        2.7983875680547842E-002
   1.0010000000000001        1.1673025158778487E-002
   1.0080000000000000        2.4978920724528415E-002
   1.0150000000000001        5.5432482427190920E-002
   1.0220000000000000        2.9209136907725738E-002
   1.0290000000000001        7.1854820378198132E-003
   1.0360000000000000       -5.0346311378461394E-003
   1.0430000000000001        3.1476987127133746E-002
   1.0500000000000000       -1.7103254480056344E-002
   1.0569999999999999       -2.5571310996492045E-003
   1.0640000000000001        2.8801094255522901E-002
   1.0710000000000000        1.3192415873844425E-002
   1.0780000000000001       -8.8931307055935636E-003
   1.0850000000000000        2.3958658115925510E-002
   1.0920000000000001        1.1458075962994148E-002
   1.0990000000000000        6.5553735858284903E-002
   1.1060000000000001        2.7494604439066535E-002
   1.1130000000000000       -3.2347640215113181E-002
   1.1200000000000001        2.4469535121197001E-002
   1.1270000000000000        1.9674576523846625E-002
   1.1340000000000001       -1.0207985522135647E-002
   1.1410000000000000        1.6614482051545115E-002
   1.1480000000000001        3.7372382678400658E-002
   1.1550000000000000        1.4592744097503829E-002
   1.1620000000000001        1.5702524168210842E-003
   1.1690000000000000        4.8857743009687787E-002
   1.1760000000000002        3.2796709811073389E-002
   1.1830000000000001       -5.6134149071202712E-002
   1.1900000000000002        4.8356872923188368E-002
   1.1970000000000001       -1.9451991128166937E-002
   1.2040000000000000        1.7398649518766560E-002
   1.2110000000000001       -8.8086031156210578E-003
   1.2180000000000000        1.2966428053175277E-003
   1.2250000000000001       -1.4032800000603586E-002
   1.2320000000000000        8.3255247998494774E-003
   1.2390000000000001       -1.3924140018348859E-002
   1.2460000000000000        3.8908326062391453E-002
   1.2530000000000001        1.7803826740193443E-002
   1.2600000000000000        2.1277579491681804E-002
   1.2669999999999999        2.8166736732862095E-002
   1.2740000000000000        9.8815004612727627E-003
   1.2809999999999999        3.2105919210255754E-002
   1.2880000000000000       -1.6641587423524260E-002
   1.2949999999999999        9.6822719405082296E-003
   1.3020000000000000        1.0855914543928062E-002
   1.3089999999999999        2.4865861172791354E-002
   1.3160000000000001        3.3945154779850197E-002
   1.3230000000000000        4.7263028892804017E-002
   1.3299999999999998        8.5594123337182915E-003
   1.3370000000000000       -1.9936831143303285E-002
   1.3439999999999999        1.0220912383493076E-002
   1.3510000000000002        3.0235311251142153E-002
   1.3580000000000001       -2.9676361377112210E-003
   1.3650000000000002        3.4919633311842065E-002
   1.3720000000000001        6.4914155455585891E-003
   1.3790000000000002        2.1926865769929128E-002
   1.3860000000000001        5.4961331449365637E-002
   1.3930000000000002        5.3788553147707467E-002
   1.4000000000000001        2.5477032167855115E-002
   1.4070000000000000        2.7398621224934095E-003
   1.4140000000000001        9.9462162381105720E-003
   1.4210000000000000        7.5187609750947291E-003
   1.4280000000000002        8.1567418696306335E-003
   1.4350000000000001       -1.9271682762209346E-002
   1.4420000000000002       -1.2703841284563935E-002
   1.4490000000000001       -1.9918358479472403E-002
   1.4560000000000002        7.7687420591928636E-003
   1.4630000000000001        1.3488121287130986E-003
   1.4700000000000002       -8.1696825386208451E-003
   1.4770000000000001        5.0395058760466654E-002
   1.4840000000000000       -3.2625664020041092E-002
   1.4910000000000001        1.3122408655434611E-002
   1.4980000000000000        3.0341602069436469E-002
   1.5050000000000001        4.2026135655444781E-002
   1.5120000000000000        1.7143528310525312E-002
   1.5190000000000001       -2.7205454969385506E-002
   1.5260000000000000        3.7659199027614283E-002
   1.5330000000000001        1.2173364553432472E-002
   1.5400000000000000        1.5722806076141797E-002
   1.5469999999999999        3.6317480592421597E-002
   1.5540000000000000        3.0037393369775039E-002
   1.5609999999999999       -8.5130098786134426E-003
   1.5680000000000001        1.8872716718249929E-002
   1.5750000000000000       -2.7520726011926892E-002
   1.5820000000000001        1.3088561481413574E-002
   1.5890000000000000        2.2938157621668225E-002
   1.5960000000000001        8.9205518685994967E-003
   1.6030000000000000       -1.7439145582843818E-002
   1.6099999999999999       -3.5476002584069334E-002
   1.6170000000000000       -3.5155187455133455E-003
   1.6239999999999999        1.2795619731973689E-002
   1.6310000000000000       -9.5137720055375862E-003
   1.6379999999999999        7.4555055083924092E-003
   1.6450000000000002        2.4675836041165536E-002
   1.6520000000000001       -7.1342463876799015E-003
   1.6590000000000003        9.7095866856995484E-003
   1.6660000000000001       -1.8239006206673264E-002
   1.6730000000000003       -7.5039820402540702E-003
   1.6800000000000002       -3.2907442457525190E-003
   1.6870000000000001        9.7743363830699002E-003
   1.6940000000000002        5.1359046127668097E-003
   1.7010000000000001        1.5243473712429477E-002
   1.7080000000000002        1.5297660849660775E-002
   1.7150000000000001        6.0794555970578269E-003
   1.7220000000000002        6.4781184370950439E-003
   1.7290000000000001        1.6333984540217748E-002
   1.7360000000000002       -2.1508969042777153E-002
   1.7430000000000001        7.6165973127759945E-003
   1.7500000000000002       -5.3208841898620324E-002
   1.7570000000000001       -6.3780350251773615E-002
   1.7640000000000000        4.9435033145522694E-002
   1.7710000000000001       -1.9910931311624101E-002
   1.7780000000000000        2.9029471010092546E-002
   1.7850000000000001       -4.4630401139049924E-002
   1.7920000000000000        2.3684132649276782E-002
   1.7990000000000002        1.2649229855991359E-003
   1.8060000000000000       -5.7028785087265811E-002
   1.8130000000000002        2.2728658383196078E-002
   1.8200000000000001        2.4085425921183744E-002
   1.8270000000000000        3.4884778297642076E-002
   1.8340000000000001        2.6868353255407413E-003
   1.8410000000000000        1.4162672332808856E-002
   1.8480000000000001       -8.2882586618200100E-003
   1.8550000000000000       -2.1867252531539740E-002
   1.8620000000000001       -2.1790068837537448E-002
   1.8690000000000000       -8.0539700851824415E-003
   1.8760000000000001       -2.3844712642597209E-002
   1.8830000000000000        5.4950487941647946E-002
   1.8899999999999999       -3.1207314657412350E-002
   1.8970000000000000        5.4657635883484240E-002
   1.9039999999999999       -8.0777021628088263E-003
   1.9110000000000000        2.5851922810213243E-002
   1.9179999999999999        3.9006665084140052E-002
   1.9250000000000000        6.6557349353440862E-002
   1.9319999999999999       -2.2261190163185847E-002
   1.9390000000000001        2.5859364428416902E-002
   1.9460000000000002       -4.0794904978051973E-002
   1.9530000000000003        5.7091801412937744E-002
   1.9600000000000002       -3.2364284088719379E-002
   1.9670000000000003       -5.8324044589191867E-002
   1.9740000000000002       -9.5880570508605927E-004
   1.9810000000000001       -3.8324988178294390E-002
   1.9880000000000002       -1.9183335137770304E-003
   1.9950000000000001       -8.5832581021455870E-003
   2.0020000000000002       -1.4558152127903427E-002
   2.0090000000000003        6.5476725100409696E-003
   2.0160000000000000       -2.0819079382359527E-002
   2.0230000000000001        1.2339569348226309E-004
   2.0300000000000002        9.7341660211448127E-004
   2.0369999999999999        1.3635586202253641E-002
   2.0440000000000000        2.2240805205914514E-002
   2.0510000000000002       -2.1205164167505827E-002
   2.0580000000000003        1.5934793107123611E-003
   2.0649999999999999        1.1416156727839520E-002
   2.0720000000000001        4.0111048652275501E-002
   2.0790000000000002        8.2976007885899056E-003
   2.0860000000000003        3.1827152882846772E-002
   2.0930000000000000       -1.1639361874894770E-002
   2.1000000000000001        4.8518843202140428E-002
   2.1070000000000002       -5.0946783150692771E-003
   2.1139999999999999        3.2433727354804660E-002
   2.1210000000000000        3.4937568560746653E-002
   2.1280000000000001        1.5034962206553893E-002
   2.1350000000000002        4.4369130693057875E-003
   2.1419999999999999        1.8990209428651029E-002
   2.1490000000000000       -2.4525690428856734E-002
   2.1560000000000001       -5.5105687519369166E-002
   2.1630000000000003       -7.1065909371254513E-003
   2.1699999999999999       -9.4063663161982440E-003
   2.1770000000000000        1.1390448399557777E-002
   2.1840000000000002       -9.3539054383226516E-003
   2.1909999999999998        1.7494436380612224E-002
   2.1980000000000000        8.9041261283707845E-003
   2.2050000000000001       -6.8073853611831546E-003
   2.2120000000000002       -1.6361941639412389E-002
   2.2189999999999999        2.5895753050541991E-002
   2.2260000000000000       -5.8061902541836543E-003
   2.2330000000000001        1.9866221143806120E-002
   2.2400000000000002        6.2535531191422354E-003
   2.2470000000000003        3.8212790129866080E-002
   2.2540000000000000        2.0471185188694178E-002
   2.2610000000000001       -3.6020861724237657E-002
   2.2680000000000002        4.7394126319709094E-002
   2.2749999999999999        2.3146056869513289E-002
   2.2820000000000000        3.0421950077919729E-002
   2.2890000000000001       -2.6236229750823431E-002
   2.2960000000000003       -1.8612067923463756E-002
   2.3029999999999999        5.3343803123915541E-003
   2.3100000000000001        7.1630695943930107E-003
   2.3169999999999997        2.0724986512533208E-002
   2.3240000000000003       -1.2669281487439595E-002
   2.3310000000000000       -7.1134610249587770E-003
   2.3380000000000001        9.2211499052488148E-003
   2.3449999999999998       -1.4284679301768700E-002
   2.3520000000000003       -4.8515298845243837E-003
   2.3590000000000000       -3.8068982100398753E-002
   2.3660000000000001        8.2797514071477549E-003
   2.3729999999999998        7.9869147593376752E-002
   2.3800000000000003       -1.1579956481406327E-002
   2.3870000000000000       -2.2667041145536828E-002
   2.3940000000000001        2.4856936999774773E-002
   2.4010000000000002        2.4752236714183484E-002
   2.4079999999999999       -4.8489279866533877E-003
   2.4150000000000005        1.9995035655895103E-003
   2.4220000000000002       -1.7244027714480137E-002
   2.4290000000000003       -1.9479971819805195E-002
   2.4359999999999999        1.1028715114757989E-002
   2.4430000000000005        4.9319466121657664E-003
   2.4500000000000002        5.6778029397352289E-003
   2.4570000000000003       -1.2578221073608642E-002
   2.4640000000000000       -1.4450897753284161E-002
   2.4710000000000001        6.8251642156684170E-003
   2.4780000000000002        3.4123254208651498E-002
   2.4850000000000003       -1.3980648628952779E-002
   2.4920000000000000       -2.9249299174460616E-002
   2.4990000000000001       -1.6687484001742083E-003
   2.5060000000000002       -5.3290919951969627E-002
   2.5130000000000003        1.2133864762150058E-002
   2.5200000000000000        2.2672879285138378E-002
   2.5270000000000001        9.1674524748358688E-002
   2.5339999999999998        1.6853901341177278E-002
   2.5410000000000004        5.1851956589190805E-002
   2.5480000000000000       -4.3464695181297947E-002
   2.5550000000000002       -3.4150441253293237E-002
   2.5619999999999998       -2.0835313013212810E-002
   2.5690000000000004       -1.4347646895301722E-002
   2.5760000000000001       -1.1499845564530353E-002
   2.5830000000000002        2.4134213354331776E-003
   2.5899999999999999        1.8184440156728859E-002
   2.5970000000000000        9.3279336231690060E-003
   2.6040000000000001       -2.4611901865879575E-002
   2.6110000000000002        2.0507120686421066E-002
   2.6179999999999999       -6.7978793969697606E-003
   2.6250000000000000       -1.5350410670389806E-002
   2.6320000000000001        8.7420304008987131E-003
   2.6390000000000002       -2.0281126690250360E-002
   2.6459999999999999       -1.7340490638946124E-003
   2.6530000000000000       -3.2431113770331046E-002
   2.6599999999999997       -3.8840805636442016E-002
   2.6670000000000003        4.8629524183387188E-002
   2.6739999999999999       -3.0321861812703014E-003
   2.6810000000000000       -9.7476589548537770E-003
   2.6879999999999997       -4.1078910629067468E-002
   2.6950000000000003       -1.7271099970531886E-002
   2.7020000000000004        2.1178808638791926E-002
   2.7090000000000001       -6.6013617016393161E-003
   2.7160000000000002        3.6131935413747790E-002
   2.7230000000000003        2.8402415307363729E-002
   2.7300000000000004        1.7257189315916955E-002
   2.7370000000000001       -2.6834187495634040E-002
   2.7440000000000002       -1.1442616285169946E-002
   2.7509999999999999        1.4544976207299352E-002
   2.7580000000000005        5.1321633119764322E-002
   2.7650000000000001       -3.2162263679303665E-002
   2.7720000000000002       -3.5992612308527322E-002
   2.7789999999999999        1.4972853678854630E-002
   2.7860000000000005       -1.0752223428082049E-002
   2.7930000000000001        2.9343184546922448E-003
   2.8000000000000003        2.1229405558447722E-002
   2.8069999999999999       -8.6460239937935415E-004
   2.8140000000000001        2.1351419752660840E-002
   2.8210000000000002        2.2097351747096569E-003
   2.8280000000000003        7.6496435555734347E-003
   2.8350000000000000       -6.6791161463365624E-003
   2.8420000000000001       -1.7675968246634054E-002
   2.8490000000000002        1.7729219358049438E-002
   2.8560000000000003       -3.3755618396341107E-002
   2.8630000000000000       -1.5514509900741921E-002
   2.8700000000000001       -1.3304203255983402E-002
   2.8769999999999998        2.8182824268758691E-002
   2.8840000000000003       -2.0728981925081956E-002
   2.8910000000000000        3.5248036229618036E-002
   2.8980000000000001       -5.9791299748195553E-002
   2.9049999999999998       -1.4976268964517616E-002
   2.9120000000000004        3.0617859595566194E-002
   2.9190000000000000        1.0095340817051152E-002
   2.9260000000000002        2.7990060421226506E-003
   2.9329999999999998        7.2896551132342682E-003
   2.9400000000000004        4.0032132489042367E-002
   2.9470000000000001       -6.3161843992680603E-003
   2.9540000000000002        5.2102661177480022E-003
   2.9609999999999999        8.1654899161393674E-004
   2.9680000000000000       -1.4347395350948165E-002
   2.9750000000000001       -6.8703659229713398E-003
   2.9820000000000002        3.2512503904404168E-002
   2.9890000000000003        1.1591951805612333E-002
