   0.0000000000000000       0.99999999999998246     
   7.0000000000000001E-003  0.99995964162511908     
   1.4000000000000000E-002  0.99983863357728164     
   2.0999999999999998E-002  0.99963980310450506     
   2.8000000000000001E-002  0.99937319147558157     
   3.5000000000000003E-002  0.99906160766786367     
   4.1999999999999996E-002  0.99874262087762078     
   4.9000000000000002E-002  0.99846235583788867     
   5.6000000000000001E-002  0.99826494368537277     
   6.3000000000000000E-002  0.99817665184964011     
   7.0000000000000007E-002  0.99819881081454398     
   7.6999999999999999E-002  0.99830885359169697     
   8.3999999999999991E-002  0.99846986569408225     
   9.1000000000000011E-002  0.99864292569294266     
   9.8000000000000004E-002  0.99879966813239085     
  0.10500000000000001       0.99891751149999752     
  0.11200000000000000       0.99898426823812070     
  0.11899999999999999       0.99898942042007666     
  0.12600000000000000       0.99892448047472793     
  0.13300000000000001       0.99877747563117125     
  0.14000000000000001       0.99853605236786414     
  0.14700000000000002       0.99818645535843964     
  0.15400000000000000       0.99772335204376805     
  0.16100000000000000       0.99715086154201638     
  0.16799999999999998       0.99648534199887273     
  0.17500000000000002       0.99575288062160938     
  0.18200000000000002       0.99498028958317331     
  0.18900000000000000       0.99419702327419535     
  0.19600000000000001       0.99343655749137705     
  0.20299999999999999       0.99271907288170025     
  0.21000000000000002       0.99207083590424738     
  0.21700000000000003       0.99152472175491213     
  0.22400000000000000       0.99110234414231424     
  0.23100000000000001       0.99082509590939383     
  0.23799999999999999       0.99068482090008025     
  0.24500000000000002       0.99066409368803743     
  0.25200000000000000       0.99073192815879840     
  0.25900000000000001       0.99083633776060154     
  0.26600000000000001       0.99093142998303252     
  0.27300000000000002       0.99097330477900991     
  0.28000000000000003       0.99093543380779359     
  0.28700000000000003       0.99080657928826399     
  0.29400000000000004       0.99057791065329726     
  0.30099999999999999       0.99026533056038835     
  0.30800000000000000       0.98986769562778032     
  0.31500000000000000       0.98937679063140826     
  0.32200000000000001       0.98881559024115451     
  0.32900000000000001       0.98818376665430108     
  0.33599999999999997       0.98749551963595528     
  0.34300000000000003       0.98676199194363867     
  0.35000000000000003       0.98601794974105827     
  0.35700000000000004       0.98529018303828819     
  0.36400000000000005       0.98459655107344135     
  0.37100000000000000       0.98397203100333785     
  0.37800000000000000       0.98344267332402369     
  0.38500000000000001       0.98301195691775911     
  0.39200000000000002       0.98268447057966435     
  0.39900000000000002       0.98246370276267880     
  0.40599999999999997       0.98232023227586163     
  0.41300000000000003       0.98220137029058674     
  0.42000000000000004       0.98207741567067353     
  0.42700000000000005       0.98191137697408815     
  0.43400000000000005       0.98162874601713390     
  0.44100000000000000       0.98119320348888128     
  0.44800000000000001       0.98056382768913308     
  0.45500000000000002       0.97977066339052221     
  0.46200000000000002       0.97878938213974309     
  0.46900000000000003       0.97763384787967467     
  0.47599999999999998       0.97637669717996256     
  0.48299999999999998       0.97505604745052965     
  0.49000000000000005       0.97373929357308842     
  0.49700000000000005       0.97251793908526207     
  0.50400000000000000       0.97145133884190593     
  0.51100000000000001       0.97059553866957460     
  0.51800000000000002       0.97000471933159182     
  0.52500000000000002       0.96964732669897835     
  0.53200000000000003       0.96954144954511368     
  0.53900000000000003       0.96968454849319219     
  0.54600000000000004       0.97001935522663485     
  0.55300000000000005       0.97048579122782819     
  0.56000000000000005       0.97103910468209154     
  0.56700000000000006       0.97162540519020357     
  0.57400000000000007       0.97217499662873497     
  0.58100000000000007       0.97255902364387270     
  0.58800000000000008       0.97279079219204412     
  0.59500000000000008       0.97280757867072298     
  0.60199999999999998       0.97252594921765945     
  0.60899999999999999       0.97192073814696645     
  0.61599999999999999       0.97092430348279002     
  0.62300000000000000       0.96951789146327461     
  0.63000000000000000       0.96770018091413335     
  0.63700000000000001       0.96550146889649702     
  0.64400000000000002       0.96305349022308229     
  0.65100000000000002       0.96039177200406811     
  0.65800000000000003       0.95764436494966410     
  0.66499999999999992       0.95495390675201153     
  0.67199999999999993       0.95252992381067136     
  0.67900000000000005       0.95040787872542842     
  0.68600000000000005       0.94877840200570729     
  0.69300000000000006       0.94769869365510595     
  0.70000000000000007       0.94717674923102457     
  0.70700000000000007       0.94718237451361265     
  0.71400000000000008       0.94768973148440028     
  0.72100000000000009       0.94861185306961204     
  0.72800000000000009       0.94979123200811322     
  0.73500000000000010       0.95124527602491793     
  0.74199999999999999       0.95264793973882766     
  0.74900000000000000       0.95396809404691341     
  0.75600000000000001       0.95513109099575422     
  0.76300000000000001       0.95593867600356675     
  0.77000000000000002       0.95641652803177046     
  0.77700000000000002       0.95636952727666946     
  0.78400000000000003       0.95573324486993205     
  0.79100000000000004       0.95451180706643191     
  0.79800000000000004       0.95273612834449384     
  0.80499999999999994       0.95041057445300681     
  0.81199999999999994       0.94761563105234303     
  0.81899999999999995       0.94429806313911535     
  0.82600000000000007       0.94068525884642595     
  0.83300000000000007       0.93694053448837078     
  0.84000000000000008       0.93325304269877418     
  0.84700000000000009       0.92983459931832679     
  0.85400000000000009       0.92676971313669421     
  0.86100000000000010       0.92418835514442144     
  0.86800000000000010       0.92233412923332325     
  0.87500000000000011       0.92102645611523071     
  0.88200000000000001       0.92057431735024986     
  0.88900000000000001       0.92066440438210506     
  0.89600000000000002       0.92150842934045274     
  0.90300000000000002       0.92265736499885376     
  0.91000000000000003       0.92419839397129544     
  0.91700000000000004       0.92595710109877838     
  0.92400000000000004       0.92745531854363272     
  0.93100000000000005       0.92900425851094648     
  0.93800000000000006       0.93026219726151727     
  0.94499999999999995       0.93109670528091892     
  0.95199999999999996       0.93162540900942326     
  0.95899999999999996       0.93163546539966935     
  0.96599999999999997       0.93115566264447924     
  0.97300000000000009       0.93017547404266676     
  0.98000000000000009       0.92863713876675025     
  0.98700000000000010       0.92665746662103177     
  0.99400000000000011       0.92428654426603840     
   1.0010000000000001       0.92179532800494446     
   1.0080000000000000       0.91906471701926484     
   1.0150000000000001       0.91637987199852555     
   1.0220000000000000       0.91403452883952230     
   1.0290000000000001       0.91190411512575431     
   1.0360000000000000       0.91023008764122471     
   1.0430000000000001       0.90896235701255579     
   1.0500000000000000       0.90811764880496137     
   1.0569999999999999       0.90764713939083252     
   1.0640000000000001       0.90737117704248960     
   1.0710000000000000       0.90746058422166198     
   1.0780000000000001       0.90761531910067883     
   1.0850000000000000       0.90795736605082789     
   1.0920000000000001       0.90816702677292049     
   1.0990000000000000       0.90836785641507412     
   1.1060000000000001       0.90816288092052733     
   1.1130000000000000       0.90779011272824395     
   1.1200000000000001       0.90694896139846493     
   1.1270000000000000       0.90575379375694520     
   1.1340000000000001       0.90403679643970303     
   1.1410000000000000       0.90226287678530459     
   1.1480000000000001       0.90029285721742647     
   1.1550000000000000       0.89789852290756422     
   1.1620000000000001       0.89539541669260281     
   1.1690000000000000       0.89275977040247545     
   1.1760000000000002       0.89013513462253191     
   1.1830000000000001       0.88779162093930930     
   1.1900000000000002       0.88559952813803089     
   1.1970000000000001       0.88395347013695580     
   1.2040000000000000       0.88282676595909670     
   1.2110000000000001       0.88188415912834472     
   1.2180000000000000       0.88122759079077906     
   1.2250000000000001       0.88093381160313333     
   1.2320000000000000       0.88062954827843809     
   1.2390000000000001       0.88040506326611079     
   1.2460000000000000       0.88000297618108048     
   1.2530000000000001       0.87921559164710050     
   1.2600000000000000       0.87839161986988568     
   1.2669999999999999       0.87696119544698192     
   1.2740000000000000       0.87521478436329614     
   1.2809999999999999       0.87293841439973296     
   1.2880000000000000       0.87010087817677939     
   1.2949999999999999       0.86730869801904675     
   1.3020000000000000       0.86373019785421279     
   1.3089999999999999       0.86018892348775444     
   1.3160000000000001       0.85652110718238739     
   1.3230000000000000       0.85334029023074531     
   1.3299999999999998       0.85034069209678487     
   1.3370000000000000       0.84766666617481590     
   1.3439999999999999       0.84539786898661362     
   1.3510000000000002       0.84401595208317504     
   1.3580000000000001       0.84310645408820861     
   1.3650000000000002       0.84323730728832536     
   1.3720000000000001       0.84440534023567715     
   1.3790000000000002       0.84587777719700419     
   1.3860000000000001       0.84789954901037667     
   1.3930000000000002       0.85052696318135468     
   1.4000000000000001       0.85301618860232065     
   1.4070000000000000       0.85528345991788601     
   1.4140000000000001       0.85743318729268803     
   1.4210000000000000       0.85918542733083425     
   1.4280000000000002       0.86008730097583841     
   1.4350000000000001       0.86049094474134247     
   1.4420000000000002       0.86028656693493322     
   1.4490000000000001       0.85912514119536676     
   1.4560000000000002       0.85704708341615232     
   1.4630000000000001       0.85423797100524002     
   1.4700000000000002       0.85170967702975109     
   1.4770000000000001       0.84830485949367862     
   1.4840000000000000       0.84504876641863458     
   1.4910000000000001       0.84158355078571045     
   1.4980000000000000       0.83868913592049399     
   1.5050000000000001       0.83613495144031158     
   1.5120000000000000       0.83474149369825279     
   1.5190000000000001       0.83404858362564782     
   1.5260000000000000       0.83403488955395044     
   1.5330000000000001       0.83494729087620145     
   1.5400000000000000       0.83657748197275328     
   1.5469999999999999       0.83999180630923598     
   1.5540000000000000       0.84305305822891063     
   1.5609999999999999       0.84742960416617807     
   1.5680000000000001       0.85111472118143072     
   1.5750000000000000       0.85481041489380527     
   1.5820000000000001       0.85844038266367173     
   1.5890000000000000       0.86140600932875744     
   1.5960000000000001       0.86383802088400197     
   1.6030000000000000       0.86499297988079482     
   1.6099999999999999       0.86515033636832273     
   1.6170000000000000       0.86432270341137929     
   1.6239999999999999       0.86251506464604588     
   1.6310000000000000       0.86006118524759545     
   1.6379999999999999       0.85611262335765947     
   1.6450000000000002       0.85154903534428406     
   1.6520000000000001       0.84666761973673810     
   1.6590000000000003       0.84138055714487525     
   1.6660000000000001       0.83648993615189582     
   1.6730000000000003       0.83138665659659905     
   1.6800000000000002       0.82703691010394054     
   1.6870000000000001       0.82302468688149277     
   1.6940000000000002       0.81932770594879667     
   1.7010000000000001       0.81652046469816442     
   1.7080000000000002       0.81485848111378967     
   1.7150000000000001       0.81411459001977471     
   1.7220000000000002       0.81376327212115940     
   1.7290000000000001       0.81405726784602461     
   1.7360000000000002       0.81505238396075363     
   1.7430000000000001       0.81660293358808389     
   1.7500000000000002       0.81819511240964804     
   1.7570000000000001       0.81967899529579469     
   1.7640000000000000       0.82100340106633141     
   1.7710000000000001       0.82182220660171923     
   1.7780000000000000       0.82243793871024429     
   1.7850000000000001       0.82284472917015794     
   1.7920000000000000       0.82247277808896968     
   1.7990000000000002       0.82174390882408443     
   1.8060000000000000       0.82056842480931913     
   1.8130000000000002       0.81953368769945589     
   1.8200000000000001       0.81861875499417025     
   1.8270000000000000       0.81808311859773564     
   1.8340000000000001       0.81807361244588650     
   1.8410000000000000       0.81853589904054291     
   1.8480000000000001       0.82017336742607150     
   1.8550000000000000       0.82218446456814964     
   1.8620000000000001       0.82483736954613085     
   1.8690000000000000       0.82887331451427815     
   1.8760000000000001       0.83351682342159505     
   1.8830000000000000       0.83895756420431566     
   1.8899999999999999       0.84519028729716861     
   1.8970000000000000       0.85200677101920297     
   1.9039999999999999       0.85914681280658989     
   1.9110000000000000       0.86688208953185786     
   1.9179999999999999       0.87459952315042344     
   1.9250000000000000       0.88241933132902750     
   1.9319999999999999       0.88998481422249487     
   1.9390000000000001       0.89711444839852572     
   1.9460000000000002       0.90456749638404710     
   1.9530000000000003       0.91112938393633369     
   1.9600000000000002       0.91743635848860250     
   1.9670000000000003       0.92326129405320101     
   1.9740000000000002       0.92936007510094099     
   1.9810000000000001       0.93511035576272850     
   1.9880000000000002       0.94053847872284491     
   1.9950000000000001       0.94620838186382950     
   2.0020000000000002       0.95174073646075263     
   2.0090000000000003       0.95695640982826002     
   2.0160000000000000       0.96216385623972223     
   2.0230000000000001       0.96759071665553920     
   2.0300000000000002       0.97277381795726370     
   2.0369999999999999       0.97747737324356920     
   2.0440000000000000       0.98187360661763268     
   2.0510000000000002       0.98589723309014365     
   2.0580000000000003       0.98942792842859328     
   2.0649999999999999       0.99198600228146205     
   2.0720000000000001       0.99422188013250956     
   2.0790000000000002       0.99589273761863639     
   2.0860000000000003       0.99711013741542087     
   2.0930000000000000       0.99776039737662370     
   2.1000000000000001       0.99797189165913947     
   2.1070000000000002       0.99791121745868050     
   2.1139999999999999       0.99758327512182698     
   2.1210000000000000       0.99720789166642398     
   2.1280000000000001       0.99676812136279547     
   2.1350000000000002       0.99621250030243580     
   2.1419999999999999       0.99561886922057252     
   2.1490000000000000       0.99491905658255086     
   2.1560000000000001       0.99411487203598725     
   2.1630000000000003       0.99323774245938945     
   2.1699999999999999       0.99228023708250357     
   2.1770000000000000       0.99117033170867619     
   2.1840000000000002       0.98966852386289716     
   2.1909999999999998       0.98791839368324963     
   2.1980000000000000       0.98605681917476340     
   2.2050000000000001       0.98376630654483943     
   2.2120000000000002       0.98121340313697691     
   2.2189999999999999       0.97852536265628487     
   2.2260000000000000       0.97552367057693323     
   2.2330000000000001       0.97251245124243701     
   2.2400000000000002       0.96952432854464021     
   2.2470000000000003       0.96666667325422240     
   2.2540000000000000       0.96362411773352608     
   2.2610000000000001       0.96133039560705857     
   2.2680000000000002       0.95971293500000932     
   2.2749999999999999       0.95846494609635446     
   2.2820000000000000       0.95773812425623839     
   2.2890000000000001       0.95732032889588980     
   2.2960000000000003       0.95722262704971928     
   2.3029999999999999       0.95788062749411718     
   2.3100000000000001       0.95869071785367144     
   2.3169999999999997       0.95976019873891449     
   2.3240000000000003       0.96045569228356020     
   2.3310000000000000       0.96125440414787855     
   2.3380000000000001       0.96149682750970189     
   2.3449999999999998       0.96163583269351882     
   2.3520000000000003       0.96149581720223709     
   2.3590000000000000       0.96088911999328086     
   2.3660000000000001       0.95979781222253446     
   2.3729999999999998       0.95843135575878868     
   2.3800000000000003       0.95657195352804270     
   2.3870000000000000       0.95455459531213160     
   2.3940000000000001       0.95227316278416951     
   2.4010000000000002       0.95008196355948327     
   2.4079999999999999       0.94784068108028008     
   2.4150000000000005       0.94588739200737704     
   2.4220000000000002       0.94403602513899298     
   2.4290000000000003       0.94262473245730005     
   2.4359999999999999       0.94172585067759962     
   2.4430000000000005       0.94148020103163577     
   2.4500000000000002       0.94159493983474207     
   2.4570000000000003       0.94208578462652848     
   2.4640000000000000       0.94331430182506149     
   2.4710000000000001       0.94519950309689149     
   2.4780000000000002       0.94718388699635625     
   2.4850000000000003       0.94904930009836297     
   2.4920000000000000       0.95127926145291009     
   2.4990000000000001       0.95350638926254627     
   2.5060000000000002       0.95556230320083413     
   2.5130000000000003       0.95704795637987605     
   2.5200000000000000       0.95840246959340503     
   2.5270000000000001       0.95924772715767270     
   2.5339999999999998       0.95995760358852589     
   2.5410000000000004       0.96020235908438034     
   2.5480000000000000       0.96031451438119253     
   2.5550000000000002       0.96043858000872306     
   2.5619999999999998       0.96017308158024817     
   2.5690000000000004       0.95980424352166549     
   2.5760000000000001       0.95938241194766605     
   2.5830000000000002       0.95907180172485251     
   2.5899999999999999       0.95899175965405492     
   2.5970000000000000       0.95899693800194930     
   2.6040000000000001       0.95899624832274122     
   2.6110000000000002       0.95986164609905267     
   2.6179999999999999       0.96045372108964921     
   2.6250000000000000       0.96144602635291765     
   2.6320000000000001       0.96240697645035289     
   2.6390000000000002       0.96352803773958728     
   2.6459999999999999       0.96494067998468747     
   2.6530000000000000       0.96610739572076976     
   2.6599999999999997       0.96730601563509544     
   2.6670000000000003       0.96828548766079348     
   2.6739999999999999       0.96896161597307673     
   2.6810000000000000       0.96933994474178120     
   2.6879999999999997       0.96949090823206052     
   2.6950000000000003       0.96940270678451856     
   2.7020000000000004       0.96919907269585359     
   2.7090000000000001       0.96906790994032854     
   2.7160000000000002       0.96860390156501264     
   2.7230000000000003       0.96807995396924207     
   2.7300000000000004       0.96699994427785552     
   2.7370000000000001       0.96563647465126434     
   2.7440000000000002       0.96401295509145846     
   2.7509999999999999       0.96286795823710303     
   2.7580000000000005       0.96197802151770972     
   2.7650000000000001       0.96160457308687064     
   2.7720000000000002       0.96184203509462096     
   2.7789999999999999       0.96253561518508923     
   2.7860000000000005       0.96301820822131678     
   2.7930000000000001       0.96331591286236729     
   2.8000000000000003       0.96336313416147568     
   2.8069999999999999       0.96315281999612878     
   2.8140000000000001       0.96276012771232922     
   2.8210000000000002       0.96241352674888347     
   2.8280000000000003       0.96217613856875961     
   2.8350000000000000       0.96233190530578872     
   2.8420000000000001       0.96262101377416975     
   2.8490000000000002       0.96293656578661802     
   2.8560000000000003       0.96264394693215849     
   2.8630000000000000       0.96189379028004507     
   2.8700000000000001       0.96027347110114392     
   2.8769999999999998       0.95804393100215446     
   2.8840000000000003       0.95552402041365025     
   2.8910000000000000       0.95290591893584242     
   2.8980000000000001       0.95086419905023467     
   2.9049999999999998       0.94939932914916203     
   2.9120000000000004       0.94870882549662128     
   2.9190000000000000       0.94872790883080960     
   2.9260000000000002       0.94898516404085353     
   2.9329999999999998       0.94956168328879875     
   2.9400000000000004       0.95032344204194685     
   2.9470000000000001       0.95113237447970633     
   2.9540000000000002       0.95215628160438426     
   2.9609999999999999       0.95343633337795020     
   2.9680000000000000       0.95490848453654031     
   2.9750000000000001       0.95657120463226897     
   2.9820000000000002       0.95825127534740129     
   2.9890000000000003       0.96011271902335216     
