   0.0000000000000000       0.99999999999985834     
   6.0000000000000001E-003  0.99981684248657132     
   1.2000000000000000E-002  0.99998378417577471     
   1.7999999999999999E-002  0.99997880633055236     
   2.4000000000000000E-002  0.99997793574870364     
   3.0000000000000002E-002  0.99997231595227931     
   3.5999999999999997E-002  0.99996393339536882     
   4.2000000000000003E-002  0.99996151587580251     
   4.8000000000000001E-002  0.99995631469628321     
   5.4000000000000006E-002  0.99994607216600384     
   6.0000000000000005E-002  0.99993674667317489     
   6.6000000000000003E-002  0.99992342485149965     
   7.1999999999999995E-002  0.99991821396906400     
   7.8000000000000000E-002  0.99990788496462779     
   8.4000000000000005E-002  0.99990264998969880     
   9.0000000000000011E-002  0.99989625257812464     
   9.6000000000000002E-002  0.99988537772164332     
  0.10200000000000001       0.99988122808538216     
  0.10800000000000001       0.99987145718770365     
  0.11400000000000000       0.99985900032302744     
  0.12000000000000001       0.99985837854492599     
  0.12600000000000000       0.99984793160220775     
  0.13200000000000001       0.99983137864905980     
  0.13800000000000001       0.99980468740508555     
  0.14399999999999999       0.99979693524911184     
  0.15000000000000002       0.99977936979085336     
  0.15600000000000000       0.99976380178037971     
  0.16200000000000001       0.99975028075432060     
  0.16800000000000001       0.99973707216994212     
  0.17399999999999999       0.99971921909513972     
  0.18000000000000002       0.99968883182243073     
  0.18600000000000003       0.99967316607502088     
  0.19200000000000000       0.99965746786157028     
  0.19800000000000001       0.99962569339762175     
  0.20400000000000001       0.99960762121741509     
  0.21000000000000002       0.99957133675772014     
  0.21600000000000003       0.99955109355912553     
  0.22200000000000000       0.99952470326409304     
  0.22800000000000001       0.99950377378954902     
  0.23400000000000001       0.99948377123157695     
  0.24000000000000002       0.99944500541054715     
  0.24600000000000002       0.99940473796493356     
  0.25200000000000000       0.99936937295090023     
  0.25800000000000001       0.99935223124236405     
  0.26400000000000001       0.99933507028458157     
  0.27000000000000002       0.99929906570099547     
  0.27600000000000002       0.99929793611392437     
  0.28199999999999997       0.99926245641930500     
  0.28799999999999998       0.99925062283977473     
  0.29400000000000004       0.99921809577670007     
  0.30000000000000004       0.99917411172516946     
  0.30600000000000005       0.99913868733413580     
  0.31200000000000000       0.99909232907082446     
  0.31800000000000000       0.99906960360641550     
  0.32400000000000001       0.99903595118476896     
  0.33000000000000002       0.99897711446848936     
  0.33600000000000002       0.99893176223402891     
  0.34200000000000003       0.99888002701630940     
  0.34799999999999998       0.99886075589748691     
  0.35400000000000004       0.99881953323619022     
  0.36000000000000004       0.99876496332337639     
  0.36600000000000005       0.99871760232655460     
  0.37200000000000005       0.99868608966192651     
  0.37800000000000000       0.99864738707043643     
  0.38400000000000001       0.99858492782208919     
  0.39000000000000001       0.99855502743902047     
  0.39600000000000002       0.99850205148034810     
  0.40200000000000002       0.99845130873640220     
  0.40800000000000003       0.99842553269021994     
  0.41399999999999998       0.99841617722429721     
  0.42000000000000004       0.99836784595032191     
  0.42600000000000005       0.99834678230877549     
  0.43200000000000005       0.99832675593011022     
  0.43800000000000006       0.99829595738928101     
  0.44400000000000001       0.99827380693032086     
  0.45000000000000001       0.99824758791915957     
  0.45600000000000002       0.99820419301978969     
  0.46200000000000002       0.99818829641326257     
  0.46800000000000003       0.99815916058369636     
  0.47400000000000003       0.99813143979137942     
  0.48000000000000004       0.99808449033928193     
  0.48600000000000004       0.99805329914461927     
  0.49200000000000005       0.99801168390607253     
  0.49800000000000005       0.99798826638916194     
  0.50400000000000000       0.99796703288443922     
  0.51000000000000001       0.99794132336130303     
  0.51600000000000001       0.99789771766732205     
  0.52200000000000002       0.99784194007682969     
  0.52800000000000002       0.99778096720500531     
  0.53400000000000003       0.99774212488438008     
  0.54000000000000004       0.99768026062247328     
  0.54600000000000004       0.99766476152386852     
  0.55200000000000005       0.99763154816177346     
  0.55799999999999994       0.99759214673016083     
  0.56399999999999995       0.99754370385292923     
  0.56999999999999995       0.99750674833859410     
  0.57599999999999996       0.99748210398223880     
  0.58200000000000007       0.99745260511510148     
  0.58800000000000008       0.99740026876490162     
  0.59400000000000008       0.99736368852517776     
  0.60000000000000009       0.99733512209969011     
  0.60600000000000009       0.99728629398615742     
  0.61200000000000010       0.99725108065863977     
  0.61800000000000010       0.99720235958370662     
  0.62400000000000000       0.99715634241935469     
  0.63000000000000000       0.99711319272469912     
  0.63600000000000001       0.99707730134906747     
  0.64200000000000002       0.99702250593203545     
  0.64800000000000002       0.99696303905285277     
  0.65400000000000003       0.99694440337027534     
  0.66000000000000003       0.99689990771176273     
  0.66600000000000004       0.99685430579662526     
  0.67200000000000004       0.99681775870761646     
  0.67800000000000005       0.99675798978199370     
  0.68400000000000005       0.99674496329370710     
  0.68999999999999995       0.99672739151792000     
  0.69599999999999995       0.99671532905581439     
  0.70199999999999996       0.99666337031367314     
  0.70800000000000007       0.99663665844522342     
  0.71400000000000008       0.99657737836702665     
  0.72000000000000008       0.99655067494262461     
  0.72600000000000009       0.99649139396917297     
  0.73200000000000010       0.99642988060812421     
  0.73800000000000010       0.99640628201282122     
  0.74400000000000011       0.99638000576395291     
  0.75000000000000011       0.99633631371179743     
  0.75600000000000001       0.99631156810346466     
  0.76200000000000001       0.99629146430116966     
  0.76800000000000002       0.99624802653940137     
  0.77400000000000002       0.99622025881300569     
  0.78000000000000003       0.99619263449157669     
  0.78600000000000003       0.99616992266373594     
  0.79200000000000004       0.99612151563864437     
  0.79800000000000004       0.99607618226317884     
  0.80400000000000005       0.99600309784167973     
  0.81000000000000005       0.99593539028352063     
  0.81600000000000006       0.99588972302008261     
  0.82199999999999995       0.99584565321781271     
  0.82799999999999996       0.99583089261362157     
  0.83400000000000007       0.99581301172059478     
  0.84000000000000008       0.99580203653804555     
  0.84600000000000009       0.99577478033891753     
  0.85200000000000009       0.99574254254414218     
  0.85800000000000010       0.99568108675100764     
  0.86400000000000010       0.99564281639331509     
  0.87000000000000011       0.99561305147486112     
  0.87600000000000011       0.99557684136171365     
  0.88200000000000012       0.99555478538676745     
  0.88800000000000001       0.99552150153593610     
  0.89400000000000002       0.99550235931844455     
  0.90000000000000002       0.99546156566184363     
  0.90600000000000003       0.99544025050721330     
  0.91200000000000003       0.99540195803467679     
  0.91800000000000004       0.99536737557137134     
  0.92400000000000004       0.99533511856893098     
  0.93000000000000005       0.99528756630441395     
  0.93600000000000005       0.99522179841916469     
  0.94200000000000006       0.99521799621679896     
  0.94800000000000006       0.99518205138009863     
  0.95399999999999996       0.99512275395616678     
  0.96000000000000008       0.99505791674415767     
  0.96600000000000008       0.99501839075069709     
  0.97200000000000009       0.99499388711085124     
  0.97800000000000009       0.99496927335285412     
  0.98400000000000010       0.99493512467891365     
  0.99000000000000010       0.99490400935596568     
  0.99600000000000011       0.99487212859561991     
   1.0020000000000000       0.99484478783803243     
   1.0080000000000000       0.99481038514332087     
   1.0140000000000000       0.99478668303699691     
   1.0200000000000000       0.99472600645611309     
   1.0260000000000000       0.99468207398646891     
   1.0320000000000000       0.99465865641112261     
   1.0380000000000000       0.99462592505186753     
   1.0440000000000000       0.99457558570910065     
   1.0500000000000000       0.99457070256386582     
   1.0560000000000000       0.99455687986085717     
   1.0620000000000001       0.99453828273425149     
   1.0680000000000001       0.99451421678786123     
   1.0740000000000001       0.99449620792646831     
   1.0800000000000001       0.99447875110841533     
   1.0860000000000001       0.99445416978159140     
   1.0920000000000001       0.99443996535216561     
   1.0980000000000001       0.99440334270521202     
   1.1040000000000001       0.99437319352598186     
   1.1100000000000001       0.99432021701950080     
   1.1159999999999999       0.99430239970488676     
   1.1219999999999999       0.99427478641179656     
   1.1279999999999999       0.99425608990369529     
   1.1339999999999999       0.99420902037983905     
   1.1399999999999999       0.99418005991158265     
   1.1459999999999999       0.99417323192419693     
   1.1519999999999999       0.99412957044111405     
   1.1580000000000001       0.99410499762472659     
   1.1640000000000001       0.99407926316990847     
   1.1700000000000002       0.99407308949938267     
   1.1760000000000002       0.99404663983111685     
   1.1820000000000002       0.99400442552836643     
   1.1880000000000002       0.99399141033380933     
   1.1940000000000002       0.99394457379047130     
   1.2000000000000002       0.99392103984284541     
   1.2060000000000002       0.99389988326287559     
   1.2120000000000002       0.99388518211320576     
   1.2180000000000002       0.99386436389415156     
   1.2240000000000002       0.99382860826196995     
   1.2300000000000002       0.99378384027695887     
   1.2360000000000002       0.99371016371856724     
   1.2420000000000002       0.99370574264286404     
   1.2480000000000000       0.99369068503987534     
   1.2540000000000000       0.99364260664894455     
   1.2600000000000000       0.99365861133389466     
   1.2660000000000000       0.99363794640495218     
   1.2720000000000000       0.99360708253153684     
   1.2780000000000000       0.99355963457785212     
   1.2840000000000000       0.99354987324106192     
   1.2900000000000000       0.99352077966247243     
   1.2960000000000000       0.99350347846196951     
   1.3020000000000000       0.99345672456757306     
   1.3080000000000001       0.99342389884178894     
   1.3140000000000001       0.99340377361727783     
   1.3200000000000001       0.99338009358970070     
   1.3260000000000001       0.99333105781227771     
   1.3320000000000001       0.99331689996120265     
   1.3380000000000001       0.99329259726755736     
   1.3440000000000001       0.99326751342327912     
   1.3500000000000001       0.99324156458090640     
   1.3560000000000001       0.99318273003156443     
   1.3620000000000001       0.99316123044372506     
   1.3680000000000001       0.99311986539347419     
   1.3740000000000001       0.99309640282906664     
   1.3799999999999999       0.99307398181586626     
   1.3859999999999999       0.99305043164391671     
   1.3919999999999999       0.99305128320855074     
   1.3979999999999999       0.99301649634914313     
   1.4039999999999999       0.99301015569405160     
   1.4100000000000001       0.99299622332951321     
   1.4160000000000001       0.99297075735365214     
   1.4220000000000002       0.99296247646700475     
   1.4280000000000002       0.99294062260054150     
   1.4340000000000002       0.99291875424311682     
   1.4400000000000002       0.99290131283954119     
   1.4460000000000002       0.99286269953969430     
   1.4520000000000002       0.99284231067222983     
   1.4580000000000002       0.99277723363576120     
   1.4640000000000002       0.99275133573106600     
   1.4700000000000002       0.99273791086397822     
   1.4760000000000002       0.99271987671780237     
   1.4820000000000002       0.99270226836974129     
   1.4880000000000002       0.99266092745020096     
   1.4940000000000002       0.99263599056172025     
   1.5000000000000002       0.99263132007341015     
   1.5060000000000002       0.99262420000253115     
   1.5120000000000000       0.99259757483226307     
   1.5180000000000000       0.99258434379791716     
   1.5240000000000000       0.99258101136670929     
   1.5300000000000000       0.99257671824621097     
   1.5360000000000000       0.99256459417047249     
   1.5420000000000000       0.99252635224561903     
   1.5480000000000000       0.99250345285834607     
   1.5540000000000000       0.99247385316179704     
   1.5600000000000001       0.99242841457212505     
   1.5660000000000001       0.99240871973644762     
   1.5720000000000001       0.99239337441721176     
   1.5780000000000001       0.99238729227428868     
   1.5840000000000001       0.99234575732395869     
   1.5900000000000001       0.99231108234351639     
   1.5960000000000001       0.99229547195245005     
   1.6020000000000001       0.99226224186390022     
   1.6080000000000001       0.99224758570035321     
   1.6140000000000001       0.99222429687179237     
   1.6200000000000001       0.99219990229529609     
   1.6260000000000001       0.99220410512371038     
   1.6320000000000001       0.99220567570119300     
   1.6380000000000001       0.99219193146190499     
   1.6439999999999999       0.99217685040366788     
   1.6499999999999999       0.99215618125200400     
   1.6559999999999999       0.99215131096704112     
   1.6619999999999999       0.99213587291112437     
   1.6680000000000001       0.99213141770023783     
   1.6740000000000002       0.99211423480136329     
   1.6800000000000002       0.99209350973644905     
   1.6860000000000002       0.99208764750488976     
   1.6920000000000002       0.99209463608623094     
   1.6980000000000002       0.99206530761989031     
   1.7040000000000002       0.99204914993475912     
   1.7100000000000002       0.99200942530312020     
   1.7160000000000002       0.99199791752857014     
   1.7220000000000002       0.99197753707932146     
   1.7280000000000002       0.99196515550036646     
   1.7340000000000002       0.99195230605830809     
   1.7400000000000002       0.99193267068656066     
   1.7460000000000002       0.99192828400813338     
   1.7520000000000002       0.99190646959100126     
   1.7580000000000002       0.99189728742644434     
   1.7640000000000002       0.99190264009273510     
   1.7700000000000000       0.99186173662635135     
   1.7760000000000000       0.99184046795524394     
   1.7820000000000000       0.99184779695350511     
   1.7880000000000000       0.99184821515536781     
   1.7940000000000000       0.99181833548712173     
   1.8000000000000000       0.99182011178018703     
   1.8060000000000000       0.99180761858386912     
   1.8120000000000001       0.99177622572026070     
   1.8180000000000001       0.99176796531058842     
   1.8240000000000001       0.99175540292433129     
   1.8300000000000001       0.99174984388652454     
   1.8360000000000001       0.99173437742211812     
   1.8420000000000001       0.99171980657191960     
   1.8480000000000001       0.99172446526208313     
   1.8540000000000001       0.99168750705358000     
   1.8600000000000001       0.99165937300875717     
   1.8660000000000001       0.99165891664648009     
   1.8720000000000001       0.99164703106000551     
   1.8780000000000001       0.99161451703058334     
   1.8840000000000001       0.99160144510879877     
   1.8900000000000001       0.99155405948938802     
   1.8960000000000001       0.99151762316118852     
   1.9020000000000001       0.99151468203786297     
   1.9079999999999999       0.99152614902548919     
   1.9139999999999999       0.99150890253615231     
   1.9200000000000002       0.99147461185490060     
   1.9260000000000002       0.99145804921697300     
   1.9320000000000002       0.99146680010083843     
   1.9379999999999999       0.99145215484602911     
   1.9440000000000002       0.99144111412387859     
   1.9500000000000000       0.99143683374561664     
   1.9560000000000002       0.99142120967589853     
   1.9620000000000000       0.99141206144688132     
   1.9680000000000002       0.99138766137403400     
   1.9740000000000000       0.99137232732022784     
   1.9800000000000002       0.99135672103318606     
   1.9860000000000000       0.99135837580388653     
   1.9920000000000002       0.99132833038423307     
   1.9980000000000000       0.99129801557287145     
   2.0040000000000000       0.99126661497199453     
   2.0099999999999998       0.99126202134259211     
   2.0160000000000000       0.99122951658785063     
   2.0219999999999998       0.99121745503002912     
   2.0280000000000000       0.99119000293759962     
   2.0339999999999998       0.99114670909829938     
   2.0400000000000000       0.99115300499104708     
   2.0459999999999998       0.99110365439975900     
   2.0520000000000000       0.99111270626522452     
   2.0580000000000003       0.99111104212230183     
   2.0640000000000001       0.99109187124532494     
   2.0700000000000003       0.99108544056824555     
   2.0760000000000001       0.99104460979168907     
   2.0820000000000003       0.99105605279652798     
   2.0880000000000001       0.99103547358560051     
   2.0940000000000003       0.99101078166437850     
   2.1000000000000001       0.99099650106366655     
   2.1060000000000003       0.99098182049726780     
   2.1120000000000001       0.99095745787168410     
   2.1180000000000003       0.99095528654291742     
   2.1240000000000001       0.99093957879123973     
   2.1300000000000003       0.99091223594734446     
   2.1360000000000001       0.99090585212017979     
   2.1420000000000003       0.99089841974845017     
   2.1480000000000001       0.99091129065826833     
   2.1540000000000004       0.99089645636323720     
   2.1600000000000001       0.99088100807343293     
   2.1660000000000004       0.99087393382361133     
   2.1720000000000002       0.99085712373000656     
   2.1780000000000004       0.99084273206965812     
   2.1840000000000002       0.99083560497886958     
   2.1900000000000004       0.99082816863149337     
   2.1960000000000002       0.99079916302689852     
   2.2020000000000004       0.99081248777643993     
   2.2080000000000002       0.99078770656423509     
   2.2140000000000004       0.99075671921479480     
   2.2200000000000002       0.99076628449992288     
   2.2260000000000004       0.99074863960068227     
   2.2319999999999998       0.99074456168103164     
   2.2380000000000000       0.99074428335625364     
   2.2439999999999998       0.99075716296157046     
   2.2500000000000000       0.99074898474094042     
   2.2559999999999998       0.99074804659320481     
   2.2620000000000000       0.99074427321744896     
   2.2679999999999998       0.99070783480005931     
   2.2740000000000000       0.99070570422711923     
   2.2799999999999998       0.99065334077841394     
   2.2860000000000000       0.99064142062414606     
   2.2919999999999998       0.99062421234127629     
   2.2980000000000000       0.99057901575431795     
   2.3039999999999998       0.99056431393511435     
   2.3100000000000001       0.99053229946803301     
   2.3160000000000003       0.99052218885683740     
   2.3220000000000001       0.99051621661426914     
   2.3280000000000003       0.99049148034429202     
   2.3340000000000001       0.99046247512802255     
   2.3400000000000003       0.99046907665934847     
   2.3460000000000001       0.99044466256245456     
   2.3520000000000003       0.99041793233143538     
   2.3580000000000001       0.99041642287852960     
   2.3640000000000003       0.99044454349840028     
   2.3700000000000001       0.99043885149051636     
   2.3760000000000003       0.99041816790333215     
   2.3820000000000001       0.99037556962081297     
   2.3880000000000003       0.99037813764067695     
   2.3940000000000001       0.99036434547402585     
   2.4000000000000004       0.99037348043462703     
   2.4060000000000001       0.99037768391929171     
   2.4120000000000004       0.99036074190708911     
   2.4180000000000001       0.99034371563642787     
   2.4240000000000004       0.99034322993101365     
   2.4300000000000002       0.99033184723916545     
   2.4360000000000004       0.99029428632095440     
   2.4420000000000002       0.99028027253777418     
   2.4480000000000004       0.99026654375970480     
   2.4540000000000002       0.99025266229284947     
   2.4600000000000004       0.99023396924885621     
   2.4660000000000002       0.99023921348521615     
   2.4720000000000004       0.99022198086007818     
   2.4780000000000002       0.99021187379260878     
   2.4840000000000004       0.99019861924828556     
   2.4900000000000002       0.99019446495016694     
   2.4960000000000000       0.99019413583440685     
   2.5019999999999998       0.99018759148981572     
   2.5080000000000000       0.99016570660891412     
   2.5139999999999998       0.99014678609631923     
   2.5200000000000000       0.99012954066965453     
   2.5259999999999998       0.99013009799799356     
   2.5320000000000000       0.99011698025823125     
   2.5379999999999998       0.99010420744789918     
   2.5440000000000000       0.99007679033249729     
   2.5499999999999998       0.99005440796108646     
   2.5560000000000000       0.99003739208480734     
   2.5620000000000003       0.99005798015358193     
   2.5680000000000001       0.99004562019479547     
   2.5740000000000003       0.99004785537471829     
   2.5800000000000001       0.99000743899886756     
   2.5860000000000003       0.98999817095999154     
   2.5920000000000001       0.99002768990039747     
   2.5980000000000003       0.99004267327359463     
   2.6040000000000001       0.99002663541115876     
   2.6100000000000003       0.99001508340421962     
   2.6160000000000001       0.98999493035567299     
   2.6220000000000003       0.99000039391578232     
   2.6280000000000001       0.99001450670792601     
   2.6340000000000003       0.98999998228421648     
   2.6400000000000001       0.98998822818253673     
   2.6460000000000004       0.98996147653058686     
   2.6520000000000001       0.98996108101802693     
   2.6580000000000004       0.98996043243593879     
   2.6640000000000001       0.98997647821539958     
   2.6700000000000004       0.98994826208359488     
   2.6760000000000002       0.98993039664052873     
   2.6820000000000004       0.98991258928655990     
   2.6880000000000002       0.98987938226812300     
   2.6940000000000004       0.98983507306677865     
   2.7000000000000002       0.98982388980176339     
   2.7060000000000004       0.98981964324267591     
   2.7120000000000002       0.98981681352601403     
   2.7180000000000004       0.98982719796538710     
   2.7240000000000002       0.98982286930945207     
   2.7300000000000004       0.98980190880101004     
   2.7360000000000002       0.98981168184736767     
   2.7420000000000004       0.98981420445249446     
   2.7480000000000002       0.98983938043808428     
   2.7540000000000000       0.98981424580293087     
   2.7599999999999998       0.98980954147774158     
   2.7660000000000000       0.98980374174190999     
   2.7719999999999998       0.98979973118650166     
   2.7780000000000000       0.98981975523829857     
   2.7839999999999998       0.98979864598067535     
   2.7900000000000000       0.98976026061793909     
   2.7959999999999998       0.98974043013480251     
   2.8020000000000000       0.98974536673603719     
   2.8079999999999998       0.98972219696227859     
   2.8140000000000001       0.98971997917200361     
   2.8200000000000003       0.98970863828669009     
   2.8260000000000001       0.98970001512830286     
   2.8320000000000003       0.98969734744219651     
   2.8380000000000001       0.98969538709913407     
   2.8440000000000003       0.98969789067134339     
   2.8500000000000001       0.98969880243439123     
   2.8560000000000003       0.98969104308275535     
   2.8620000000000001       0.98966587696478370     
   2.8680000000000003       0.98966440583835724     
   2.8740000000000001       0.98964592529944162     
   2.8800000000000003       0.98963659374615032     
   2.8860000000000001       0.98961779971983144     
   2.8920000000000003       0.98962142120103902     
   2.8980000000000001       0.98961929041858876     
   2.9040000000000004       0.98957533970569134     
   2.9100000000000001       0.98956736593627281     
   2.9160000000000004       0.98956394577094875     
   2.9220000000000002       0.98957182899597174     
   2.9280000000000004       0.98954227147487417     
   2.9340000000000002       0.98951935420347759     
   2.9400000000000004       0.98953548347888243     
   2.9460000000000002       0.98952215624237783     
   2.9520000000000004       0.98952072539504998     
   2.9580000000000002       0.98951032116132054     
   2.9640000000000004       0.98950712385748274     
   2.9700000000000002       0.98951324157368159     
   2.9760000000000004       0.98952599347033432     
   2.9820000000000002       0.98950859858078422     
   2.9880000000000004       0.98949665193960434     
   2.9940000000000002       0.98948847140541762     
   3.0000000000000004       0.98947533971238066     
   3.0060000000000002       0.98946342055282288     
   3.0120000000000005       0.98946609349332015     
   3.0180000000000002       0.98947243889018233     
   3.0240000000000000       0.98948137738791797     
   3.0299999999999998       0.98946564171646323     
   3.0360000000000000       0.98945930124860626     
   3.0419999999999998       0.98942865413288850     
   3.0480000000000000       0.98942567254844072     
   3.0539999999999998       0.98941615036224762     
   3.0600000000000001       0.98937487455240392     
   3.0659999999999998       0.98935692202748227     
   3.0720000000000001       0.98933651200031014     
   3.0780000000000003       0.98931855871679875     
   3.0840000000000001       0.98931657656219274     
   3.0900000000000003       0.98929999074934072     
   3.0960000000000001       0.98929054806717187     
   3.1020000000000003       0.98930391028814768     
   3.1080000000000001       0.98928763015078724     
   3.1140000000000003       0.98927193675430869     
   3.1200000000000001       0.98928248398272989     
   3.1260000000000003       0.98928941317760133     
   3.1320000000000001       0.98930562361100272     
   3.1380000000000003       0.98930528699896880     
   3.1440000000000001       0.98930245862988042     
   3.1500000000000004       0.98929738709952264     
   3.1560000000000001       0.98927304504708236     
   3.1620000000000004       0.98928100767854488     
   3.1680000000000001       0.98926304690051126     
   3.1740000000000004       0.98925670726516524     
   3.1800000000000002       0.98922390542406813     
   3.1860000000000004       0.98923139417429484     
   3.1920000000000002       0.98922607158269782     
   3.1980000000000004       0.98918860520515450     
   3.2040000000000002       0.98918511013007404     
   3.2100000000000004       0.98916152279753444     
   3.2160000000000002       0.98915361923516965     
   3.2220000000000004       0.98913493363653804     
   3.2280000000000002       0.98914033052215089     
   3.2340000000000004       0.98913666044506632     
   3.2400000000000002       0.98912990578233284     
   3.2460000000000004       0.98911758358257607     
   3.2520000000000002       0.98912074392042615     
   3.2580000000000005       0.98909029024592876     
   3.2640000000000002       0.98910748392715730     
   3.2700000000000005       0.98909082847272567     
   3.2760000000000002       0.98906917648767512     
   3.2820000000000000       0.98906272657348937     
   3.2879999999999998       0.98906918316273440     
   3.2940000000000000       0.98906223951363914     
   3.2999999999999998       0.98907238388972896     
   3.3060000000000000       0.98904329279542280     
   3.3119999999999998       0.98906490969913763     
   3.3180000000000001       0.98905834644803703     
   3.3239999999999998       0.98906472339779639     
   3.3300000000000001       0.98905841260964300     
   3.3360000000000003       0.98904331489312125     
   3.3420000000000001       0.98902257356697931     
   3.3480000000000003       0.98902055820270729     
   3.3540000000000001       0.98903573643005327     
   3.3600000000000003       0.98901903194952911     
   3.3660000000000001       0.98903532666885263     
   3.3720000000000003       0.98901650771211114     
   3.3780000000000001       0.98901976037034556     
   3.3840000000000003       0.98903874398104541     
   3.3900000000000001       0.98903912402106253     
   3.3960000000000004       0.98903144553314148     
   3.4020000000000001       0.98901882866317814     
   3.4080000000000004       0.98899115409457117     
   3.4140000000000001       0.98897395013511713     
   3.4200000000000004       0.98896787609771009     
   3.4260000000000002       0.98898028164359164     
   3.4320000000000004       0.98899162219019432     
   3.4380000000000002       0.98899117210381160     
   3.4440000000000004       0.98899333077039797     
   3.4500000000000002       0.98897791174866101     
   3.4560000000000004       0.98898356271523891     
   3.4620000000000002       0.98899124055161092     
   3.4680000000000004       0.98897827712792730     
   3.4740000000000002       0.98896831445413713     
   3.4800000000000004       0.98895512290965792     
   3.4860000000000002       0.98893919071892156     
   3.4920000000000004       0.98895545408018359     
   3.4980000000000002       0.98895545971958176     
   3.5040000000000004       0.98897902741949828     
   3.5100000000000002       0.98898405400085143     
   3.5160000000000005       0.98897249779759666     
   3.5220000000000002       0.98897344008376431     
   3.5280000000000005       0.98895061463369893     
   3.5340000000000003       0.98893175314251014     
   3.5400000000000000       0.98894031117101211     
   3.5459999999999998       0.98895950122559884     
   3.5520000000000000       0.98892627283761114     
   3.5579999999999998       0.98891994899422575     
   3.5640000000000001       0.98889582419330513     
   3.5699999999999998       0.98890676256341259     
   3.5760000000000001       0.98890907376492099     
   3.5819999999999999       0.98891294980651956     
   3.5880000000000001       0.98889365927588813     
   3.5940000000000003       0.98889309135534109     
   3.6000000000000001       0.98888616214285530     
   3.6060000000000003       0.98888320133463115     
   3.6120000000000001       0.98887575999208988     
   3.6180000000000003       0.98886685264499008     
   3.6240000000000001       0.98886241505225403     
   3.6300000000000003       0.98885666485009927     
   3.6360000000000001       0.98887888045999328     
   3.6420000000000003       0.98886483894974109     
   3.6480000000000001       0.98888172159412113     
   3.6540000000000004       0.98889920717692881     
   3.6600000000000001       0.98889087702310063     
   3.6660000000000004       0.98888700729047763     
   3.6720000000000002       0.98890131702418471     
   3.6780000000000004       0.98890692900785870     
   3.6840000000000002       0.98890031333536110     
   3.6900000000000004       0.98890445567558527     
   3.6960000000000002       0.98890317426284580     
   3.7020000000000004       0.98890030449916999     
   3.7080000000000002       0.98886965485473877     
   3.7140000000000004       0.98886419969135209     
   3.7200000000000002       0.98885230757439591     
   3.7260000000000004       0.98883230774574249     
   3.7320000000000002       0.98884604911440244     
   3.7380000000000004       0.98884150930596371     
   3.7440000000000002       0.98884254229590274     
   3.7500000000000004       0.98884156851364591     
   3.7560000000000002       0.98884302210376318     
   3.7620000000000005       0.98882825236579164     
   3.7680000000000002       0.98880274617447284     
   3.7740000000000005       0.98882341718077860     
   3.7800000000000002       0.98883780584507863     
   3.7860000000000005       0.98883734572934134     
   3.7920000000000003       0.98883926459468974     
   3.7980000000000005       0.98884436308361945     
   3.8040000000000003       0.98883229491588753     
   3.8100000000000001       0.98884707776627534     
   3.8159999999999998       0.98884934332409780     
   3.8220000000000001       0.98882909291623489     
   3.8279999999999998       0.98882733596666006     
   3.8340000000000001       0.98881066098137749     
   3.8400000000000003       0.98881713313620767     
   3.8460000000000001       0.98882484695777095     
   3.8520000000000003       0.98879202033136493     
   3.8580000000000001       0.98879513662127461     
   3.8640000000000003       0.98879053487734414     
   3.8700000000000001       0.98876690861525751     
   3.8759999999999999       0.98877699387786777     
   3.8820000000000001       0.98875837374553543     
   3.8880000000000003       0.98874448394396908     
   3.8940000000000006       0.98873076322977826     
   3.8999999999999999       0.98872189452285142     
   3.9060000000000001       0.98872866588516228     
   3.9120000000000004       0.98873176914217786     
   3.9180000000000006       0.98873031458497906     
   3.9239999999999999       0.98872523488578756     
   3.9300000000000002       0.98871760316596224     
   3.9360000000000004       0.98869684425847904     
   3.9420000000000006       0.98870075613689112     
   3.9480000000000000       0.98871213426939963     
   3.9540000000000002       0.98872850613859797     
   3.9600000000000004       0.98872773401523673     
   3.9660000000000006       0.98870986489822588     
   3.9720000000000000       0.98871735714913234     
   3.9780000000000002       0.98871928327300185     
   3.9840000000000004       0.98870633048894541     
   3.9900000000000007       0.98871754690609603     
   3.9960000000000000       0.98873181837040092     
   4.0019999999999998       0.98871442743828364     
   4.0080000000000000       0.98868954377407370     
   4.0140000000000002       0.98867807687487486     
   4.0199999999999996       0.98866823810514270     
   4.0259999999999998       0.98864135273745102     
   4.0320000000000000       0.98865232425797434     
   4.0380000000000003       0.98863237242407609     
   4.0439999999999996       0.98862179372911885     
   4.0499999999999998       0.98860816664525586     
   4.0560000000000000       0.98861537648349762     
   4.0620000000000003       0.98862671757849907     
   4.0679999999999996       0.98861682538353601     
   4.0739999999999998       0.98862812146804013     
   4.0800000000000001       0.98864030904331168     
   4.0860000000000003       0.98864151621784491     
   4.0919999999999996       0.98861664799351545     
   4.0979999999999999       0.98859470443578212     
   4.1040000000000001       0.98860944584669375     
   4.1100000000000003       0.98861138484637356     
   4.1160000000000005       0.98860522361934966     
   4.1219999999999999       0.98856995680453230     
   4.1280000000000001       0.98857348458086103     
   4.1340000000000003       0.98858042219328157     
   4.1400000000000006       0.98857614977497499     
   4.1459999999999999       0.98854575923147114     
   4.1520000000000001       0.98853557245084356     
   4.1580000000000004       0.98852882585189072     
   4.1640000000000006       0.98852341472175809     
   4.1699999999999999       0.98851454333968503     
   4.1760000000000002       0.98851522117098256     
   4.1820000000000004       0.98852566878820070     
   4.1880000000000006       0.98853217645821012     
   4.1940000000000000       0.98852186240195772     
   4.2000000000000002       0.98853222698228571     
   4.2060000000000004       0.98856140965919548     
   4.2120000000000006       0.98855429354693836     
   4.2180000000000000       0.98855130412419778     
   4.2240000000000002       0.98853756344894639     
   4.2300000000000004       0.98851901914234030     
   4.2360000000000007       0.98851551737566090     
   4.2420000000000000       0.98852636354567003     
   4.2480000000000002       0.98850713759150799     
   4.2540000000000004       0.98849385776129750     
   4.2600000000000007       0.98848831156356065     
   4.2660000000000000       0.98849412982553453     
   4.2720000000000002       0.98849482295866309     
   4.2780000000000005       0.98849004748218028     
   4.2840000000000007       0.98849623318290825     
   4.2900000000000000       0.98850122261533624     
   4.2960000000000003       0.98849523946307727     
   4.3020000000000005       0.98847666572520376     
   4.3080000000000007       0.98847761910030130     
   4.3140000000000001       0.98847455811566942     
   4.3200000000000003       0.98846432922049232     
   4.3260000000000005       0.98846299817296313     
   4.3320000000000007       0.98845986945625075     
   4.3380000000000001       0.98845413407442828     
   4.3440000000000003       0.98844899483865467     
   4.3500000000000005       0.98843496543420306     
   4.3560000000000008       0.98844209718276488     
   4.3620000000000010       0.98844604579522555     
   4.3680000000000003       0.98845138347724393     
   4.3740000000000006       0.98845791178655851     
   4.3800000000000008       0.98844433625854833     
   4.3860000000000010       0.98844715649479742     
   4.3920000000000003       0.98846510738743321     
   4.3980000000000006       0.98847231403495983     
   4.4040000000000008       0.98846509299001650     
   4.4100000000000010       0.98847101932290504     
   4.4160000000000004       0.98845750842237290     
   4.4220000000000006       0.98845232384754000     
   4.4280000000000008       0.98844329255978924     
   4.4340000000000011       0.98843659283502550     
   4.4400000000000004       0.98844115962229084     
   4.4460000000000006       0.98846090664470865     
   4.4520000000000008       0.98843799979663627     
   4.4580000000000002       0.98845163414368653     
   4.4639999999999995       0.98845352290144972     
   4.4699999999999998       0.98845329883780386     
   4.4760000000000000       0.98845239662522766     
   4.4820000000000002       0.98846302788836538     
   4.4879999999999995       0.98844058480993624     
   4.4939999999999998       0.98844210198788696     
   4.5000000000000000       0.98844957664841071     
   4.5060000000000002       0.98843752414585784     
   4.5119999999999996       0.98844026063867652     
   4.5179999999999998       0.98843883451309467     
   4.5240000000000000       0.98843519293523840     
   4.5300000000000002       0.98843586721534193     
   4.5359999999999996       0.98844322640169235     
   4.5419999999999998       0.98843368160991041     
   4.5480000000000000       0.98844823737311815     
   4.5540000000000003       0.98844570497179396     
   4.5599999999999996       0.98842944983708925     
   4.5659999999999998       0.98844372079589604     
   4.5720000000000001       0.98844072262887395     
   4.5780000000000003       0.98841295078991553     
   4.5839999999999996       0.98840683652588901     
   4.5899999999999999       0.98839976824708486     
   4.5960000000000001       0.98838570578507512     
   4.6020000000000003       0.98839936595717370     
   4.6079999999999997       0.98839955782685218     
   4.6139999999999999       0.98841586042363061     
   4.6200000000000001       0.98838709422841520     
   4.6260000000000003       0.98837405832426029     
   4.6320000000000006       0.98836725896670186     
   4.6379999999999999       0.98837750124112200     
   4.6440000000000001       0.98837715607688925     
   4.6500000000000004       0.98837475683784126     
   4.6560000000000006       0.98836925502953477     
   4.6619999999999999       0.98835637589621284     
   4.6680000000000001       0.98834119838291323     
   4.6740000000000004       0.98832866925394847     
   4.6800000000000006       0.98833423833480483     
   4.6859999999999999       0.98832771807249042     
   4.6920000000000002       0.98833071223077051     
   4.6980000000000004       0.98831764249053966     
   4.7040000000000006       0.98830501396628823     
   4.7100000000000000       0.98830386013792060     
   4.7160000000000002       0.98831538146664710     
   4.7220000000000004       0.98832296392890606     
   4.7280000000000006       0.98832156630152479     
   4.7340000000000000       0.98831254014201897     
   4.7400000000000002       0.98832668675774027     
   4.7460000000000004       0.98831595759612412     
   4.7520000000000007       0.98831345209943822     
   4.7580000000000000       0.98831439666194343     
   4.7640000000000002       0.98830152385353920     
   4.7700000000000005       0.98830846975391839     
   4.7760000000000007       0.98830745664587671     
   4.7820000000000000       0.98832000370287088     
   4.7880000000000003       0.98832107989823370     
   4.7940000000000005       0.98832403125450041     
   4.8000000000000007       0.98834415938212228     
   4.8060000000000000       0.98834041013312590     
   4.8120000000000003       0.98834583997389303     
   4.8180000000000005       0.98834272384484123     
   4.8240000000000007       0.98834057398381958     
   4.8300000000000001       0.98834917126383015     
   4.8360000000000003       0.98836657911223746     
   4.8420000000000005       0.98838140020114995     
   4.8480000000000008       0.98835330789077047     
   4.8540000000000001       0.98836545938384079     
   4.8600000000000003       0.98836162434194252     
   4.8660000000000005       0.98837672131688359     
   4.8720000000000008       0.98837051438113521     
   4.8780000000000010       0.98838282575784797     
   4.8840000000000003       0.98838347900840695     
   4.8900000000000006       0.98836281256507541     
   4.8960000000000008       0.98836681941554083     
   4.9020000000000010       0.98833189135842237     
   4.9080000000000004       0.98833828394264778     
   4.9140000000000006       0.98833896163942192     
   4.9200000000000008       0.98834471756312348     
   4.9260000000000010       0.98833737749618089     
   4.9320000000000004       0.98833658620961240     
   4.9380000000000006       0.98833184985363742     
   4.9440000000000008       0.98832536599965248     
   4.9500000000000011       0.98834070753615644     
   4.9560000000000004       0.98833853715005426     
   4.9620000000000006       0.98833585126136347     
   4.9680000000000009       0.98834650079089448     
   4.9740000000000011       0.98833015842273186     
   4.9800000000000004       0.98834508325822190     
   4.9859999999999998       0.98833071438867437     
   4.9920000000000000       0.98834827574946693     
   4.9980000000000002       0.98836339462028000     
   5.0039999999999996       0.98836149879052893     
   5.0099999999999998       0.98836107211975421     
   5.0160000000000000       0.98836376055642605     
   5.0220000000000002       0.98836475324350659     
   5.0279999999999996       0.98835598633371469     
   5.0339999999999998       0.98837638169434405     
   5.0400000000000000       0.98837540583046890     
   5.0460000000000003       0.98838281409886364     
   5.0519999999999996       0.98840042363271774     
   5.0579999999999998       0.98840145641952559     
   5.0640000000000001       0.98839005305406424     
   5.0700000000000003       0.98836993671426521     
   5.0759999999999996       0.98835767689375320     
   5.0819999999999999       0.98833027596743828     
   5.0880000000000001       0.98832494670818150     
   5.0940000000000003       0.98833051688040241     
   5.0999999999999996       0.98832624591840712     
   5.1059999999999999       0.98831744681950939     
   5.1120000000000001       0.98832116338889775     
   5.1180000000000003       0.98830846835899777     
   5.1240000000000006       0.98829259383126833     
   5.1299999999999999       0.98829115828487613     
   5.1360000000000001       0.98829131369898116     
   5.1420000000000003       0.98827190493880135     
   5.1480000000000006       0.98826234230096788     
   5.1539999999999999       0.98827311561372044     
   5.1600000000000001       0.98826932801775924     
   5.1660000000000004       0.98826683688083983     
   5.1720000000000006       0.98824941690012669     
   5.1779999999999999       0.98824762124575449     
   5.1840000000000002       0.98825497995434752     
   5.1900000000000004       0.98823828512090361     
   5.1960000000000006       0.98824580023297148     
   5.2020000000000000       0.98823841664579892     
   5.2080000000000002       0.98822798747434693     
   5.2140000000000004       0.98823391743693845     
   5.2200000000000006       0.98824874049150735     
   5.2260000000000000       0.98824155090778143     
   5.2320000000000002       0.98825019094800970     
   5.2380000000000004       0.98825911275433520     
   5.2440000000000007       0.98825435615780066     
   5.2500000000000000       0.98824583851238201     
   5.2560000000000002       0.98823010613412265     
   5.2620000000000005       0.98823013186214959     
   5.2680000000000007       0.98822250660745714     
   5.2740000000000000       0.98821125717675762     
   5.2800000000000002       0.98822194633856941     
   5.2860000000000005       0.98822521988516421     
   5.2920000000000007       0.98822569687042450     
   5.2980000000000000       0.98822319699779682     
   5.3040000000000003       0.98822049266344325     
   5.3100000000000005       0.98822361022185634     
   5.3160000000000007       0.98822191907017509     
   5.3220000000000001       0.98822992750896876     
   5.3280000000000003       0.98822986540840496     
   5.3340000000000005       0.98823650794119355     
   5.3400000000000007       0.98824680653374020     
   5.3460000000000001       0.98823474087689200     
   5.3520000000000003       0.98823071965371923     
   5.3580000000000005       0.98821584114169503     
   5.3640000000000008       0.98820932714281551     
   5.3700000000000001       0.98822234289774902     
   5.3760000000000003       0.98823610154404384     
   5.3820000000000006       0.98825089065329330     
   5.3880000000000008       0.98824036320569442     
   5.3940000000000010       0.98822412082437183     
   5.4000000000000004       0.98822832261356752     
   5.4060000000000006       0.98821128967804428     
   5.4120000000000008       0.98820112802023241     
   5.4180000000000010       0.98819275680185892     
   5.4240000000000004       0.98820272780128515     
   5.4300000000000006       0.98819926492009069     
   5.4360000000000008       0.98820927125304914     
   5.4420000000000011       0.98822017531775197     
   5.4480000000000004       0.98820563612164947     
   5.4540000000000006       0.98820532656963911     
   5.4600000000000009       0.98818507720210924     
   5.4660000000000011       0.98818894615084463     
   5.4720000000000004       0.98816257914174221     
   5.4780000000000006       0.98816384632407772     
   5.4840000000000009       0.98816317331076553     
   5.4900000000000011       0.98815888700240684     
   5.4960000000000004       0.98816272394729987     
   5.5020000000000007       0.98814770812751873     
   5.5080000000000000       0.98814141790760945     
   5.5140000000000002       0.98815830595795551     
   5.5199999999999996       0.98815388247553892     
   5.5259999999999998       0.98815551654179634     
   5.5320000000000000       0.98816008692382329     
   5.5380000000000003       0.98816169881591442     
   5.5439999999999996       0.98817561274485055     
   5.5499999999999998       0.98817054217031108     
   5.5560000000000000       0.98818143559010974     
   5.5620000000000003       0.98819319364473202     
   5.5679999999999996       0.98817595489667442     
   5.5739999999999998       0.98816637595242951     
   5.5800000000000001       0.98813394249926367     
   5.5860000000000003       0.98812372886614008     
   5.5919999999999996       0.98814007464509734     
   5.5979999999999999       0.98814985945686673     
   5.6040000000000001       0.98813852737774077     
   5.6100000000000003       0.98813757871068486     
   5.6159999999999997       0.98811921821899562     
   5.6219999999999999       0.98811789485193757     
   5.6280000000000001       0.98808994401910344     
   5.6340000000000003       0.98808243660111328     
   5.6400000000000006       0.98807948517482658     
   5.6459999999999999       0.98809052313400791     
   5.6520000000000001       0.98808075566392994     
   5.6580000000000004       0.98807964467464837     
   5.6640000000000006       0.98807710402145954     
   5.6699999999999999       0.98808014850295778     
   5.6760000000000002       0.98807044854367776     
   5.6820000000000004       0.98806364657446377     
   5.6880000000000006       0.98806022903911039     
   5.6940000000000000       0.98805327836391044     
   5.7000000000000002       0.98804870645103682     
   5.7060000000000004       0.98805041463831123     
   5.7120000000000006       0.98804831255247050     
   5.7180000000000000       0.98803893714850166     
   5.7240000000000002       0.98803846408199847     
   5.7300000000000004       0.98804354596389621     
   5.7360000000000007       0.98804486555345705     
   5.7420000000000000       0.98805640544967177     
   5.7480000000000002       0.98803952554444652     
   5.7540000000000004       0.98801786717197460     
   5.7600000000000007       0.98801257996511049     
   5.7660000000000000       0.98801388139178803     
   5.7720000000000002       0.98801646529655673     
   5.7780000000000005       0.98800410456512944     
   5.7840000000000007       0.98799036826104125     
   5.7900000000000000       0.98799989128916410     
   5.7960000000000003       0.98801896784531063     
   5.8020000000000005       0.98802937060962992     
   5.8080000000000007       0.98803283322979796     
   5.8140000000000001       0.98802592163541669     
   5.8200000000000003       0.98802696468278395     
   5.8260000000000005       0.98801698254944448     
   5.8320000000000007       0.98800632716375858     
   5.8380000000000001       0.98802925720056933     
   5.8440000000000003       0.98803869362047125     
   5.8500000000000005       0.98804058975122644     
   5.8560000000000008       0.98804153140968842     
   5.8620000000000001       0.98804971989081047     
   5.8680000000000003       0.98804577750427813     
   5.8740000000000006       0.98803781267112578     
   5.8800000000000008       0.98803613626658260     
   5.8860000000000001       0.98804527706958323     
   5.8920000000000003       0.98805102677062007     
   5.8980000000000006       0.98805435374261119     
   5.9040000000000008       0.98806918355043660     
   5.9100000000000010       0.98805778286677548     
   5.9160000000000004       0.98804547032815193     
   5.9220000000000006       0.98804149154865062     
   5.9280000000000008       0.98805702014173746     
   5.9340000000000011       0.98805122637442022     
   5.9400000000000004       0.98804773161487314     
   5.9460000000000006       0.98804259280598838     
   5.9520000000000008       0.98804099907164700     
   5.9580000000000011       0.98803679194325300     
   5.9640000000000004       0.98803728231928944     
   5.9700000000000006       0.98804614667206214     
   5.9760000000000009       0.98803878878181006     
   5.9820000000000011       0.98804550712383787     
   5.9880000000000004       0.98803265598398049     
   5.9940000000000007       0.98804052231982009     
   6.0000000000000009       0.98804477834828530     
   6.0060000000000011       0.98804466887519093     
   6.0120000000000005       0.98803512949642980     
   6.0180000000000007       0.98803559165696031     
   6.0240000000000009       0.98804451471618415     
   6.0300000000000002       0.98804078561442865     
   6.0360000000000005       0.98804809908733093     
   6.0419999999999998       0.98804807045283827     
   6.0480000000000000       0.98805721589458406     
   6.0540000000000003       0.98806389549429630     
   6.0599999999999996       0.98807532213762428     
   6.0659999999999998       0.98805352980574734     
   6.0720000000000001       0.98804969852197622     
   6.0780000000000003       0.98805473506082497     
   6.0839999999999996       0.98805070161152597     
   6.0899999999999999       0.98807901556236899     
   6.0960000000000001       0.98808636399208771     
   6.1020000000000003       0.98808466184329058     
   6.1079999999999997       0.98809065311043920     
   6.1139999999999999       0.98808933980546054     
   6.1200000000000001       0.98809715744392390     
   6.1260000000000003       0.98810472603739219     
   6.1319999999999997       0.98810847650780431     
   6.1379999999999999       0.98811281720456923     
   6.1440000000000001       0.98811710177346868     
   6.1500000000000004       0.98811547012406209     
   6.1560000000000006       0.98812400800921918     
   6.1619999999999999       0.98814641776916201     
   6.1680000000000001       0.98816349366683764     
   6.1740000000000004       0.98814577523945457     
   6.1800000000000006       0.98814567887065086     
   6.1859999999999999       0.98814513701217233     
   6.1920000000000002       0.98814125915534690     
   6.1980000000000004       0.98813456833421143     
   6.2040000000000006       0.98814035930594757     
   6.2100000000000000       0.98813148878923562     
   6.2160000000000002       0.98812515169448556     
   6.2220000000000004       0.98811779155688351     
   6.2280000000000006       0.98811324956556668     
   6.2340000000000000       0.98811529622287997     
   6.2400000000000002       0.98811091677080964     
   6.2460000000000004       0.98809606520256965     
   6.2520000000000007       0.98808350858104588     
   6.2580000000000000       0.98808747934652741     
   6.2640000000000002       0.98810150152759146     
   6.2700000000000005       0.98810073388796038     
   6.2760000000000007       0.98807855829476110     
   6.2820000000000000       0.98807950894086161     
   6.2880000000000003       0.98808475494499737     
   6.2940000000000005       0.98807682516334228     
   6.3000000000000007       0.98805853773784846     
   6.3060000000000000       0.98805506960659861     
   6.3120000000000003       0.98804112169277936     
   6.3180000000000005       0.98802709345848960     
   6.3240000000000007       0.98800275965670747     
   6.3300000000000001       0.98799839463904671     
   6.3360000000000003       0.98799515472331900     
   6.3420000000000005       0.98799157133091964     
   6.3480000000000008       0.98798741923275102     
   6.3540000000000001       0.98799751501771649     
   6.3600000000000003       0.98797750003958695     
   6.3660000000000005       0.98800052498159940     
   6.3720000000000008       0.98800702515573136     
   6.3780000000000001       0.98800225241663941     
   6.3840000000000003       0.98800701926220980     
   6.3900000000000006       0.98801807502436279     
   6.3960000000000008       0.98803192044651855     
   6.4020000000000010       0.98802942109143255     
   6.4080000000000004       0.98804411399111214     
   6.4140000000000006       0.98805802352667271     
   6.4200000000000008       0.98807327044542470     
   6.4260000000000010       0.98806897105291258     
   6.4320000000000004       0.98804862558408646     
   6.4380000000000006       0.98804043432093813     
   6.4440000000000008       0.98801813210157030     
   6.4500000000000011       0.98801893202361657     
   6.4560000000000004       0.98802147459473189     
   6.4620000000000006       0.98802170777122300     
   6.4680000000000009       0.98802016052711561     
   6.4740000000000011       0.98802673005336594     
   6.4800000000000004       0.98803258397670579     
   6.4860000000000007       0.98803635155005887     
   6.4920000000000009       0.98803979453537205     
   6.4980000000000011       0.98805415164960175     
   6.5040000000000004       0.98805383602114860     
   6.5100000000000007       0.98804284833278511     
   6.5160000000000009       0.98803793209540802     
   6.5220000000000011       0.98801434002744259     
   6.5280000000000005       0.98802082484831066     
   6.5340000000000007       0.98802404997243876     
   6.5400000000000009       0.98799983646294032     
   6.5460000000000012       0.98799898030405475     
   6.5520000000000005       0.98799846431163330     
   6.5580000000000007       0.98797563277045319     
   6.5640000000000001       0.98796229743959474     
   6.5700000000000003       0.98794590236564961     
   6.5759999999999996       0.98793906246562457     
   6.5819999999999999       0.98793322931074490     
   6.5880000000000001       0.98793773638567550     
   6.5940000000000003       0.98792509550783125     
   6.5999999999999996       0.98791857816032747     
   6.6059999999999999       0.98792245139670620     
   6.6120000000000001       0.98792589856746860     
   6.6180000000000003       0.98793323833861912     
   6.6239999999999997       0.98794873205513578     
   6.6299999999999999       0.98794720652127077     
   6.6360000000000001       0.98793880194064509     
   6.6420000000000003       0.98793046376314786     
   6.6479999999999997       0.98793510859667732     
   6.6539999999999999       0.98793555096141417     
   6.6600000000000001       0.98792072672570519     
   6.6660000000000004       0.98792852235136464     
   6.6720000000000006       0.98791749641708504     
   6.6779999999999999       0.98793115299976642     
   6.6840000000000002       0.98794538195667814     
   6.6900000000000004       0.98795540348122002     
   6.6960000000000006       0.98794183832254090     
   6.7020000000000000       0.98793529965782223     
   6.7080000000000002       0.98794737312402758     
   6.7140000000000004       0.98794231064829141     
   6.7200000000000006       0.98794661547127227     
   6.7260000000000000       0.98793698378693950     
   6.7320000000000002       0.98792716632171618     
   6.7380000000000004       0.98793938447215079     
   6.7440000000000007       0.98794062531659910     
   6.7500000000000000       0.98792771935751733     
   6.7560000000000002       0.98790510628266515     
   6.7620000000000005       0.98790483814806684     
   6.7680000000000007       0.98790101852813139     
   6.7740000000000000       0.98789807918515782     
   6.7800000000000002       0.98789994365827838     
   6.7860000000000005       0.98790758734813999     
   6.7920000000000007       0.98791745503400608     
   6.7980000000000000       0.98790101646374562     
   6.8040000000000003       0.98790752697680351     
   6.8100000000000005       0.98790581326506710     
   6.8160000000000007       0.98791076141555356     
   6.8220000000000001       0.98789909137777976     
   6.8280000000000003       0.98788569749455435     
   6.8340000000000005       0.98788626841257265     
   6.8400000000000007       0.98789294816540496     
   6.8460000000000001       0.98789918355113404     
   6.8520000000000003       0.98790760991074877     
   6.8580000000000005       0.98788251749677003     
   6.8640000000000008       0.98789169713497793     
   6.8700000000000001       0.98787898218933279     
   6.8760000000000003       0.98788067340199048     
   6.8820000000000006       0.98788250059906402     
   6.8880000000000008       0.98789162303428979     
   6.8940000000000001       0.98787856797922391     
   6.9000000000000004       0.98786764073594280     
   6.9060000000000006       0.98786989296105743     
   6.9120000000000008       0.98786725948328247     
   6.9180000000000010       0.98788582114394774     
   6.9240000000000004       0.98787608817174144     
   6.9300000000000006       0.98787520408336948     
   6.9360000000000008       0.98789528600341958     
   6.9420000000000011       0.98787191494028015     
   6.9480000000000004       0.98787560064044211     
   6.9540000000000006       0.98789667955205251     
   6.9600000000000009       0.98790680490424676     
   6.9660000000000011       0.98790603355505791     
   6.9720000000000004       0.98792448552086842     
   6.9780000000000006       0.98791445058258209     
   6.9840000000000009       0.98792215107722203     
   6.9900000000000011       0.98792606558861507     
   6.9960000000000004       0.98792052604160407     
   7.0020000000000007       0.98793026961802799     
   7.0080000000000009       0.98793720831942999     
   7.0140000000000011       0.98793292638260533     
   7.0200000000000005       0.98792097637659548     
   7.0260000000000007       0.98791734512909490     
   7.0320000000000009       0.98791347595033197     
   7.0380000000000011       0.98793292755816153     
   7.0440000000000005       0.98794140332966129     
   7.0500000000000007       0.98794419189744853     
   7.0560000000000009       0.98794774371496163     
   7.0620000000000012       0.98793715576010677     
   7.0680000000000005       0.98792684468677139     
   7.0740000000000007       0.98791185480220989     
   7.0800000000000001       0.98790853360462161     
   7.0860000000000003       0.98790088335646287     
   7.0919999999999996       0.98789318506085788     
   7.0979999999999999       0.98788850728429078     
   7.1040000000000001       0.98789214233395684     
   7.1100000000000003       0.98788910562213805     
   7.1159999999999997       0.98787485304803102     
   7.1219999999999999       0.98785202292130792     
   7.1280000000000001       0.98785159412241619     
   7.1340000000000003       0.98782748617349736     
   7.1399999999999997       0.98783898156398831     
   7.1459999999999999       0.98783137080464756     
   7.1520000000000001       0.98784045568310863     
   7.1580000000000004       0.98784023767164075     
   7.1639999999999997       0.98783383294775229     
   7.1699999999999999       0.98781438021305401     
   7.1760000000000002       0.98783326634196222     
   7.1820000000000004       0.98780459383036312     
   7.1880000000000006       0.98777892264712430     
   7.1940000000000000       0.98777131730469447     
   7.2000000000000002       0.98776808048565468     
   7.2060000000000004       0.98776643151772658     
   7.2120000000000006       0.98776967635331769     
   7.2180000000000000       0.98777564563634179     
   7.2240000000000002       0.98777869571269472     
   7.2300000000000004       0.98779146254196948     
   7.2360000000000007       0.98779130846441299     
   7.2420000000000000       0.98780126386397049     
   7.2480000000000002       0.98778108538561804     
   7.2540000000000004       0.98778458511378253     
   7.2600000000000007       0.98778619526250411     
   7.2660000000000000       0.98778363935509428     
   7.2720000000000002       0.98779290906281580     
   7.2780000000000005       0.98779477657022030     
   7.2840000000000007       0.98779627436707906     
   7.2900000000000000       0.98778949337402477     
   7.2960000000000003       0.98778002730747139     
   7.3020000000000005       0.98778072870606337     
   7.3080000000000007       0.98778485996628052     
   7.3140000000000001       0.98778458233379274     
   7.3200000000000003       0.98779367148821751     
   7.3260000000000005       0.98777591923577868     
   7.3320000000000007       0.98776616068858591     
   7.3380000000000001       0.98774809569674105     
   7.3440000000000003       0.98773090803057972     
   7.3500000000000005       0.98770949402572283     
   7.3560000000000008       0.98770413322386486     
   7.3620000000000001       0.98769492280879401     
   7.3680000000000003       0.98768786450189350     
   7.3740000000000006       0.98768367132826795     
   7.3800000000000008       0.98768631849318522     
   7.3860000000000001       0.98767655931164766     
   7.3920000000000003       0.98766599369228281     
   7.3980000000000006       0.98766985053881928     
   7.4040000000000008       0.98766062091051277     
   7.4100000000000001       0.98765515646617685     
   7.4160000000000004       0.98766423047194130     
   7.4220000000000006       0.98765407549104345     
   7.4280000000000008       0.98764670033259094     
   7.4340000000000011       0.98763498890997714     
   7.4400000000000004       0.98764034737853190     
   7.4460000000000006       0.98761843155004758     
   7.4520000000000008       0.98761814498850409     
   7.4580000000000011       0.98763377209901460     
   7.4640000000000004       0.98764473259178576     
   7.4700000000000006       0.98765370865097335     
   7.4760000000000009       0.98764375319204434     
   7.4820000000000011       0.98765887406045083     
   7.4880000000000004       0.98763961475666695     
   7.4940000000000007       0.98764918051733208     
   7.5000000000000009       0.98764314849850765     
   7.5060000000000011       0.98763667050164095     
   7.5120000000000005       0.98764768854198315     
   7.5180000000000007       0.98764787448998403     
   7.5240000000000009       0.98763275423854691     
   7.5300000000000011       0.98762298667114545     
   7.5360000000000005       0.98762318402075788     
   7.5420000000000007       0.98761822266377464     
   7.5480000000000009       0.98761533889772346     
   7.5540000000000012       0.98761074324372378     
   7.5600000000000005       0.98759963803307205     
   7.5660000000000007       0.98760901128063161     
   7.5720000000000010       0.98761611483508549     
   7.5780000000000012       0.98760239363159341     
   7.5840000000000005       0.98760294672812388     
   7.5900000000000007       0.98760021584239577     
   7.5960000000000010       0.98759902623122131     
   7.6020000000000003       0.98760141900879739     
   7.6080000000000005       0.98757519500472180     
   7.6139999999999999       0.98757768249342381     
   7.6200000000000001       0.98757288199518434     
   7.6260000000000003       0.98757527150430147     
   7.6319999999999997       0.98755367546951833     
   7.6379999999999999       0.98755216390849543     
   7.6440000000000001       0.98756424014376742     
   7.6500000000000004       0.98755626503088778     
   7.6559999999999997       0.98756205039515743     
   7.6619999999999999       0.98754630829576329     
   7.6680000000000001       0.98755536983211623     
   7.6740000000000004       0.98753964012894968     
   7.6800000000000006       0.98752509452734660     
   7.6859999999999999       0.98752703767870231     
   7.6920000000000002       0.98751802351373685     
   7.6980000000000004       0.98752705450792866     
   7.7040000000000006       0.98753968540134851     
   7.7100000000000000       0.98753883946702825     
   7.7160000000000002       0.98755264494704542     
   7.7220000000000004       0.98754974762597991     
   7.7280000000000006       0.98755231540849742     
   7.7340000000000000       0.98755850513891774     
   7.7400000000000002       0.98755395546548541     
   7.7460000000000004       0.98751984830594430     
   7.7519999999999998       0.98751389371640697     
   7.7580000000000000       0.98749485685987037     
   7.7640000000000002       0.98748370037530031     
   7.7700000000000005       0.98749292219636975     
   7.7760000000000007       0.98749275828124750     
   7.7820000000000009       0.98749725451280412     
   7.7880000000000011       0.98751454185754373     
   7.7939999999999996       0.98752563895075740     
   7.7999999999999998       0.98753105259594465     
   7.8060000000000000       0.98754483149361194     
   7.8120000000000003       0.98753059983513036     
   7.8180000000000005       0.98751989063679613     
   7.8240000000000007       0.98751581462033389     
   7.8300000000000010       0.98752489380654018     
   7.8360000000000012       0.98751333113689888     
   7.8419999999999996       0.98750582923828178     
   7.8479999999999999       0.98750342333468399     
   7.8540000000000001       0.98749195131119605     
   7.8600000000000003       0.98748697385559037     
   7.8660000000000005       0.98748179800496017     
   7.8720000000000008       0.98746599633458487     
   7.8780000000000010       0.98746284384409844     
   7.8840000000000012       0.98747647295925656     
   7.8899999999999997       0.98748955083797896     
   7.8959999999999999       0.98748073879121934     
   7.9020000000000001       0.98747797608979426     
   7.9080000000000004       0.98748457856680494     
   7.9140000000000006       0.98747753621464329     
   7.9200000000000008       0.98747500545862588     
   7.9260000000000010       0.98744452309735398     
   7.9320000000000013       0.98744447232068355     
   7.9380000000000015       0.98744245792386565     
   7.9440000000000000       0.98745224238085583     
   7.9500000000000002       0.98746086782819498     
   7.9560000000000004       0.98748124894387312     
   7.9620000000000006       0.98748345499947432     
   7.9680000000000009       0.98748872023948164     
   7.9740000000000011       0.98749233433267680     
   7.9800000000000013       0.98750323415113250     
   7.9860000000000015       0.98749820888429396     
   7.9920000000000000       0.98748499585925276     
   7.9980000000000002       0.98747398364038119     
   8.0039999999999996       0.98745590219948398     
   8.0099999999999998       0.98745930956945327     
   8.0160000000000000       0.98745160410975441     
   8.0220000000000002       0.98744022518355923     
   8.0280000000000005       0.98744165181538113     
   8.0340000000000007       0.98744670451523153     
   8.0399999999999991       0.98744869570678828     
   8.0459999999999994       0.98742902860483150     
   8.0519999999999996       0.98743799049288261     
   8.0579999999999998       0.98743972465760965     
   8.0640000000000001       0.98741576308234258     
   8.0700000000000003       0.98741095683693669     
   8.0760000000000005       0.98740525740758645     
   8.0820000000000007       0.98740030753232944     
   8.0879999999999992       0.98739249941210794     
   8.0939999999999994       0.98739485541802319     
   8.0999999999999996       0.98740792880581618     
   8.1059999999999999       0.98739291968805165     
   8.1120000000000001       0.98738853730932852     
   8.1180000000000003       0.98738883946451139     
   8.1240000000000006       0.98739040612182161     
   8.1300000000000008       0.98738343929312511     
   8.1359999999999992       0.98736677693629094     
   8.1419999999999995       0.98736256885399010     
   8.1479999999999997       0.98736108495217767     
   8.1539999999999999       0.98736716310258188     
   8.1600000000000001       0.98734907803956606     
   8.1660000000000004       0.98733232532408299     
   8.1720000000000006       0.98731939897388021     
   8.1780000000000008       0.98731063283907949     
   8.1839999999999993       0.98731003316732813     
   8.1899999999999995       0.98730415109921443     
   8.1959999999999997       0.98730366198779973     
   8.2020000000000000       0.98729493913023592     
   8.2080000000000002       0.98729876502007585     
   8.2140000000000004       0.98730486160041975     
   8.2200000000000006       0.98730364491667510     
   8.2260000000000009       0.98731239132369952     
   8.2320000000000011       0.98730069847631929     
   8.2379999999999995       0.98731762452359717     
   8.2439999999999998       0.98730523503665446     
   8.2500000000000000       0.98731629933362719     
   8.2560000000000002       0.98731055506919718     
   8.2620000000000005       0.98733068106341915     
   8.2680000000000007       0.98732727552118482     
   8.2740000000000009       0.98731906655840651     
   8.2800000000000011       0.98731485323569146     
   8.2859999999999996       0.98730544179861435     
   8.2919999999999998       0.98729928679504531     
   8.2980000000000000       0.98730582930401223     
   8.3040000000000003       0.98731704169864232     
   8.3100000000000005       0.98734360143080857     
   8.3160000000000007       0.98733355887396601     
   8.3220000000000010       0.98733362572959549     
   8.3280000000000012       0.98732694072418159     
   8.3339999999999996       0.98733340776656919     
   8.3399999999999999       0.98733647419892323     
   8.3460000000000001       0.98733874934862242     
   8.3520000000000003       0.98734226123023150     
   8.3580000000000005       0.98734173344772369     
   8.3640000000000008       0.98735356904611660     
   8.3700000000000010       0.98736113109546575     
   8.3760000000000012       0.98734650414291480     
   8.3819999999999997       0.98733125569513080     
   8.3879999999999999       0.98733943939319357     
   8.3940000000000001       0.98732090897497737     
   8.4000000000000004       0.98733035178182382     
   8.4060000000000006       0.98732798508987751     
   8.4120000000000008       0.98732201974541600     
   8.4180000000000010       0.98729562287295047     
   8.4240000000000013       0.98730289078812061     
   8.4299999999999997       0.98730316341012725     
   8.4359999999999999       0.98729883667005669     
   8.4420000000000002       0.98728584448935852     
   8.4480000000000004       0.98727998786458637     
   8.4540000000000006       0.98728324395265576     
   8.4600000000000009       0.98728680069646202     
   8.4660000000000011       0.98729347496715614     
   8.4720000000000013       0.98728984953246035     
   8.4780000000000015       0.98728972569391804     
   8.4840000000000000       0.98728675851119974     
   8.4900000000000002       0.98728182203486969     
   8.4960000000000004       0.98728622365122809     
   8.5020000000000007       0.98729153499073441     
   8.5080000000000009       0.98730336847857969     
   8.5140000000000011       0.98730848770096913     
   8.5200000000000014       0.98731140111309812     
   8.5260000000000016       0.98730364387837477     
   8.5320000000000000       0.98731875079053244     
   8.5380000000000003       0.98730121523017866     
   8.5440000000000005       0.98728931496092520     
   8.5500000000000007       0.98728644987028902     
   8.5560000000000009       0.98727134709750408     
   8.5620000000000012       0.98726828121374155     
   8.5680000000000014       0.98725164103686958     
   8.5740000000000016       0.98725914447586227     
   8.5800000000000001       0.98725981105391791     
   8.5860000000000003       0.98723802108403613     
   8.5920000000000005       0.98723060165804366     
   8.5980000000000008       0.98722483488634050     
   8.6040000000000010       0.98724099351068573     
   8.6100000000000012       0.98724059366269823     
   8.6160000000000014       0.98721865828512656     
   8.6220000000000017       0.98721235120655215     
   8.6280000000000001       0.98719903563317002     
   8.6340000000000003       0.98721729297111860     
   8.6400000000000006       0.98722771631324302     
   8.6460000000000008       0.98721116875067416     
   8.6520000000000010       0.98721244681612319     
   8.6580000000000013       0.98720318951343666     
   8.6640000000000015       0.98720790374493184     
   8.6700000000000017       0.98720685566149025     
   8.6760000000000002       0.98720547463074404     
   8.6820000000000004       0.98719818547726312     
   8.6880000000000006       0.98719239613745169     
   8.6940000000000008       0.98718817788193192     
   8.7000000000000011       0.98719118124835059     
   8.7060000000000013       0.98717527839890906     
   8.7120000000000015       0.98718091041366529     
   8.7180000000000017       0.98718183121699099     
   8.7240000000000020       0.98716798130586614     
   8.7300000000000004       0.98715913408678613     
   8.7360000000000007       0.98717280168469868     
   8.7420000000000009       0.98716863693082435     
   8.7480000000000011       0.98717638985582734     
   8.7540000000000013       0.98718448883704157     
   8.7600000000000016       0.98718515134947948     
   8.7660000000000018       0.98719124138846837     
   8.7720000000000020       0.98719289742434180     
   8.7780000000000005       0.98720079923045889     
   8.7840000000000007       0.98719604849157672     
   8.7900000000000009       0.98719416974145202     
   8.7960000000000012       0.98719810747932812     
   8.8020000000000014       0.98719733911885243     
   8.8080000000000016       0.98719345418352378     
   8.8140000000000018       0.98719659969800000     
   8.8200000000000021       0.98718232701525410     
   8.8260000000000005       0.98717036352963938     
   8.8320000000000007       0.98715381136256430     
   8.8380000000000010       0.98714772125188455     
   8.8440000000000012       0.98717765880485175     
   8.8500000000000014       0.98716560730699487     
   8.8560000000000016       0.98716732029932530     
   8.8620000000000019       0.98716441667302135     
   8.8680000000000021       0.98716970870129894     
   8.8740000000000006       0.98716631566430513     
   8.8800000000000008       0.98716070254322086     
   8.8860000000000010       0.98713835411252659     
   8.8920000000000012       0.98713586970560108     
   8.8980000000000015       0.98713156290308790     
   8.9040000000000017       0.98714229324610947     
   8.9100000000000001       0.98713885471473728     
   8.9160000000000004       0.98713118416798684     
   8.9220000000000006       0.98714164685151418     
   8.9279999999999990       0.98713995854497072     
   8.9339999999999993       0.98714159698991577     
   8.9399999999999995       0.98715387029275359     
   8.9459999999999997       0.98715271594823584     
   8.9520000000000000       0.98715134225834422     
   8.9580000000000002       0.98715413495780691     
   8.9640000000000004       0.98714694970732964     
   8.9700000000000006       0.98713499142012684     
   8.9759999999999991       0.98714715149187438     
   8.9819999999999993       0.98714717698479915     
   8.9879999999999995       0.98715859080098700     
   8.9939999999999998       0.98715193449518523     
   9.0000000000000000       0.98713971146895507     
   9.0060000000000002       0.98714415123614596     
   9.0120000000000005       0.98714710227033187     
   9.0180000000000007       0.98715100709046510     
   9.0239999999999991       0.98715796856220051     
   9.0299999999999994       0.98714836669210493     
   9.0359999999999996       0.98714386995103320     
   9.0419999999999998       0.98715386724603249     
   9.0480000000000000       0.98714417553926792     
   9.0540000000000003       0.98715409441223856     
   9.0600000000000005       0.98715705415813060     
   9.0660000000000007       0.98716894013290002     
   9.0719999999999992       0.98718172262317871     
   9.0779999999999994       0.98718033949489137     
   9.0839999999999996       0.98717751005046073     
   9.0899999999999999       0.98718418377387851     
   9.0960000000000001       0.98720177023399702     
   9.1020000000000003       0.98719396053002706     
   9.1080000000000005       0.98718954266017345     
   9.1140000000000008       0.98719266287587859     
   9.1199999999999992       0.98719056536032990     
   9.1259999999999994       0.98722442759082696     
   9.1319999999999997       0.98722291380403571     
   9.1379999999999999       0.98723283862673650     
   9.1440000000000001       0.98720925777217983     
   9.1500000000000004       0.98720526784563578     
   9.1560000000000006       0.98721430735447147     
   9.1620000000000008       0.98722034458447439     
   9.1679999999999993       0.98723359795566579     
   9.1739999999999995       0.98725039627526801     
   9.1799999999999997       0.98724007517560552     
   9.1859999999999999       0.98723322405625524     
   9.1920000000000002       0.98722528469340010     
   9.1980000000000004       0.98722266007338111     
   9.2040000000000006       0.98721513054144494     
   9.2100000000000009       0.98721569108661444     
   9.2159999999999993       0.98720750560271764     
   9.2219999999999995       0.98720470848326503     
   9.2279999999999998       0.98721626458801515     
   9.2340000000000000       0.98722389704754043     
   9.2400000000000002       0.98720485663784519     
   9.2460000000000004       0.98720398515006558     
   9.2520000000000007       0.98720759525680568     
   9.2580000000000009       0.98722747704162916     
   9.2640000000000011       0.98721480406858797     
   9.2699999999999996       0.98721802583520601     
   9.2759999999999998       0.98721782928815538     
   9.2820000000000000       0.98721270531575811     
   9.2880000000000003       0.98721577440190378     
   9.2940000000000005       0.98720865756550302     
   9.3000000000000007       0.98719267911399988     
   9.3060000000000009       0.98719244052892541     
   9.3120000000000012       0.98718710686937494     
   9.3179999999999996       0.98718263236135095     
   9.3239999999999998       0.98718435693154361     
   9.3300000000000001       0.98717563371304151     
   9.3360000000000003       0.98716166886653822     
   9.3420000000000005       0.98715792006532299     
   9.3480000000000008       0.98716246364059568     
   9.3540000000000010       0.98715213555712022     
   9.3600000000000012       0.98715725671147581     
   9.3659999999999997       0.98715049174411740     
   9.3719999999999999       0.98715296425409982     
   9.3780000000000001       0.98714199012604653     
   9.3840000000000003       0.98714860623013401     
   9.3900000000000006       0.98715809214111461     
   9.3960000000000008       0.98715892185185572     
   9.4020000000000010       0.98713997052067859     
   9.4080000000000013       0.98714314671397085     
   9.4139999999999997       0.98715407312478498     
   9.4199999999999999       0.98715756393538345     
   9.4260000000000002       0.98713920070317795     
   9.4320000000000004       0.98712797181578249     
   9.4380000000000006       0.98712050360023462     
   9.4440000000000008       0.98712072555368047     
   9.4500000000000011       0.98711156347825224     
   9.4560000000000013       0.98711333816870472     
   9.4619999999999997       0.98709982704053822     
   9.4680000000000000       0.98710684445492369     
   9.4740000000000002       0.98710807729719574     
   9.4800000000000004       0.98709660736673388     
   9.4860000000000007       0.98710698305047351     
   9.4920000000000009       0.98710892061233135     
   9.4980000000000011       0.98712522950749892     
   9.5040000000000013       0.98711755736415285     
   9.5100000000000016       0.98711017732768302     
   9.5160000000000000       0.98710407958254132     
   9.5220000000000002       0.98709367567015871     
   9.5280000000000005       0.98709395469948091     
   9.5340000000000007       0.98709327352305054     
   9.5400000000000009       0.98709135751070309     
   9.5460000000000012       0.98708272197185076     
   9.5520000000000014       0.98709239650236902     
   9.5580000000000016       0.98708595352859585     
   9.5640000000000001       0.98710304522804959     
   9.5700000000000003       0.98711246827094035     
   9.5760000000000005       0.98710805068316665     
   9.5820000000000007       0.98713028025465610     
   9.5880000000000010       0.98713798506621331     
   9.5940000000000012       0.98712329703473234     
   9.6000000000000014       0.98712739561610507     
   9.6060000000000016       0.98712110411575515     
   9.6120000000000001       0.98712661352077313     
   9.6180000000000003       0.98711148687308981     
   9.6240000000000006       0.98712290505899225     
   9.6300000000000008       0.98708949113797129     
   9.6360000000000010       0.98707735911391237     
   9.6420000000000012       0.98706766670167434     
   9.6480000000000015       0.98707035757541717     
   9.6540000000000017       0.98707635238880354     
   9.6600000000000001       0.98707818422901961     
   9.6660000000000004       0.98706849955716913     
   9.6720000000000006       0.98704538019452071     
   9.6780000000000008       0.98704691775893516     
   9.6840000000000011       0.98704508762201293     
   9.6900000000000013       0.98703599834039235     
   9.6960000000000015       0.98704361181863454     
   9.7020000000000017       0.98704989593117420     
   9.7080000000000002       0.98706501018408088     
   9.7140000000000004       0.98707328331917188     
   9.7200000000000006       0.98707883728485868     
   9.7260000000000009       0.98708587160738304     
   9.7320000000000011       0.98707005472889187     
   9.7380000000000013       0.98706005524577278     
   9.7440000000000015       0.98703533953843514     
   9.7500000000000018       0.98703244205163820     
   9.7560000000000020       0.98702600080930181     
   9.7620000000000005       0.98702810283370257     
   9.7680000000000007       0.98704812163761491     
   9.7740000000000009       0.98705000839206669     
   9.7800000000000011       0.98705469984653071     
   9.7860000000000014       0.98704389803313963     
   9.7920000000000016       0.98703280034954632     
   9.7980000000000018       0.98704708903827731     
   9.8040000000000020       0.98706015027591931     
   9.8100000000000005       0.98705365041868642     
   9.8160000000000007       0.98705523614584689     
   9.8220000000000010       0.98707405475971166     
   9.8280000000000012       0.98707913712768591     
   9.8340000000000014       0.98707994369887242     
   9.8400000000000016       0.98707833383129573     
   9.8460000000000019       0.98707812153289132     
   9.8520000000000021       0.98707370431943942     
   9.8580000000000005       0.98706316628337631     
   9.8640000000000008       0.98706484372671277     
   9.8700000000000010       0.98707465123348015     
   9.8760000000000012       0.98707781213416534     
   9.8820000000000014       0.98707769357881303     
   9.8880000000000017       0.98708882268866216     
   9.8940000000000019       0.98707241475174190     
   9.9000000000000021       0.98706812795740961     
   9.9060000000000006       0.98706482744051038     
   9.9120000000000008       0.98705447967569704     
   9.9180000000000010       0.98705189941859006     
   9.9240000000000013       0.98706546593700129     
   9.9300000000000015       0.98706318355129863     
   9.9360000000000017       0.98706068262816837     
   9.9420000000000019       0.98706078045726642     
   9.9480000000000022       0.98705579969970914     
   9.9540000000000006       0.98707173116075975     
   9.9600000000000009       0.98707657334793131     
   9.9660000000000011       0.98708309454763354     
   9.9719999999999995       0.98707363866412645     
   9.9779999999999998       0.98706882607552437     
   9.9840000000000000       0.98709526275277326     
   9.9900000000000002       0.98709536157785260     
