   0.0000000000000000       0.99999999999998568     
   6.0000000000000001E-003  0.99174980241262833     
   1.2000000000000000E-002  0.97418203405632153     
   1.7999999999999999E-002  0.98990912773051942     
   2.4000000000000000E-002  0.98770613442925659     
   3.0000000000000002E-002  0.98440673720357363     
   3.5999999999999997E-002  0.97960629648679631     
   4.2000000000000003E-002  0.97839088428079113     
   4.8000000000000001E-002  0.97137139462314981     
   5.4000000000000006E-002  0.96869001594490045     
   6.0000000000000005E-002  0.96606071779609126     
   6.6000000000000003E-002  0.96162265521044932     
   7.1999999999999995E-002  0.95749537089904102     
   7.8000000000000000E-002  0.95247415057845575     
   8.4000000000000005E-002  0.94930410234469154     
   9.0000000000000011E-002  0.94512043827306247     
   9.6000000000000002E-002  0.94714995358222176     
  0.10200000000000001       0.95274517558199312     
  0.10800000000000001       0.96111237359607826     
  0.11400000000000000       0.96467351027488224     
  0.12000000000000001       0.97414083428871312     
  0.12600000000000000       0.97886619743120173     
  0.13200000000000001       0.98223460225760906     
  0.13800000000000001       0.98518955797959973     
  0.14399999999999999       0.98619165228977479     
  0.15000000000000002       0.98615299810960866     
  0.15600000000000000       0.98606288115136931     
  0.16200000000000001       0.98536739665893291     
  0.16800000000000001       0.98480481850924839     
  0.17399999999999999       0.98392772173480636     
  0.18000000000000002       0.98277300050886041     
  0.18600000000000003       0.98097511358966027     
  0.19200000000000000       0.97953235658500448     
  0.19800000000000001       0.97770785233486557     
  0.20400000000000001       0.97649447708601911     
  0.21000000000000002       0.97407267487407667     
  0.21600000000000003       0.97176803055271477     
  0.22200000000000000       0.96990313010789353     
  0.22800000000000001       0.96808421617798646     
  0.23400000000000001       0.96615736225739646     
  0.24000000000000002       0.96433259806261751     
  0.24600000000000002       0.96165135531883217     
  0.25200000000000000       0.95815794272189669     
  0.25800000000000001       0.95578193468217088     
  0.26400000000000001       0.95398344602350515     
  0.27000000000000002       0.95166060661273266     
  0.27600000000000002       0.94923027644369229     
  0.28199999999999997       0.94665064791260223     
  0.28799999999999998       0.94480146622250905     
  0.29400000000000004       0.94267634454257154     
  0.30000000000000004       0.93915745496001657     
  0.30600000000000005       0.93655476220998124     
  0.31200000000000000       0.93381710621189318     
  0.31800000000000000       0.93050506333818317     
  0.32400000000000001       0.92761964311158251     
  0.33000000000000002       0.92488521295723292     
  0.33600000000000002       0.92147489259064108     
  0.34200000000000003       0.91912765707286503     
  0.34799999999999998       0.91629916329660044     
  0.35400000000000004       0.91341281960563625     
  0.36000000000000004       0.91100420318184072     
  0.36600000000000005       0.90574206912766952     
  0.37200000000000005       0.90317779211997729     
  0.37800000000000000       0.89993414664697768     
  0.38400000000000001       0.89649192760295515     
  0.39000000000000001       0.89301752713772908     
  0.39600000000000002       0.89002753387979894     
  0.40200000000000002       0.88623410121422197     
  0.40800000000000003       0.88317264953312435     
  0.41399999999999998       0.88024348448035084     
  0.42000000000000004       0.87768507077376401     
  0.42600000000000005       0.87302950824380054     
  0.43200000000000005       0.86970862764118173     
  0.43800000000000006       0.86661006915233008     
  0.44400000000000001       0.86390893322374185     
  0.45000000000000001       0.86083525199147060     
  0.45600000000000002       0.85653219162861871     
  0.46200000000000002       0.85279837062585717     
  0.46800000000000003       0.84861506770003758     
  0.47400000000000003       0.84618950430498896     
  0.48000000000000004       0.84310667230004588     
  0.48600000000000004       0.83949232157517906     
  0.49200000000000005       0.83708089924281925     
  0.49800000000000005       0.83302916987423137     
  0.50400000000000000       0.82894865886957259     
  0.51000000000000001       0.82552047967271980     
  0.51600000000000001       0.82258607783658522     
  0.52200000000000002       0.81907891587994353     
  0.52800000000000002       0.81686995337451695     
  0.53400000000000003       0.81458591842707395     
  0.54000000000000004       0.80955989030340125     
  0.54600000000000004       0.80619506456784917     
  0.55200000000000005       0.80324018433317446     
  0.55799999999999994       0.80047289860787696     
  0.56399999999999995       0.79741577179978973     
  0.56999999999999995       0.79401145129023876     
  0.57599999999999996       0.79022439778383180     
  0.58200000000000007       0.78729722451889572     
  0.58800000000000008       0.78438969474744047     
  0.59400000000000008       0.78101230113530895     
  0.60000000000000009       0.77707397056864924     
  0.60600000000000009       0.77112821247121799     
  0.61200000000000010       0.76752905412744232     
  0.61800000000000010       0.76368953479792212     
  0.62400000000000000       0.76000531095261603     
  0.63000000000000000       0.75657798194005488     
  0.63600000000000001       0.75248447117772366     
  0.64200000000000002       0.74864892697667551     
  0.64800000000000002       0.74512219402580326     
  0.65400000000000003       0.73976982766923627     
  0.66000000000000003       0.73534355550188846     
  0.66600000000000004       0.73227349937643871     
  0.67200000000000004       0.72808062044739530     
  0.67800000000000005       0.72373708244925250     
  0.68400000000000005       0.71951131419554637     
  0.68999999999999995       0.71629781230961387     
  0.69599999999999995       0.71274369341449428     
  0.70199999999999996       0.70898079675717718     
  0.70800000000000007       0.70513007861367183     
  0.71400000000000008       0.70224254695692900     
  0.72000000000000008       0.69881349754282740     
  0.72600000000000009       0.69465662112165094     
  0.73200000000000010       0.69201202097538428     
  0.73800000000000010       0.68919801737966147     
  0.74400000000000011       0.68518792633975634     
  0.75000000000000011       0.68316159363542006     
  0.75600000000000001       0.67904607285366614     
  0.76200000000000001       0.67568828464603126     
  0.76800000000000002       0.67236040282441745     
  0.77400000000000002       0.66860170012690290     
  0.78000000000000003       0.66548434175133298     
  0.78600000000000003       0.66345550064012082     
  0.79200000000000004       0.65943697858157313     
  0.79800000000000004       0.65580773497433509     
  0.80400000000000005       0.65274440223451735     
  0.81000000000000005       0.64919660299665038     
  0.81600000000000006       0.64598427346816167     
  0.82199999999999995       0.64320258324070301     
  0.82799999999999996       0.63840593119615219     
  0.83400000000000007       0.63487278554060855     
  0.84000000000000008       0.63042821798895865     
  0.84600000000000009       0.62817904473587149     
  0.85200000000000009       0.62506238069140729     
  0.85800000000000010       0.62177124296284969     
  0.86400000000000010       0.61983396773433008     
  0.87000000000000011       0.61575968014193794     
  0.87600000000000011       0.61323611384168586     
  0.88200000000000012       0.60967670976636934     
  0.88800000000000001       0.60688130306587629     
  0.89400000000000002       0.60319610148099578     
  0.90000000000000002       0.60133750753051185     
  0.90600000000000003       0.59765435580757154     
  0.91200000000000003       0.59477734803634885     
  0.91800000000000004       0.59082325194164598     
  0.92400000000000004       0.58954564737756165     
  0.93000000000000005       0.58587595203948939     
  0.93600000000000005       0.58122422540975871     
  0.94200000000000006       0.57918961335167296     
  0.94800000000000006       0.57502737970667650     
  0.95399999999999996       0.57255805999089859     
  0.96000000000000008       0.57007158570018279     
  0.96600000000000008       0.56623522037857632     
  0.97200000000000009       0.56263877382039074     
  0.97800000000000009       0.56139264163351299     
  0.98400000000000010       0.55919103048988417     
  0.99000000000000010       0.55502364346924671     
  0.99600000000000011       0.55312046828894723     
   1.0020000000000000       0.55185444789308957     
   1.0080000000000000       0.54880160608696471     
   1.0140000000000000       0.54507878105818819     
   1.0200000000000000       0.54149009392190506     
   1.0260000000000000       0.53866313950964451     
   1.0320000000000000       0.53501458400283375     
   1.0380000000000000       0.53139236856606509     
   1.0440000000000000       0.52997928051450149     
   1.0500000000000000       0.52682980691573944     
   1.0560000000000000       0.52352260459443323     
   1.0620000000000001       0.52042929560959461     
   1.0680000000000001       0.51761863495511551     
   1.0740000000000001       0.51599685809024254     
   1.0800000000000001       0.51365099653148327     
   1.0860000000000001       0.50901190214180847     
   1.0920000000000001       0.50642883750613599     
   1.0980000000000001       0.50452879585505994     
   1.1040000000000001       0.50279553930103904     
   1.1100000000000001       0.50000765024391258     
   1.1159999999999999       0.49669264744092356     
   1.1219999999999999       0.49381804351735231     
   1.1279999999999999       0.49250406313215100     
   1.1339999999999999       0.48946878614061357     
   1.1399999999999999       0.48490476364879181     
   1.1459999999999999       0.48275345284477345     
   1.1519999999999999       0.48033179459688496     
   1.1580000000000001       0.47708419505832184     
   1.1640000000000001       0.47389561492024601     
   1.1700000000000002       0.47209981877161034     
   1.1760000000000002       0.47009267546653993     
   1.1820000000000002       0.46908094042586224     
   1.1880000000000002       0.46660591819044689     
   1.1940000000000002       0.46445975477585366     
   1.2000000000000002       0.46340582473754727     
   1.2060000000000002       0.46036283901164926     
   1.2120000000000002       0.45966529847680171     
   1.2180000000000002       0.45823514602694010     
   1.2240000000000002       0.45612894867176856     
   1.2300000000000002       0.45393863691087383     
   1.2360000000000002       0.45003376249944599     
   1.2420000000000002       0.44724888022161863     
   1.2480000000000000       0.44515587175698051     
   1.2540000000000000       0.44119426056011213     
   1.2600000000000000       0.43895519625024249     
   1.2660000000000000       0.43653997162736508     
   1.2720000000000000       0.43566597625842302     
   1.2780000000000000       0.43274873624046822     
   1.2840000000000000       0.42873334343355363     
   1.2900000000000000       0.42786582248904981     
   1.2960000000000000       0.42615356373360086     
   1.3020000000000000       0.42486427055931797     
   1.3080000000000001       0.42287218267364940     
   1.3140000000000001       0.42206014929377911     
   1.3200000000000001       0.42111553664956136     
   1.3260000000000001       0.41870352882760392     
   1.3320000000000001       0.41612639623852282     
   1.3380000000000001       0.41409043021631986     
   1.3440000000000001       0.41180894546993513     
   1.3500000000000001       0.40951828679902574     
   1.3560000000000001       0.40730525611789442     
   1.3620000000000001       0.40487585454597735     
   1.3680000000000001       0.40171333771553258     
   1.3740000000000001       0.39937931090816370     
   1.3799999999999999       0.39815924614078935     
   1.3859999999999999       0.39626489293047906     
   1.3919999999999999       0.39412558934453201     
   1.3979999999999999       0.39144512565631695     
   1.4039999999999999       0.38887851521552991     
   1.4100000000000001       0.38589613413984192     
   1.4160000000000001       0.38308580816432947     
   1.4220000000000002       0.38115624753654526     
   1.4280000000000002       0.37929217281833622     
   1.4340000000000002       0.37811346133875440     
   1.4400000000000002       0.37547705658518804     
   1.4460000000000002       0.37423899670144323     
   1.4520000000000002       0.37257712295866202     
   1.4580000000000002       0.37058700275586209     
   1.4640000000000002       0.36916885606549932     
   1.4700000000000002       0.36695583274792803     
   1.4760000000000002       0.36488199431937851     
   1.4820000000000002       0.36262544109005362     
   1.4880000000000002       0.36134263188244797     
   1.4940000000000002       0.35988180714575069     
   1.5000000000000002       0.35759494743079856     
   1.5060000000000002       0.35525268815917732     
   1.5120000000000000       0.35366692829943025     
   1.5180000000000000       0.35263958395458722     
   1.5240000000000000       0.35128977276927847     
   1.5300000000000000       0.34936327807130013     
   1.5360000000000000       0.34833938520275010     
   1.5420000000000000       0.34698395853905700     
   1.5480000000000000       0.34561598241721092     
   1.5540000000000000       0.34348860614709020     
   1.5600000000000001       0.34205101787152292     
   1.5660000000000001       0.34074170591493280     
   1.5720000000000001       0.33901709790160361     
   1.5780000000000001       0.33678245504041571     
   1.5840000000000001       0.33504451961543119     
   1.5900000000000001       0.33425639330820106     
   1.5960000000000001       0.33330624324942587     
   1.6020000000000001       0.33250575747417360     
   1.6080000000000001       0.32942511999517216     
   1.6140000000000001       0.32654059214567976     
   1.6200000000000001       0.32571687215251643     
   1.6260000000000001       0.32356521598523497     
   1.6320000000000001       0.32208185024452290     
   1.6380000000000001       0.32115635004917953     
   1.6439999999999999       0.32109077207238024     
   1.6499999999999999       0.32054369721889597     
   1.6559999999999999       0.31968806412814449     
   1.6619999999999999       0.31764589996071307     
   1.6680000000000001       0.31603606103692589     
   1.6740000000000002       0.31453859354022329     
   1.6800000000000002       0.31424714351110189     
   1.6860000000000002       0.31365848045284339     
   1.6920000000000002       0.31244703856606543     
   1.6980000000000002       0.31135195829123197     
   1.7040000000000002       0.31025424277199487     
   1.7100000000000002       0.30751819205529518     
   1.7160000000000002       0.30642061318102221     
   1.7220000000000002       0.30560314133547378     
   1.7280000000000002       0.30359562285407221     
   1.7340000000000002       0.30258526675190395     
   1.7400000000000002       0.30181900074712514     
   1.7460000000000002       0.30049454603333414     
   1.7520000000000002       0.29851875154856244     
   1.7580000000000002       0.29708055098907632     
   1.7640000000000002       0.29621232977318385     
   1.7700000000000000       0.29434617849683620     
   1.7760000000000000       0.29144386653085158     
   1.7820000000000000       0.28973965300266430     
   1.7880000000000000       0.28902430457424949     
   1.7940000000000000       0.28735839729405588     
   1.8000000000000000       0.28652349609420258     
   1.8060000000000000       0.28697168269019674     
   1.8120000000000001       0.28539129525419993     
   1.8180000000000001       0.28504433399878387     
   1.8240000000000001       0.28343683837340083     
   1.8300000000000001       0.28264636164840101     
   1.8360000000000001       0.28101239008406309     
   1.8420000000000001       0.28017657651591360     
   1.8480000000000001       0.27916882737561299     
   1.8540000000000001       0.27797067145971127     
   1.8600000000000001       0.27552228762353020     
   1.8660000000000001       0.27462366039062092     
   1.8720000000000001       0.27199277850870046     
   1.8780000000000001       0.27107119298410620     
   1.8840000000000001       0.26978405370995778     
   1.8900000000000001       0.26985902081359714     
   1.8960000000000001       0.26920717977219727     
   1.9020000000000001       0.26736087282221549     
   1.9079999999999999       0.26753714000819523     
   1.9139999999999999       0.26647688330845154     
   1.9200000000000002       0.26401490075117112     
   1.9260000000000002       0.26210959466429140     
   1.9320000000000002       0.26051653757352117     
   1.9379999999999999       0.25952186791888743     
   1.9440000000000002       0.25766251904709497     
   1.9500000000000000       0.25576453377895625     
   1.9560000000000002       0.25476641214773893     
   1.9620000000000000       0.25421436785377316     
   1.9680000000000002       0.25351930010993717     
   1.9740000000000000       0.25320957569054892     
   1.9800000000000002       0.25027891546812109     
   1.9860000000000000       0.24938570769423088     
   1.9920000000000002       0.24813363256841151     
   1.9980000000000000       0.24677227478332223     
   2.0040000000000000       0.24507672721897161     
   2.0099999999999998       0.24355592610272098     
   2.0160000000000000       0.24372875362280197     
   2.0219999999999998       0.24156305684807364     
   2.0280000000000000       0.24054088851640326     
   2.0339999999999998       0.23990089582508473     
   2.0400000000000000       0.23920163191474825     
   2.0459999999999998       0.23796243690954436     
   2.0520000000000000       0.23630710008851966     
   2.0580000000000003       0.23644528438075105     
   2.0640000000000001       0.23569623052468591     
   2.0700000000000003       0.23527968699805513     
   2.0760000000000001       0.23402322629045222     
   2.0820000000000003       0.23293363208806997     
   2.0880000000000001       0.23177328680228945     
   2.0940000000000003       0.23206525563157221     
   2.1000000000000001       0.23089903951136673     
   2.1060000000000003       0.22977812478750365     
   2.1120000000000001       0.22982308079233779     
   2.1180000000000003       0.22895970904728688     
   2.1240000000000001       0.22905727375912494     
   2.1300000000000003       0.22868318336147633     
   2.1360000000000001       0.22799480432189131     
   2.1420000000000003       0.22717160233369701     
   2.1480000000000001       0.22663050733709750     
   2.1540000000000004       0.22451425442741987     
   2.1600000000000001       0.22303868032326896     
   2.1660000000000004       0.22190453515040082     
   2.1720000000000002       0.22080516257742810     
   2.1780000000000004       0.21904553745647751     
   2.1840000000000002       0.21817264076015030     
   2.1900000000000004       0.21672046936107237     
   2.1960000000000002       0.21646817767993690     
   2.2020000000000004       0.21517379410415832     
   2.2080000000000002       0.21487686672600947     
   2.2140000000000004       0.21463765644258381     
   2.2200000000000002       0.21430271039892981     
   2.2260000000000004       0.21258907052414833     
   2.2319999999999998       0.21148101994138052     
   2.2380000000000000       0.21239911998264691     
   2.2439999999999998       0.21129407290848870     
   2.2500000000000000       0.21051963910099772     
   2.2559999999999998       0.20977243087009093     
   2.2620000000000000       0.20838653040203034     
   2.2679999999999998       0.20926724873777763     
   2.2740000000000000       0.20849549932597672     
   2.2799999999999998       0.20766297139319007     
   2.2860000000000000       0.20574538296380274     
   2.2919999999999998       0.20446398226898957     
   2.2980000000000000       0.20248724159069623     
   2.3039999999999998       0.20202834799914426     
   2.3100000000000001       0.20110985221593805     
   2.3160000000000003       0.19973702014111422     
   2.3220000000000001       0.20041829593356397     
   2.3280000000000003       0.20054026142219089     
   2.3340000000000001       0.19997143325552907     
   2.3400000000000003       0.19967999586462190     
   2.3460000000000001       0.19934226778727701     
   2.3520000000000003       0.19996236618471286     
   2.3580000000000001       0.19987399266083358     
   2.3640000000000003       0.19829303719350763     
   2.3700000000000001       0.19699294249358862     
   2.3760000000000003       0.19663957995074408     
   2.3820000000000001       0.19490126087797449     
   2.3880000000000003       0.19344692117486045     
   2.3940000000000001       0.19166358017014337     
   2.4000000000000004       0.19121033585068728     
   2.4060000000000001       0.19177398964326989     
   2.4120000000000004       0.19260338916050973     
   2.4180000000000001       0.19145473852259598     
   2.4240000000000004       0.19203346126767859     
   2.4300000000000002       0.19018980284091683     
   2.4360000000000004       0.18973197623371948     
   2.4420000000000002       0.18923897160048775     
   2.4480000000000004       0.18870267388371034     
   2.4540000000000002       0.18791164526932180     
   2.4600000000000004       0.18808855201765981     
   2.4660000000000002       0.18809511374161833     
   2.4720000000000004       0.18781875456327538     
   2.4780000000000002       0.18864443090319469     
   2.4840000000000004       0.18651377144577544     
   2.4900000000000002       0.18674894129815858     
   2.4960000000000000       0.18580841350300387     
   2.5019999999999998       0.18464999345501590     
   2.5080000000000000       0.18344594916494300     
   2.5139999999999998       0.18374600762487991     
   2.5200000000000000       0.18251985806250126     
   2.5259999999999998       0.18312639134568892     
   2.5320000000000000       0.18253792766982224     
   2.5379999999999998       0.18099452518482462     
   2.5440000000000000       0.18041065934149228     
   2.5499999999999998       0.18005580198222024     
   2.5560000000000000       0.17940388317668227     
   2.5620000000000003       0.17889179750636811     
   2.5680000000000001       0.17919628462749301     
   2.5740000000000003       0.17872058826841031     
   2.5800000000000001       0.17871024524537388     
   2.5860000000000003       0.17839070950709143     
   2.5920000000000001       0.17780468364095869     
   2.5980000000000003       0.17737094837157064     
   2.6040000000000001       0.17653962193136485     
   2.6100000000000003       0.17610254878318521     
   2.6160000000000001       0.17583380917670985     
   2.6220000000000003       0.17525218420391173     
   2.6280000000000001       0.17555579034766144     
   2.6340000000000003       0.17466799476690256     
   2.6400000000000001       0.17418877059142746     
   2.6460000000000004       0.17494724414560101     
   2.6520000000000001       0.17442770520455786     
   2.6580000000000004       0.17414150912745283     
   2.6640000000000001       0.17302284468333373     
   2.6700000000000004       0.17204143491516566     
   2.6760000000000002       0.17168913439847489     
   2.6820000000000004       0.17152449272594511     
   2.6880000000000002       0.17076135385928459     
   2.6940000000000004       0.17048812825681051     
   2.7000000000000002       0.17094330109608236     
   2.7060000000000004       0.17031274097653720     
   2.7120000000000002       0.16985687375545633     
   2.7180000000000004       0.16937024380200541     
   2.7240000000000002       0.16818104436223455     
   2.7300000000000004       0.16867471341932311     
   2.7360000000000002       0.16848838163582519     
   2.7420000000000004       0.16790144171549010     
   2.7480000000000002       0.16814355171368184     
   2.7540000000000000       0.16796627260257732     
   2.7599999999999998       0.16694273046121172     
   2.7660000000000000       0.16688710402959825     
   2.7719999999999998       0.16692567899990352     
   2.7780000000000000       0.16631581097966985     
   2.7839999999999998       0.16567658789752127     
   2.7900000000000000       0.16491351858701420     
   2.7959999999999998       0.16331190095301637     
   2.8020000000000000       0.16362337650514835     
   2.8079999999999998       0.16254128654022976     
   2.8140000000000001       0.16306354533231404     
   2.8200000000000003       0.16024349516714501     
   2.8260000000000001       0.16034014849711811     
   2.8320000000000003       0.16033692891730589     
   2.8380000000000001       0.16015082647393419     
   2.8440000000000003       0.15960377425639405     
   2.8500000000000001       0.15905193948323998     
   2.8560000000000003       0.15897580778621873     
   2.8620000000000001       0.15885465678873115     
   2.8680000000000003       0.15924788694285169     
   2.8740000000000001       0.15854486064241169     
   2.8800000000000003       0.15754326566230537     
   2.8860000000000001       0.15645259398085098     
   2.8920000000000003       0.15611231458207983     
   2.8980000000000001       0.15758885753921356     
   2.9040000000000004       0.15730176087721739     
   2.9100000000000001       0.15686153921750748     
   2.9160000000000004       0.15711559237445960     
   2.9220000000000002       0.15777425117021313     
   2.9280000000000004       0.15774261273693174     
   2.9340000000000002       0.15673712010345303     
   2.9400000000000004       0.15583884280611518     
   2.9460000000000002       0.15609020147471020     
   2.9520000000000004       0.15556449369651185     
   2.9580000000000002       0.15428046510923196     
   2.9640000000000004       0.15338307032288731     
   2.9700000000000002       0.15306871565281754     
   2.9760000000000004       0.15226652215123460     
   2.9820000000000002       0.15171947784960527     
   2.9880000000000004       0.15170431665481954     
   2.9940000000000002       0.15126765536132483     
   3.0000000000000004       0.15091502257173883     
   3.0060000000000002       0.15111083509579221     
   3.0120000000000005       0.15124955241796337     
   3.0180000000000002       0.15078826108989354     
   3.0240000000000000       0.15062208845701994     
   3.0299999999999998       0.15055541700300562     
   3.0360000000000000       0.15148794286331888     
   3.0419999999999998       0.15224773932148394     
   3.0480000000000000       0.15305464481312892     
   3.0539999999999998       0.15331038901979846     
   3.0600000000000001       0.15329562514788933     
   3.0659999999999998       0.15218083995140641     
   3.0720000000000001       0.15162164446715148     
   3.0780000000000003       0.15247518972860838     
   3.0840000000000001       0.15207515738999705     
   3.0900000000000003       0.15216696870945301     
   3.0960000000000001       0.15157662065879654     
   3.1020000000000003       0.15093527690927477     
   3.1080000000000001       0.15135028242840551     
   3.1140000000000003       0.15109230289025466     
   3.1200000000000001       0.15193349122147981     
   3.1260000000000003       0.15187561023065035     
   3.1320000000000001       0.15158089595072341     
   3.1380000000000003       0.15128482048652547     
   3.1440000000000001       0.15055000548469227     
   3.1500000000000004       0.15048503513617237     
   3.1560000000000001       0.15054448529036898     
   3.1620000000000004       0.14935914762928007     
   3.1680000000000001       0.14863999318191254     
   3.1740000000000004       0.14863889042839729     
   3.1800000000000002       0.14962030242026669     
   3.1860000000000004       0.14955947730183392     
   3.1920000000000002       0.14947641459713451     
   3.1980000000000004       0.14874866539227208     
   3.2040000000000002       0.14990651488855600     
   3.2100000000000004       0.14923137099928424     
   3.2160000000000002       0.14883588189708444     
   3.2220000000000004       0.14842217263638657     
   3.2280000000000002       0.14764794227618838     
   3.2340000000000004       0.14768183142047642     
   3.2400000000000002       0.14705923038257268     
   3.2460000000000004       0.14564007188792472     
   3.2520000000000002       0.14583637928968834     
   3.2580000000000005       0.14547231549962009     
   3.2640000000000002       0.14428362718338558     
   3.2700000000000005       0.14531048682612097     
   3.2760000000000002       0.14460114298178856     
   3.2820000000000000       0.14490663765475092     
   3.2879999999999998       0.14456035730664765     
   3.2940000000000000       0.14366338670003673     
   3.2999999999999998       0.14336600231364652     
   3.3060000000000000       0.14376055229836635     
   3.3119999999999998       0.14435127501105510     
   3.3180000000000001       0.14511432878113711     
   3.3239999999999998       0.14613320585936668     
   3.3300000000000001       0.14525037638369467     
   3.3360000000000003       0.14546998946434034     
   3.3420000000000001       0.14429714051609277     
   3.3480000000000003       0.14360414974299363     
   3.3540000000000001       0.14351324378633623     
   3.3600000000000003       0.14347493612117004     
   3.3660000000000001       0.14302815494984450     
   3.3720000000000003       0.14259009497646538     
   3.3780000000000001       0.14363218731405844     
   3.3840000000000003       0.14300802486779710     
   3.3900000000000001       0.14232376552233650     
   3.3960000000000004       0.14263266852917303     
   3.4020000000000001       0.14149248497782263     
   3.4080000000000004       0.14242193507337164     
   3.4140000000000001       0.14296042836754463     
   3.4200000000000004       0.14304100626770225     
   3.4260000000000002       0.14243474118014018     
   3.4320000000000004       0.14254180049378845     
   3.4380000000000002       0.14217338290515105     
   3.4440000000000004       0.14142918598205856     
   3.4500000000000002       0.14192196857058670     
   3.4560000000000004       0.14161641146383519     
   3.4620000000000002       0.14187640008699753     
   3.4680000000000004       0.14073338151044651     
   3.4740000000000002       0.14065720143307248     
   3.4800000000000004       0.14090984489551700     
   3.4860000000000002       0.14033172600869545     
   3.4920000000000004       0.13976197240085722     
   3.4980000000000002       0.13945040794910993     
   3.5040000000000004       0.13868209304677601     
   3.5100000000000002       0.13811640883716592     
   3.5160000000000005       0.13741937099263185     
   3.5220000000000002       0.13757499381619673     
   3.5280000000000005       0.13785671225573143     
   3.5340000000000003       0.13736156004344233     
   3.5400000000000000       0.13619398193550716     
   3.5459999999999998       0.13692276666218775     
   3.5520000000000000       0.13807321743703432     
   3.5579999999999998       0.13870905722034357     
   3.5640000000000001       0.13857566481008773     
   3.5699999999999998       0.13898691632037308     
   3.5760000000000001       0.13960338300127662     
   3.5819999999999999       0.14046433267689523     
   3.5880000000000001       0.14036353838872315     
   3.5940000000000003       0.14012878857129407     
   3.6000000000000001       0.14070430449431393     
   3.6060000000000003       0.14101385678370187     
   3.6120000000000001       0.14036190818877475     
   3.6180000000000003       0.14116024829124355     
   3.6240000000000001       0.14044468961785614     
   3.6300000000000003       0.14062366530687484     
   3.6360000000000001       0.13963213999572255     
   3.6420000000000003       0.13967116862837964     
   3.6480000000000001       0.13849722159774375     
   3.6540000000000004       0.13949148777423470     
   3.6600000000000001       0.13940247317012863     
   3.6660000000000004       0.13983215070283703     
   3.6720000000000002       0.13940559878249703     
   3.6780000000000004       0.13934081560377209     
   3.6840000000000002       0.13884410584232293     
   3.6900000000000004       0.13910441796143005     
   3.6960000000000002       0.13794451442694597     
   3.7020000000000004       0.13804658431843780     
   3.7080000000000002       0.13802856312148859     
   3.7140000000000004       0.13789891676055729     
   3.7200000000000002       0.13736019164278485     
   3.7260000000000004       0.13681635472155040     
   3.7320000000000002       0.13497742762003656     
   3.7380000000000004       0.13548314408845455     
   3.7440000000000002       0.13610358325132996     
   3.7500000000000004       0.13711369882493207     
   3.7560000000000002       0.13741107395477267     
   3.7620000000000005       0.13703510943990568     
   3.7680000000000002       0.13662468546223441     
   3.7740000000000005       0.13654813569191859     
   3.7800000000000002       0.13620277616331342     
   3.7860000000000005       0.13607900453559063     
   3.7920000000000003       0.13590809031679904     
   3.7980000000000005       0.13605544050480098     
   3.8040000000000003       0.13570171851158966     
   3.8100000000000001       0.13591861464385102     
   3.8159999999999998       0.13637315798386007     
   3.8220000000000001       0.13656746982101120     
   3.8279999999999998       0.13587069742760827     
   3.8340000000000001       0.13458380449064516     
   3.8400000000000003       0.13391460035771657     
   3.8460000000000001       0.13522796368922041     
   3.8520000000000003       0.13472475501877054     
   3.8580000000000001       0.13487367046568513     
   3.8640000000000003       0.13636298396444857     
   3.8700000000000001       0.13487252731137936     
   3.8759999999999999       0.13591329133959015     
   3.8820000000000001       0.13544810809882346     
   3.8880000000000003       0.13488254695132937     
   3.8940000000000006       0.13422644058265648     
   3.8999999999999999       0.13428614589760648     
   3.9060000000000001       0.13390750752713823     
   3.9120000000000004       0.13447400911607152     
   3.9180000000000006       0.13312648832195514     
   3.9239999999999999       0.13228984357453039     
   3.9300000000000002       0.13192742326574550     
   3.9360000000000004       0.13195511284560946     
   3.9420000000000006       0.13241130489956821     
   3.9480000000000000       0.13100647147580119     
   3.9540000000000002       0.13053213353513402     
   3.9600000000000004       0.12984988302771081     
   3.9660000000000006       0.12976045223759533     
   3.9720000000000000       0.12981388922178230     
   3.9780000000000002       0.12928725431838811     
   3.9840000000000004       0.12995517477027441     
   3.9900000000000007       0.12977047831457153     
   3.9960000000000000       0.13113930432709300     
   4.0019999999999998       0.13103030463030618     
   4.0080000000000000       0.13085177280152513     
   4.0140000000000002       0.13030419135831325     
   4.0199999999999996       0.12869602355234175     
   4.0259999999999998       0.12913786183657014     
   4.0320000000000000       0.12895048470442613     
   4.0380000000000003       0.12847511648411472     
   4.0439999999999996       0.12910038693337295     
   4.0499999999999998       0.12922549711223186     
   4.0560000000000000       0.12866225772990214     
   4.0620000000000003       0.12836024181663924     
   4.0679999999999996       0.12845887348988561     
   4.0739999999999998       0.12804345759897126     
   4.0800000000000001       0.12764193039111948     
   4.0860000000000003       0.12746145194321729     
   4.0919999999999996       0.12617049692208968     
   4.0979999999999999       0.12644311558732191     
   4.1040000000000001       0.12744462047227953     
   4.1100000000000003       0.12766066013856775     
   4.1160000000000005       0.12977484459017630     
   4.1219999999999999       0.13038580829615204     
   4.1280000000000001       0.13102546276152774     
   4.1340000000000003       0.13135743851622841     
   4.1400000000000006       0.13122932599201659     
   4.1459999999999999       0.13136650467879540     
   4.1520000000000001       0.13154334208036483     
   4.1580000000000004       0.13171324097053763     
   4.1640000000000006       0.13093463032754948     
   4.1699999999999999       0.13209190992831174     
   4.1760000000000002       0.13204503260440459     
   4.1820000000000004       0.13158818879444734     
   4.1880000000000006       0.13079675765513926     
   4.1940000000000000       0.13039327380198845     
   4.2000000000000002       0.12905842516873436     
   4.2060000000000004       0.12903504723411283     
   4.2120000000000006       0.12927565798245552     
   4.2180000000000000       0.12859983622407253     
   4.2240000000000002       0.12757724713438465     
   4.2300000000000004       0.12809332705053297     
   4.2360000000000007       0.12837282141170411     
   4.2420000000000000       0.12854238411180913     
   4.2480000000000002       0.12862154180661292     
   4.2540000000000004       0.12811028037287958     
   4.2600000000000007       0.12795778672870586     
   4.2660000000000000       0.12648149867158834     
   4.2720000000000002       0.12576125509389932     
   4.2780000000000005       0.12641784270208248     
   4.2840000000000007       0.12644553617531118     
   4.2900000000000000       0.12695595744367813     
   4.2960000000000003       0.12696025373278069     
   4.3020000000000005       0.12716593487532760     
   4.3080000000000007       0.12689083170325105     
   4.3140000000000001       0.12669252818377941     
   4.3200000000000003       0.12700333404747649     
   4.3260000000000005       0.12718084503350383     
   4.3320000000000007       0.12810318022553946     
   4.3380000000000001       0.12833679387475419     
   4.3440000000000003       0.12898893791390029     
   4.3500000000000005       0.12848588798166083     
   4.3560000000000008       0.12907925942237786     
   4.3620000000000010       0.12967025597630330     
   4.3680000000000003       0.13002610835285877     
   4.3740000000000006       0.13017119025433657     
   4.3800000000000008       0.12962442600768723     
   4.3860000000000010       0.12954919913226273     
   4.3920000000000003       0.12959074929414310     
   4.3980000000000006       0.12988090111831188     
   4.4040000000000008       0.12986726278341063     
   4.4100000000000010       0.12997457638806248     
   4.4160000000000004       0.12978008781268421     
   4.4220000000000006       0.13046778514526425     
   4.4280000000000008       0.13049076413308555     
   4.4340000000000011       0.13023833524483053     
   4.4400000000000004       0.13040819477790519     
   4.4460000000000006       0.13105000568640568     
   4.4520000000000008       0.13165114840494510     
   4.4580000000000002       0.13170252627528403     
   4.4639999999999995       0.13188046155803745     
   4.4699999999999998       0.13187315393047241     
   4.4760000000000000       0.13205998437740135     
   4.4820000000000002       0.13278048876219162     
   4.4879999999999995       0.13343341353304844     
   4.4939999999999998       0.13378853771830163     
   4.5000000000000000       0.13325396576004239     
   4.5060000000000002       0.13460986349126050     
   4.5119999999999996       0.13477617195050159     
   4.5179999999999998       0.13527177534797108     
   4.5240000000000000       0.13486231671226284     
   4.5300000000000002       0.13610081211465100     
   4.5359999999999996       0.13574296604959921     
   4.5419999999999998       0.13579778846142088     
   4.5480000000000000       0.13612982083955430     
   4.5540000000000003       0.13613273607458679     
   4.5599999999999996       0.13646657788695704     
   4.5659999999999998       0.13616564477641002     
   4.5720000000000001       0.13716815038945310     
   4.5780000000000003       0.13661739877214377     
   4.5839999999999996       0.13791879663802023     
   4.5899999999999999       0.13914093252645049     
   4.5960000000000001       0.13926086246444863     
   4.6020000000000003       0.13882493429502793     
   4.6079999999999997       0.13941984038583721     
   4.6139999999999999       0.13785698104578203     
   4.6200000000000001       0.13796362838709125     
   4.6260000000000003       0.13857156045175273     
   4.6320000000000006       0.13863972490387805     
   4.6379999999999999       0.13954593018472428     
   4.6440000000000001       0.13993111691520579     
   4.6500000000000004       0.14008262770706364     
   4.6560000000000006       0.14071226686114396     
   4.6619999999999999       0.14066116764860004     
   4.6680000000000001       0.14031501191500584     
   4.6740000000000004       0.14114722819323619     
   4.6800000000000006       0.14111471023998939     
   4.6859999999999999       0.14087419783257460     
   4.6920000000000002       0.14088254035080697     
   4.6980000000000004       0.14080424218614374     
   4.7040000000000006       0.14162275565222743     
   4.7100000000000000       0.14227958518690315     
   4.7160000000000002       0.14143794594922007     
   4.7220000000000004       0.14096149263620428     
   4.7280000000000006       0.14121295085947810     
   4.7340000000000000       0.14033436504553082     
   4.7400000000000002       0.14033850172315218     
   4.7460000000000004       0.14095999136284926     
   4.7520000000000007       0.14163212198764574     
   4.7580000000000000       0.14150261800334829     
   4.7640000000000002       0.14115428569649566     
   4.7700000000000005       0.14113060911484324     
   4.7760000000000007       0.14138584894773779     
   4.7820000000000000       0.14137221047314680     
   4.7880000000000003       0.14254086974726771     
   4.7940000000000005       0.14209504366636561     
   4.8000000000000007       0.14237357967744499     
   4.8060000000000000       0.14200022795923645     
   4.8120000000000003       0.14191684879476177     
   4.8180000000000005       0.14109371219651368     
   4.8240000000000007       0.14099801154573907     
   4.8300000000000001       0.14196456124868137     
   4.8360000000000003       0.14112083116272395     
   4.8420000000000005       0.14042030883038761     
   4.8480000000000008       0.14139052760849180     
   4.8540000000000001       0.14150256341976425     
   4.8600000000000003       0.14160510319734149     
   4.8660000000000005       0.14087318601986903     
   4.8720000000000008       0.14041439645258083     
   4.8780000000000010       0.14080860822091207     
   4.8840000000000003       0.14057311237822021     
   4.8900000000000006       0.13975043894606801     
   4.8960000000000008       0.13967395962177040     
   4.9020000000000010       0.14056633302157084     
   4.9080000000000004       0.14099122753766294     
   4.9140000000000006       0.14166364259477879     
   4.9200000000000008       0.14152933738005208     
   4.9260000000000010       0.14187007066537444     
   4.9320000000000004       0.14296338494495039     
   4.9380000000000006       0.14322529314464832     
   4.9440000000000008       0.14356099668717795     
   4.9500000000000011       0.14303812784197181     
   4.9560000000000004       0.14301758466123990     
   4.9620000000000006       0.14385189889231184     
   4.9680000000000009       0.14376611030526490     
   4.9740000000000011       0.14389284805245514     
   4.9800000000000004       0.14418075076860509     
   4.9859999999999998       0.14384462566752901     
   4.9920000000000000       0.14517487524471526     
   4.9980000000000002       0.14540727329607264     
   5.0039999999999996       0.14531164767854737     
   5.0099999999999998       0.14600907795010895     
   5.0160000000000000       0.14577262383149459     
   5.0220000000000002       0.14607941491083026     
   5.0279999999999996       0.14592616579534240     
   5.0339999999999998       0.14527634906425863     
   5.0400000000000000       0.14469354947167115     
   5.0460000000000003       0.14517930866228101     
   5.0519999999999996       0.14460392743594327     
   5.0579999999999998       0.14552636288229437     
   5.0640000000000001       0.14606005357916158     
   5.0700000000000003       0.14714722287570228     
   5.0759999999999996       0.14717627869248623     
   5.0819999999999999       0.14720648546033463     
   5.0880000000000001       0.14735455241445916     
   5.0940000000000003       0.14631137859659768     
   5.0999999999999996       0.14625282509426762     
   5.1059999999999999       0.14740727914879354     
   5.1120000000000001       0.14728267580014187     
   5.1180000000000003       0.14655222473698065     
   5.1240000000000006       0.14752023516593049     
   5.1299999999999999       0.14801551509288038     
   5.1360000000000001       0.14751027054064311     
   5.1420000000000003       0.14706609454821626     
   5.1480000000000006       0.14689164862815016     
   5.1539999999999999       0.14761726192908395     
   5.1600000000000001       0.14795023038903327     
   5.1660000000000004       0.14792674455414725     
   5.1720000000000006       0.14826415343343780     
   5.1779999999999999       0.14832088805523735     
   5.1840000000000002       0.14827881587972519     
   5.1900000000000004       0.14745624585080799     
   5.1960000000000006       0.14798013623067546     
   5.2020000000000000       0.14708322578358743     
   5.2080000000000002       0.14737364867012720     
   5.2140000000000004       0.14778187574852045     
   5.2200000000000006       0.14721815135540353     
   5.2260000000000000       0.14762003668560736     
   5.2320000000000002       0.14748098780782182     
   5.2380000000000004       0.14661589150491683     
   5.2440000000000007       0.14638005688135380     
   5.2500000000000000       0.14695691767669367     
   5.2560000000000002       0.14775237788535334     
   5.2620000000000005       0.14841945727287134     
   5.2680000000000007       0.14856649392276222     
   5.2740000000000000       0.14846214399594262     
   5.2800000000000002       0.14887736920223768     
   5.2860000000000005       0.14917342950394363     
   5.2920000000000007       0.15010872621922874     
   5.2980000000000000       0.15029266445106021     
   5.3040000000000003       0.15045205837083048     
   5.3100000000000005       0.15047410173035239     
   5.3160000000000007       0.14989332929530785     
   5.3220000000000001       0.15028082179649074     
   5.3280000000000003       0.15025323788726047     
   5.3340000000000005       0.14995046713522880     
   5.3400000000000007       0.15015445961546500     
   5.3460000000000001       0.14987521665588466     
   5.3520000000000003       0.15087340161611151     
   5.3580000000000005       0.15187670158517691     
   5.3640000000000008       0.15193162377544969     
   5.3700000000000001       0.15088787781394736     
   5.3760000000000003       0.15125693152231104     
   5.3820000000000006       0.15243999482689621     
   5.3880000000000008       0.15149723876371274     
   5.3940000000000010       0.15168071198067390     
   5.4000000000000004       0.15198571438598332     
   5.4060000000000006       0.15176922314124028     
   5.4120000000000008       0.15204273208967611     
   5.4180000000000010       0.15112861217687129     
   5.4240000000000004       0.15101293766863375     
   5.4300000000000006       0.15156514677048544     
   5.4360000000000008       0.15197544929866730     
   5.4420000000000011       0.15169953929481278     
   5.4480000000000004       0.15063852622389121     
   5.4540000000000006       0.15187020127445502     
   5.4600000000000009       0.15118305649750147     
   5.4660000000000011       0.15081481189244303     
   5.4720000000000004       0.15136034986042768     
   5.4780000000000006       0.15214875015082024     
   5.4840000000000009       0.15225772085050812     
   5.4900000000000011       0.15200688203801682     
   5.4960000000000004       0.15255006525991091     
   5.5020000000000007       0.15204369731161488     
   5.5080000000000000       0.15180928229671348     
   5.5140000000000002       0.15193298913684392     
   5.5199999999999996       0.15199797896027589     
   5.5259999999999998       0.15169255659023564     
   5.5320000000000000       0.15166118459009567     
   5.5380000000000003       0.15166295225788301     
   5.5439999999999996       0.15280527581851189     
   5.5499999999999998       0.15313607042930880     
   5.5560000000000000       0.15308087538682105     
   5.5620000000000003       0.15356276307443553     
   5.5679999999999996       0.15363938371858227     
   5.5739999999999998       0.15446752081667187     
   5.5800000000000001       0.15509842878451338     
   5.5860000000000003       0.15605267486426871     
   5.5919999999999996       0.15557398319945165     
   5.5979999999999999       0.15650730649470443     
   5.6040000000000001       0.15608836873425924     
   5.6100000000000003       0.15685141931624036     
   5.6159999999999997       0.15875604379791844     
   5.6219999999999999       0.15878103537981247     
   5.6280000000000001       0.15527659983083539     
   5.6340000000000003       0.15487700065802762     
   5.6400000000000006       0.15511565804597427     
   5.6459999999999999       0.15507124032088973     
   5.6520000000000001       0.15466630110132742     
   5.6580000000000004       0.15515172744059780     
   5.6640000000000006       0.15545555586605533     
   5.6699999999999999       0.15562941988016232     
   5.6760000000000002       0.15618796991078285     
   5.6820000000000004       0.15680366944555674     
   5.6880000000000006       0.15747866341174999     
   5.6940000000000000       0.15670517493827235     
   5.7000000000000002       0.15707157598145580     
   5.7060000000000004       0.15649951818697785     
   5.7120000000000006       0.15551705647178296     
   5.7180000000000000       0.15565890869289134     
   5.7240000000000002       0.15586260219593770     
   5.7300000000000004       0.15587531363400597     
   5.7360000000000007       0.15510620971513520     
   5.7420000000000000       0.15418111920924321     
   5.7480000000000002       0.15588893812800630     
   5.7540000000000004       0.15557869238586589     
   5.7600000000000007       0.15582065995837890     
   5.7660000000000000       0.15594944087894891     
   5.7720000000000002       0.15612212666387826     
   5.7780000000000005       0.15606550631261984     
   5.7840000000000007       0.15698614251987716     
   5.7900000000000000       0.15759337876578627     
   5.7960000000000003       0.15825814926314663     
   5.8020000000000005       0.15831832721050682     
   5.8080000000000007       0.15837690400326529     
   5.8140000000000001       0.15832794368666644     
   5.8200000000000003       0.15835657036145132     
   5.8260000000000005       0.15737710251765707     
   5.8320000000000007       0.15731569745315979     
   5.8380000000000001       0.15698262999571272     
   5.8440000000000003       0.15758397572980992     
   5.8500000000000005       0.15759000150126884     
   5.8560000000000008       0.15737118030140193     
   5.8620000000000001       0.15758063443690684     
   5.8680000000000003       0.15803863977292726     
   5.8740000000000006       0.15772406979317646     
   5.8800000000000008       0.15759405406234930     
   5.8860000000000001       0.15839489120145483     
   5.8920000000000003       0.15957936639462111     
   5.8980000000000006       0.16014415002387969     
   5.9040000000000008       0.15893330740772266     
   5.9100000000000010       0.15895606371166321     
   5.9160000000000004       0.15940940841252541     
   5.9220000000000006       0.15951213781510284     
   5.9280000000000008       0.15947677967999885     
   5.9340000000000011       0.15969749773835384     
   5.9400000000000004       0.15950288779157387     
   5.9460000000000006       0.15882075810150165     
   5.9520000000000008       0.15766349588728104     
   5.9580000000000011       0.15769318683638539     
   5.9640000000000004       0.15788489258499430     
   5.9700000000000006       0.15796186965420378     
   5.9760000000000009       0.15763316066987021     
   5.9820000000000011       0.15778587184828968     
   5.9880000000000004       0.15775123064770616     
