   0.0000000000000000       0.99999999999995948     
   4.0000000000000001E-003  0.99570429151783879     
   8.0000000000000002E-003  0.99900291948720199     
   1.1999999999999999E-002  0.99763914804512055     
   1.6000000000000000E-002  0.99751515899307686     
   2.0000000000000000E-002  0.99511023666289977     
   2.3999999999999997E-002  0.99469531727442295     
   2.7999999999999997E-002  0.99366254770784668     
   3.2000000000000001E-002  0.99279859593485376     
   3.5999999999999997E-002  0.98230139415847162     
   4.0000000000000001E-002  0.98366267390392848     
   4.3999999999999997E-002  0.98310196399954586     
   4.7999999999999994E-002  0.98197181949992207     
   5.1999999999999998E-002  0.98093005887619067     
   5.5999999999999994E-002  0.97944999947753797     
   5.9999999999999998E-002  0.97840206770054028     
   6.4000000000000001E-002  0.97835624753305883     
   6.7999999999999991E-002  0.97607361559336603     
   7.1999999999999995E-002  0.97235054101490714     
   7.5999999999999998E-002  0.97084117526094083     
   8.0000000000000002E-002  0.96862301497104797     
   8.3999999999999991E-002  0.96595236010773722     
   8.7999999999999995E-002  0.96308440722928512     
   9.1999999999999985E-002  0.96178402569100974     
   9.5999999999999988E-002  0.95880444628226946     
  0.10000000000000001       0.95716333208526871     
  0.10400000000000000       0.95593711376681856     
  0.10800000000000000       0.95329687401284957     
  0.11199999999999999       0.95367236786180887     
  0.11599999999999999       0.94906572647590337     
  0.12000000000000000       0.94648967079375179     
  0.12400000000000000       0.94304580069734556     
  0.12800000000000000       0.94015322180324334     
  0.13199999999999998       0.93546967673233694     
  0.13599999999999998       0.93338868961937216     
  0.14000000000000001       0.92882464803205245     
  0.14399999999999999       0.92441306199966122     
  0.14799999999999999       0.92225272174932749     
  0.15200000000000000       0.91997463330504048     
  0.15600000000000000       0.91626371018510044     
  0.16000000000000000       0.91364944100693379     
  0.16400000000000001       0.91270483561757509     
  0.16799999999999998       0.90783879390472677     
  0.17199999999999999       0.90444158650865436     
  0.17599999999999999       0.90058607562157200     
  0.17999999999999999       0.89864514990452982     
  0.18399999999999997       0.89466544663016889     
  0.18799999999999997       0.88981097335349069     
  0.19199999999999998       0.88490308142064966     
  0.19600000000000001       0.88396213782070054     
  0.20000000000000001       0.88115017831256592     
  0.20399999999999999       0.87515995230100974     
  0.20799999999999999       0.87267082246789318     
  0.21199999999999999       0.86830644534687162     
  0.21600000000000000       0.86521328648234275     
  0.21999999999999997       0.86087653039360357     
  0.22399999999999998       0.85389432560568634     
  0.22799999999999998       0.85144717072957066     
  0.23199999999999998       0.84822386185144361     
  0.23600000000000002       0.84257671511242971     
  0.23999999999999999       0.83937810952773040     
  0.24399999999999999       0.83265710790736081     
  0.24800000000000000       0.82873526745407011     
  0.25200000000000000       0.82688801250702637     
  0.25600000000000001       0.82027514826584980     
  0.26000000000000001       0.81667193027664198     
  0.26399999999999996       0.81497610465617554     
  0.26799999999999996       0.80956376649694384     
  0.27199999999999996       0.80584176460867962     
  0.27599999999999997       0.80220863914650553     
  0.28000000000000003       0.79671245233088661     
  0.28399999999999997       0.79242959874733110     
  0.28799999999999998       0.79084869048246109     
  0.29199999999999998       0.78653744952256188     
  0.29599999999999999       0.78203853817190538     
  0.29999999999999999       0.77642878309312113     
  0.30399999999999999       0.76949753031591983     
  0.30800000000000000       0.76110468845615298     
  0.31200000000000000       0.75483564933962488     
  0.31599999999999995       0.75123370689716806     
  0.32000000000000001       0.74631758857508179     
  0.32400000000000001       0.73922611241396952     
  0.32800000000000001       0.73377128506095124     
  0.33200000000000002       0.72768991166872232     
  0.33599999999999997       0.72133764025916858     
  0.33999999999999997       0.71848820389529677     
  0.34399999999999997       0.71370469553547444     
  0.34799999999999998       0.70769510503811328     
  0.35199999999999998       0.70315239750205039     
  0.35599999999999998       0.69492824929458674     
  0.35999999999999999       0.69180094245622437     
  0.36399999999999993       0.68754400416472727     
  0.36799999999999994       0.67554278421073877     
  0.37199999999999994       0.66981994692240199     
  0.37599999999999995       0.66295123756026275     
  0.37999999999999995       0.65519136342350559     
  0.38399999999999995       0.65006582599107388     
  0.38800000000000001       0.64286237212065622     
  0.39200000000000002       0.63949780823011471     
  0.39600000000000002       0.63546224368851456     
  0.40000000000000002       0.62907119039106074     
  0.40399999999999997       0.62546880596098109     
  0.40799999999999997       0.62246461933565367     
  0.41199999999999998       0.61606919154238671     
  0.41599999999999998       0.61169653658654621     
  0.41999999999999998       0.60849385868716033     
  0.42399999999999999       0.60175024936802002     
  0.42799999999999999       0.59593602573497750     
  0.43200000000000000       0.58740185240339160     
  0.43599999999999994       0.58154327782836313     
  0.43999999999999995       0.57475953694182125     
  0.44399999999999995       0.57140009543709502     
  0.44799999999999995       0.56472992487135865     
  0.45199999999999996       0.55980266975557458     
  0.45599999999999996       0.55416347376387842     
  0.45999999999999996       0.54666961232363531     
  0.46399999999999997       0.53953857904754710     
  0.46799999999999992       0.53091412847269226     
  0.47200000000000003       0.52384848667992179     
  0.47599999999999998       0.52007535283498485     
  0.47999999999999998       0.51318008075306598     
  0.48399999999999999       0.50874616852015808     
  0.48799999999999999       0.50042670465797479     
  0.49199999999999999       0.49221866319024388     
  0.49600000000000000       0.48656480697124238     
  0.50000000000000000       0.48060870824815011     
  0.50400000000000000       0.47561739694041444     
  0.50800000000000001       0.46865385343209093     
  0.51200000000000001       0.46070509813503790     
  0.51600000000000001       0.45643447521396080     
  0.52000000000000002       0.44994637193442488     
  0.52399999999999991       0.44360502296304111     
  0.52799999999999991       0.43841896822394344     
  0.53199999999999992       0.43375898325528872     
  0.53599999999999992       0.42807075456844440     
  0.53999999999999992       0.42188423861755370     
  0.54399999999999993       0.41792464165952864     
  0.54799999999999993       0.41111849209200690     
  0.55199999999999994       0.40660750215100638     
  0.55600000000000005       0.39906883436592816     
  0.56000000000000005       0.39559403738987536     
  0.56399999999999995       0.38828846211505164     
  0.56799999999999995       0.38237806276716241     
  0.57199999999999995       0.37714182748643882     
  0.57599999999999996       0.37131541029138065     
  0.57999999999999996       0.36306146879740420     
  0.58399999999999996       0.35780711657371267     
  0.58799999999999997       0.35211267610570385     
  0.59199999999999997       0.34456613206447378     
  0.59599999999999997       0.33951509995883888     
  0.59999999999999998       0.33034733599538335     
  0.60399999999999998       0.32352971841538503     
  0.60799999999999998       0.31814743676305252     
  0.61199999999999999       0.31140648629796919     
  0.61599999999999999       0.30840891596362202     
  0.62000000000000000       0.30516976797010414     
  0.62400000000000000       0.30130734497291939     
  0.62799999999999989       0.29541961515637311     
  0.63199999999999990       0.29000481415172208     
  0.63599999999999990       0.28487453626942066     
  0.64000000000000001       0.28036508781538821     
  0.64400000000000002       0.27395756360345519     
  0.64800000000000002       0.26808362509684891     
  0.65200000000000002       0.26216415573895890     
  0.65600000000000003       0.25899776175347616     
  0.66000000000000003       0.25499263227266861     
  0.66400000000000003       0.25047097858467054     
  0.66799999999999993       0.24649357287252627     
  0.67199999999999993       0.24180284334467628     
  0.67599999999999993       0.23708164318476160     
  0.67999999999999994       0.23383399110649275     
  0.68399999999999994       0.23099485848791701     
  0.68799999999999994       0.22615295611948241     
  0.69199999999999995       0.22365560054036607     
  0.69599999999999995       0.22003633823092725     
  0.69999999999999996       0.21554006650604385     
  0.70399999999999996       0.21140999279780090     
  0.70799999999999996       0.20638774379632843     
  0.71199999999999997       0.20016383434674118     
  0.71599999999999997       0.19464335888784359     
  0.71999999999999997       0.18949736657373151     
  0.72399999999999998       0.18559703444008868     
  0.72799999999999987       0.17731068672236053     
  0.73199999999999987       0.17238935867255512     
  0.73599999999999988       0.16760099646610127     
  0.73999999999999988       0.16363020269026210     
  0.74399999999999988       0.16030372348112490     
  0.74799999999999989       0.15521382229835756     
  0.75199999999999989       0.15110369815314525     
  0.75599999999999989       0.14601422959853064     
  0.75999999999999990       0.13957793422300876     
  0.76399999999999990       0.13435375400033053     
  0.76799999999999990       0.13012953386651863     
  0.77200000000000002       0.12905932834078898     
  0.77600000000000002       0.12594768784608396     
  0.78000000000000003       0.12329205477238160     
  0.78400000000000003       0.11798285353158605     
  0.78800000000000003       0.11601604718932360     
  0.79200000000000004       0.11126099725215353     
  0.79600000000000004       0.10661655494382347     
  0.80000000000000004       0.10139635871805891     
  0.80400000000000005        9.9304949331207926E-002
  0.80799999999999994        9.4709810814737366E-002
  0.81199999999999994        9.4180854212078891E-002
  0.81599999999999995        8.8993688182451972E-002
  0.81999999999999995        8.5110257990633931E-002
  0.82399999999999995        8.0361000717382267E-002
  0.82799999999999996        7.3879834319699050E-002
  0.83199999999999996        6.9767349090177261E-002
  0.83599999999999997        6.5826592311781298E-002
  0.83999999999999997        6.2603738587468705E-002
  0.84399999999999997        5.7290779481934860E-002
  0.84799999999999998        5.3867451129192265E-002
  0.85199999999999998        5.1187833898737864E-002
  0.85599999999999998        4.5466994711012391E-002
  0.85999999999999999        4.2714208082286979E-002
  0.86399999999999999        3.9657246010784623E-002
  0.86799999999999999        3.7388626113826720E-002
  0.87199999999999989        3.4219701562097353E-002
  0.87599999999999989        3.0416596708338007E-002
  0.87999999999999989        2.6497593187250045E-002
  0.88399999999999990        2.4148511477681545E-002
  0.88799999999999990        1.8919914602655852E-002
  0.89199999999999990        1.3777284409205908E-002
  0.89599999999999991        1.1491280651328067E-002
  0.89999999999999991        1.0407994014979830E-002
  0.90399999999999991        8.3717522354673050E-003
  0.90799999999999992        6.4512883761747124E-003
  0.91199999999999992        2.2709664519396638E-003
  0.91599999999999993       -1.7912392487606924E-003
  0.91999999999999993       -4.5006630479970328E-003
  0.92399999999999993       -7.2814341610020804E-003
  0.92799999999999994       -1.1588352365446749E-002
  0.93199999999999994       -1.5051808882802682E-002
  0.93599999999999983       -1.7664507881118497E-002
  0.94000000000000006       -2.3794861219555079E-002
  0.94400000000000006       -2.5294855033091850E-002
  0.94800000000000006       -2.9558347924628022E-002
  0.95199999999999996       -3.2765873087922219E-002
  0.95599999999999996       -3.6068622415313521E-002
  0.95999999999999996       -3.9832351215628337E-002
  0.96399999999999997       -4.0811577942192354E-002
  0.96799999999999997       -4.1419510989392450E-002
  0.97199999999999998       -4.5362458577919956E-002
  0.97599999999999998       -4.8892930821941148E-002
  0.97999999999999998       -5.1983386574287672E-002
  0.98399999999999999       -5.4033106018319933E-002
  0.98799999999999999       -5.6148943140275707E-002
  0.99199999999999999       -5.7587309445151301E-002
  0.99600000000000000       -6.1183678688134333E-002
   1.0000000000000000       -6.2854994924186461E-002
   1.0040000000000000       -6.5106572417413563E-002
   1.0080000000000000       -6.6739473584290790E-002
   1.0120000000000000       -6.9921582203546245E-002
   1.0160000000000000       -7.2222963487860767E-002
   1.0200000000000000       -7.5399678644898646E-002
   1.0240000000000000       -7.8060553106480177E-002
   1.0280000000000000       -7.9765237562296504E-002
   1.0320000000000000       -8.0831360726439219E-002
   1.0360000000000000       -8.5376137679463976E-002
   1.0400000000000000       -8.7719265852760700E-002
   1.0440000000000000       -8.8383579167424675E-002
   1.0479999999999998       -9.0346953262100835E-002
   1.0519999999999998       -9.2927639558957276E-002
   1.0559999999999998       -9.5326669248031112E-002
   1.0599999999999998       -9.5635038625405427E-002
   1.0639999999999998       -9.7139307383364779E-002
   1.0679999999999998       -9.9955113975250379E-002
   1.0719999999999998      -0.10221218174495060     
   1.0759999999999998      -0.10544076550173491     
   1.0799999999999998      -0.10604230356441807     
   1.0839999999999999      -0.10859627561798774     
   1.0879999999999999      -0.11269703985956574     
   1.0919999999999999      -0.11589584749759468     
   1.0959999999999999      -0.11706620693185278     
   1.0999999999999999      -0.11875125812474249     
   1.1039999999999999      -0.11961529938285700     
   1.1079999999999999      -0.12237951068237594     
   1.1120000000000001      -0.12427112916917935     
   1.1160000000000001      -0.12570962446680675     
   1.1200000000000001      -0.12899047044238257     
   1.1240000000000001      -0.13086576163976552     
   1.1279999999999999      -0.13394710067395552     
   1.1319999999999999      -0.13471805425398589     
   1.1359999999999999      -0.13766678091847778     
   1.1399999999999999      -0.13927860987371843     
   1.1439999999999999      -0.14195431430942307     
   1.1479999999999999      -0.14227458660705478     
   1.1519999999999999      -0.14554204795778339     
   1.1559999999999999      -0.14844865353081524     
   1.1599999999999999      -0.15095835274207503     
   1.1639999999999999      -0.15441765180059994     
   1.1679999999999999      -0.15647857113321634     
   1.1719999999999999      -0.15852633271630673     
   1.1759999999999999      -0.16106695364441989     
   1.1799999999999999      -0.16140219735030836     
   1.1839999999999999      -0.16261978628118967     
   1.1879999999999999      -0.16468407536871243     
   1.1919999999999999      -0.16713478512797614     
   1.1960000000000000      -0.16958763197662502     
   1.2000000000000000      -0.17170816308636991     
   1.2040000000000000      -0.17294261544509190     
   1.2080000000000000      -0.17345645979657270     
   1.2120000000000000      -0.17637356881413285     
   1.2160000000000000      -0.17801171689032688     
   1.2200000000000000      -0.17944306133068297     
   1.2240000000000000      -0.18114860406487185     
   1.2280000000000000      -0.18261352407169570     
   1.2320000000000000      -0.18310002267941153     
   1.2360000000000000      -0.18727458990085394     
   1.2400000000000000      -0.18854114185152415     
   1.2440000000000000      -0.18906466456078388     
   1.2480000000000000      -0.19106787041337259     
   1.2519999999999998      -0.19395968721054382     
   1.2559999999999998      -0.19602790656460573     
   1.2599999999999998      -0.19891348133008435     
   1.2639999999999998      -0.20079052796381266     
   1.2679999999999998      -0.20242529811951707     
   1.2719999999999998      -0.20332316950436446     
   1.2759999999999998      -0.20604788208461003     
   1.2800000000000000      -0.20764527487597881     
   1.2840000000000000      -0.20894066416087662     
   1.2880000000000000      -0.21147285154538970     
   1.2919999999999998      -0.21222797724862250     
   1.2960000000000000      -0.21375555328611792     
   1.2999999999999998      -0.21571159745532756     
   1.3040000000000000      -0.21662285513899143     
   1.3079999999999998      -0.21841173284786236     
   1.3120000000000001      -0.21887746990164678     
   1.3159999999999998      -0.22211954242580687     
   1.3200000000000001      -0.22334920223175184     
   1.3239999999999998      -0.22610330218870336     
   1.3280000000000001      -0.22822157241036733     
   1.3319999999999999      -0.22855458517508695     
   1.3359999999999999      -0.22973050120555871     
   1.3399999999999999      -0.23145678741708342     
   1.3439999999999999      -0.23504957567067963     
   1.3479999999999999      -0.23632323553100282     
   1.3519999999999999      -0.23788958505221425     
   1.3559999999999999      -0.24060996299549384     
   1.3599999999999999      -0.24277145173574632     
   1.3639999999999999      -0.24480377752058491     
   1.3679999999999999      -0.24672542888932164     
   1.3720000000000001      -0.24767010283642532     
   1.3759999999999999      -0.24833114405047874     
   1.3800000000000001      -0.24893010794217690     
   1.3839999999999999      -0.25087458018764708     
   1.3880000000000001      -0.25284270700953937     
   1.3919999999999999      -0.25259251423806905     
   1.3960000000000001      -0.25505928953450901     
   1.3999999999999999      -0.25685381043866096     
   1.4040000000000001      -0.25862889108952303     
   1.4079999999999999      -0.25893291732377366     
   1.4119999999999999      -0.25982952496745343     
   1.4159999999999999      -0.26059718921218267     
   1.4199999999999999      -0.25996146324822628     
   1.4239999999999999      -0.26172153525704539     
   1.4279999999999999      -0.26181690353966364     
   1.4319999999999999      -0.26314475345040195     
   1.4359999999999999      -0.26432692869310087     
   1.4399999999999999      -0.26704534564265425     
   1.4440000000000000      -0.26942157824003310     
   1.4480000000000000      -0.27016824299219561     
   1.4520000000000000      -0.27134397266129967     
   1.4559999999999997      -0.27253485860805954     
   1.4600000000000000      -0.27409461153185621     
   1.4639999999999997      -0.27528012085068071     
   1.4680000000000000      -0.27634300798899708     
   1.4719999999999998      -0.27801586826682884     
   1.4760000000000000      -0.27946218740137796     
   1.4799999999999998      -0.28113092077825191     
   1.4840000000000000      -0.28136803586940129     
   1.4879999999999998      -0.28191704333064249     
   1.4920000000000000      -0.28239393559197185     
   1.4959999999999998      -0.28245415722729117     
   1.5000000000000000      -0.28302794134484616     
   1.5039999999999998      -0.28448066521046544     
   1.5080000000000000      -0.28597783110101022     
   1.5119999999999998      -0.28620772826145752     
   1.5160000000000000      -0.28719349064600475     
   1.5199999999999998      -0.28900766873449318     
   1.5240000000000000      -0.28974135823530844     
   1.5279999999999998      -0.29127914750264067     
   1.5320000000000000      -0.29235816056573605     
   1.5359999999999998      -0.29171814095755522     
   1.5399999999999998      -0.29251741550356225     
   1.5440000000000000      -0.29266632617667665     
   1.5479999999999998      -0.29357925398827206     
   1.5520000000000000      -0.29394630362413515     
   1.5559999999999998      -0.29498953869306443     
   1.5600000000000001      -0.29617568733650934     
   1.5639999999999998      -0.29843819425906404     
   1.5680000000000001      -0.29819421973348775     
   1.5719999999999998      -0.29914380432004217     
   1.5760000000000001      -0.30086402138718654     
   1.5799999999999998      -0.30139337166004510     
   1.5840000000000001      -0.30218249521823459     
   1.5879999999999999      -0.30329429813135250     
   1.5920000000000001      -0.30439468535930647     
   1.5959999999999999      -0.30427058922217171     
   1.6000000000000001      -0.30548573388629957     
   1.6039999999999999      -0.30672183715576223     
   1.6080000000000001      -0.30728812811594397     
   1.6119999999999999      -0.30825292406383664     
   1.6159999999999999      -0.30874289978836272     
   1.6199999999999999      -0.31071710290956417     
   1.6239999999999999      -0.31107882557160765     
   1.6279999999999999      -0.31210457945300440     
   1.6319999999999999      -0.31397910862423156     
   1.6359999999999999      -0.31532792331550380     
   1.6399999999999999      -0.31594441078644470     
   1.6439999999999999      -0.31608792988317530     
   1.6479999999999999      -0.31614361437666288     
   1.6519999999999999      -0.31659402396784114     
   1.6559999999999999      -0.31770461544914252     
   1.6599999999999997      -0.31789795236301582     
   1.6639999999999999      -0.31916659163258948     
   1.6679999999999997      -0.32030297593597601     
   1.6719999999999999      -0.32037795258592466     
   1.6759999999999997      -0.32170837490349735     
   1.6799999999999999      -0.32325552878882469     
   1.6839999999999997      -0.32517768513828765     
   1.6879999999999999      -0.32591225451048417     
   1.6919999999999997      -0.32672742283104411     
   1.6960000000000000      -0.32687811448703347     
   1.6999999999999997      -0.32799784483326433     
   1.7040000000000000      -0.32845035712241261     
   1.7080000000000000      -0.33000042912742278     
   1.7120000000000000      -0.33027722192652559     
   1.7160000000000000      -0.33034022304460697     
   1.7200000000000000      -0.33029431097365181     
   1.7240000000000000      -0.33120168176281367     
   1.7280000000000000      -0.33145023420232222     
   1.7320000000000000      -0.33272967318696783     
   1.7360000000000000      -0.33389130172216053     
   1.7400000000000000      -0.33475776846635896     
   1.7439999999999998      -0.33556165393678666     
   1.7480000000000000      -0.33611569106187839     
   1.7519999999999998      -0.33599615027008856     
   1.7560000000000000      -0.33586153710901878     
   1.7599999999999998      -0.33636850900773413     
   1.7640000000000000      -0.33581200148745027     
   1.7679999999999998      -0.33664193117015795     
   1.7720000000000000      -0.33799995004918837     
   1.7759999999999998      -0.33891702813277741     
   1.7800000000000000      -0.34020438074069498     
   1.7839999999999998      -0.34014727542057421     
   1.7880000000000000      -0.34024842309231440     
   1.7919999999999998      -0.34102161136412984     
   1.7960000000000000      -0.34133445539729540     
   1.7999999999999998      -0.34158214162928430     
   1.8040000000000000      -0.34238908394155576     
   1.8079999999999998      -0.34331513134777036     
   1.8120000000000001      -0.34283853123272462     
   1.8159999999999998      -0.34255215423642299     
   1.8200000000000001      -0.34336368286724644     
   1.8239999999999998      -0.34302521098024341     
   1.8279999999999998      -0.34224935548049362     
   1.8319999999999999      -0.34232509105773717     
   1.8359999999999999      -0.34277843276682762     
   1.8399999999999999      -0.34298650571784917     
   1.8439999999999999      -0.34309489724439390     
   1.8479999999999999      -0.34261540626647269     
   1.8519999999999999      -0.34371855537651291     
   1.8559999999999999      -0.34419337888283275     
   1.8599999999999999      -0.34547325687703723     
   1.8639999999999999      -0.34586939903308339     
   1.8679999999999999      -0.34576635290089419     
   1.8719999999999997      -0.34670650619292614     
   1.8759999999999999      -0.34696072616854462     
   1.8800000000000001      -0.34754873296791366     
   1.8839999999999999      -0.34802179402714684     
   1.8880000000000001      -0.34843212672568064     
   1.8919999999999999      -0.34955099986011390     
   1.8960000000000001      -0.35016693565238510     
   1.8999999999999999      -0.35002526658680960     
   1.9039999999999999      -0.35007117748756422     
   1.9079999999999999      -0.34989733152775804     
   1.9119999999999999      -0.35012604392744823     
   1.9159999999999999      -0.34989041302908069     
   1.9199999999999999      -0.35047194915909519     
   1.9239999999999999      -0.35072573264382256     
   1.9279999999999999      -0.35035560243583186     
   1.9319999999999999      -0.35078074123842123     
   1.9359999999999999      -0.35107862127978967     
   1.9399999999999999      -0.35204843501720423     
   1.9440000000000000      -0.35239106941724790     
   1.9479999999999997      -0.35301141813168352     
   1.9520000000000000      -0.35338905669332821     
   1.9559999999999997      -0.35355986967000830     
   1.9600000000000000      -0.35345333198053674     
   1.9639999999999997      -0.35368758854891841     
   1.9680000000000000      -0.35405683927819032     
   1.9719999999999998      -0.35353822824383396     
   1.9760000000000000      -0.35416199122706304     
   1.9799999999999998      -0.35416787446113929     
   1.9840000000000000      -0.35403972407841910     
   1.9879999999999998      -0.35435789080534424     
   1.9920000000000000      -0.35418895743344375     
   1.9959999999999998      -0.35501606894247961     
   2.0000000000000000      -0.35438593147683650     
   2.0040000000000000      -0.35420929336122636     
   2.0080000000000000      -0.35517911561280890     
   2.0119999999999996      -0.35550843250754843     
   2.0160000000000000      -0.35500071086786544     
   2.0199999999999996      -0.35491732602813242     
   2.0240000000000000      -0.35530179466878176     
   2.0279999999999996      -0.35570487727809819     
   2.0320000000000000      -0.35558060462764385     
   2.0359999999999996      -0.35540123542272245     
   2.0400000000000000      -0.35628912155257669     
   2.0439999999999996      -0.35655138284731175     
   2.0480000000000000      -0.35639810430045976     
   2.0520000000000000      -0.35671250510767316     
   2.0560000000000000      -0.35613148065884043     
   2.0600000000000001      -0.35645495509763953     
   2.0640000000000001      -0.35671766589102455     
   2.0680000000000001      -0.35678346764508723     
   2.0720000000000001      -0.35660626231360337     
   2.0760000000000001      -0.35666975292826641     
   2.0800000000000001      -0.35653824850160187     
   2.0840000000000001      -0.35717078766832222     
   2.0880000000000001      -0.35660953224089570     
   2.0920000000000001      -0.35663852052935124     
   2.0959999999999996      -0.35703754060564069     
   2.1000000000000001      -0.35768045010791510     
   2.1039999999999996      -0.35736325573809191     
   2.1080000000000001      -0.35647151608518152     
   2.1119999999999997      -0.35613528802267902     
   2.1160000000000001      -0.35514023124951649     
   2.1199999999999997      -0.35535626392815184     
   2.1240000000000001      -0.35586323257940716     
   2.1279999999999997      -0.35617688853377338     
   2.1320000000000001      -0.35588906823354932     
   2.1359999999999997      -0.35645186110917176     
   2.1400000000000001      -0.35640029007690577     
   2.1439999999999997      -0.35729933860813240     
   2.1480000000000001      -0.35708684712580685     
   2.1519999999999997      -0.35651951206492738     
   2.1560000000000001      -0.35686546095505067     
   2.1599999999999997      -0.35700982941125337     
   2.1640000000000001      -0.35707806708935153     
   2.1679999999999997      -0.35734292663823769     
   2.1719999999999997      -0.35735039740085406     
   2.1759999999999997      -0.35760951695948689     
   2.1799999999999997      -0.35761955559140257     
   2.1839999999999997      -0.35742052341498493     
   2.1879999999999997      -0.35749715585287417     
   2.1919999999999997      -0.35705488023795895     
   2.1959999999999997      -0.35759606078708295     
   2.1999999999999997      -0.35841430856479489     
   2.2039999999999997      -0.35842112026994050     
   2.2079999999999997      -0.35777220640869350     
   2.2119999999999997      -0.35788039725081672     
   2.2159999999999997      -0.35771220755692040     
   2.2199999999999998      -0.35706144325730388     
   2.2240000000000002      -0.35765094875383774     
   2.2279999999999998      -0.35695938892869966     
   2.2320000000000002      -0.35680699620305906     
   2.2359999999999998      -0.35719970261991590     
   2.2400000000000002      -0.35665992015591091     
   2.2439999999999998      -0.35670142650774778     
   2.2480000000000002      -0.35673835481013688     
   2.2519999999999998      -0.35680052277539337     
   2.2559999999999998      -0.35665691280385836     
   2.2599999999999998      -0.35648460959757716     
   2.2639999999999998      -0.35606292369744064     
   2.2679999999999998      -0.35582476585180367     
   2.2719999999999998      -0.35592639264114645     
   2.2759999999999998      -0.35606236705050925     
   2.2799999999999998      -0.35643240046403152     
   2.2839999999999998      -0.35593052303249101     
   2.2879999999999998      -0.35633514904298569     
   2.2919999999999998      -0.35643743402453604     
   2.2959999999999998      -0.35668570152415746     
   2.2999999999999998      -0.35664559087635317     
   2.3039999999999998      -0.35648152256831128     
   2.3079999999999998      -0.35643460526507620     
   2.3119999999999998      -0.35592468957260498     
   2.3159999999999998      -0.35604744856693787     
   2.3199999999999998      -0.35612047561204552     
   2.3239999999999998      -0.35618358755103124     
   2.3279999999999998      -0.35569142293106720     
   2.3319999999999999      -0.35522514526297122     
   2.3359999999999999      -0.35560806917187865     
   2.3399999999999999      -0.35567768279340561     
   2.3439999999999999      -0.35538339239064520     
   2.3479999999999999      -0.35486623842044596     
   2.3519999999999999      -0.35508841080908071     
   2.3559999999999999      -0.35443710640763382     
   2.3599999999999999      -0.35403636942510602     
   2.3639999999999999      -0.35369503204464547     
   2.3679999999999999      -0.35378202600503428     
   2.3719999999999999      -0.35332528976116295     
   2.3759999999999999      -0.35336853404250929     
   2.3799999999999999      -0.35292367440077227     
   2.3839999999999999      -0.35340823735126953     
   2.3879999999999999      -0.35358986680914845     
   2.3919999999999999      -0.35342366446200846     
   2.3959999999999999      -0.35333102998725285     
   2.3999999999999999      -0.35322369274301640     
   2.4039999999999999      -0.35294180869571251     
   2.4079999999999999      -0.35285838731110319     
   2.4119999999999999      -0.35318419927024708     
   2.4159999999999999      -0.35308503938704916     
   2.4199999999999999      -0.35331937772569894     
   2.4239999999999999      -0.35330842838445942     
   2.4279999999999999      -0.35286726412825187     
   2.4319999999999999      -0.35251985597474256     
   2.4359999999999999      -0.35174394060508707     
   2.4399999999999999      -0.35171488901913800     
   2.4440000000000000      -0.35141257105844842     
   2.4480000000000000      -0.35089816048436029     
   2.4520000000000000      -0.35108523857183227     
   2.4560000000000000      -0.35086212406833145     
   2.4600000000000000      -0.35130713486231352     
   2.4640000000000000      -0.35130107401291993     
   2.4680000000000000      -0.35099303917820107     
   2.4720000000000000      -0.35061406570640752     
   2.4760000000000000      -0.34989046697158083     
   2.4800000000000000      -0.34938976278969935     
   2.4840000000000000      -0.34936734937691361     
   2.4880000000000000      -0.34878472692077933     
   2.4920000000000000      -0.34803412247054483     
   2.4960000000000000      -0.34779023755680560     
   2.5000000000000000      -0.34771838617496248     
   2.5039999999999996      -0.34706521951891661     
   2.5080000000000000      -0.34726752724465543     
   2.5119999999999996      -0.34661848255584765     
   2.5160000000000000      -0.34660273339846498     
   2.5199999999999996      -0.34694849801915206     
   2.5240000000000000      -0.34683056707506249     
   2.5279999999999996      -0.34692449803803505     
   2.5320000000000000      -0.34665415280926626     
   2.5359999999999996      -0.34633453050653040     
   2.5400000000000000      -0.34631936807373731     
   2.5439999999999996      -0.34548974275863520     
   2.5480000000000000      -0.34528979525057024     
   2.5519999999999996      -0.34442281623173265     
   2.5560000000000000      -0.34469401067849231     
   2.5600000000000001      -0.34492312934557096     
   2.5640000000000001      -0.34489361799929863     
   2.5680000000000001      -0.34461414245867633     
   2.5720000000000001      -0.34409681469979875     
   2.5760000000000001      -0.34353248888775045     
   2.5799999999999996      -0.34298327256726863     
   2.5839999999999996      -0.34296877193555031     
   2.5879999999999996      -0.34269745260931067     
   2.5920000000000001      -0.34249293030104216     
   2.5960000000000001      -0.34205222396035728     
   2.5999999999999996      -0.34252953096748973     
   2.6039999999999996      -0.34242505333036605     
   2.6080000000000001      -0.34226839896966565     
   2.6120000000000001      -0.34198481619423099     
   2.6159999999999997      -0.34161034337611795     
   2.6199999999999997      -0.34142429265801033     
   2.6240000000000001      -0.34153208251140627     
   2.6280000000000001      -0.34117249166331287     
   2.6319999999999997      -0.34083740458972045     
   2.6359999999999997      -0.34011782716542471     
   2.6400000000000001      -0.34012458543370039     
   2.6440000000000001      -0.33948273944592761     
   2.6479999999999997      -0.33896170736765296     
   2.6519999999999997      -0.33895792625800525     
   2.6560000000000001      -0.33901518379128687     
   2.6600000000000001      -0.33906661221879814     
   2.6639999999999997      -0.33852521959306564     
   2.6679999999999997      -0.33799017681231869     
   2.6719999999999997      -0.33737920692417700     
   2.6760000000000002      -0.33735101618969948     
   2.6799999999999997      -0.33680458044826445     
   2.6839999999999997      -0.33664746805572426     
   2.6879999999999997      -0.33640621347129568     
   2.6920000000000002      -0.33603072340062634     
   2.6959999999999997      -0.33587587864168195     
   2.6999999999999997      -0.33498258515912321     
   2.7039999999999997      -0.33487553662531527     
   2.7080000000000002      -0.33436070344647661     
   2.7119999999999997      -0.33408412799116755     
   2.7159999999999997      -0.33429160721081835     
   2.7199999999999998      -0.33388013684884782     
   2.7240000000000002      -0.33374345866244859     
   2.7279999999999998      -0.33360109828707413     
   2.7319999999999998      -0.33315200727064642     
   2.7359999999999998      -0.33298122084154685     
   2.7400000000000002      -0.33248198919127914     
   2.7440000000000002      -0.33232748805419526     
   2.7479999999999998      -0.33181596088978421     
   2.7519999999999998      -0.33163481000345507     
   2.7559999999999998      -0.33146750447182771     
   2.7600000000000002      -0.33135910915372591     
   2.7639999999999998      -0.33112095853283741     
   2.7679999999999998      -0.33041468072942676     
   2.7719999999999998      -0.32975874191191290     
   2.7760000000000002      -0.32944557554525494     
   2.7799999999999998      -0.32946909155599646     
   2.7839999999999998      -0.32881329788617891     
   2.7879999999999998      -0.32820432700104935     
   2.7920000000000003      -0.32744030608394809     
   2.7959999999999998      -0.32712510747940615     
   2.7999999999999998      -0.32687851463807083     
   2.8039999999999998      -0.32607638504471842     
   2.8080000000000003      -0.32561469763795398     
   2.8119999999999998      -0.32539936025302024     
   2.8159999999999998      -0.32466250682967618     
   2.8199999999999998      -0.32417591163060144     
   2.8239999999999998      -0.32360808746959346     
   2.8279999999999998      -0.32310375841910072     
   2.8319999999999999      -0.32281601610591948     
   2.8359999999999999      -0.32209490675838709     
   2.8399999999999999      -0.32189404068127414     
   2.8439999999999994      -0.32177441927719530     
   2.8479999999999999      -0.32135799045668212     
   2.8519999999999999      -0.32105441799279233     
   2.8559999999999999      -0.32111433577696707     
   2.8599999999999994      -0.32033586267465852     
   2.8639999999999999      -0.32055886021025981     
   2.8679999999999999      -0.32035742541271861     
   2.8719999999999999      -0.32004705172076481     
   2.8759999999999994      -0.31994033332225114     
   2.8799999999999999      -0.31985797692203655     
   2.8839999999999999      -0.31962911821840112     
   2.8879999999999999      -0.31937363439108513     
   2.8919999999999995      -0.31851086407413115     
   2.8959999999999999      -0.31870193264675684     
   2.8999999999999999      -0.31878728316112498     
   2.9039999999999999      -0.31852314103464641     
   2.9079999999999999      -0.31808387176900421     
   2.9119999999999995      -0.31789789269610869     
   2.9159999999999999      -0.31772011159911179     
   2.9199999999999999      -0.31765737465567789     
   2.9239999999999999      -0.31740312098149343     
   2.9279999999999995      -0.31734744630897477     
   2.9319999999999999      -0.31740530345977608     
   2.9359999999999999      -0.31686481976851621     
   2.9399999999999999      -0.31680455881021574     
   2.9439999999999995      -0.31671672603277162     
   2.9480000000000000      -0.31623084476997876     
   2.9520000000000000      -0.31575567585281655     
   2.9560000000000000      -0.31521983798671760     
   2.9599999999999995      -0.31491165110352293     
   2.9640000000000000      -0.31442728784874802     
   2.9680000000000000      -0.31377346470366624     
   2.9720000000000000      -0.31318451274205233     
   2.9759999999999995      -0.31258562789188582     
   2.9800000000000000      -0.31190995928295717     
   2.9840000000000000      -0.31123014061630222     
   2.9880000000000000      -0.31071347028294233     
   2.9919999999999995      -0.31075643655085661     
   2.9959999999999996      -0.31008414200545042     
   3.0000000000000000      -0.30962303621400222     
   3.0040000000000000      -0.30853587447079683     
   3.0079999999999996      -0.30809844170559503     
   3.0119999999999996      -0.30814226997722599     
   3.0160000000000000      -0.30753680891938623     
   3.0200000000000000      -0.30664617046747844     
   3.0239999999999996      -0.30608640825500061     
   3.0279999999999996      -0.30509921757489422     
   3.0320000000000000      -0.30489761185491238     
   3.0360000000000000      -0.30492786252236626     
   3.0399999999999996      -0.30494120051205892     
   3.0439999999999996      -0.30436087637999648     
   3.0480000000000000      -0.30367183996498293     
   3.0520000000000000      -0.30300934444225880     
   3.0559999999999996      -0.30248123675806654     
   3.0599999999999996      -0.30151911458459185     
   3.0640000000000001      -0.30127477969616429     
   3.0680000000000001      -0.30109873363516515     
   3.0719999999999996      -0.30053531006386158     
   3.0759999999999996      -0.30043889761523429     
   3.0799999999999996      -0.30007974154262229     
   3.0840000000000001      -0.29955543567512122     
   3.0880000000000001      -0.29891312708459766     
   3.0919999999999996      -0.29868644824153512     
   3.0959999999999996      -0.29767299377019957     
   3.1000000000000001      -0.29739559148249178     
   3.1040000000000001      -0.29684259484505998     
   3.1079999999999997      -0.29681713819040895     
   3.1119999999999997      -0.29686385129151693     
   3.1160000000000001      -0.29641728622161212     
   3.1200000000000001      -0.29529712187208568     
   3.1239999999999997      -0.29511631374527680     
   3.1279999999999997      -0.29447644058401545     
   3.1320000000000001      -0.29415828430393592     
   3.1360000000000001      -0.29367864739373317     
   3.1399999999999997      -0.29330661743086955     
   3.1439999999999997      -0.29301511272234121     
   3.1480000000000001      -0.29281343033216967     
   3.1520000000000001      -0.29233734581295073     
   3.1559999999999997      -0.29184238353639536     
   3.1599999999999997      -0.29188230946920202     
   3.1639999999999997      -0.29122576963564800     
   3.1680000000000001      -0.29081346693488902     
   3.1719999999999997      -0.29016670730764954     
   3.1759999999999997      -0.28962050298861874     
   3.1799999999999997      -0.28888086343699737     
   3.1840000000000002      -0.28884843129257126     
   3.1879999999999997      -0.28791198230876863     
   3.1919999999999997      -0.28749713886296424     
   3.1959999999999997      -0.28707043661294263     
   3.2000000000000002      -0.28622864753505006     
   3.2039999999999997      -0.28552912811792153     
   3.2079999999999997      -0.28520301048819618     
   3.2119999999999997      -0.28465744047917585     
   3.2160000000000002      -0.28434009705182589     
   3.2199999999999998      -0.28397946444962713     
   3.2239999999999998      -0.28345589728713644     
   3.2279999999999998      -0.28316208683199207     
   3.2319999999999998      -0.28263731428090455     
   3.2359999999999998      -0.28173298446480527     
   3.2399999999999998      -0.28147303871830798     
   3.2439999999999998      -0.28111611658933544     
   3.2479999999999998      -0.28080513420107456     
   3.2520000000000002      -0.28024387647012727     
   3.2559999999999998      -0.27971760946170354     
   3.2599999999999998      -0.27958897951361633     
   3.2639999999999998      -0.27905741153844948     
   3.2680000000000002      -0.27826937728506795     
   3.2719999999999998      -0.27779632740059162     
   3.2759999999999998      -0.27752228352549574     
   3.2799999999999998      -0.27719366802849565     
   3.2840000000000003      -0.27655995193418187     
   3.2879999999999998      -0.27599972976754167     
   3.2919999999999998      -0.27578400471432102     
   3.2959999999999998      -0.27495465426558657     
   3.3000000000000003      -0.27472278561501928     
   3.3039999999999998      -0.27418405564440651     
   3.3079999999999998      -0.27344224618027374     
   3.3119999999999998      -0.27255466238460530     
   3.3159999999999998      -0.27192651142308283     
   3.3199999999999994      -0.27121459703335732     
   3.3239999999999998      -0.27048418444209055     
   3.3279999999999998      -0.27021435525415299     
   3.3319999999999999      -0.26937689162771294     
   3.3359999999999994      -0.26884737877243964     
   3.3399999999999999      -0.26803385942032248     
   3.3439999999999999      -0.26725908125993131     
   3.3479999999999999      -0.26639890092127805     
   3.3519999999999994      -0.26567256610790585     
   3.3559999999999999      -0.26528042213152236     
   3.3599999999999999      -0.26416627351558530     
   3.3639999999999999      -0.26374682358554291     
   3.3679999999999994      -0.26296160053457673     
   3.3719999999999999      -0.26223621066768182     
   3.3759999999999999      -0.26171565934148222     
   3.3799999999999999      -0.26116248010593213     
   3.3839999999999995      -0.26033299244511032     
   3.3879999999999999      -0.26003171695295724     
   3.3919999999999999      -0.25972746336186470     
   3.3959999999999999      -0.25929505985839324     
   3.3999999999999995      -0.25846643987648688     
   3.4039999999999995      -0.25839076080850931     
   3.4079999999999999      -0.25783073538524093     
   3.4119999999999999      -0.25696539816838720     
   3.4159999999999999      -0.25644503642902039     
   3.4199999999999995      -0.25636282687199852     
   3.4239999999999999      -0.25576859673322699     
   3.4279999999999999      -0.25525500583752425     
   3.4319999999999999      -0.25453023046121731     
   3.4359999999999995      -0.25394277931298848     
   3.4399999999999999      -0.25350857646390673     
   3.4440000000000000      -0.25303135854882330     
   3.4480000000000000      -0.25232090556915943     
   3.4519999999999995      -0.25151554670387322     
   3.4560000000000000      -0.25088276636427687     
   3.4600000000000000      -0.25060643551614720     
   3.4640000000000000      -0.24971695594315052     
   3.4679999999999995      -0.24925697706754465     
   3.4720000000000000      -0.24851381399437816     
   3.4760000000000000      -0.24785665967816511     
   3.4800000000000000      -0.24713625462826572     
   3.4839999999999995      -0.24672026823548807     
   3.4879999999999995      -0.24626478194089316     
   3.4920000000000000      -0.24537067631284656     
   3.4960000000000000      -0.24422280964300744     
   3.4999999999999996      -0.24398785802172085     
   3.5039999999999996      -0.24322209793330166     
   3.5080000000000000      -0.24260306536893875     
   3.5120000000000000      -0.24215034961028289     
   3.5159999999999996      -0.24158333452159150     
   3.5199999999999996      -0.24073758974388673     
   3.5240000000000000      -0.24028017727357340     
   3.5280000000000000      -0.23970781742672462     
   3.5319999999999996      -0.23903645133018273     
   3.5359999999999996      -0.23855610674591704     
   3.5400000000000000      -0.23831703494947887     
   3.5440000000000000      -0.23792030006424295     
   3.5479999999999996      -0.23792937182503276     
   3.5519999999999996      -0.23748534576907890     
   3.5560000000000000      -0.23654652911223681     
   3.5600000000000001      -0.23580873858968687     
   3.5639999999999996      -0.23537935755657666     
   3.5679999999999996      -0.23480014424717752     
   3.5719999999999996      -0.23463642109291577     
   3.5760000000000001      -0.23379166979586669     
   3.5799999999999996      -0.23348880760922419     
   3.5839999999999996      -0.23274358618641514     
   3.5879999999999996      -0.23162149884142133     
   3.5920000000000001      -0.23078777868335618     
   3.5960000000000001      -0.23005396926800853     
   3.5999999999999996      -0.22948203882705706     
   3.6039999999999996      -0.22882955225534665     
   3.6080000000000001      -0.22869816827201095     
   3.6120000000000001      -0.22787111006910454     
   3.6159999999999997      -0.22764071922196860     
   3.6199999999999997      -0.22689499792613424     
   3.6240000000000001      -0.22669051289413958     
   3.6280000000000001      -0.22605873077627217     
   3.6319999999999997      -0.22574000990875390     
   3.6359999999999997      -0.22511547420426942     
   3.6400000000000001      -0.22444105264201777     
   3.6440000000000001      -0.22413967893061520     
   3.6479999999999997      -0.22366151100257475     
   3.6519999999999997      -0.22308065535663946     
   3.6559999999999997      -0.22209083587619241     
   3.6600000000000001      -0.22133986905125264     
   3.6639999999999997      -0.22048116247769692     
   3.6679999999999997      -0.21963494249656565     
   3.6719999999999997      -0.21897932870104203     
   3.6760000000000002      -0.21828796773510739     
   3.6799999999999997      -0.21744431610400222     
   3.6839999999999997      -0.21671043831616776     
   3.6879999999999997      -0.21602475747244204     
   3.6920000000000002      -0.21558084430148233     
   3.6959999999999997      -0.21524747731077098     
   3.6999999999999997      -0.21507853798453558     
   3.7039999999999997      -0.21450511471353109     
   3.7080000000000002      -0.21387658864979031     
   3.7119999999999997      -0.21305967322436409     
   3.7159999999999997      -0.21238173416285194     
   3.7199999999999998      -0.21185337857451256     
   3.7239999999999998      -0.21125300805755062     
   3.7279999999999998      -0.21053514853999605     
   3.7319999999999998      -0.21005716707776820     
   3.7359999999999998      -0.20927894200317423     
   3.7399999999999998      -0.20845896356749438     
   3.7439999999999993      -0.20790895820162392     
   3.7479999999999998      -0.20714303689492400     
   3.7519999999999998      -0.20674174239546175     
   3.7559999999999998      -0.20608531125020024     
   3.7600000000000002      -0.20569922531761300     
   3.7639999999999998      -0.20473835766291160     
   3.7679999999999998      -0.20436347723191509     
   3.7719999999999998      -0.20424791668096856     
   3.7760000000000002      -0.20367053978593425     
   3.7799999999999998      -0.20294177070668337     
   3.7839999999999998      -0.20249886598582256     
   3.7879999999999998      -0.20226057807371944     
   3.7920000000000003      -0.20169417478031387     
   3.7959999999999998      -0.20120970291767751     
   3.7999999999999998      -0.20053218188199198     
   3.8039999999999998      -0.20007418834668361     
   3.8079999999999998      -0.19925472643023989     
   3.8119999999999994      -0.19880844485791466     
   3.8159999999999998      -0.19821561208896965     
   3.8199999999999998      -0.19754887378330244     
   3.8239999999999998      -0.19681503666696296     
   3.8279999999999994      -0.19625500434873680     
   3.8319999999999999      -0.19622369211225898     
   3.8359999999999999      -0.19536562307750471     
   3.8399999999999999      -0.19490431428614471     
   3.8439999999999994      -0.19405568397261336     
   3.8479999999999999      -0.19304718019454872     
   3.8519999999999999      -0.19243528307724386     
   3.8559999999999999      -0.19186926393811610     
   3.8599999999999994      -0.19110525948330276     
   3.8639999999999999      -0.19095821936033991     
   3.8679999999999999      -0.19045947368137411     
   3.8719999999999999      -0.18986946395503637     
   3.8759999999999994      -0.18939053006399709     
   3.8799999999999999      -0.18917937960596343     
   3.8839999999999999      -0.18813751576751589     
   3.8879999999999999      -0.18774168964547169     
   3.8919999999999995      -0.18740610449734255     
   3.8959999999999995      -0.18687155531950286     
   3.8999999999999999      -0.18658913321869228     
   3.9039999999999999      -0.18624384894812443     
   3.9079999999999995      -0.18580116791248227     
   3.9119999999999995      -0.18529829809535228     
   3.9159999999999999      -0.18425768469873582     
   3.9199999999999999      -0.18403061323714232     
   3.9239999999999995      -0.18344516059711180     
   3.9279999999999995      -0.18286458377346348     
   3.9319999999999999      -0.18209476521220297     
   3.9359999999999999      -0.18150884104277865     
   3.9399999999999999      -0.18074212399271425     
   3.9439999999999995      -0.18008395095299992     
   3.9480000000000000      -0.17952949565999840     
   3.9520000000000000      -0.17882158399643311     
   3.9560000000000000      -0.17855373617390013     
   3.9599999999999995      -0.17816167754687345     
   3.9640000000000000      -0.17770831031854253     
   3.9680000000000000      -0.17703397892301317     
   3.9720000000000000      -0.17651114586915773     
   3.9759999999999995      -0.17624827429228498     
   3.9799999999999995      -0.17583696761203224     
   3.9840000000000000      -0.17528688781170018     
   3.9880000000000000      -0.17458874474945277     
   3.9919999999999995      -0.17387118777932925     
   3.9959999999999996      -0.17299504124091819     
