   0.0000000000000000       0.99999999746921531     
   6.0000000000000001E-003  0.98519333402277875     
   1.2000000000000000E-002  0.99909288578974842     
   1.7999999999999999E-002  0.99851425527065396     
   2.4000000000000000E-002  0.99830107994624839     
   3.0000000000000002E-002  0.99828275881126871     
   3.5999999999999997E-002  0.99804420910119096     
   4.2000000000000003E-002  0.99807707069180607     
   4.8000000000000001E-002  0.99762176086375343     
   5.4000000000000006E-002  0.99728402917880565     
   6.0000000000000005E-002  0.99782203357432286     
   6.6000000000000003E-002  0.99798643199652204     
   7.1999999999999995E-002  0.99775268306183307     
   7.8000000000000000E-002  0.99737926061560556     
   8.4000000000000005E-002  0.99679631444308325     
   9.0000000000000011E-002  0.99661211415654072     
   9.6000000000000002E-002  0.99606724279355563     
  0.10200000000000001       0.99586643580118506     
  0.10800000000000001       0.99542936616782518     
  0.11400000000000000       0.99510698446042889     
  0.12000000000000001       0.99500347840927661     
  0.12600000000000000       0.99438103280913115     
  0.13200000000000001       0.99404623914725132     
  0.13800000000000001       0.99351167506322735     
  0.14399999999999999       0.99301365985755030     
  0.15000000000000002       0.99261798569234205     
  0.15600000000000000       0.99231084400594072     
  0.16200000000000001       0.99182325940079752     
  0.16800000000000001       0.99152747417655274     
  0.17399999999999999       0.99113611769723819     
  0.18000000000000002       0.99083886040020153     
  0.18600000000000003       0.99036009422814253     
  0.19200000000000000       0.99014538278058173     
  0.19800000000000001       0.98906596006950176     
  0.20400000000000001       0.98832165149538698     
  0.21000000000000002       0.98815509790876555     
  0.21600000000000003       0.98733059946734714     
  0.22200000000000000       0.98651517228070285     
  0.22800000000000001       0.98590595278260729     
  0.23400000000000001       0.98497345428628458     
  0.24000000000000002       0.98421278110391175     
  0.24600000000000002       0.98333390885008609     
  0.25200000000000000       0.98269204855614334     
  0.25800000000000001       0.98252518401109545     
  0.26400000000000001       0.98166231322563113     
  0.27000000000000002       0.98079180575248459     
  0.27600000000000002       0.97995853745734873     
  0.28199999999999997       0.97958791328747274     
  0.28799999999999998       0.97892773031971159     
  0.29400000000000004       0.97816125212668903     
  0.30000000000000004       0.97810684343070253     
  0.30600000000000005       0.97715419111111312     
  0.31200000000000000       0.97681903830016448     
  0.31800000000000000       0.97585580496921553     
  0.32400000000000001       0.97472254543168124     
  0.33000000000000002       0.97414223249477783     
  0.33600000000000002       0.97340295783653263     
  0.34200000000000003       0.97221535427331296     
  0.34799999999999998       0.97100294477452465     
  0.35400000000000004       0.96968998810402107     
  0.36000000000000004       0.96907866751576599     
  0.36600000000000005       0.96851276655225083     
  0.37200000000000005       0.96774351438469752     
  0.37800000000000000       0.96687848856496161     
  0.38400000000000001       0.96630881632694554     
  0.39000000000000001       0.96516111127890314     
  0.39600000000000002       0.96409006545968501     
  0.40200000000000002       0.96286683353178959     
  0.40800000000000003       0.96202927375072234     
  0.41399999999999998       0.96107874876044508     
  0.42000000000000004       0.96019037120066242     
  0.42600000000000005       0.95885534269172956     
  0.43200000000000005       0.95820961458360576     
  0.43800000000000006       0.95699381400314087     
  0.44400000000000001       0.95569566581888854     
  0.45000000000000001       0.95442539687091288     
  0.45600000000000002       0.95356935394340636     
  0.46200000000000002       0.95254318967820895     
  0.46800000000000003       0.95144218195224406     
  0.47400000000000003       0.95037509807871989     
  0.48000000000000004       0.94900159175666887     
  0.48600000000000004       0.94706938393595808     
  0.49200000000000005       0.94565542776369083     
  0.49800000000000005       0.94405724605878338     
  0.50400000000000000       0.94262112407786980     
  0.51000000000000001       0.94116276251928210     
  0.51600000000000001       0.93991966899856605     
  0.52200000000000002       0.93892071126551591     
  0.52800000000000002       0.93804200030297158     
  0.53400000000000003       0.93611418532924373     
  0.54000000000000004       0.93525295246254014     
  0.54600000000000004       0.93412652144750741     
  0.55200000000000005       0.93332188055953613     
  0.55799999999999994       0.93292231026978623     
  0.56399999999999995       0.93164965108897291     
  0.56999999999999995       0.93106148973508018     
  0.57599999999999996       0.92989525843487830     
  0.58200000000000007       0.92915725803626859     
  0.58800000000000008       0.92832559453803898     
  0.59400000000000008       0.92758983197771483     
  0.60000000000000009       0.92726682805583716     
  0.60600000000000009       0.92643633692672100     
  0.61200000000000010       0.92545795109870188     
  0.61800000000000010       0.92455282758031709     
  0.62400000000000000       0.92368980966803338     
  0.63000000000000000       0.92253033494264602     
  0.63600000000000001       0.92195937682660267     
  0.64200000000000002       0.92059536520660468     
  0.64800000000000002       0.91971991796887276     
  0.65400000000000003       0.91892639388436137     
  0.66000000000000003       0.91749224864300416     
  0.66600000000000004       0.91636226302503487     
  0.67200000000000004       0.91531511264652776     
  0.67800000000000005       0.91415796269829563     
  0.68400000000000005       0.91203581014670165     
  0.68999999999999995       0.91127323113370950     
  0.69599999999999995       0.90999545307533292     
  0.70199999999999996       0.90901876356783706     
  0.70800000000000007       0.90808812341611456     
  0.71400000000000008       0.90784194306233768     
  0.72000000000000008       0.90617107091429761     
  0.72600000000000009       0.90550017105288660     
  0.73200000000000010       0.90450745121919307     
  0.73800000000000010       0.90337044843814196     
  0.74400000000000011       0.90251368484576533     
  0.75000000000000011       0.90208745848926808     
  0.75600000000000001       0.90095599911976487     
  0.76200000000000001       0.90021566448298407     
  0.76800000000000002       0.90006452196579312     
  0.77400000000000002       0.89902549092629602     
  0.78000000000000003       0.89804695273527435     
  0.78600000000000003       0.89773202061393942     
  0.79200000000000004       0.89657314028000334     
  0.79800000000000004       0.89644259232493873     
  0.80400000000000005       0.89498977928496126     
  0.81000000000000005       0.89364417572898669     
  0.81600000000000006       0.89279457285354680     
  0.82199999999999995       0.89206378802496544     
  0.82799999999999996       0.89099832304172411     
  0.83400000000000007       0.88968203833677761     
  0.84000000000000008       0.88849223678675393     
  0.84600000000000009       0.88719742778430943     
  0.85200000000000009       0.88614060073570045     
  0.85800000000000010       0.88495321654287540     
  0.86400000000000010       0.88360544701270061     
  0.87000000000000011       0.88164597479476647     
  0.87600000000000011       0.88048274955897421     
  0.88200000000000012       0.87975739978339729     
  0.88800000000000001       0.87906662050525020     
  0.89400000000000002       0.87742751239356587     
  0.90000000000000002       0.87674431483753124     
  0.90600000000000003       0.87578091645155887     
  0.91200000000000003       0.87461130387935282     
  0.91800000000000004       0.87330894915349522     
  0.92400000000000004       0.87285758906870881     
  0.93000000000000005       0.87149378423624946     
  0.93600000000000005       0.87028652753892466     
  0.94200000000000006       0.86924993396795158     
  0.94800000000000006       0.86916825399035424     
  0.95399999999999996       0.86814809512550883     
  0.96000000000000008       0.86791961884496105     
  0.96600000000000008       0.86732534350153490     
  0.97200000000000009       0.86644404006059172     
  0.97800000000000009       0.86550374261581353     
  0.98400000000000010       0.86401611573640469     
  0.99000000000000010       0.86330055948009565     
  0.99600000000000011       0.86353237488902790     
   1.0020000000000000       0.86234968451365801     
   1.0080000000000000       0.86095234309559621     
   1.0140000000000000       0.86027383517926415     
   1.0200000000000000       0.85836715634356875     
   1.0260000000000000       0.85597990363657606     
   1.0320000000000000       0.85490988568193593     
   1.0380000000000000       0.85447376377498174     
   1.0440000000000000       0.85433388588462411     
   1.0500000000000000       0.85305651453076825     
   1.0560000000000000       0.85178336127191778     
   1.0620000000000001       0.85162866383071556     
   1.0680000000000001       0.85042856352293261     
   1.0740000000000001       0.84963974517569774     
   1.0800000000000001       0.84877707862732454     
   1.0860000000000001       0.84782162941753658     
   1.0920000000000001       0.84617314602383398     
   1.0980000000000001       0.84555906946358184     
   1.1040000000000001       0.84472086577591698     
   1.1100000000000001       0.84379590443651364     
   1.1159999999999999       0.84254315604263430     
   1.1219999999999999       0.84313518801603071     
   1.1279999999999999       0.84189381423263721     
   1.1339999999999999       0.84169787962605092     
   1.1399999999999999       0.84099489201805544     
   1.1459999999999999       0.83953129598999976     
   1.1519999999999999       0.83881827511505913     
   1.1580000000000001       0.83880305393155752     
   1.1640000000000001       0.83845867490922843     
   1.1700000000000002       0.83687265138084554     
   1.1760000000000002       0.83665553976716012     
   1.1820000000000002       0.83635206643038074     
   1.1880000000000002       0.83624900940832247     
   1.1940000000000002       0.83569546545101547     
   1.2000000000000002       0.83518224727545298     
   1.2060000000000002       0.83430694533775518     
   1.2120000000000002       0.83289069100785051     
   1.2180000000000002       0.83228485865288371     
   1.2240000000000002       0.83163472799653892     
   1.2300000000000002       0.83104708582020659     
   1.2360000000000002       0.82911720963370383     
   1.2420000000000002       0.82781921406713299     
   1.2480000000000000       0.82662921440334347     
   1.2540000000000000       0.82547558765622953     
   1.2600000000000000       0.82485046329737466     
   1.2660000000000000       0.82491132597162720     
   1.2720000000000000       0.82460956000158103     
   1.2780000000000000       0.82391898694413412     
   1.2840000000000000       0.82332672099500726     
   1.2900000000000000       0.82251110662315752     
   1.2960000000000000       0.82053831136255084     
   1.3020000000000000       0.81942854748070815     
   1.3080000000000001       0.81783763455631264     
   1.3140000000000001       0.81705118054676529     
   1.3200000000000001       0.81545984717670428     
   1.3260000000000001       0.81543492012040741     
   1.3320000000000001       0.81521661292232706     
   1.3380000000000001       0.81384149021587859     
   1.3440000000000001       0.81343117197215842     
   1.3500000000000001       0.81303559929875469     
   1.3560000000000001       0.81253707259709362     
   1.3620000000000001       0.81218092748401405     
   1.3680000000000001       0.81191838527487759     
   1.3740000000000001       0.81126905357427559     
   1.3799999999999999       0.81114690007706347     
   1.3859999999999999       0.81047182606802859     
   1.3919999999999999       0.80936753691242724     
   1.3979999999999999       0.80860832039479602     
   1.4039999999999999       0.80811701442073636     
   1.4100000000000001       0.80750805971745321     
   1.4160000000000001       0.80708633516134676     
   1.4220000000000002       0.80601793969597113     
   1.4280000000000002       0.80481589453229174     
   1.4340000000000002       0.80489498978681728     
   1.4400000000000002       0.80459367355070599     
   1.4460000000000002       0.80359898170972255     
   1.4520000000000002       0.80237284349682791     
   1.4580000000000002       0.80187548754874372     
   1.4640000000000002       0.80035064392561983     
   1.4700000000000002       0.80003410808093789     
   1.4760000000000002       0.79897293881641107     
   1.4820000000000002       0.79783728104383556     
   1.4880000000000002       0.79721201353543536     
   1.4940000000000002       0.79758761245734255     
   1.5000000000000002       0.79682800340025983     
   1.5060000000000002       0.79646052083731333     
   1.5120000000000000       0.79571092894836393     
   1.5180000000000000       0.79435980064994971     
   1.5240000000000000       0.79302994248670100     
   1.5300000000000000       0.79218767100082077     
   1.5360000000000000       0.79132291954225165     
   1.5420000000000000       0.79113120881493071     
   1.5480000000000000       0.79051391330139054     
   1.5540000000000000       0.78988826503640164     
   1.5600000000000001       0.78942335444026290     
   1.5660000000000001       0.78687787703753242     
   1.5720000000000001       0.78505711666122402     
   1.5780000000000001       0.78511103811295835     
   1.5840000000000001       0.78464373889827344     
   1.5900000000000001       0.78500289381241550     
   1.5960000000000001       0.78344893967537610     
   1.6020000000000001       0.78368599987606613     
   1.6080000000000001       0.78232151761258839     
   1.6140000000000001       0.78136284601131933     
   1.6200000000000001       0.78047887645709013     
   1.6260000000000001       0.78017704728724291     
   1.6320000000000001       0.77987810419871295     
   1.6380000000000001       0.77915074367958381     
   1.6439999999999999       0.77827621162117366     
   1.6499999999999999       0.77692091591558432     
   1.6559999999999999       0.77624641414727291     
   1.6619999999999999       0.77588170047289173     
   1.6680000000000001       0.77554662881482728     
   1.6740000000000002       0.77580469310287536     
   1.6800000000000002       0.77491117803346987     
   1.6860000000000002       0.77352358987253911     
   1.6920000000000002       0.77296103423154761     
   1.6980000000000002       0.77246031632442491     
   1.7040000000000002       0.77113424174578038     
   1.7100000000000002       0.77073112955224965     
   1.7160000000000002       0.76969054925492941     
   1.7220000000000002       0.76891900189406248     
   1.7280000000000002       0.76857466381945327     
   1.7340000000000002       0.76832469195135178     
   1.7400000000000002       0.76720518487187994     
   1.7460000000000002       0.76743975759299110     
   1.7520000000000002       0.76660536959358638     
   1.7580000000000002       0.76520196033480004     
   1.7640000000000002       0.76448021889788831     
   1.7700000000000000       0.76340815872856183     
   1.7760000000000000       0.76330260619091106     
   1.7820000000000000       0.76246166431257523     
   1.7880000000000000       0.76215118451014507     
   1.7940000000000000       0.76180406422251168     
   1.8000000000000000       0.76092127643783991     
   1.8060000000000000       0.76100836091895951     
   1.8120000000000001       0.76067186784511209     
   1.8180000000000001       0.76062256660455629     
   1.8240000000000001       0.75961241671524071     
   1.8300000000000001       0.75875952434602345     
   1.8360000000000001       0.75800351113729625     
   1.8420000000000001       0.75761157468537088     
   1.8480000000000001       0.75722819046234258     
   1.8540000000000001       0.75637290186090156     
   1.8600000000000001       0.75657469030609559     
   1.8660000000000001       0.75735069059557514     
   1.8720000000000001       0.75798081913905901     
   1.8780000000000001       0.75823265449485155     
   1.8840000000000001       0.75870109129063912     
   1.8900000000000001       0.75790372906264292     
   1.8960000000000001       0.75744045089076162     
   1.9020000000000001       0.75599937898923852     
   1.9079999999999999       0.75479094194441987     
   1.9139999999999999       0.75374719476235696     
   1.9200000000000002       0.75284777096383093     
   1.9260000000000002       0.75301478057646587     
   1.9320000000000002       0.75242227061314770     
   1.9379999999999999       0.75307436445168185     
   1.9440000000000002       0.75284564177084889     
   1.9500000000000000       0.75224847545824647     
   1.9560000000000002       0.75194664396754840     
   1.9620000000000000       0.75159396290560809     
   1.9680000000000002       0.75070276329623697     
   1.9740000000000000       0.74975790792221719     
   1.9800000000000002       0.74844051114075050     
   1.9860000000000000       0.74853266011399910     
   1.9920000000000002       0.74706329118497250     
   1.9980000000000000       0.74571959141499311     
   2.0040000000000000       0.74544101522027373     
   2.0099999999999998       0.74602700575359315     
   2.0160000000000000       0.74613236829706375     
   2.0219999999999998       0.74609799214871098     
   2.0280000000000000       0.74620589859122854     
   2.0339999999999998       0.74621492495178043     
   2.0400000000000000       0.74496768135227909     
   2.0459999999999998       0.74436324468996051     
   2.0520000000000000       0.74431596931101207     
   2.0580000000000003       0.74406829614437497     
   2.0640000000000001       0.74400019693242658     
   2.0700000000000003       0.74342138590222084     
   2.0760000000000001       0.74249825103860778     
   2.0820000000000003       0.74152410702455862     
   2.0880000000000001       0.74052661647983375     
   2.0940000000000003       0.74044278187386936     
   2.1000000000000001       0.74026349045769180     
   2.1060000000000003       0.73951064582194403     
   2.1120000000000001       0.73887410694229128     
   2.1180000000000003       0.73834567149607888     
   2.1240000000000001       0.73741625237231556     
   2.1300000000000003       0.73779568587992173     
   2.1360000000000001       0.73787296377427203     
   2.1420000000000003       0.73770300190431448     
   2.1480000000000001       0.73663487680760076     
   2.1540000000000004       0.73603114655170654     
   2.1600000000000001       0.73519500564645779     
   2.1660000000000004       0.73537751604961088     
   2.1720000000000002       0.73399616815981039     
   2.1780000000000004       0.73375896389180251     
   2.1840000000000002       0.73394421860963988     
   2.1900000000000004       0.73342656311565790     
   2.1960000000000002       0.73276055284034081     
   2.2020000000000004       0.73151590962314439     
   2.2080000000000002       0.73093386708288044     
   2.2140000000000004       0.73083093757012096     
   2.2200000000000002       0.73048289518538700     
   2.2260000000000004       0.72988565509284531     
   2.2319999999999998       0.72918551478836968     
   2.2380000000000000       0.72866586898176511     
   2.2439999999999998       0.72928075248712976     
   2.2500000000000000       0.72958415444914815     
   2.2559999999999998       0.72896772905628660     
   2.2620000000000000       0.72858855085806296     
   2.2679999999999998       0.72867623016822836     
   2.2740000000000000       0.72801642270368028     
   2.2799999999999998       0.72737897483691527     
   2.2860000000000000       0.72632935076089788     
   2.2919999999999998       0.72521873291478456     
   2.2980000000000000       0.72514280678929344     
   2.3039999999999998       0.72500023258778612     
   2.3100000000000001       0.72562292039903897     
   2.3160000000000003       0.72551864580489978     
   2.3220000000000001       0.72532784399855177     
   2.3280000000000003       0.72547106589438382     
   2.3340000000000001       0.72571190804706864     
   2.3400000000000003       0.72537442030076371     
   2.3460000000000001       0.72504540042090393     
   2.3520000000000003       0.72513815194827380     
   2.3580000000000001       0.72510808843823749     
   2.3640000000000003       0.72472601633968714     
   2.3700000000000001       0.72388671291318440     
   2.3760000000000003       0.72333523858976945     
   2.3820000000000001       0.72264395903801826     
   2.3880000000000003       0.72188344318923181     
   2.3940000000000001       0.72189012389326190     
   2.4000000000000004       0.72020621014195552     
   2.4060000000000001       0.71967799362977691     
   2.4120000000000004       0.71949627491095547     
   2.4180000000000001       0.71831714200572527     
   2.4240000000000004       0.71781311765168865     
   2.4300000000000002       0.71796266988689683     
   2.4360000000000004       0.71727951773247145     
   2.4420000000000002       0.71672941710048665     
   2.4480000000000004       0.71654612264161366     
   2.4540000000000002       0.71627382474870571     
   2.4600000000000004       0.71569535682340213     
   2.4660000000000002       0.71602286456162234     
   2.4720000000000004       0.71640481144728319     
   2.4780000000000002       0.71548958240922345     
   2.4840000000000004       0.71467117482078701     
   2.4900000000000002       0.71458801030859509     
   2.4960000000000000       0.71415656960031737     
   2.5019999999999998       0.71424113091569996     
   2.5080000000000000       0.71462211859047442     
   2.5139999999999998       0.71511468537224188     
   2.5200000000000000       0.71542975620120119     
   2.5259999999999998       0.71612454567759010     
   2.5320000000000000       0.71581450790148327     
   2.5379999999999998       0.71654361481149642     
   2.5440000000000000       0.71590438965117886     
   2.5499999999999998       0.71533575448610043     
   2.5560000000000000       0.71506490310640713     
   2.5620000000000003       0.71446210144053035     
   2.5680000000000001       0.71385013944977682     
   2.5740000000000003       0.71307959401632359     
   2.5800000000000001       0.71378225727412514     
   2.5860000000000003       0.71355416928022830     
   2.5920000000000001       0.71360632279017455     
   2.5980000000000003       0.71283609585131336     
   2.6040000000000001       0.71261113249689723     
   2.6100000000000003       0.71150900699509301     
   2.6160000000000001       0.71105177708367129     
   2.6220000000000003       0.70998436012909383     
   2.6280000000000001       0.71002916293483087     
   2.6340000000000003       0.70945637432463382     
   2.6400000000000001       0.70956194940311479     
   2.6460000000000004       0.70969843889680928     
   2.6520000000000001       0.70825855696227991     
   2.6580000000000004       0.70791786866702244     
   2.6640000000000001       0.70786971152180123     
   2.6700000000000004       0.70769460765010284     
   2.6760000000000002       0.70727526049615674     
   2.6820000000000004       0.70637062566956799     
   2.6880000000000002       0.70623647399293343     
   2.6940000000000004       0.70566060187838875     
   2.7000000000000002       0.70548511683433635     
   2.7060000000000004       0.70484331458570670     
   2.7120000000000002       0.70447467066535974     
   2.7180000000000004       0.70374335852995273     
   2.7240000000000002       0.70351677043735095     
   2.7300000000000004       0.70331934698471721     
   2.7360000000000002       0.70318521505175291     
   2.7420000000000004       0.70267891093164125     
   2.7480000000000002       0.70227446869669852     
   2.7540000000000000       0.70215036781235107     
   2.7599999999999998       0.70249826945688854     
   2.7660000000000000       0.70224666473930164     
   2.7719999999999998       0.70168065512871813     
   2.7780000000000000       0.70150250471625497     
   2.7839999999999998       0.70137860946315345     
   2.7900000000000000       0.70145391784481759     
   2.7959999999999998       0.70171872665444879     
   2.8020000000000000       0.70218731264687828     
   2.8079999999999998       0.70207322361970170     
   2.8140000000000001       0.70228330561514973     
   2.8200000000000003       0.70220226861522661     
   2.8260000000000001       0.70223795970756719     
   2.8320000000000003       0.70224247947110474     
   2.8380000000000001       0.70217169962349313     
   2.8440000000000003       0.70103542215921644     
   2.8500000000000001       0.70090241075758086     
   2.8560000000000003       0.70088962431894242     
   2.8620000000000001       0.70168352954191093     
   2.8680000000000003       0.70180999352883211     
   2.8740000000000001       0.70141270894977514     
   2.8800000000000003       0.70176950854185960     
   2.8860000000000001       0.70117427863303394     
   2.8920000000000003       0.70064853038335229     
   2.8980000000000001       0.70152271385470455     
   2.9040000000000004       0.70161943759101975     
   2.9100000000000001       0.70178358150461617     
   2.9160000000000004       0.70101907504316663     
   2.9220000000000002       0.70116783488936252     
   2.9280000000000004       0.70080508448365664     
   2.9340000000000002       0.69933415701549628     
   2.9400000000000004       0.69965089475638409     
   2.9460000000000002       0.70032575307471934     
   2.9520000000000004       0.70030794853697831     
   2.9580000000000002       0.70057534271740185     
   2.9640000000000004       0.70014366439983833     
   2.9700000000000002       0.70003544229817816     
   2.9760000000000004       0.70063891892051244     
   2.9820000000000002       0.70051694564191824     
   2.9880000000000004       0.70104046641677786     
   2.9940000000000002       0.70083496009811030     
   3.0000000000000004       0.70057600842130685     
   3.0060000000000002       0.70037087802652176     
   3.0120000000000005       0.70076768302706882     
   3.0180000000000002       0.70010186051051460     
   3.0240000000000000       0.70017448927588444     
   3.0299999999999998       0.70022974517131342     
   3.0360000000000000       0.70067583507184716     
   3.0419999999999998       0.70052390906100781     
   3.0480000000000000       0.70008416203938895     
   3.0539999999999998       0.70022617054964276     
   3.0600000000000001       0.69967474525560269     
   3.0659999999999998       0.69903837616939446     
   3.0720000000000001       0.69885077555727337     
   3.0780000000000003       0.69857668203670287     
   3.0840000000000001       0.69753967847454612     
   3.0900000000000003       0.69717025238060060     
   3.0960000000000001       0.69705563370630119     
   3.1020000000000003       0.69661181198852540     
   3.1080000000000001       0.69663962555321313     
   3.1140000000000003       0.69583763441731594     
   3.1200000000000001       0.69498067429608568     
   3.1260000000000003       0.69462690978532571     
   3.1320000000000001       0.69461104189875578     
   3.1380000000000003       0.69507235802641743     
   3.1440000000000001       0.69470036219423625     
   3.1500000000000004       0.69461860159144106     
   3.1560000000000001       0.69462403726718636     
   3.1620000000000004       0.69488187307298543     
   3.1680000000000001       0.69484299578688935     
   3.1740000000000004       0.69520519457133423     
   3.1800000000000002       0.69480920429921211     
   3.1860000000000004       0.69452891540234829     
   3.1920000000000002       0.69411480461147890     
   3.1980000000000004       0.69342708381096907     
   3.2040000000000002       0.69326887846492857     
   3.2100000000000004       0.69400083107817967     
   3.2160000000000002       0.69337645949267201     
   3.2220000000000004       0.69339783053074122     
   3.2280000000000002       0.69320239035551834     
   3.2340000000000004       0.69323088829322610     
   3.2400000000000002       0.69342879451194495     
   3.2460000000000004       0.69303428340763606     
   3.2520000000000002       0.69340027602181198     
   3.2580000000000005       0.69284583249592990     
   3.2640000000000002       0.69313651946984245     
   3.2700000000000005       0.69379785440577646     
   3.2760000000000002       0.69434501197885923     
   3.2820000000000000       0.69425351153426473     
   3.2879999999999998       0.69390235850405435     
   3.2940000000000000       0.69360956183806377     
   3.2999999999999998       0.69340390238662164     
   3.3060000000000000       0.69306710166542096     
   3.3119999999999998       0.69259700930190138     
   3.3180000000000001       0.69280290425396274     
   3.3239999999999998       0.69279439150874089     
   3.3300000000000001       0.69307263257373075     
   3.3360000000000003       0.69344122662819241     
   3.3420000000000001       0.69353853918828301     
   3.3480000000000003       0.69361695034978399     
   3.3540000000000001       0.69325228587145860     
   3.3600000000000003       0.69245255492071922     
   3.3660000000000001       0.69192096197934982     
   3.3720000000000003       0.69282034145439875     
   3.3780000000000001       0.69307822345377668     
   3.3840000000000003       0.69338187117844718     
   3.3900000000000001       0.69352454384278694     
   3.3960000000000004       0.69340524688046068     
   3.4020000000000001       0.69326201772602458     
   3.4080000000000004       0.69354727608364031     
   3.4140000000000001       0.69384140590502152     
   3.4200000000000004       0.69419586156839974     
   3.4260000000000002       0.69395141435177843     
   3.4320000000000004       0.69393837796649438     
   3.4380000000000002       0.69385453330284286     
   3.4440000000000004       0.69444848442149121     
   3.4500000000000002       0.69397909347698827     
   3.4560000000000004       0.69393541131547409     
   3.4620000000000002       0.69377557946271107     
   3.4680000000000004       0.69380116959366511     
   3.4740000000000002       0.69380392976254601     
   3.4800000000000004       0.69371971712023062     
   3.4860000000000002       0.69363887202219532     
   3.4920000000000004       0.69348763864898988     
   3.4980000000000002       0.69400655816562862     
   3.5040000000000004       0.69411358338318485     
   3.5100000000000002       0.69384501256053865     
   3.5160000000000005       0.69398693040988313     
   3.5220000000000002       0.69427126471439393     
   3.5280000000000005       0.69456724231661682     
   3.5340000000000003       0.69446079253661797     
   3.5400000000000000       0.69537687369531853     
   3.5459999999999998       0.69521872304089438     
   3.5520000000000000       0.69504572387133812     
   3.5579999999999998       0.69487832028614893     
   3.5640000000000001       0.69459831344602430     
   3.5699999999999998       0.69487859932849461     
   3.5760000000000001       0.69431867268373004     
   3.5819999999999999       0.69456219746899217     
   3.5880000000000001       0.69443126903178898     
   3.5940000000000003       0.69454693016376234     
   3.6000000000000001       0.69526804075314452     
   3.6060000000000003       0.69506515962874005     
   3.6120000000000001       0.69493645066120457     
   3.6180000000000003       0.69536483165449414     
   3.6240000000000001       0.69522926318231537     
   3.6300000000000003       0.69500965327747355     
   3.6360000000000001       0.69465826030560007     
   3.6420000000000003       0.69462958966212729     
   3.6480000000000001       0.69474940107258154     
   3.6540000000000004       0.69426864875473071     
   3.6600000000000001       0.69449764366214506     
   3.6660000000000004       0.69481698843437800     
   3.6720000000000002       0.69391400165468664     
   3.6780000000000004       0.69373314707236611     
   3.6840000000000002       0.69401145490801397     
   3.6900000000000004       0.69406536337416147     
   3.6960000000000002       0.69426515251226206     
   3.7020000000000004       0.69425989361746387     
   3.7080000000000002       0.69464871005716922     
   3.7140000000000004       0.69441157175695212     
   3.7200000000000002       0.69431622744739685     
   3.7260000000000004       0.69405975690168664     
   3.7320000000000002       0.69417087366480779     
   3.7380000000000004       0.69415557784684745     
   3.7440000000000002       0.69367355245384488     
   3.7500000000000004       0.69351338484575864     
   3.7560000000000002       0.69302175145213507     
   3.7620000000000005       0.69260086973629209     
   3.7680000000000002       0.69295013131550054     
   3.7740000000000005       0.69271458136009600     
   3.7800000000000002       0.69293049757756908     
   3.7860000000000005       0.69233018377086220     
   3.7920000000000003       0.69194712858611707     
   3.7980000000000005       0.69230036405183770     
   3.8040000000000003       0.69263079712697961     
   3.8100000000000001       0.69284032247854166     
   3.8159999999999998       0.69232801687718337     
   3.8220000000000001       0.69295273403517199     
   3.8279999999999998       0.69290748644262012     
   3.8340000000000001       0.69285127365928911     
   3.8400000000000003       0.69336285629605354     
   3.8460000000000001       0.69345148382641186     
   3.8520000000000003       0.69309483987847587     
   3.8580000000000001       0.69315553447253542     
   3.8640000000000003       0.69362114931068009     
   3.8700000000000001       0.69337576580832361     
   3.8759999999999999       0.69307624543951007     
   3.8820000000000001       0.69322389997087275     
   3.8880000000000003       0.69295190693967035     
   3.8940000000000006       0.69276234064707187     
   3.8999999999999999       0.69259142160493481     
   3.9060000000000001       0.69295666551974311     
   3.9120000000000004       0.69279059032742563     
   3.9180000000000006       0.69207128985426170     
   3.9239999999999999       0.69199788858799982     
   3.9300000000000002       0.69214264669714043     
   3.9360000000000004       0.69192125729563803     
   3.9420000000000006       0.69173106970789333     
   3.9480000000000000       0.69197440354385842     
   3.9540000000000002       0.69273964803146471     
   3.9600000000000004       0.69254425439166056     
   3.9660000000000006       0.69232758595657951     
   3.9720000000000000       0.69255733223823235     
   3.9780000000000002       0.69218322556937928     
   3.9840000000000004       0.69144858572201506     
   3.9900000000000007       0.69159593307402301     
   3.9960000000000000       0.69166163332152342     
   4.0019999999999998       0.69101015865401494     
   4.0080000000000000       0.69096973483690338     
   4.0140000000000002       0.69119757273309368     
   4.0199999999999996       0.69088424727278519     
   4.0259999999999998       0.69058599170977664     
   4.0320000000000000       0.69075359830301952     
   4.0380000000000003       0.69038582198076603     
   4.0439999999999996       0.69048210689032097     
   4.0499999999999998       0.69108636546089819     
   4.0560000000000000       0.69062459445134416     
   4.0620000000000003       0.69030691738635119     
   4.0679999999999996       0.69047400583942720     
   4.0739999999999998       0.69039216229612799     
   4.0800000000000001       0.69029502887158944     
   4.0860000000000003       0.69003652108797131     
   4.0919999999999996       0.68994377614296609     
   4.0979999999999999       0.68973551254934784     
   4.1040000000000001       0.68969858873093093     
   4.1100000000000003       0.68946511058751658     
   4.1160000000000005       0.68934550465001043     
   4.1219999999999999       0.68964209445511326     
   4.1280000000000001       0.68918566278764137     
   4.1340000000000003       0.68976845037003787     
   4.1400000000000006       0.68952939571181859     
   4.1459999999999999       0.68909863529753423     
   4.1520000000000001       0.68902491501685603     
   4.1580000000000004       0.68915908841504836     
   4.1640000000000006       0.68871787677754537     
   4.1699999999999999       0.68884896300447185     
   4.1760000000000002       0.68851864923347139     
   4.1820000000000004       0.68819515042110624     
   4.1880000000000006       0.68792195600139217     
   4.1940000000000000       0.68784368262439266     
   4.2000000000000002       0.68779589460499546     
   4.2060000000000004       0.68809820494270157     
   4.2120000000000006       0.68792385607372530     
   4.2180000000000000       0.68734913143768273     
   4.2240000000000002       0.68707773565288299     
   4.2300000000000004       0.68736479265109685     
   4.2360000000000007       0.68742924755067314     
   4.2420000000000000       0.68709586962776914     
   4.2480000000000002       0.68704075555629140     
   4.2540000000000004       0.68719412844031402     
   4.2600000000000007       0.68738298779261797     
   4.2660000000000000       0.68793012749647198     
   4.2720000000000002       0.68752024458274996     
   4.2780000000000005       0.68709589400425264     
   4.2840000000000007       0.68724631124564028     
   4.2900000000000000       0.68739100580701140     
   4.2960000000000003       0.68732659486229097     
   4.3020000000000005       0.68686942387386751     
   4.3080000000000007       0.68683782253273085     
   4.3140000000000001       0.68702848367046776     
   4.3200000000000003       0.68741826197164346     
   4.3260000000000005       0.68690383358315310     
   4.3320000000000007       0.68700096700585001     
   4.3380000000000001       0.68736355725836107     
   4.3440000000000003       0.68730281308388819     
   4.3500000000000005       0.68717017496323052     
   4.3560000000000008       0.68692345298345869     
   4.3620000000000010       0.68714966811411649     
   4.3680000000000003       0.68695401195963923     
   4.3740000000000006       0.68737418367931380     
   4.3800000000000008       0.68742234529655344     
   4.3860000000000010       0.68693882521369742     
   4.3920000000000003       0.68713196806044241     
   4.3980000000000006       0.68722466446943309     
   4.4040000000000008       0.68705980372732622     
   4.4100000000000010       0.68769247406594680     
   4.4160000000000004       0.68810581708135732     
   4.4220000000000006       0.68811604016129346     
   4.4280000000000008       0.68822240451896577     
   4.4340000000000011       0.68800806812010162     
   4.4400000000000004       0.68813703558081718     
   4.4460000000000006       0.68895761997927862     
   4.4520000000000008       0.68893003373914263     
   4.4580000000000002       0.68894009105496901     
   4.4639999999999995       0.68895913523356811     
   4.4699999999999998       0.68863792593741746     
   4.4760000000000000       0.68858130618115587     
   4.4820000000000002       0.68907037068962362     
   4.4879999999999995       0.68905367616810265     
   4.4939999999999998       0.68909951963916161     
   4.5000000000000000       0.68951465783615395     
   4.5060000000000002       0.68924835798609652     
   4.5119999999999996       0.68939812924254074     
   4.5179999999999998       0.68873840021429900     
   4.5240000000000000       0.68914862291741730     
   4.5300000000000002       0.68900975581775992     
   4.5359999999999996       0.68909123354318946     
   4.5419999999999998       0.68923908787328114     
   4.5480000000000000       0.68911941742621619     
   4.5540000000000003       0.68989773838516755     
   4.5599999999999996       0.68922364341461839     
   4.5659999999999998       0.68916884384176702     
   4.5720000000000001       0.68944716856203991     
   4.5780000000000003       0.68935741960851515     
   4.5839999999999996       0.68956240057011076     
   4.5899999999999999       0.68951236685651407     
   4.5960000000000001       0.68982820386676080     
   4.6020000000000003       0.68948783325432916     
   4.6079999999999997       0.68943077017972931     
   4.6139999999999999       0.68907776463009507     
   4.6200000000000001       0.68945479416712518     
   4.6260000000000003       0.68925372277993213     
   4.6320000000000006       0.68918942622280044     
   4.6379999999999999       0.68943961598258630     
   4.6440000000000001       0.68954459607377672     
   4.6500000000000004       0.68984993978147280     
   4.6560000000000006       0.68970150394836949     
   4.6619999999999999       0.68999519296665424     
   4.6680000000000001       0.68995132223693867     
   4.6740000000000004       0.68991566451610853     
   4.6800000000000006       0.69005176392457346     
   4.6859999999999999       0.69058149963795301     
   4.6920000000000002       0.69084465680971197     
   4.6980000000000004       0.69012777373347112     
   4.7040000000000006       0.69010319135905773     
   4.7100000000000000       0.69044239102535387     
   4.7160000000000002       0.69035330148080265     
   4.7220000000000004       0.69028685789648081     
   4.7280000000000006       0.69004663792779264     
   4.7340000000000000       0.68997851476206085     
   4.7400000000000002       0.68986902459480903     
   4.7460000000000004       0.68962186262135117     
   4.7520000000000007       0.68972126660864364     
   4.7580000000000000       0.68948602069676179     
   4.7640000000000002       0.68941320302034526     
   4.7700000000000005       0.68929562250767773     
   4.7760000000000007       0.68956198757852438     
   4.7820000000000000       0.68982106006443977     
   4.7880000000000003       0.69030924403477312     
   4.7940000000000005       0.69111314185111095     
   4.8000000000000007       0.69159721516688066     
   4.8060000000000000       0.69198375112831190     
   4.8120000000000003       0.69207827606792627     
   4.8180000000000005       0.69145637115753567     
   4.8240000000000007       0.69182928445163117     
   4.8300000000000001       0.69162906671125413     
   4.8360000000000003       0.69193306385106479     
   4.8420000000000005       0.69210723141864150     
   4.8480000000000008       0.69190071009413179     
   4.8540000000000001       0.69224429461647519     
   4.8600000000000003       0.69293914117188837     
   4.8660000000000005       0.69320974042656869     
   4.8720000000000008       0.69326222375813529     
   4.8780000000000010       0.69277784529298991     
   4.8840000000000003       0.69334094887576114     
   4.8900000000000006       0.69349928257649707     
   4.8960000000000008       0.69377966045189721     
   4.9020000000000010       0.69362316077132535     
   4.9080000000000004       0.69376780603531429     
   4.9140000000000006       0.69342604409964903     
   4.9200000000000008       0.69389961238947673     
   4.9260000000000010       0.69411238519941498     
   4.9320000000000004       0.69381953328719248     
   4.9380000000000006       0.69375116304921103     
   4.9440000000000008       0.69426921332639113     
   4.9500000000000011       0.69470702451711908     
   4.9560000000000004       0.69510270799583418     
   4.9620000000000006       0.69530626753754110     
   4.9680000000000009       0.69561173911881369     
   4.9740000000000011       0.69602984421964809     
   4.9800000000000004       0.69607930875607549     
   4.9859999999999998       0.69632184935621289     
   4.9920000000000000       0.69633432898349568     
   4.9980000000000002       0.69694155682108672     
   5.0039999999999996       0.69719601173355250     
   5.0099999999999998       0.69692402794752528     
   5.0160000000000000       0.69797908766291605     
   5.0220000000000002       0.69807725596442338     
   5.0279999999999996       0.69818568128133163     
   5.0339999999999998       0.69848865002131200     
   5.0400000000000000       0.69810318122175108     
   5.0460000000000003       0.69831279046306982     
   5.0519999999999996       0.69786980023461154     
   5.0579999999999998       0.69776332681791042     
   5.0640000000000001       0.69797878249690304     
   5.0700000000000003       0.69761743190950565     
   5.0759999999999996       0.69746201548785369     
   5.0819999999999999       0.69724498296417359     
   5.0880000000000001       0.69730249339434747     
   5.0940000000000003       0.69725845556891763     
   5.0999999999999996       0.69690953161967417     
   5.1059999999999999       0.69711089762797729     
   5.1120000000000001       0.69723634983330385     
   5.1180000000000003       0.69711998503200590     
   5.1240000000000006       0.69766112784640522     
   5.1299999999999999       0.69797359380310342     
   5.1360000000000001       0.69820458217316839     
   5.1420000000000003       0.69768087524743838     
   5.1480000000000006       0.69731288873644548     
   5.1539999999999999       0.69715418593032730     
   5.1600000000000001       0.69717017218613819     
   5.1660000000000004       0.69680868697713660     
   5.1720000000000006       0.69695646252711829     
   5.1779999999999999       0.69688080038210265     
   5.1840000000000002       0.69725414651283779     
   5.1900000000000004       0.69733357570497922     
   5.1960000000000006       0.69767436764849555     
   5.2020000000000000       0.69770922186777395     
   5.2080000000000002       0.69791089926426220     
   5.2140000000000004       0.69826010371156644     
   5.2200000000000006       0.69875047488745079     
   5.2260000000000000       0.69904725763366782     
   5.2320000000000002       0.69906036410395211     
   5.2380000000000004       0.69926968425653591     
   5.2440000000000007       0.69912073168681887     
   5.2500000000000000       0.69948610926028398     
   5.2560000000000002       0.69991267929665957     
   5.2620000000000005       0.70038070121426488     
   5.2680000000000007       0.70051354083626693     
   5.2740000000000000       0.70074779812814081     
   5.2800000000000002       0.70073303147378763     
   5.2860000000000005       0.70082287507940755     
   5.2920000000000007       0.70065626628009481     
   5.2980000000000000       0.70082468965896239     
   5.3040000000000003       0.70100706070391472     
   5.3100000000000005       0.70095764199626964     
   5.3160000000000007       0.70089313628100713     
   5.3220000000000001       0.70076076509098095     
   5.3280000000000003       0.70104915714163529     
   5.3340000000000005       0.70130293156797507     
   5.3400000000000007       0.70114891726727135     
   5.3460000000000001       0.70121075121862320     
   5.3520000000000003       0.70145651615665205     
   5.3580000000000005       0.70152129439692545     
   5.3640000000000008       0.70160322968714928     
   5.3700000000000001       0.70171218070336283     
   5.3760000000000003       0.70191215717246191     
   5.3820000000000006       0.70135641124237846     
   5.3880000000000008       0.70123218172007384     
   5.3940000000000010       0.70040977955046135     
   5.4000000000000004       0.70086567753480045     
   5.4060000000000006       0.70105485128587886     
   5.4120000000000008       0.70098630402374007     
   5.4180000000000010       0.70090558457730912     
   5.4240000000000004       0.70071455708847030     
   5.4300000000000006       0.70012489840112146     
   5.4360000000000008       0.69989821916799111     
   5.4420000000000011       0.69976173524688667     
   5.4480000000000004       0.69958777547786932     
   5.4540000000000006       0.70000729206514167     
   5.4600000000000009       0.70016661830231341     
   5.4660000000000011       0.70013406892126773     
   5.4720000000000004       0.69983165492289545     
   5.4780000000000006       0.69979326144499376     
   5.4840000000000009       0.69986876693755407     
   5.4900000000000011       0.70022836747723094     
   5.4960000000000004       0.70059394982973100     
   5.5020000000000007       0.70095858546183987     
   5.5080000000000000       0.70105263336793266     
   5.5140000000000002       0.70128378647488365     
   5.5199999999999996       0.70123640674420529     
   5.5259999999999998       0.70105173197051274     
   5.5320000000000000       0.70111855064814732     
   5.5380000000000003       0.70155173433811346     
   5.5439999999999996       0.70185107637616162     
   5.5499999999999998       0.70174868760387232     
   5.5560000000000000       0.70180365939951228     
   5.5620000000000003       0.70188977779246675     
   5.5679999999999996       0.70149935342248571     
   5.5739999999999998       0.70144402365743785     
   5.5800000000000001       0.70090924773810415     
   5.5860000000000003       0.70061858927925880     
   5.5919999999999996       0.70062072989486157     
   5.5979999999999999       0.70079834593068158     
   5.6040000000000001       0.70068783218668773     
   5.6100000000000003       0.70073485056506724     
   5.6159999999999997       0.70048323250048816     
   5.6219999999999999       0.69981873585117638     
   5.6280000000000001       0.69961271657374691     
   5.6340000000000003       0.69957342835924397     
   5.6400000000000006       0.70011896858341305     
   5.6459999999999999       0.70000261883950288     
   5.6520000000000001       0.70022176548621162     
   5.6580000000000004       0.69974655080056003     
   5.6640000000000006       0.69957296987028439     
   5.6699999999999999       0.69975056096224764     
   5.6760000000000002       0.69942323412793639     
   5.6820000000000004       0.69924121379027571     
   5.6880000000000006       0.69947650185946753     
   5.6940000000000000       0.69980176858685972     
   5.7000000000000002       0.69974832346719651     
   5.7060000000000004       0.69969471341314871     
   5.7120000000000006       0.70023658568922198     
   5.7180000000000000       0.70016636249688646     
   5.7240000000000002       0.70044240819483750     
   5.7300000000000004       0.70089967224103744     
   5.7360000000000007       0.70113573424925568     
   5.7420000000000000       0.70122035898743296     
   5.7480000000000002       0.70169290923932215     
   5.7540000000000004       0.70138549515153426     
   5.7600000000000007       0.70139959183924383     
   5.7660000000000000       0.70113065257625862     
   5.7720000000000002       0.70138356242740452     
   5.7780000000000005       0.70107800758563144     
   5.7840000000000007       0.70070418678206969     
   5.7900000000000000       0.70081484258992144     
   5.7960000000000003       0.70071685933446759     
   5.8020000000000005       0.70077046843558766     
   5.8080000000000007       0.70042231754141471     
   5.8140000000000001       0.70075879112111061     
   5.8200000000000003       0.70039636663740923     
   5.8260000000000005       0.70025874468977900     
   5.8320000000000007       0.70045637246433834     
   5.8380000000000001       0.70066483959820791     
   5.8440000000000003       0.70072909695548924     
   5.8500000000000005       0.70069237183226629     
   5.8560000000000008       0.70107133835586344     
   5.8620000000000001       0.70102947919259539     
   5.8680000000000003       0.70076000493587220     
   5.8740000000000006       0.70081929616185257     
   5.8800000000000008       0.70124926722965053     
   5.8860000000000001       0.70117434103608522     
   5.8920000000000003       0.70125296964241834     
   5.8980000000000006       0.70126597198835816     
   5.9040000000000008       0.70142709480388898     
   5.9100000000000010       0.70179598679292898     
   5.9160000000000004       0.70150049560714889     
   5.9220000000000006       0.70189130269061939     
   5.9280000000000008       0.70193366486429409     
   5.9340000000000011       0.70162887020665055     
   5.9400000000000004       0.70155811060736240     
   5.9460000000000006       0.70157721451348476     
   5.9520000000000008       0.70183164472186976     
   5.9580000000000011       0.70171004455806940     
   5.9640000000000004       0.70180371878130521     
   5.9700000000000006       0.70171821019723957     
   5.9760000000000009       0.70168580097047717     
   5.9820000000000011       0.70098475875945598     
   5.9880000000000004       0.70129052788222479     
   5.9940000000000007       0.70132373053129460     
   6.0000000000000009       0.70105445592078575     
   6.0060000000000011       0.70110592645962744     
   6.0120000000000005       0.70077792402205730     
   6.0180000000000007       0.70071489197236003     
   6.0240000000000009       0.70040900499484382     
   6.0300000000000002       0.70033825861973786     
   6.0360000000000005       0.70050121429642920     
   6.0419999999999998       0.70016120414128857     
   6.0480000000000000       0.69989867056624333     
   6.0540000000000003       0.70007331477212875     
   6.0599999999999996       0.70006782504679055     
   6.0659999999999998       0.70037564132090802     
   6.0720000000000001       0.70069311507558241     
   6.0780000000000003       0.70113909849518941     
   6.0839999999999996       0.70150404648229414     
   6.0899999999999999       0.70106210114925238     
   6.0960000000000001       0.70075826323743218     
   6.1020000000000003       0.70050091431657013     
   6.1079999999999997       0.70050063140509511     
   6.1139999999999999       0.70043524728147777     
   6.1200000000000001       0.70040220993127655     
   6.1260000000000003       0.70077201607360284     
   6.1319999999999997       0.70088639309710465     
   6.1379999999999999       0.70067480211500222     
   6.1440000000000001       0.70138329584446268     
   6.1500000000000004       0.70169271743189499     
   6.1560000000000006       0.70172701403570403     
   6.1619999999999999       0.70138832678547192     
   6.1680000000000001       0.70103592175584006     
   6.1740000000000004       0.70090583652062455     
   6.1800000000000006       0.70071013249809178     
   6.1859999999999999       0.70054562821150956     
   6.1920000000000002       0.70087172495033101     
   6.1980000000000004       0.70101552369290854     
   6.2040000000000006       0.70066849137578779     
   6.2100000000000000       0.70064570412822147     
   6.2160000000000002       0.70071849278164045     
   6.2220000000000004       0.70029971512323164     
   6.2280000000000006       0.70032095008593975     
   6.2340000000000000       0.70026794986718488     
   6.2400000000000002       0.70007006880306499     
   6.2460000000000004       0.70037620703354042     
   6.2520000000000007       0.70058375772371206     
   6.2580000000000000       0.70023457284406931     
   6.2640000000000002       0.69983409665323404     
   6.2700000000000005       0.69973413523600336     
   6.2760000000000007       0.69973617901113061     
   6.2820000000000000       0.69968698803233909     
   6.2880000000000003       0.69982636081588312     
   6.2940000000000005       0.70025054623713656     
   6.3000000000000007       0.69996317401910302     
   6.3060000000000000       0.70026988385681899     
   6.3120000000000003       0.70035301973770125     
   6.3180000000000005       0.70048777102136384     
   6.3240000000000007       0.70036134066818267     
   6.3300000000000001       0.70050285670836454     
   6.3360000000000003       0.70054315051971583     
   6.3420000000000005       0.70080951468319419     
   6.3480000000000008       0.70056076056880334     
   6.3540000000000001       0.70068434874780949     
   6.3600000000000003       0.70075900437665062     
   6.3660000000000005       0.70120325400468597     
   6.3720000000000008       0.70166623416249307     
   6.3780000000000001       0.70188428861196395     
   6.3840000000000003       0.70224087698260151     
   6.3900000000000006       0.70201563346343709     
   6.3960000000000008       0.70224038775009689     
   6.4020000000000010       0.70268789680010035     
   6.4080000000000004       0.70303150684421822     
   6.4140000000000006       0.70328374624063905     
   6.4200000000000008       0.70340767435293516     
   6.4260000000000010       0.70360215425977235     
   6.4320000000000004       0.70372435311978132     
   6.4380000000000006       0.70435476146549925     
   6.4440000000000008       0.70474749428715855     
   6.4500000000000011       0.70496129476870029     
   6.4560000000000004       0.70510690304902013     
   6.4620000000000006       0.70514377495929881     
   6.4680000000000009       0.70497377862706612     
   6.4740000000000011       0.70494168124984546     
   6.4800000000000004       0.70450283383365697     
   6.4860000000000007       0.70427898698344160     
   6.4920000000000009       0.70437244094289031     
   6.4980000000000011       0.70427753808533677     
   6.5040000000000004       0.70460336873049290     
   6.5100000000000007       0.70472417669857701     
   6.5160000000000009       0.70467089180784537     
   6.5220000000000011       0.70482563596032455     
   6.5280000000000005       0.70513859382090005     
   6.5340000000000007       0.70521179969112513     
   6.5400000000000009       0.70456930674406038     
   6.5460000000000012       0.70454930274420546     
   6.5520000000000005       0.70434489877621009     
   6.5580000000000007       0.70442588241573956     
   6.5640000000000001       0.70450461321101288     
   6.5700000000000003       0.70426927532314454     
   6.5759999999999996       0.70428084762235443     
   6.5819999999999999       0.70364998097171083     
   6.5880000000000001       0.70340574612276341     
   6.5940000000000003       0.70334265576010835     
   6.5999999999999996       0.70357698964821314     
   6.6059999999999999       0.70380772286304771     
   6.6120000000000001       0.70447996442596206     
   6.6180000000000003       0.70475205665870955     
   6.6239999999999997       0.70479294958287686     
   6.6299999999999999       0.70515659841971756     
   6.6360000000000001       0.70542129409429921     
   6.6420000000000003       0.70572618273268917     
   6.6479999999999997       0.70546243248185769     
   6.6539999999999999       0.70549223746844414     
   6.6600000000000001       0.70539984517562904     
   6.6660000000000004       0.70569588591948262     
   6.6720000000000006       0.70541031871607718     
   6.6779999999999999       0.70556137847493372     
   6.6840000000000002       0.70563814411978354     
   6.6900000000000004       0.70549320883435085     
   6.6960000000000006       0.70571848516557067     
   6.7020000000000000       0.70544759660398759     
   6.7080000000000002       0.70525142044545952     
   6.7140000000000004       0.70515296098493496     
   6.7200000000000006       0.70544048382728020     
   6.7260000000000000       0.70517751528205619     
   6.7320000000000002       0.70546500186347993     
   6.7380000000000004       0.70539578145698567     
   6.7440000000000007       0.70514465160886852     
   6.7500000000000000       0.70511684624788695     
   6.7560000000000002       0.70514519357459848     
   6.7620000000000005       0.70505945659575164     
   6.7680000000000007       0.70517416637705777     
   6.7740000000000000       0.70518331591222427     
   6.7800000000000002       0.70490367554722311     
   6.7860000000000005       0.70500048284849914     
   6.7920000000000007       0.70475608411419055     
   6.7980000000000000       0.70500315319286655     
   6.8040000000000003       0.70516868842430769     
   6.8100000000000005       0.70453807182589667     
   6.8160000000000007       0.70461449359955874     
   6.8220000000000001       0.70379879166898995     
   6.8280000000000003       0.70386028617973817     
   6.8340000000000005       0.70415845528473675     
   6.8400000000000007       0.70432840517475959     
   6.8460000000000001       0.70432525563644799     
   6.8520000000000003       0.70434683504639428     
   6.8580000000000005       0.70413106042559959     
   6.8640000000000008       0.70415435468314036     
   6.8700000000000001       0.70376696689308293     
   6.8760000000000003       0.70372483516346507     
   6.8820000000000006       0.70395348359331544     
   6.8880000000000008       0.70410551842443847     
   6.8940000000000001       0.70450677393739158     
   6.9000000000000004       0.70422537013106423     
   6.9060000000000006       0.70392688531576197     
   6.9120000000000008       0.70436675549397865     
   6.9180000000000010       0.70460130961391365     
   6.9240000000000004       0.70488669122024383     
   6.9300000000000006       0.70512516872248354     
   6.9360000000000008       0.70542144501915183     
   6.9420000000000011       0.70557613348174297     
   6.9480000000000004       0.70551566462886361     
   6.9540000000000006       0.70592081313528032     
   6.9600000000000009       0.70613301456370792     
   6.9660000000000011       0.70672905239110828     
   6.9720000000000004       0.70676131242427265     
   6.9780000000000006       0.70677054327205813     
   6.9840000000000009       0.70668448865450140     
   6.9900000000000011       0.70616998526013708     
   6.9960000000000004       0.70686237251936834     
   7.0020000000000007       0.70617138372442789     
   7.0080000000000009       0.70599559245296839     
   7.0140000000000011       0.70599196099524286     
   7.0200000000000005       0.70601461605731652     
   7.0260000000000007       0.70572500888676726     
   7.0320000000000009       0.70531824878905580     
   7.0380000000000011       0.70522265821027463     
   7.0440000000000005       0.70549252386435379     
   7.0500000000000007       0.70519199472152239     
   7.0560000000000009       0.70510533885983839     
   7.0620000000000012       0.70527189806176749     
   7.0680000000000005       0.70484133862121290     
   7.0740000000000007       0.70502367256597787     
   7.0800000000000001       0.70471969985325444     
   7.0860000000000003       0.70516989218406556     
   7.0919999999999996       0.70481262674028489     
   7.0979999999999999       0.70453531601655006     
   7.1040000000000001       0.70479687251108158     
   7.1100000000000003       0.70484346876996473     
   7.1159999999999997       0.70529128135397001     
   7.1219999999999999       0.70577569913993443     
   7.1280000000000001       0.70629458694159264     
   7.1340000000000003       0.70629924761760454     
   7.1399999999999997       0.70636969730709076     
   7.1459999999999999       0.70639062276791931     
   7.1520000000000001       0.70646183492519965     
   7.1580000000000004       0.70651641895502582     
   7.1639999999999997       0.70639197074241367     
   7.1699999999999999       0.70645573234419046     
   7.1760000000000002       0.70667937667220260     
   7.1820000000000004       0.70629183225561243     
   7.1880000000000006       0.70662071279950356     
   7.1940000000000000       0.70646688846194461     
   7.2000000000000002       0.70658070269965290     
   7.2060000000000004       0.70694374663967774     
   7.2120000000000006       0.70675000146508571     
   7.2180000000000000       0.70656151665505273     
   7.2240000000000002       0.70697926598246830     
   7.2300000000000004       0.70659763652174690     
   7.2360000000000007       0.70652270292187525     
   7.2420000000000000       0.70664908124477210     
   7.2480000000000002       0.70658058679173452     
   7.2540000000000004       0.70692082236854104     
   7.2600000000000007       0.70696495991388586     
   7.2660000000000000       0.70736362156743893     
   7.2720000000000002       0.70697980851694964     
   7.2780000000000005       0.70722500960567536     
   7.2840000000000007       0.70722725126178787     
   7.2900000000000000       0.70758009517484133     
   7.2960000000000003       0.70798043576954273     
   7.3020000000000005       0.70810775129285108     
   7.3080000000000007       0.70783882536599230     
   7.3140000000000001       0.70829430598536391     
   7.3200000000000003       0.70855212716000993     
   7.3260000000000005       0.70905631874033270     
   7.3320000000000007       0.70942994226690737     
   7.3380000000000001       0.70941350913031032     
   7.3440000000000003       0.70923759116503560     
   7.3500000000000005       0.70956114028261397     
   7.3560000000000008       0.70967757648573981     
   7.3620000000000001       0.70977689855678716     
   7.3680000000000003       0.71025034258468123     
   7.3740000000000006       0.71059457306949569     
   7.3800000000000008       0.71076957500912041     
   7.3860000000000001       0.71036674370715991     
   7.3920000000000003       0.71027536119194523     
   7.3980000000000006       0.71071786189835962     
   7.4040000000000008       0.71085019210396838     
   7.4100000000000001       0.71119903470260970     
   7.4160000000000004       0.71129423099899369     
   7.4220000000000006       0.71173542043540228     
   7.4280000000000008       0.71233364250535369     
   7.4340000000000011       0.71269754771855565     
   7.4400000000000004       0.71236529098316215     
   7.4460000000000006       0.71249887381663690     
   7.4520000000000008       0.71269908426699691     
   7.4580000000000011       0.71276038817542020     
   7.4640000000000004       0.71268616732018220     
   7.4700000000000006       0.71290767845768899     
   7.4760000000000009       0.71297059296655696     
   7.4820000000000011       0.71263205528010620     
   7.4880000000000004       0.71286448663571089     
   7.4940000000000007       0.71309793303433688     
   7.5000000000000009       0.71287929328997623     
   7.5060000000000011       0.71368811263755239     
   7.5120000000000005       0.71364106384086745     
   7.5180000000000007       0.71396347704425533     
   7.5240000000000009       0.71402191984853680     
   7.5300000000000011       0.71416373527283161     
   7.5360000000000005       0.71449891115137698     
   7.5420000000000007       0.71458091206163565     
   7.5480000000000009       0.71489382364939491     
   7.5540000000000012       0.71560052738375790     
   7.5600000000000005       0.71544942106401199     
   7.5660000000000007       0.71559113884534442     
   7.5720000000000010       0.71598427159791689     
   7.5780000000000012       0.71611250072886168     
   7.5840000000000005       0.71682772988175814     
   7.5900000000000007       0.71699234903062670     
   7.5960000000000010       0.71681193025938961     
   7.6020000000000003       0.71674661081398316     
   7.6080000000000005       0.71675170549814404     
   7.6139999999999999       0.71689134418805789     
   7.6200000000000001       0.71720748942123469     
   7.6260000000000003       0.71754244919989096     
   7.6319999999999997       0.71762068078144337     
   7.6379999999999999       0.71743438430218009     
   7.6440000000000001       0.71744479669578431     
   7.6500000000000004       0.71791407643328198     
   7.6559999999999997       0.71819318323337666     
   7.6619999999999999       0.71816692871909260     
   7.6680000000000001       0.71834713927458871     
   7.6740000000000004       0.71834922311111982     
   7.6800000000000006       0.71828941862663165     
   7.6859999999999999       0.71822136073463505     
   7.6920000000000002       0.71784983840756078     
   7.6980000000000004       0.71804383748675671     
   7.7040000000000006       0.71795792419047733     
   7.7100000000000000       0.71804330046669707     
   7.7160000000000002       0.71809536037282196     
   7.7220000000000004       0.71765034114877924     
   7.7280000000000006       0.71746257291710502     
   7.7340000000000000       0.71723992938938996     
   7.7400000000000002       0.71761542139086631     
   7.7460000000000004       0.71758549360927759     
   7.7519999999999998       0.71803070628156940     
   7.7580000000000000       0.71807977030732351     
   7.7640000000000002       0.71843162331544042     
   7.7700000000000005       0.71839121846505172     
   7.7760000000000007       0.71851729187245017     
   7.7820000000000009       0.71899140488050239     
   7.7880000000000011       0.71873174323732836     
   7.7939999999999996       0.71837269376259638     
   7.7999999999999998       0.71874597343312896     
   7.8060000000000000       0.71851286658276425     
   7.8120000000000003       0.71852279802127050     
   7.8180000000000005       0.71814197062900353     
   7.8240000000000007       0.71819824078527805     
   7.8300000000000010       0.71777294845602846     
   7.8360000000000012       0.71721664462213219     
   7.8419999999999996       0.71753823863540434     
   7.8479999999999999       0.71776046426782414     
   7.8540000000000001       0.71729772529620139     
   7.8600000000000003       0.71775989615043090     
   7.8660000000000005       0.71795059400122518     
   7.8720000000000008       0.71827901963218754     
   7.8780000000000010       0.71825497735963439     
   7.8840000000000012       0.71863604438212481     
   7.8899999999999997       0.71905326362487987     
   7.8959999999999999       0.71902670510685507     
   7.9020000000000001       0.71890636816291020     
   7.9080000000000004       0.71898947101477528     
   7.9140000000000006       0.71872030792546893     
   7.9200000000000008       0.71882809776704049     
   7.9260000000000010       0.71777902978071417     
   7.9320000000000013       0.71792090671629372     
   7.9380000000000015       0.71801896793042519     
   7.9440000000000000       0.71837135671118135     
   7.9500000000000002       0.71896241094227020     
   7.9560000000000004       0.71861323410514488     
   7.9620000000000006       0.71865418734151076     
   7.9680000000000009       0.71852812108770370     
   7.9740000000000011       0.71825524906999927     
   7.9800000000000013       0.71757508700363493     
   7.9860000000000015       0.71801895594543252     
   7.9920000000000000       0.71781227824072036     
   7.9980000000000002       0.71797779235116221     
   8.0039999999999996       0.71818741194631619     
   8.0099999999999998       0.71772079053063542     
   8.0160000000000000       0.71766497809203078     
   8.0220000000000002       0.71764662251078493     
   8.0280000000000005       0.71763762743556248     
   8.0340000000000007       0.71775303827321291     
   8.0399999999999991       0.71819096875011545     
   8.0459999999999994       0.71795723832362701     
   8.0519999999999996       0.71841441670437867     
   8.0579999999999998       0.71826722421162903     
   8.0640000000000001       0.71842120095169537     
   8.0700000000000003       0.71878924806481925     
   8.0760000000000005       0.71916831112895196     
   8.0820000000000007       0.71908745110575878     
   8.0879999999999992       0.71931364280657661     
   8.0939999999999994       0.71890011257166786     
   8.0999999999999996       0.71901467962891252     
   8.1059999999999999       0.71924322557984721     
   8.1120000000000001       0.71922573150268554     
   8.1180000000000003       0.71956031432142098     
   8.1240000000000006       0.71915298179288678     
   8.1300000000000008       0.71945730910772077     
   8.1359999999999992       0.71915802370192861     
   8.1419999999999995       0.71900368527372338     
   8.1479999999999997       0.71924757726189004     
   8.1539999999999999       0.71893758225746907     
   8.1600000000000001       0.71936759907851822     
   8.1660000000000004       0.71927014903375075     
   8.1720000000000006       0.71941599459838290     
   8.1780000000000008       0.71945759697030798     
   8.1839999999999993       0.71946554535436913     
   8.1899999999999995       0.71936387374319777     
   8.1959999999999997       0.71937679297931945     
   8.2020000000000000       0.71967994687895753     
   8.2080000000000002       0.71971920521925614     
   8.2140000000000004       0.71973261220424822     
   8.2200000000000006       0.71948470859407687     
   8.2260000000000009       0.71954280536355486     
   8.2320000000000011       0.71962899900268118     
   8.2379999999999995       0.71889183742536222     
   8.2439999999999998       0.71904899283506074     
   8.2500000000000000       0.71950585761580255     
   8.2560000000000002       0.71984183233085486     
   8.2620000000000005       0.71950621262851466     
   8.2680000000000007       0.71937922168774693     
   8.2740000000000009       0.71956044607508340     
   8.2800000000000011       0.71960970140853830     
   8.2859999999999996       0.71926084371043608     
   8.2919999999999998       0.71910928152178444     
   8.2980000000000000       0.71931426013073130     
   8.3040000000000003       0.71928875447727281     
   8.3100000000000005       0.71934103234865043     
   8.3160000000000007       0.71928089725741917     
   8.3220000000000010       0.71968955792444833     
   8.3280000000000012       0.71964832445970406     
   8.3339999999999996       0.71973157460201964     
   8.3399999999999999       0.71964047987529556     
   8.3460000000000001       0.71978715686214922     
   8.3520000000000003       0.71967275443370993     
   8.3580000000000005       0.71941516916382864     
   8.3640000000000008       0.71953688424112994     
   8.3700000000000010       0.71949884860921831     
   8.3760000000000012       0.71992121813403986     
   8.3819999999999997       0.72007074646345282     
   8.3879999999999999       0.72016510692239355     
   8.3940000000000001       0.72025239806953101     
   8.4000000000000004       0.72002210385848842     
   8.4060000000000006       0.71984192222882992     
   8.4120000000000008       0.72001749731977660     
   8.4180000000000010       0.72013656274823612     
   8.4240000000000013       0.72025383971947543     
   8.4299999999999997       0.71976695746273300     
   8.4359999999999999       0.72039978391743509     
   8.4420000000000002       0.72019778320678052     
   8.4480000000000004       0.72004729104577625     
   8.4540000000000006       0.71964106465358102     
   8.4600000000000009       0.71983896100512723     
   8.4660000000000011       0.71969870306867312     
   8.4720000000000013       0.71936309505051510     
   8.4780000000000015       0.71926540464434308     
   8.4840000000000000       0.71920946247530526     
   8.4900000000000002       0.71931540631999946     
   8.4960000000000004       0.71942385974506351     
   8.5020000000000007       0.71959846953841788     
   8.5080000000000009       0.71964426754684951     
   8.5140000000000011       0.71965146831526983     
   8.5200000000000014       0.71958837435616985     
   8.5260000000000016       0.71964012118259169     
   8.5320000000000000       0.71990488727518720     
   8.5380000000000003       0.72027206521371334     
   8.5440000000000005       0.72063183434694622     
   8.5500000000000007       0.72030052910132170     
   8.5560000000000009       0.72018286490905348     
   8.5620000000000012       0.71991738252272830     
   8.5680000000000014       0.71950438149705886     
   8.5740000000000016       0.71975562420362482     
   8.5800000000000001       0.71992221963802283     
   8.5860000000000003       0.71984551343601244     
   8.5920000000000005       0.71986424892734746     
   8.5980000000000008       0.71979189132223453     
   8.6040000000000010       0.72013352727264257     
   8.6100000000000012       0.72026333560688593     
   8.6160000000000014       0.72062158610811478     
   8.6220000000000017       0.72083144654488363     
   8.6280000000000001       0.72028394860554135     
   8.6340000000000003       0.72001881909756271     
   8.6400000000000006       0.71997132513809114     
   8.6460000000000008       0.71988280272950711     
   8.6520000000000010       0.72007755497970249     
   8.6580000000000013       0.72036685734115946     
   8.6640000000000015       0.72027104283598287     
   8.6700000000000017       0.71980761157566531     
   8.6760000000000002       0.71979385100201965     
   8.6820000000000004       0.71956992355774585     
   8.6880000000000006       0.71950109353085956     
   8.6940000000000008       0.71969566845677901     
   8.7000000000000011       0.71999525145732091     
   8.7060000000000013       0.72005940193626272     
   8.7120000000000015       0.72050619342388178     
   8.7180000000000017       0.72054686050174677     
   8.7240000000000020       0.72078783055733808     
   8.7300000000000004       0.72102170396055698     
   8.7360000000000007       0.72126997796618852     
   8.7420000000000009       0.72176899786973847     
   8.7480000000000011       0.72208064230836322     
   8.7540000000000013       0.72220913219079697     
   8.7600000000000016       0.72201265360390887     
   8.7660000000000018       0.72224023225474898     
   8.7720000000000020       0.72205745672113686     
   8.7780000000000005       0.72206147094739093     
   8.7840000000000007       0.72175314857821327     
   8.7900000000000009       0.72092874155231856     
   8.7960000000000012       0.72089017939194266     
   8.8020000000000014       0.72102448737616920     
   8.8080000000000016       0.72102434052615616     
   8.8140000000000018       0.72097167636945414     
   8.8200000000000021       0.72092126131302092     
   8.8260000000000005       0.72088812277587366     
   8.8320000000000007       0.72116533226629576     
   8.8380000000000010       0.72136985609891613     
   8.8440000000000012       0.72089209536929610     
   8.8500000000000014       0.72106484794869652     
   8.8560000000000016       0.72076774365223606     
   8.8620000000000019       0.72069413551859562     
   8.8680000000000021       0.72108178973129700     
   8.8740000000000006       0.72082843180438005     
   8.8800000000000008       0.72107335363326641     
   8.8860000000000010       0.72104487097396419     
   8.8920000000000012       0.72065628001687176     
   8.8980000000000015       0.72111831063289700     
   8.9040000000000017       0.72113546997259637     
   8.9100000000000001       0.72128108581449824     
   8.9160000000000004       0.72100244200061514     
   8.9220000000000006       0.72109256900920493     
   8.9279999999999990       0.72109417794847863     
   8.9339999999999993       0.72101883880408901     
   8.9399999999999995       0.72124249490632586     
   8.9459999999999997       0.72128485950956789     
   8.9520000000000000       0.72108995020658995     
   8.9580000000000002       0.72139121983963261     
   8.9640000000000004       0.72108822593713129     
   8.9700000000000006       0.72154470629172396     
   8.9759999999999991       0.72173770778319524     
   8.9819999999999993       0.72180320118077190     
   8.9879999999999995       0.72184170912228363     
   8.9939999999999998       0.72181348201523043     
   9.0000000000000000       0.72190569011236350     
   9.0060000000000002       0.72200834797365765     
   9.0120000000000005       0.72228514890749096     
   9.0180000000000007       0.72208129265039112     
   9.0239999999999991       0.72243868112395426     
   9.0299999999999994       0.72256563221695747     
   9.0359999999999996       0.72279830381283605     
   9.0419999999999998       0.72270748031494259     
   9.0480000000000000       0.72237507380257493     
   9.0540000000000003       0.72214952414371258     
   9.0600000000000005       0.72227225467097100     
   9.0660000000000007       0.72217671829027053     
   9.0719999999999992       0.72226504129541469     
   9.0779999999999994       0.72254790835526128     
   9.0839999999999996       0.72266705894592842     
   9.0899999999999999       0.72250775794859146     
   9.0960000000000001       0.72221964920323289     
   9.1020000000000003       0.72240502354173664     
   9.1080000000000005       0.72207723099189247     
   9.1140000000000008       0.72219279294199135     
   9.1199999999999992       0.72245514667850064     
   9.1259999999999994       0.72267295380182095     
   9.1319999999999997       0.72229911771049982     
   9.1379999999999999       0.72228910433112825     
   9.1440000000000001       0.72239845548680348     
   9.1500000000000004       0.72216973980558408     
   9.1560000000000006       0.72212490051695721     
   9.1620000000000008       0.72271422504359728     
   9.1679999999999993       0.72271221746220249     
   9.1739999999999995       0.72307800628811181     
   9.1799999999999997       0.72303920473595118     
   9.1859999999999999       0.72332868602561484     
   9.1920000000000002       0.72344630412053335     
   9.1980000000000004       0.72364643219802138     
   9.2040000000000006       0.72383278246198002     
   9.2100000000000009       0.72425247729267861     
   9.2159999999999993       0.72431990726619433     
   9.2219999999999995       0.72435008622024999     
   9.2279999999999998       0.72462613788188013     
   9.2340000000000000       0.72457438209905001     
   9.2400000000000002       0.72429847243413004     
   9.2460000000000004       0.72433761080904724     
   9.2520000000000007       0.72441988684906555     
   9.2580000000000009       0.72405308219469888     
   9.2640000000000011       0.72418571772981888     
   9.2699999999999996       0.72449890915703719     
   9.2759999999999998       0.72436543155000688     
   9.2820000000000000       0.72419163581974022     
   9.2880000000000003       0.72400660668011396     
   9.2940000000000005       0.72444741030149451     
   9.3000000000000007       0.72427058790534293     
   9.3060000000000009       0.72443351095991426     
   9.3120000000000012       0.72438603922003997     
   9.3179999999999996       0.72440964400476093     
   9.3239999999999998       0.72447439706837868     
   9.3300000000000001       0.72431273225100401     
   9.3360000000000003       0.72396835878278787     
   9.3420000000000005       0.72403198470946317     
   9.3480000000000008       0.72437076599165739     
   9.3540000000000010       0.72426444792373723     
   9.3600000000000012       0.72393732623397000     
   9.3659999999999997       0.72406125395251253     
   9.3719999999999999       0.72377908209723596     
   9.3780000000000001       0.72394126289214478     
   9.3840000000000003       0.72461914413448880     
   9.3900000000000006       0.72422330523607947     
   9.3960000000000008       0.72459129412291634     
   9.4020000000000010       0.72450633895400962     
   9.4080000000000013       0.72448951626153235     
   9.4139999999999997       0.72436883274703512     
   9.4199999999999999       0.72411567323667958     
   9.4260000000000002       0.72433113490273193     
   9.4320000000000004       0.72449159347379855     
   9.4380000000000006       0.72463032317435494     
   9.4440000000000008       0.72480596489829374     
   9.4500000000000011       0.72506577785847459     
   9.4560000000000013       0.72484631151834433     
   9.4619999999999997       0.72457165713702032     
   9.4680000000000000       0.72498832453989992     
   9.4740000000000002       0.72495784990349577     
   9.4800000000000004       0.72497137201451478     
   9.4860000000000007       0.72485232494120566     
   9.4920000000000009       0.72475270223111021     
   9.4980000000000011       0.72470160049400334     
   9.5040000000000013       0.72471274112510098     
   9.5100000000000016       0.72524607531224228     
   9.5160000000000000       0.72540950453002018     
   9.5220000000000002       0.72496554851265638     
   9.5280000000000005       0.72507636326761016     
   9.5340000000000007       0.72521715848556145     
   9.5400000000000009       0.72500970954969191     
   9.5460000000000012       0.72518583341407072     
   9.5520000000000014       0.72516264965562838     
   9.5580000000000016       0.72507528881315997     
   9.5640000000000001       0.72525891560082256     
   9.5700000000000003       0.72507991898664803     
   9.5760000000000005       0.72493403909679666     
   9.5820000000000007       0.72491016747197989     
   9.5880000000000010       0.72522635633019694     
   9.5940000000000012       0.72513440361474713     
   9.6000000000000014       0.72565741489130331     
   9.6060000000000016       0.72570370627880887     
   9.6120000000000001       0.72607305296858027     
   9.6180000000000003       0.72621539914183264     
   9.6240000000000006       0.72679418068693846     
   9.6300000000000008       0.72679345350247948     
   9.6360000000000010       0.72681830737992326     
   9.6420000000000012       0.72725319698320001     
   9.6480000000000015       0.72758021295170294     
   9.6540000000000017       0.72720862646410611     
   9.6600000000000001       0.72726864964034532     
   9.6660000000000004       0.72708164275631038     
   9.6720000000000006       0.72731697421147212     
   9.6780000000000008       0.72714138540875883     
   9.6840000000000011       0.72727645275618491     
   9.6900000000000013       0.72708461128400881     
   9.6960000000000015       0.72727196340011935     
   9.7020000000000017       0.72772361570424293     
   9.7080000000000002       0.72798873018833776     
   9.7140000000000004       0.72811337244158791     
   9.7200000000000006       0.72868617719431339     
   9.7260000000000009       0.72824801018128660     
   9.7320000000000011       0.72863334547545133     
   9.7380000000000013       0.72864250304016653     
   9.7440000000000015       0.72838025083086000     
   9.7500000000000018       0.72844700807927709     
   9.7560000000000020       0.72859341742445005     
   9.7620000000000005       0.72868089552406157     
   9.7680000000000007       0.72876383222408203     
   9.7740000000000009       0.72885044667739662     
   9.7800000000000011       0.72877615786231886     
   9.7860000000000014       0.72881715125217783     
   9.7920000000000016       0.72879008161006620     
   9.7980000000000018       0.72875285067624407     
   9.8040000000000020       0.72869966845152712     
   9.8100000000000005       0.72881065809729484     
   9.8160000000000007       0.72908023619475282     
   9.8220000000000010       0.72884453879628586     
   9.8280000000000012       0.72890885245513926     
   9.8340000000000014       0.72936582922750415     
   9.8400000000000016       0.72915073489955706     
   9.8460000000000019       0.72923827811672415     
   9.8520000000000021       0.72930635988934522     
   9.8580000000000005       0.72926203724688576     
   9.8640000000000008       0.72929302083828107     
   9.8700000000000010       0.72840652398666883     
   9.8760000000000012       0.72886911115475461     
   9.8820000000000014       0.72914688907280589     
   9.8880000000000017       0.72907823909514169     
   9.8940000000000019       0.72914153281509220     
   9.9000000000000021       0.72942041684490821     
   9.9060000000000006       0.72922705828606704     
   9.9120000000000008       0.72922302059524213     
   9.9180000000000010       0.72886199422744380     
   9.9240000000000013       0.72894590531094383     
   9.9300000000000015       0.72855851518516790     
   9.9360000000000017       0.72852900083618466     
   9.9420000000000019       0.72821368131807673     
   9.9480000000000022       0.72833088252596490     
   9.9540000000000006       0.72817555445380633     
   9.9600000000000009       0.72817293040909858     
   9.9660000000000011       0.72787142654603154     
   9.9719999999999995       0.72842650347252780     
   9.9779999999999998       0.72828131631884840     
   9.9840000000000000       0.72828932314461614     
   9.9900000000000002       0.72813706753445373     
