   0.0000000000000000       0.99999999999996136     
   5.0000000000000003E-002  0.85122491289830560     
  0.10000000000000001       0.40087405312450292     
  0.14999999999999999       0.37220017148876189     
  0.20000000000000001       0.76696962819000969     
  0.25000000000000006       0.19303019008828487     
  0.29999999999999999       0.79319691082106214     
  0.35000000000000003       0.70066117235126402     
  0.40000000000000002       0.77793671100604411     
  0.45000000000000007       0.96521757974978140     
  0.50000000000000011       0.86568945778584683     
  0.55000000000000004       0.97914980382368388     
  0.59999999999999998       0.91372427955367963     
  0.65000000000000002       0.88745071850545454     
  0.70000000000000007       0.66301245156821165     
  0.75000000000000011       0.91368469173907563     
  0.80000000000000004       0.98178410935419247     
  0.84999999999999998       0.90332960496357695     
  0.90000000000000013       0.98969286452295813     
  0.95000000000000007       0.98570086537177370     
   1.0000000000000002       0.98492366886805305     
   1.0500000000000000       0.96885374575073979     
   1.1000000000000001       0.99791945595516718     
   1.1500000000000001       0.99845429894511117     
   1.2000000000000000       0.99559006855663801     
   1.2500000000000002       0.97878559089569372     
   1.3000000000000000       0.99721070924326227     
   1.3500000000000001       0.98731430310917401     
   1.4000000000000001       0.94682426464145764     
   1.4500000000000000       0.72433576661096521     
   1.5000000000000002       0.93083031212300393     
   1.5500000000000003       0.90090095815533955     
   1.6000000000000001       0.81959890038471961     
   1.6500000000000001       0.86156115191843208     
   1.7000000000000000       0.97442836952190170     
   1.7500000000000002       0.75085247108832276     
   1.8000000000000003       0.68313639581699004     
   1.8500000000000001       0.76822684927612750     
   1.9000000000000001       0.87931685901067569     
   1.9500000000000002       0.93007786232351597     
   2.0000000000000004       0.74058112399375198     
   2.0500000000000003       0.98005699109834210     
   2.1000000000000001       0.80049884783319958     
   2.1500000000000004       0.97958671948645160     
   2.2000000000000002       0.99871694526135801     
   2.2500000000000000       0.99519523750257455     
   2.3000000000000003       0.99137713404891070     
   2.3500000000000001       0.99645774126262709     
   2.3999999999999999       0.96732847388643151     
   2.4500000000000002       0.95258024072297776     
   2.5000000000000004       0.98184164110978589     
   2.5500000000000003       0.99420134826119533     
   2.6000000000000001       0.98719231414620512     
   2.6500000000000004       0.91629719267809584     
   2.7000000000000002       0.90543770762841314     
   2.7500000000000000       0.93005478807554487     
   2.8000000000000003       0.98713953477540484     
   2.8500000000000001       0.99833519727720776     
   2.8999999999999999       0.97440435870726405     
   2.9500000000000006       0.99833941322030884     
   3.0000000000000004       0.99856047957973959     
   3.0500000000000003       0.96647522480017489     
   3.1000000000000005       0.99059452786776991     
   3.1500000000000004       0.84441257894654109     
   3.2000000000000002       0.97927103256303916     
   3.2500000000000004       0.95695132446218667     
   3.3000000000000003       0.99151261996124573     
   3.3500000000000001       0.99883264472883471     
   3.3999999999999999       0.94042071280974693     
   3.4500000000000002       0.85825251139408465     
   3.5000000000000004       0.99587108042440831     
   3.5500000000000003       0.99849282153144947     
   3.6000000000000005       0.99478971592344878     
   3.6500000000000004       0.98297843853140199     
   3.7000000000000002       0.99413371208750723     
   3.7500000000000004       0.98063072642558258     
   3.8000000000000003       0.96682242849292810     
   3.8500000000000001       0.82171461427200665     
   3.9000000000000004       0.99815949197349119     
   3.9500000000000002       0.96333718098929089     
   4.0000000000000009       0.98285770448805077     
   4.0500000000000007       0.95411067046515818     
   4.1000000000000005       0.96428700893932862     
   4.1500000000000004       0.98892454792025608     
   4.2000000000000002       0.99412362768051921     
   4.2500000000000000       0.89405179744802399     
   4.3000000000000007       0.98828316357220414     
   4.3500000000000005       0.96619633387972748     
   4.4000000000000004       0.92526433169000211     
   4.4500000000000002       0.86088781304829076     
   4.5000000000000000       0.95563925333294342     
   4.5499999999999998       0.77461611741151060     
   4.6000000000000005       0.93393486457745178     
   4.6500000000000004       0.78317776894686930     
   4.7000000000000002       0.95974264042697033     
   4.7500000000000000       0.94897155428561819     
   4.7999999999999998       0.98204664725020796     
   4.8500000000000005       0.96981881192592012     
   4.9000000000000004       0.99738167829813551     
   4.9500000000000011       0.97505733337387646     
   5.0000000000000009       0.99775929746527470     
   5.0500000000000007       0.99183002403543041     
   5.1000000000000005       0.99651294402105761     
   5.1500000000000004       0.98955124882884893     
   5.2000000000000002       0.99749474136029870     
   5.2500000000000009       0.99672662907275889     
   5.3000000000000007       0.94472947741932123     
   5.3500000000000005       0.99591016951287870     
   5.4000000000000004       0.99794564791270235     
   5.4500000000000002       0.92490307310659603     
   5.5000000000000000       0.99750975958193444     
   5.5500000000000007       0.98991804818199913     
   5.6000000000000005       0.99744065495901479     
   5.6500000000000004       0.88508272315713188     
   5.7000000000000002       0.99784869356902572     
   5.7500000000000000       0.98602349558706226     
   5.7999999999999998       0.98253571644339488     
   5.8499999999999996       0.99580976849135927     
   5.9000000000000012       0.92372261577135617     
   5.9500000000000011       0.98074476583682846     
   6.0000000000000009       0.99347032459169959     
   6.0500000000000007       0.89796986284008906     
   6.1000000000000005       0.99617881886139292     
   6.1500000000000004       0.80586678820920121     
   6.2000000000000011       0.93707365901099882     
   6.2500000000000009       0.94601177298066641     
   6.3000000000000007       0.97859171485464214     
   6.3500000000000005       0.96570440215245346     
   6.4000000000000004       0.97680391737073347     
   6.4500000000000002       0.98809017436303570     
   6.5000000000000009       0.99579026126656744     
   6.5500000000000007       0.98048406597516036     
   6.6000000000000005       0.97446276519310449     
   6.6500000000000004       0.96508061070753304     
   6.7000000000000002       0.98386858790980358     
   6.7500000000000000       0.98769927859773499     
   6.7999999999999998       0.83199221543635293     
   6.8500000000000005       0.99680383863752609     
   6.9000000000000004       0.97832433242056327     
   6.9500000000000011       0.96805230022519162     
   7.0000000000000009       0.99269760304076460     
   7.0500000000000007       0.99672201179733244     
   7.1000000000000005       0.98738418056844257     
   7.1500000000000012       0.98120908917036920     
   7.2000000000000011       0.99686368863764963     
   7.2500000000000009       0.99672801113839615     
   7.3000000000000007       0.99232330068794383     
   7.3500000000000005       0.97295262282080941     
   7.4000000000000004       0.99372278227229383     
   7.4500000000000011       0.85973244382689196     
   7.5000000000000009       0.93031410413747573     
   7.5500000000000007       0.97372543144593682     
   7.6000000000000005       0.99558335373065909     
   7.6500000000000004       0.97946969627414782     
   7.7000000000000002       0.99179956017504234     
   7.7500000000000000       0.99599605285995796     
   7.8000000000000007       0.99096716425206088     
   7.8500000000000005       0.99531222005839004     
   7.9000000000000004       0.93653782659486773     
   7.9500000000000002       0.84182280650659380     
   8.0000000000000018       0.98772370949859190     
   8.0500000000000007       0.98979705935788720     
   8.1000000000000014       0.98237347112880524     
   8.1500000000000004       0.99684220611124974     
   8.2000000000000011       0.99654395946356977     
   8.2500000000000018       0.99262778702181409     
   8.3000000000000007       0.92468010790320654     
   8.3500000000000014       0.86651876576542175     
   8.4000000000000004       0.97462410094033902     
   8.4500000000000011       0.95454463449241689     
   8.5000000000000000       0.94727371262386306     
   8.5500000000000007       0.99695878803925175     
   8.6000000000000014       0.89303213740412923     
   8.6500000000000004       0.90614726831098291     
   8.7000000000000011       0.98278347060812599     
   8.7500000000000000       0.99598528825785027     
   8.8000000000000007       0.96145440693246065     
   8.8499999999999996       0.99597407470291976     
   8.9000000000000004       0.88729850064189075     
   8.9500000000000011       0.99477904703726650     
   9.0000000000000000       0.97103482739374880     
   9.0500000000000007       0.96252338714701069     
   9.0999999999999996       0.89222403151281970     
   9.1500000000000004       0.98204574482624118     
   9.2000000000000011       0.99191149073922202     
   9.2500000000000000       0.98766206928461020     
   9.3000000000000007       0.94817269441221619     
   9.3499999999999996       0.99638047495923365     
   9.4000000000000004       0.96769245263870884     
   9.4499999999999993       0.99184867404666111     
   9.5000000000000000       0.99127746616515244     
   9.5500000000000007       0.99617831394934708     
   9.5999999999999996       0.99547882734783133     
   9.6500000000000021       0.99610771406111842     
   9.7000000000000011       0.99521929224094741     
   9.7500000000000018       0.99382130505053157     
   9.8000000000000007       0.99279605510131208     
   9.8500000000000014       0.98898093215019656     
   9.9000000000000021       0.97252779727631355     
   9.9500000000000011       0.95592642824759511     
   10.000000000000002       0.98689555507992910     
   10.050000000000001       0.98825641351306348     
   10.100000000000001       0.99261279915689959     
   10.150000000000002       0.99031701163845609     
   10.200000000000001       0.97614226397060444     
   10.250000000000002       0.95332722303271000     
   10.300000000000001       0.97683242635861911     
   10.350000000000001       0.96617085022582760     
   10.400000000000000       0.99412874023461650     
   10.450000000000001       0.97576461810659953     
   10.500000000000002       0.98796183052185971     
   10.550000000000001       0.98915902615967077     
   10.600000000000001       0.96821244873565226     
   10.650000000000000       0.98241403318814380     
   10.700000000000001       0.97799875378295253     
   10.750000000000000       0.92600661614647517     
   10.800000000000001       0.98234115811595668     
   10.850000000000001       0.89851511922182814     
   10.900000000000000       0.97755335131140686     
   10.950000000000001       0.98354180628289145     
   11.000000000000000       0.97693691940478256     
   11.050000000000001       0.99135810811807001     
   11.100000000000001       0.98383655509982304     
   11.150000000000000       0.99155182113428797     
   11.200000000000001       0.98339768293633623     
   11.250000000000000       0.99169953896591467     
   11.300000000000001       0.98615003693441317     
   11.350000000000000       0.98027896788284863     
   11.400000000000000       0.99101362362770873     
   11.450000000000001       0.98994254242975166     
   11.500000000000000       0.98620462333988601     
   11.550000000000001       0.98582590187974051     
   11.600000000000000       0.97641125059509537     
   11.650000000000000       0.98803183146154727     
   11.699999999999999       0.98622756799513767     
   11.750000000000002       0.98520564468561544     
   11.800000000000002       0.97086095676042017     
   11.850000000000001       0.95253204578370176     
   11.900000000000002       0.97825283171759947     
   11.950000000000001       0.98688201718284541     
   12.000000000000002       0.98438102676898864     
   12.050000000000002       0.97097113360803988     
   12.100000000000001       0.98300245730557745     
   12.150000000000002       0.96091873558951224     
   12.200000000000001       0.98321879554360347     
   12.250000000000002       0.96089075694953885     
   12.300000000000001       0.97262815953961101     
   12.350000000000001       0.98089567044482739     
   12.400000000000002       0.98468817309472456     
   12.450000000000001       0.97905703107221642     
   12.500000000000002       0.98784808038795036     
   12.550000000000001       0.97414283263417611     
   12.600000000000001       0.98520161836522246     
   12.650000000000000       0.92727114789934939     
   12.700000000000001       0.98744717657303205     
   12.750000000000002       0.98801681092590998     
   12.800000000000001       0.98346314037501292     
   12.850000000000001       0.98000661350918106     
   12.900000000000000       0.98500304448134490     
   12.950000000000001       0.95179887645365513     
   13.000000000000002       0.95024835128706586     
   13.050000000000001       0.96040485026071953     
   13.100000000000001       0.98470498131770801     
   13.150000000000000       0.98449628769057118     
   13.200000000000001       0.98343979205148235     
   13.250000000000000       0.97851856524339398     
   13.300000000000001       0.92562473066311857     
   13.350000000000001       0.96589942403795903     
   13.400000000000000       0.97662112740710894     
   13.450000000000001       0.97959342752436074     
   13.500000000000000       0.97730423970050539     
   13.550000000000001       0.94286475544940596     
   13.600000000000000       0.96654459687857075     
   13.650000000000000       0.97140055923384439     
   13.700000000000001       0.97540733705116012     
   13.750000000000000       0.97844593028953930     
   13.800000000000001       0.97847770082528407     
   13.850000000000000       0.94557233250925765     
   13.900000000000002       0.98133022924569946     
   13.950000000000003       0.97906034555891031     
   14.000000000000002       0.97523298041150208     
   14.050000000000002       0.97657260928049894     
   14.100000000000001       0.97785923483366599     
   14.150000000000002       0.97678541055469059     
   14.200000000000001       0.97266435466364143     
   14.250000000000002       0.97780354855507090     
   14.300000000000002       0.97901250744905233     
   14.350000000000001       0.95984366792003117     
   14.400000000000002       0.97110816815717815     
   14.450000000000001       0.96958786860054325     
   14.500000000000002       0.97425151193142501     
   14.550000000000001       0.96950683438466345     
   14.600000000000001       0.97283131798609135     
   14.650000000000002       0.97220817654159664     
   14.700000000000001       0.95963612470361170     
   14.750000000000002       0.97127577889839323     
   14.800000000000001       0.97382167483807947     
   14.850000000000001       0.96336388024856479     
   14.900000000000002       0.97143428725001790     
   14.950000000000001       0.94899331770063799     
   15.000000000000002       0.96266781128452794     
   15.050000000000001       0.96587636747144157     
   15.100000000000001       0.96566232475279323     
   15.150000000000000       0.94603871326255895     
   15.200000000000001       0.95760334172867900     
   15.250000000000002       0.95989806417314671     
   15.300000000000001       0.95495236611264245     
   15.350000000000001       0.95990022840771372     
   15.400000000000000       0.95274869183241140     
   15.450000000000001       0.94056201286243513     
   15.500000000000000       0.92870933112704390     
   15.550000000000001       0.95427243385565064     
   15.600000000000001       0.90773919750584431     
   15.650000000000000       0.95394995610728894     
   15.700000000000001       0.94941365537339739     
   15.750000000000000       0.95480407122769850     
   15.800000000000001       0.95321244320981036     
   15.850000000000001       0.95166458441049118     
   15.900000000000000       0.95066675131111433     
   15.950000000000001       0.95376572617013311     
   16.000000000000004       0.95512568571562229     
   16.050000000000001       0.94503606808078078     
   16.100000000000001       0.94612795178708275     
   16.149999999999999       0.95805115246565287     
   16.200000000000003       0.95855319587687293     
   16.250000000000000       0.96213586126841011     
   16.300000000000001       0.96349699731347371     
   16.350000000000001       0.96512991960299310     
   16.400000000000002       0.96175827511271417     
   16.449999999999999       0.95768086043252043     
   16.500000000000004       0.95898932350769650     
   16.550000000000001       0.95565255837602470     
   16.600000000000001       0.95691394517915773     
   16.649999999999999       0.95374442089100320     
   16.700000000000003       0.95480349914591167     
   16.750000000000000       0.95238330034198737     
   16.800000000000001       0.94686557922511205     
   16.850000000000001       0.93185387930891106     
   16.900000000000002       0.94232238180861483     
   16.949999999999999       0.93793517232622547     
   17.000000000000000       0.94384256479243278     
   17.050000000000001       0.94337578932039312     
   17.100000000000001       0.94469926231913226     
   17.150000000000002       0.94110903089287479     
   17.200000000000003       0.94344012780990127     
   17.250000000000004       0.94580293278095051     
   17.300000000000001       0.94718552695243174     
   17.350000000000001       0.94960875880665363     
   17.400000000000002       0.95065504376971111     
   17.450000000000003       0.94836833759894124     
   17.500000000000000       0.95169805981526789     
   17.550000000000004       0.94303690563321607     
   17.600000000000001       0.94437969811350309     
   17.650000000000002       0.94758834606458031     
   17.699999999999999       0.94304418504467791     
   17.750000000000004       0.94659367407256612     
   17.800000000000001       0.94931199141465061     
   17.850000000000001       0.94791707093107214     
   17.900000000000002       0.95164112873613294     
   17.950000000000003       0.94916071175934535     
   18.000000000000000       0.94895204976037939     
   18.050000000000004       0.94373700466402011     
   18.100000000000001       0.93598054092930438     
   18.150000000000002       0.93552379370082939     
   18.199999999999999       0.92941317218211972     
   18.250000000000004       0.93204859293251408     
   18.300000000000001       0.92975168735223201     
   18.350000000000001       0.93359110251335420     
   18.400000000000002       0.93329933808338994     
   18.450000000000003       0.93084767219465536     
   18.500000000000000       0.92961015769669664     
   18.550000000000001       0.93310929577569435     
   18.600000000000001       0.92629491532302854     
   18.650000000000002       0.92660305040252533     
   18.699999999999999       0.92070869384212284     
   18.750000000000004       0.92405401497896433     
   18.800000000000001       0.91720971425167475     
   18.850000000000001       0.91261722344997787     
   18.899999999999999       0.90998966436580841     
   18.950000000000003       0.90529251933213228     
   19.000000000000000       0.91172020658642583     
   19.050000000000001       0.91533021208096343     
   19.100000000000001       0.91373925244159704     
   19.150000000000002       0.91884990652788623     
   19.199999999999999       0.91472922218740249     
   19.250000000000000       0.91803175805537840     
   19.300000000000004       0.91239681905380399     
   19.350000000000001       0.91118460366954246     
   19.400000000000002       0.91009583994192322     
   19.450000000000003       0.90894880808770517     
   19.500000000000004       0.90699304999873953     
   19.550000000000001       0.90654865977905952     
   19.600000000000001       0.90575618086406195     
   19.650000000000002       0.90162530563060017     
   19.700000000000003       0.89962319833108217     
   19.750000000000000       0.89946840264506067     
   19.800000000000004       0.90193246963665408     
   19.850000000000001       0.90685946769384262     
   19.900000000000002       0.90662418566973957     
   19.949999999999999       0.91387846679331186     
