   0.0000000000000000       0.99999999999995948     
   5.0000000000000001E-003  0.99391421962549820     
   1.0000000000000000E-002  0.99870947737703109     
   1.4999999999999999E-002  0.99826003185425793     
   2.0000000000000000E-002  0.99797639117668202     
   2.5000000000000005E-002  0.99701116314215388     
   2.9999999999999999E-002  0.99667812458364935     
   3.5000000000000003E-002  0.99600375891756077     
   4.0000000000000001E-002  0.99503855371293348     
   4.5000000000000005E-002  0.99453542947022999     
   5.0000000000000010E-002  0.99405633705573659     
   5.5000000000000000E-002  0.99293285903626116     
   5.9999999999999998E-002  0.99155052210710437     
   6.5000000000000002E-002  0.99103809492800510     
   7.0000000000000007E-002  0.99020899282249686     
   7.5000000000000011E-002  0.98931886578164996     
   8.0000000000000002E-002  0.98884666247369135     
   8.5000000000000006E-002  0.98751142709852302     
   9.0000000000000011E-002  0.98645281565758380     
   9.5000000000000001E-002  0.98522146568500812     
  0.10000000000000002       0.98385162751657373     
  0.10500000000000001       0.98253530657655141     
  0.11000000000000000       0.98021380159011895     
  0.11500000000000000       0.97834034451752960     
  0.12000000000000000       0.97736423659832961     
  0.12500000000000003       0.97549495369245476     
  0.13000000000000000       0.97590093096502395     
  0.13500000000000001       0.97458055955795919     
  0.14000000000000001       0.97317831195099325     
  0.14499999999999999       0.97161514647984559     
  0.15000000000000002       0.97016042523911206     
  0.15500000000000003       0.96895971064659947     
  0.16000000000000000       0.96800819939189475     
  0.16500000000000001       0.96632425642247699     
  0.17000000000000001       0.96341523954284480     
  0.17500000000000002       0.96276345157661170     
  0.18000000000000002       0.96092137240780184     
  0.18500000000000003       0.95794035070999939     
  0.19000000000000000       0.95590865696268645     
  0.19500000000000001       0.95469743354884495     
  0.20000000000000004       0.95369547913946529     
  0.20500000000000002       0.95069862443758268     
  0.21000000000000002       0.94815386228161724     
  0.21500000000000002       0.94581440784170667     
  0.22000000000000000       0.94397137598810599     
  0.22500000000000001       0.94004615673492331     
  0.23000000000000001       0.93845078383461755     
  0.23500000000000001       0.93808832259786656     
  0.23999999999999999       0.93563997168662139     
  0.24500000000000005       0.93462619671719127     
  0.25000000000000006       0.93074645840223291     
  0.25500000000000000       0.92857489370680724     
  0.26000000000000001       0.92746271880732656     
  0.26500000000000001       0.92359156653522423     
  0.27000000000000002       0.92155209357240520     
  0.27500000000000002       0.91966945076118678     
  0.28000000000000003       0.91780686413103263     
  0.28500000000000003       0.91697329614012801     
  0.28999999999999998       0.91519047594802239     
  0.29500000000000004       0.91323820952104684     
  0.30000000000000004       0.91179010312496989     
  0.30500000000000005       0.91018799713384879     
  0.31000000000000005       0.90808130237155638     
  0.31500000000000006       0.90520720776200236     
  0.32000000000000001       0.90260873712424272     
  0.32500000000000001       0.90013996117848116     
  0.33000000000000002       0.89787484963667297     
  0.33500000000000002       0.89796348907211110     
  0.34000000000000002       0.89656748558521004     
  0.34500000000000003       0.89326009296562991     
  0.35000000000000003       0.89077535883475778     
  0.35500000000000004       0.88743165227159793     
  0.36000000000000004       0.88377103946799351     
  0.36500000000000005       0.87962248778457930     
  0.37000000000000005       0.87752406316373732     
  0.37500000000000006       0.87492950503347033     
  0.38000000000000000       0.87292233239063421     
  0.38500000000000001       0.86969220218585896     
  0.39000000000000001       0.86834029594093087     
  0.39500000000000002       0.86749860653133415     
  0.40000000000000008       0.86523247565554673     
  0.40500000000000003       0.86234133395250123     
  0.41000000000000003       0.85809385507803593     
  0.41500000000000004       0.85681361755666341     
  0.42000000000000004       0.85381693382373369     
  0.42500000000000004       0.84838815627670139     
  0.43000000000000005       0.84573120299565741     
  0.43500000000000005       0.84215217236460860     
  0.44000000000000000       0.83859474832146752     
  0.44500000000000001       0.83652084801780857     
  0.45000000000000001       0.83716391263719747     
  0.45500000000000002       0.83366199272390062     
  0.46000000000000002       0.83233787935228343     
  0.46500000000000002       0.82942828227684207     
  0.47000000000000003       0.82632503078474373     
  0.47499999999999998       0.82253337228007217     
  0.47999999999999998       0.81963735561774032     
  0.48500000000000010       0.81688909653386355     
  0.49000000000000010       0.81232949514490371     
  0.49500000000000005       0.80868852016035908     
  0.50000000000000011       0.80822001585645464     
  0.50500000000000012       0.80446414018930590     
  0.51000000000000001       0.80139381182689118     
  0.51500000000000001       0.79925223206103257     
  0.52000000000000002       0.79702474874413198     
  0.52500000000000002       0.79444038825021146     
  0.53000000000000003       0.79194478576484739     
  0.53500000000000003       0.78933515746646954     
  0.54000000000000004       0.78610747932822411     
  0.54500000000000004       0.78299992676591013     
  0.55000000000000004       0.77899841742713616     
  0.55500000000000005       0.77592023784781450     
  0.56000000000000005       0.77324440537523387     
  0.56500000000000006       0.77016251432068539     
  0.57000000000000006       0.76588831207708197     
  0.57500000000000007       0.76282000265209771     
  0.57999999999999996       0.75818755356615630     
  0.58499999999999996       0.75529200356884962     
  0.59000000000000008       0.75260465682375566     
  0.59500000000000008       0.74848768844972791     
  0.60000000000000009       0.74570426380777333     
  0.60500000000000009       0.74436268639499714     
  0.61000000000000010       0.74212853613168750     
  0.61500000000000010       0.73845944004925412     
  0.62000000000000011       0.73339829032666759     
  0.62500000000000011       0.73065274300775906     
  0.63000000000000012       0.72868461933708417     
  0.63500000000000001       0.72353773584320691     
  0.64000000000000001       0.72010218253526337     
  0.64500000000000002       0.71474393329915920     
  0.65000000000000002       0.71136622121786564     
  0.65500000000000003       0.70975070713745125     
  0.66000000000000003       0.70705944955218569     
  0.66500000000000004       0.70375506020320266     
  0.67000000000000004       0.69939150597219302     
  0.67500000000000004       0.69691453274173365     
  0.68000000000000005       0.69610596116479784     
  0.68500000000000005       0.69004056198150199     
  0.69000000000000006       0.68958084281326382     
  0.69500000000000006       0.68522418066954682     
  0.70000000000000007       0.68148170686878740     
  0.70500000000000007       0.67818397498685046     
  0.71000000000000008       0.67489655233322043     
  0.71500000000000008       0.67136329965153396     
  0.72000000000000008       0.66726571556895808     
  0.72500000000000009       0.66624604219546835     
  0.73000000000000009       0.66650929263488057     
  0.73500000000000010       0.66267387165772385     
  0.74000000000000010       0.65642315004384233     
  0.74500000000000011       0.64927829472800647     
  0.75000000000000011       0.64635572721904488     
  0.75500000000000000       0.64345480972759472     
  0.76000000000000001       0.64072508459673305     
  0.76500000000000001       0.63968563190772620     
  0.77000000000000002       0.63510144608933272     
  0.77500000000000002       0.63178353481962402     
  0.78000000000000003       0.62796075391166395     
  0.78500000000000003       0.62201814525908095     
  0.79000000000000004       0.62100731989389979     
  0.79500000000000004       0.61875834720787393     
  0.80000000000000016       0.61747930915589888     
  0.80500000000000016       0.61640204435026213     
  0.81000000000000005       0.61466076790386026     
  0.81500000000000006       0.61269011023458775     
  0.82000000000000006       0.60859398818165045     
  0.82500000000000007       0.60556443523109083     
  0.83000000000000007       0.60302239156903492     
  0.83500000000000008       0.59791512726743024     
  0.84000000000000008       0.59678781217506049     
  0.84500000000000008       0.59173732553399117     
  0.85000000000000009       0.58748579105621501     
  0.85500000000000009       0.58265733546192366     
  0.86000000000000010       0.58160240655248219     
  0.86500000000000010       0.58029156176417107     
  0.87000000000000011       0.57913961809849068     
  0.87500000000000011       0.57634611325368235     
  0.88000000000000000       0.57410931761459350     
  0.88500000000000001       0.57195996430879337     
  0.89000000000000001       0.57120823794649178     
  0.89500000000000002       0.57077526542428270     
  0.90000000000000002       0.56808245040061989     
  0.90500000000000003       0.56331385256888145     
  0.91000000000000003       0.55979011736209849     
  0.91500000000000004       0.55672409328172501     
  0.92000000000000004       0.55582713756544633     
  0.92500000000000004       0.55392096395037582     
  0.93000000000000005       0.54980583487301082     
  0.93500000000000005       0.54747650457792252     
  0.94000000000000006       0.54205292190052656     
  0.94499999999999995       0.53622429945321426     
  0.94999999999999996       0.53824504911640569     
  0.95499999999999996       0.53466191571449651     
  0.95999999999999996       0.53017229963876833     
  0.96500000000000019       0.52737412153606533     
  0.97000000000000020       0.52658514375917842     
  0.97500000000000020       0.52179881592923960     
  0.98000000000000020       0.52135674344875960     
  0.98500000000000010       0.51726186797967244     
  0.99000000000000010       0.51396793007880726     
  0.99500000000000011       0.51041779850616176     
   1.0000000000000002       0.50557830207226351     
   1.0050000000000001       0.50170981499239620     
   1.0100000000000002       0.50063374880737777     
   1.0150000000000001       0.49724988062247649     
   1.0200000000000000       0.49410845385417673     
   1.0250000000000001       0.49274573741305622     
   1.0300000000000000       0.48857413482712742     
   1.0350000000000001       0.48523058358195931     
   1.0400000000000000       0.48112226000973074     
   1.0450000000000002       0.48165558522718510     
   1.0500000000000000       0.48071024325362044     
   1.0550000000000002       0.47833714120976856     
   1.0600000000000001       0.47547833925482552     
   1.0650000000000002       0.47259369667571172     
   1.0700000000000001       0.46938690891569917     
   1.0750000000000002       0.46738866352384478     
   1.0800000000000001       0.46308442645437498     
   1.0850000000000002       0.46100494543038495     
   1.0900000000000001       0.45925696532373272     
   1.0950000000000000       0.45673162453576943     
   1.1000000000000001       0.45550202351992497     
   1.1050000000000000       0.45444115601881274     
   1.1100000000000001       0.45226631322819272     
   1.1150000000000000       0.45029286844665878     
   1.1200000000000001       0.45090526148055582     
   1.1250000000000000       0.45092448263788742     
   1.1300000000000001       0.44670059987419636     
   1.1350000000000000       0.44309830607889211     
   1.1400000000000001       0.44223265839979969     
   1.1450000000000000       0.44011021340079681     
   1.1500000000000001       0.43805458488265514     
   1.1550000000000000       0.43537416441855215     
   1.1599999999999999       0.43136764532119787     
   1.1650000000000000       0.42949285819488864     
   1.1699999999999999       0.42863511147487177     
   1.1750000000000003       0.42802965199515164     
   1.1800000000000002       0.42261921556821086     
   1.1850000000000003       0.42290251331506501     
   1.1900000000000002       0.42085348777203513     
   1.1950000000000001       0.41761197519843463     
   1.2000000000000002       0.41829024178418800     
   1.2050000000000001       0.41909223730152562     
   1.2100000000000002       0.41525215837067286     
   1.2150000000000001       0.41139812817219046     
   1.2200000000000002       0.41048556884316256     
   1.2250000000000001       0.40908072312351385     
   1.2300000000000002       0.40836176173232092     
   1.2350000000000001       0.40764560863280697     
   1.2400000000000002       0.40656570021181643     
   1.2450000000000001       0.40414856459147497     
   1.2500000000000002       0.40267463638346579     
   1.2550000000000001       0.40084720566592297     
   1.2600000000000002       0.39839951150330044     
   1.2650000000000001       0.39456242173492012     
   1.2700000000000000       0.39238878399319638     
   1.2750000000000001       0.38887805766063971     
   1.2800000000000000       0.38496851135295196     
   1.2850000000000001       0.38235897861565304     
   1.2900000000000000       0.37996302405237192     
   1.2950000000000002       0.37886230689186695     
   1.3000000000000000       0.37924497123093681     
   1.3050000000000002       0.37901583232295954     
   1.3100000000000001       0.37477802465274901     
   1.3150000000000002       0.37369044960397002     
   1.3200000000000001       0.37094992437631319     
   1.3250000000000002       0.36775272320576302     
   1.3300000000000001       0.36692972482498720     
   1.3350000000000000       0.36869433722102485     
   1.3400000000000001       0.36610720887048603     
   1.3450000000000000       0.36329264026054248     
   1.3500000000000001       0.36361663384137305     
   1.3550000000000000       0.36461480783915190     
   1.3600000000000001       0.36389908079369920     
   1.3650000000000000       0.35835175355597881     
   1.3700000000000001       0.35832418616873268     
   1.3750000000000000       0.35763072230161291     
   1.3800000000000001       0.35497413108248044     
   1.3850000000000000       0.35272962687098935     
   1.3900000000000001       0.35030456155225814     
   1.3950000000000002       0.34816765090476975     
   1.4000000000000001       0.34736015576156487     
   1.4050000000000002       0.34486148129794275     
   1.4100000000000001       0.34117573360143377     
   1.4150000000000003       0.33892481280156556     
   1.4200000000000002       0.33783002145857072     
   1.4250000000000003       0.33416110958910550     
   1.4300000000000002       0.33142151410286508     
   1.4350000000000003       0.33101612149930759     
   1.4400000000000002       0.32956591343015806     
   1.4450000000000001       0.32530171689242715     
   1.4500000000000002       0.32248471687869745     
   1.4550000000000001       0.32126055022509592     
   1.4600000000000002       0.32028404922053055     
   1.4650000000000001       0.31758477974588378     
   1.4700000000000002       0.31740895199441471     
   1.4750000000000001       0.31922632946118312     
   1.4800000000000002       0.31926236828660037     
   1.4850000000000001       0.31828010458527034     
   1.4900000000000002       0.31720982713932777     
   1.4950000000000001       0.31530239472024219     
   1.5000000000000002       0.31412649482244598     
   1.5050000000000001       0.31182582979374529     
   1.5100000000000000       0.30973945281156023     
   1.5150000000000001       0.30982831522422344     
   1.5200000000000000       0.30623656388818726     
   1.5250000000000001       0.30676176188398824     
   1.5300000000000000       0.30436854458507040     
   1.5350000000000001       0.30129323500489663     
   1.5400000000000000       0.29699411437797590     
   1.5450000000000002       0.29602079561896932     
   1.5500000000000000       0.29473504448146870     
   1.5550000000000002       0.29463163759818428     
   1.5600000000000001       0.29131447798874704     
   1.5650000000000002       0.28978787583155713     
   1.5700000000000001       0.28839306512449542     
   1.5750000000000000       0.28637585434277990     
   1.5800000000000001       0.28151890700672466     
   1.5850000000000000       0.28014768902610987     
   1.5900000000000001       0.27906131590935279     
   1.5950000000000000       0.27624035781896006     
   1.6000000000000003       0.27601703843837078     
   1.6050000000000002       0.27355903030512535     
   1.6100000000000003       0.27170512155985738     
   1.6150000000000000       0.26780078368937832     
   1.6200000000000001       0.26859154614593700     
   1.6250000000000000       0.26601892706642682     
   1.6300000000000001       0.26581369799237281     
   1.6350000000000000       0.26503733560081638     
   1.6400000000000001       0.26592919215615840     
   1.6450000000000000       0.26512420001515674     
   1.6500000000000001       0.26375925052939408     
   1.6550000000000000       0.26419035392173618     
   1.6600000000000001       0.26224418559686308     
   1.6650000000000000       0.25977319591545922     
   1.6700000000000002       0.25931507043100727     
   1.6750000000000000       0.26317091728723391     
   1.6800000000000002       0.26018501819839579     
   1.6850000000000001       0.25822236235878943     
   1.6900000000000002       0.25637718752885863     
   1.6950000000000001       0.25332433191323239     
   1.7000000000000002       0.25247020450413421     
   1.7050000000000001       0.25069654081630222     
   1.7100000000000002       0.24985607327536932     
   1.7150000000000003       0.24962213770905578     
   1.7200000000000002       0.24834003010545844     
   1.7250000000000003       0.24743212714762955     
   1.7300000000000002       0.24528805140601287     
   1.7350000000000003       0.24428778939726487     
   1.7400000000000002       0.24481703197294652     
   1.7450000000000003       0.24424214646934289     
   1.7500000000000002       0.24437670142278192     
   1.7550000000000003       0.24516268774351835     
   1.7600000000000000       0.24344065587957686     
   1.7650000000000003       0.24182065839192268     
   1.7700000000000000       0.24326221672060716     
   1.7750000000000004       0.24227448430403226     
   1.7800000000000000       0.24318490759818898     
   1.7850000000000004       0.24236335719431779     
   1.7900000000000000       0.23994996750057493     
   1.7950000000000002       0.23969439790575200     
   1.8000000000000000       0.24109121323086752     
   1.8050000000000002       0.24012562725983469     
   1.8100000000000001       0.23974117144116025     
   1.8150000000000002       0.23890686927326940     
   1.8200000000000001       0.23831978778200780     
   1.8250000000000002       0.23572076247560220     
   1.8300000000000001       0.23524373128885856     
   1.8350000000000002       0.23185035619365923     
   1.8400000000000001       0.23191153603218131     
   1.8450000000000002       0.23002355567933580     
   1.8500000000000001       0.23047168320220526     
   1.8550000000000002       0.23131289925637760     
   1.8600000000000001       0.23113302620276080     
   1.8650000000000002       0.22982694654794059     
   1.8700000000000001       0.23191387272039743     
   1.8750000000000002       0.23080062518692607     
   1.8800000000000001       0.23142132659265566     
   1.8850000000000002       0.22851771413154423     
   1.8899999999999999       0.22793643384559492     
   1.8950000000000002       0.22692308114217724     
   1.8999999999999999       0.22637740314354765     
   1.9050000000000002       0.22582878686189958     
   1.9099999999999999       0.22579436270896672     
   1.9150000000000003       0.22627352228609920     
   1.9199999999999999       0.22542744905644227     
   1.9250000000000003       0.22622813849290549     
   1.9300000000000004       0.22409696897741516     
   1.9350000000000001       0.22217181047570606     
   1.9400000000000004       0.22182131992786441     
   1.9450000000000001       0.22266326461105757     
   1.9500000000000004       0.22263603413007707     
   1.9550000000000001       0.22262883235341396     
   1.9600000000000004       0.22186397145274259     
   1.9650000000000001       0.22072553374912041     
   1.9700000000000002       0.22081375252705374     
   1.9750000000000001       0.22053613251512952     
   1.9800000000000002       0.21880915676446072     
   1.9850000000000001       0.21704477476980533     
   1.9900000000000002       0.21853066014359537     
   1.9950000000000001       0.21661651212629099     
   2.0000000000000004       0.21575300946509265     
   2.0049999999999999       0.21469642236780023     
   2.0100000000000002       0.21399535076147319     
   2.0150000000000001       0.21521893728865008     
   2.0200000000000005       0.21427060883760921     
   2.0249999999999999       0.21392260590928733     
   2.0300000000000002       0.21303734137032160     
   2.0350000000000001       0.21170113456048981     
   2.0400000000000000       0.21058569105575883     
   2.0449999999999999       0.21079865338897302     
   2.0500000000000003       0.20877273892060483     
   2.0550000000000002       0.20809737347134410     
   2.0600000000000001       0.20677528195606104     
   2.0649999999999999       0.20476772792252612     
   2.0700000000000003       0.20371128783286827     
   2.0750000000000002       0.20359153611012107     
   2.0800000000000001       0.20363964828734427     
   2.0850000000000000       0.20224891484794597     
   2.0900000000000003       0.20281997233051124     
   2.0950000000000002       0.20337053034058489     
   2.1000000000000001       0.20165892949094860     
   2.1050000000000000       0.19974258023598418     
   2.1100000000000003       0.20013298685873421     
   2.1150000000000002       0.20056746489612651     
   2.1200000000000001       0.19929836654886138     
   2.1250000000000000       0.19978921836386743     
   2.1300000000000003       0.19791883937176522     
   2.1350000000000002       0.19922080466694053     
   2.1400000000000001       0.19822775103444201     
   2.1450000000000005       0.19884308742795925     
   2.1500000000000004       0.19905178025977835     
   2.1550000000000002       0.19763233760176502     
   2.1600000000000001       0.19689371375526202     
   2.1650000000000005       0.19580108961784953     
   2.1700000000000004       0.19198335735496222     
   2.1750000000000003       0.19123492380882853     
   2.1800000000000002       0.19056706657965658     
   2.1850000000000005       0.18908491302069280     
   2.1899999999999999       0.18913212439774690     
   2.1950000000000003       0.18882968083385970     
   2.2000000000000002       0.18987760180326443     
   2.2050000000000005       0.18929070570618170     
   2.2100000000000000       0.18742663260582179     
   2.2150000000000003       0.18545681158467692     
   2.2200000000000002       0.18210342677262534     
   2.2250000000000001       0.18151712774039286     
   2.2300000000000000       0.18235476312432836     
   2.2350000000000003       0.17992799689069738     
   2.2400000000000002       0.17716305133244484     
   2.2450000000000001       0.17622899342867859     
   2.2500000000000000       0.17541035486958717     
   2.2550000000000003       0.17332240481896874     
   2.2600000000000002       0.17084535038893486     
   2.2650000000000001       0.16966665692388910     
   2.2700000000000000       0.17006397330666415     
   2.2750000000000004       0.17116194537661564     
   2.2800000000000002       0.17233327986966498     
   2.2850000000000001       0.17172142745549404     
   2.2900000000000000       0.17082869869788622     
   2.2950000000000004       0.17191611982998620     
   2.3000000000000003       0.17055965390586722     
   2.3050000000000002       0.17054643111434273     
   2.3100000000000001       0.17212102175502017     
   2.3150000000000004       0.17285785636769752     
   2.3199999999999998       0.17368986257336558     
   2.3250000000000002       0.17114509871570335     
   2.3300000000000001       0.16935481240085112     
   2.3350000000000004       0.17004161127383324     
   2.3399999999999999       0.16946840692323234     
   2.3450000000000002       0.17022986539359533     
   2.3500000000000005       0.16934947805519868     
   2.3550000000000000       0.17131746557697325     
   2.3600000000000003       0.17044156003175315     
   2.3650000000000002       0.16979101612084849     
   2.3700000000000006       0.16869713366924322     
   2.3750000000000000       0.16972748719895603     
   2.3800000000000003       0.16808279922198477     
   2.3850000000000002       0.16910790689701330     
   2.3900000000000001       0.16910490613996906     
   2.3950000000000000       0.16939623981742336     
   2.4000000000000004       0.16949639319921070     
   2.4050000000000002       0.16794724966857633     
   2.4100000000000001       0.16825679554966089     
   2.4150000000000000       0.16918942923575078     
   2.4200000000000004       0.16903242546335029     
   2.4250000000000003       0.16782693798834475     
   2.4300000000000002       0.16929665550856210     
   2.4350000000000001       0.16840399269888437     
   2.4400000000000004       0.17027760915682191     
   2.4450000000000003       0.17018177872927814     
   2.4500000000000002       0.16910674739618203     
   2.4550000000000001       0.17093104628366837     
   2.4600000000000004       0.16890891575291189     
   2.4650000000000003       0.16826647895321617     
   2.4700000000000002       0.16738113125527665     
   2.4750000000000001       0.16765055419343863     
   2.4800000000000004       0.16875778794013591     
   2.4849999999999999       0.17056309530469049     
   2.4900000000000002       0.16893093516528074     
   2.4950000000000001       0.16869458705759713     
   2.5000000000000004       0.16698857124251723     
   2.5049999999999999       0.16620237502495364     
   2.5100000000000002       0.16699787512886691     
   2.5150000000000001       0.16604331440208800     
   2.5200000000000005       0.16764956613132251     
   2.5249999999999999       0.16685853492416802     
   2.5300000000000002       0.16621266441827684     
   2.5350000000000001       0.16600435122406570     
   2.5400000000000000       0.16502471144211875     
   2.5449999999999999       0.16449351543481416     
   2.5500000000000003       0.16461776841181919     
   2.5550000000000002       0.16284551372434303     
   2.5600000000000001       0.16423853002193475     
   2.5650000000000004       0.16207283150412491     
   2.5700000000000003       0.16060674325954175     
   2.5750000000000002       0.16016793769855314     
   2.5800000000000001       0.15853861610736972     
   2.5850000000000004       0.16068296704205190     
   2.5900000000000003       0.16072697765462299     
   2.5950000000000002       0.16019954769585906     
   2.6000000000000001       0.15936553693613087     
   2.6050000000000004       0.15888866473709193     
   2.6100000000000003       0.15727243153578935     
   2.6150000000000002       0.15549486446684405     
   2.6200000000000001       0.15566086084048239     
   2.6250000000000004       0.15479110213681821     
   2.6300000000000003       0.15378102446807521     
   2.6350000000000002       0.15644480395749213     
   2.6400000000000001       0.15743589257054760     
   2.6450000000000005       0.15931939575178405     
   2.6500000000000004       0.15975518884801060     
   2.6550000000000002       0.15826370463366013     
   2.6600000000000001       0.16049138802559229     
   2.6650000000000005       0.16077832447708501     
   2.6699999999999999       0.16057406272161240     
   2.6750000000000003       0.16035583879942658     
   2.6800000000000002       0.16235488383185306     
   2.6850000000000005       0.16338889403182219     
   2.6899999999999999       0.16274916134662118     
   2.6950000000000003       0.16170828574500476     
   2.7000000000000002       0.16214015275204832     
   2.7050000000000001       0.16207060301318502     
   2.7100000000000000       0.16191883055804632     
   2.7150000000000003       0.16159373615129960     
   2.7200000000000002       0.16250050279716743     
   2.7250000000000001       0.16261547076593699     
   2.7300000000000000       0.16484261456101518     
   2.7350000000000003       0.16457673292718067     
   2.7400000000000002       0.16436271854104584     
   2.7450000000000001       0.16318444815889707     
   2.7500000000000000       0.16345226569802287     
   2.7550000000000003       0.16327353504892339     
   2.7600000000000002       0.16325702694576905     
   2.7650000000000001       0.16354326180840562     
   2.7700000000000000       0.16511436436673088     
   2.7750000000000004       0.16783008270184063     
   2.7800000000000002       0.16679635228402351     
   2.7850000000000001       0.16769508667015473     
   2.7900000000000005       0.16686260576406026     
   2.7950000000000004       0.16561998771640229     
   2.8000000000000003       0.16585684932027278     
   2.8050000000000002       0.16537703601205939     
   2.8100000000000005       0.16605624087542167     
   2.8150000000000004       0.16540627433307103     
   2.8200000000000003       0.16438530602761844     
   2.8250000000000002       0.16409653295760876     
   2.8300000000000005       0.16144104620462435     
   2.8350000000000004       0.16117753395604348     
   2.8400000000000003       0.16141337033278128     
   2.8450000000000002       0.16365536724284835     
   2.8500000000000005       0.16317084009235927     
   2.8550000000000000       0.16375588622196097     
   2.8600000000000003       0.16364915554897499     
   2.8650000000000002       0.16528028673418624     
   2.8700000000000006       0.16699489617894694     
   2.8750000000000000       0.17059201180620084     
   2.8800000000000003       0.16885896949501270     
   2.8850000000000002       0.16832362669125758     
   2.8900000000000001       0.16902701793423114     
   2.8950000000000000       0.16954345665039428     
   2.9000000000000004       0.16873908435054236     
   2.9050000000000002       0.16844369896614703     
   2.9100000000000001       0.16720975529026624     
   2.9150000000000000       0.16717242308818980     
   2.9200000000000004       0.16871006975506894     
   2.9250000000000003       0.17016681918513099     
   2.9300000000000002       0.17032399138800142     
   2.9350000000000001       0.17064765950530109     
   2.9400000000000004       0.17175487028451045     
   2.9450000000000003       0.17348734457265880     
   2.9500000000000002       0.17306090816031713     
   2.9550000000000001       0.17416950080054158     
   2.9600000000000004       0.17079513070349464     
   2.9650000000000003       0.17072085541577325     
   2.9700000000000002       0.17162011233860047     
   2.9750000000000001       0.17230767501269031     
   2.9800000000000004       0.17336182063314562     
   2.9849999999999999       0.17388031443540636     
   2.9900000000000002       0.17392020963196292     
   2.9950000000000006       0.17581743794149779     
   3.0000000000000004       0.17590792827806032     
   3.0050000000000003       0.17503300433935665     
   3.0100000000000002       0.17392244278337179     
   3.0150000000000006       0.17581389828373012     
   3.0200000000000000       0.17770659181569318     
   3.0250000000000004       0.17769791899633855     
   3.0300000000000002       0.17958455534789183     
   3.0350000000000006       0.17951961187514986     
   3.0400000000000000       0.18066413610240584     
   3.0450000000000004       0.17915022405046432     
   3.0500000000000003       0.17901046811210447     
   3.0550000000000002       0.17745522620380266     
   3.0600000000000001       0.17458058377067526     
   3.0650000000000004       0.17459853355109045     
   3.0700000000000003       0.17486799465842720     
   3.0750000000000002       0.17393963430594642     
   3.0800000000000001       0.17293272916207372     
   3.0850000000000004       0.17190035814595089     
   3.0900000000000003       0.16975081830709324     
   3.0950000000000002       0.16947893743831974     
   3.1000000000000001       0.16941026884048735     
   3.1050000000000004       0.16682709187259975     
   3.1100000000000003       0.16771760429772453     
   3.1150000000000002       0.16705298391771375     
   3.1200000000000001       0.16644248262994712     
   3.1250000000000004       0.16510325520555005     
   3.1300000000000003       0.16577052360201264     
   3.1350000000000002       0.16542879347595521     
   3.1400000000000001       0.16307605980006670     
   3.1450000000000005       0.16488055734684651     
   3.1499999999999999       0.16370440186924901     
   3.1550000000000002       0.16299285832917593     
   3.1600000000000001       0.16120254993663186     
   3.1650000000000005       0.16137621088558282     
   3.1699999999999999       0.16102275992767942     
   3.1750000000000003       0.15999537283671211     
   3.1800000000000002       0.15970529298905339     
   3.1850000000000005       0.16082757835813222     
   3.1899999999999999       0.16078348936987144     
   3.1950000000000003       0.16186934350949023     
   3.2000000000000006       0.16114493604468283     
   3.2050000000000001       0.16000732333727513     
   3.2100000000000004       0.15999970048504483     
   3.2150000000000003       0.16109035146839817     
   3.2200000000000006       0.16235094515032275     
   3.2250000000000001       0.16119097748097408     
   3.2300000000000000       0.16321342174797646     
   3.2350000000000003       0.16187603750823040     
   3.2400000000000002       0.16292939875011581     
   3.2450000000000006       0.16374447255055236     
   3.2500000000000000       0.16174148575727806     
   3.2550000000000003       0.16221434788409586     
   3.2600000000000002       0.16187212838325202     
   3.2650000000000006       0.16095491599237513     
   3.2700000000000000       0.16125482879555747     
   3.2750000000000004       0.16194427483705956     
   3.2800000000000002       0.16226011272451371     
   3.2850000000000006       0.16248573334929206     
   3.2900000000000000       0.16149079340205241     
   3.2950000000000004       0.16171181553523650     
   3.3000000000000003       0.16253533535353445     
   3.3050000000000006       0.16255738647791265     
   3.3100000000000001       0.16208229216483283     
   3.3150000000000004       0.16086247536568241     
   3.3200000000000003       0.16023837611986791     
   3.3250000000000006       0.16031272943689262     
   3.3300000000000001       0.15951622402788374     
   3.3350000000000000       0.15843098136946163     
   3.3400000000000003       0.15757010166416729     
   3.3450000000000006       0.15805796501954064     
   3.3500000000000001       0.15723888930058194     
   3.3550000000000000       0.15636443832850708     
   3.3600000000000003       0.15565215404632379     
   3.3650000000000007       0.15455260159672110     
   3.3700000000000001       0.15373400246879232     
   3.3750000000000000       0.15330097794569508     
   3.3800000000000003       0.15405146430692707     
   3.3850000000000007       0.15422677276504942     
   3.3900000000000001       0.15365001393706171     
   3.3950000000000000       0.15365132388287331     
   3.4000000000000004       0.15458825421117370     
   3.4050000000000007       0.15363053031999022     
   3.4100000000000001       0.15320309496392626     
   3.4150000000000000       0.15379190274253629     
   3.4200000000000004       0.15505607316903461     
   3.4250000000000003       0.15494475031040977     
   3.4300000000000006       0.15627737970915392     
   3.4350000000000001       0.15574130791605051     
   3.4400000000000004       0.15576017239874379     
   3.4450000000000003       0.15444667676852861     
   3.4500000000000006       0.15464924933806645     
   3.4550000000000001       0.15541937680514076     
   3.4600000000000004       0.15564979674023782     
   3.4650000000000003       0.15813796952242859     
   3.4700000000000006       0.15741425895202560     
   3.4750000000000001       0.15588149072685084     
   3.4800000000000004       0.15634091885942705     
   3.4850000000000003       0.15802489537327810     
   3.4900000000000007       0.15825307864298357     
   3.4950000000000001       0.15878778785264078     
   3.5000000000000004       0.16061487525894469     
   3.5050000000000003       0.16076559176897168     
   3.5100000000000007       0.16077785954514726     
   3.5150000000000001       0.16131477430435626     
   3.5200000000000000       0.16078787692192514     
   3.5250000000000004       0.15993614535664957     
   3.5300000000000007       0.16062397970942049     
   3.5350000000000001       0.15930890242017784     
   3.5400000000000000       0.15966488207049806     
   3.5450000000000004       0.15890706404091062     
   3.5500000000000007       0.15933248832546071     
   3.5550000000000002       0.16118357974041422     
   3.5600000000000001       0.16139037867752296     
   3.5650000000000004       0.16222411135472975     
   3.5700000000000007       0.16150332866392816     
   3.5750000000000002       0.16257370062876536     
   3.5800000000000001       0.16253305802934503     
   3.5850000000000004       0.16249112218739017     
   3.5900000000000003       0.16237961924294117     
   3.5950000000000002       0.16205609476824093     
   3.6000000000000001       0.16326925270727571     
   3.6050000000000004       0.16349487449292974     
   3.6100000000000003       0.16302614453479325     
   3.6149999999999998       0.16333460044585965     
   3.6200000000000001       0.16335794011694399     
   3.6250000000000004       0.16248361032397229     
   3.6300000000000003       0.16441396774289144     
   3.6350000000000007       0.16378164906027939     
   3.6400000000000001       0.16411754106262760     
   3.6450000000000005       0.16210264128830612     
   3.6500000000000004       0.16301258238483535     
   3.6550000000000007       0.16561836911441893     
   3.6600000000000001       0.16398700729752444     
   3.6650000000000005       0.16329887193453171     
   3.6700000000000004       0.16310619050721520     
   3.6750000000000007       0.16311155176896736     
   3.6800000000000002       0.16169999490059650     
   3.6850000000000001       0.16131914190959651     
   3.6900000000000004       0.16146487526987349     
   3.6950000000000007       0.16125277707643976     
   3.7000000000000002       0.16183196012574358     
   3.7050000000000001       0.16174585933845803     
   3.7100000000000004       0.16069544230123695     
   3.7150000000000007       0.16148671403973452     
   3.7200000000000002       0.16042982682892559     
   3.7250000000000001       0.16239596145562654     
   3.7300000000000004       0.16218637895053004     
   3.7350000000000008       0.16190608724334613     
   3.7400000000000002       0.16254738654370851     
   3.7450000000000001       0.16336849294885658     
   3.7500000000000004       0.16237741290352431     
   3.7550000000000008       0.16189605342285993     
   3.7600000000000002       0.16236577435047952     
   3.7650000000000001       0.16392369787908589     
   3.7700000000000005       0.16339224313054074     
   3.7750000000000004       0.16166925572205951     
   3.7799999999999998       0.16075376664880672     
   3.7850000000000001       0.16052445458554615     
   3.7900000000000005       0.15988229640339935     
   3.7950000000000004       0.15958078074084286     
   3.7999999999999998       0.15977645606995172     
   3.8050000000000002       0.16103784386823855     
   3.8100000000000005       0.16165772545385884     
   3.8150000000000004       0.16131504505236596     
   3.8199999999999998       0.16106689215332173     
   3.8250000000000002       0.16209359042805044     
   3.8300000000000005       0.16289952502488197     
   3.8350000000000004       0.16370323960380784     
   3.8399999999999999       0.16350690667358161     
   3.8450000000000002       0.16316293707521495     
   3.8500000000000005       0.16201553767170646     
   3.8550000000000004       0.16198384242806946     
   3.8600000000000008       0.16364542322086514     
   3.8650000000000002       0.16369499861364742     
   3.8700000000000001       0.16357984541899429     
   3.8750000000000004       0.16328784410243360     
   3.8800000000000008       0.16375777775591432     
   3.8850000000000002       0.16309050061980951     
   3.8900000000000001       0.16259198187104312     
   3.8950000000000005       0.16296182585409288     
   3.9000000000000008       0.16443196527367057     
   3.9050000000000002       0.16519917328768924     
   3.9100000000000001       0.16463622797391561     
   3.9150000000000005       0.16562158464893934     
   3.9200000000000008       0.16650308493916194     
   3.9250000000000003       0.16661071156000373     
   3.9300000000000002       0.16845722354794981     
   3.9350000000000005       0.16913801499427239     
   3.9400000000000004       0.17001719635792148     
   3.9450000000000003       0.16997339929254418     
   3.9500000000000002       0.17067869336600294     
   3.9550000000000005       0.17074172771953006     
   3.9600000000000004       0.17115736350673200     
   3.9649999999999999       0.17344258089628800     
   3.9700000000000002       0.17344551301377714     
   3.9750000000000005       0.17374426239764024     
   3.9800000000000004       0.17485626296806420     
   3.9849999999999999       0.17482490670138442     
   3.9900000000000002       0.17447351989850024     
