   0.0000000000000000       0.99999999746921531     
   4.0000000000000001E-003  0.98760399027900636     
   8.0000000000000002E-003  0.99838702045941186     
   1.1999999999999999E-002  0.99809881847087767     
   1.6000000000000000E-002  0.99700851200698293     
   2.0000000000000000E-002  0.99484405287561772     
   2.3999999999999997E-002  0.99479990843965260     
   2.7999999999999997E-002  0.99349610525647991     
   3.2000000000000001E-002  0.99263807346527777     
   3.5999999999999997E-002  0.99196692482717008     
   4.0000000000000001E-002  0.98972254672978688     
   4.3999999999999997E-002  0.98860579761619483     
   4.7999999999999994E-002  0.98737793127371920     
   5.1999999999999998E-002  0.98326943740606410     
   5.5999999999999994E-002  0.98294426721008932     
   5.9999999999999998E-002  0.98066876185024721     
   6.4000000000000001E-002  0.98030791791066763     
   6.7999999999999991E-002  0.97835012079449091     
   7.1999999999999995E-002  0.97799541014602975     
   7.5999999999999998E-002  0.97615951495506093     
   8.0000000000000002E-002  0.97578160225875632     
   8.3999999999999991E-002  0.97423852613253259     
   8.7999999999999995E-002  0.96975356567469329     
   9.1999999999999985E-002  0.96691178354453322     
   9.5999999999999988E-002  0.96326788187677592     
  0.10000000000000001       0.96069641601544364     
  0.10400000000000000       0.95641696519264296     
  0.10800000000000000       0.95384478871088074     
  0.11199999999999999       0.94995240650431811     
  0.11599999999999999       0.94641175757421381     
  0.12000000000000000       0.94288394910661188     
  0.12400000000000000       0.93957558687641385     
  0.12800000000000000       0.93715051460904397     
  0.13199999999999998       0.93359052329030723     
  0.13599999999999998       0.92997172734107458     
  0.14000000000000001       0.92665393567565557     
  0.14399999999999999       0.92104589469968767     
  0.14799999999999999       0.91872651643749403     
  0.15200000000000000       0.91366918408049591     
  0.15600000000000000       0.90881008600127200     
  0.16000000000000000       0.90352147367961111     
  0.16400000000000001       0.90087608375570949     
  0.16799999999999998       0.89630649759482250     
  0.17199999999999999       0.89086613747927024     
  0.17599999999999999       0.88383489624760325     
  0.17999999999999999       0.88107645086212183     
  0.18399999999999997       0.87480449532731053     
  0.18799999999999997       0.87178677886590206     
  0.19199999999999998       0.86782877189340968     
  0.19600000000000001       0.86312093669708145     
  0.20000000000000001       0.86117182311026197     
  0.20399999999999999       0.85761231492198098     
  0.20799999999999999       0.85358210937119705     
  0.21199999999999999       0.85157090308662176     
  0.21600000000000000       0.84721580465419533     
  0.21999999999999997       0.84367955766692015     
  0.22399999999999998       0.83845255611247005     
  0.22799999999999998       0.83226587226259163     
  0.23199999999999998       0.82516350276837236     
  0.23600000000000002       0.82096907100687166     
  0.23999999999999999       0.81593832664624200     
  0.24399999999999999       0.80953510314162380     
  0.24800000000000000       0.80443673761826573     
  0.25200000000000000       0.79646626043067426     
  0.25600000000000001       0.78881514658355356     
  0.26000000000000001       0.78368680972466298     
  0.26399999999999996       0.77925729483768735     
  0.26799999999999996       0.77326778342394387     
  0.27199999999999996       0.76821957521931583     
  0.27599999999999997       0.76574157244789687     
  0.28000000000000003       0.75907101949135403     
  0.28399999999999997       0.75343619433141495     
  0.28799999999999998       0.74673954285733313     
  0.29199999999999998       0.74112191083884582     
  0.29599999999999999       0.73518340021281225     
  0.29999999999999999       0.72961631757300072     
  0.30399999999999999       0.72218578100014474     
  0.30800000000000000       0.71584129825327070     
  0.31200000000000000       0.71091924365761361     
  0.31599999999999995       0.70617049589934378     
  0.32000000000000001       0.70406033842301452     
  0.32400000000000001       0.70097887902786737     
  0.32800000000000001       0.69401307561581627     
  0.33200000000000002       0.68853900870687212     
  0.33599999999999997       0.68509426701185550     
  0.33999999999999997       0.68038233427704042     
  0.34399999999999997       0.67587374951393786     
  0.34799999999999998       0.67164972997192052     
  0.35199999999999998       0.66689861902811109     
  0.35599999999999998       0.66175673978268923     
  0.35999999999999999       0.65803378547665514     
  0.36399999999999993       0.65586085123208626     
  0.36799999999999994       0.64854280852462032     
  0.37199999999999994       0.64303558722738285     
  0.37599999999999995       0.63908278274494312     
  0.37999999999999995       0.63558050024357082     
  0.38399999999999995       0.62991102135514687     
  0.38800000000000001       0.62328207258253743     
  0.39200000000000002       0.61641235689231866     
  0.39600000000000002       0.60776467212188179     
  0.40000000000000002       0.60031994693730839     
  0.40399999999999997       0.59117077196853163     
  0.40799999999999997       0.58677871591415298     
  0.41199999999999998       0.58150429616965904     
  0.41599999999999998       0.57488628899947081     
  0.41999999999999998       0.57147737272052168     
  0.42399999999999999       0.56890007997110792     
  0.42799999999999999       0.56282365532143119     
  0.43200000000000000       0.56038774201482944     
  0.43599999999999994       0.55390753651608204     
  0.43999999999999995       0.55069387707243977     
  0.44399999999999995       0.54431945104860391     
  0.44799999999999995       0.53905605844518201     
  0.45199999999999996       0.53631875897914760     
  0.45599999999999996       0.53036903352775555     
  0.45999999999999996       0.52836735150009673     
  0.46399999999999997       0.52620085239097480     
  0.46799999999999992       0.52249497949289936     
  0.47200000000000003       0.51391352115382960     
  0.47599999999999998       0.50789655897906083     
  0.47999999999999998       0.50322623588359006     
  0.48399999999999999       0.49900704356995290     
  0.48799999999999999       0.49562813390338167     
  0.49199999999999999       0.48640303537973162     
  0.49600000000000000       0.48258295424197584     
  0.50000000000000000       0.47701389737202693     
  0.50400000000000000       0.47491059905162392     
  0.50800000000000001       0.46847367086175501     
  0.51200000000000001       0.46358347354555884     
  0.51600000000000001       0.45768247286103536     
  0.52000000000000002       0.45284857736737033     
  0.52399999999999991       0.44966305111273513     
  0.52799999999999991       0.44653367757800144     
  0.53199999999999992       0.44127175062340923     
  0.53599999999999992       0.43466064120534104     
  0.53999999999999992       0.42950199681599055     
  0.54399999999999993       0.42527865321620889     
  0.54799999999999993       0.42202607509618517     
  0.55199999999999994       0.41649228664550780     
  0.55600000000000005       0.41394784300787307     
  0.56000000000000005       0.40875843237871334     
  0.56399999999999995       0.40504282934033292     
  0.56799999999999995       0.39953931251990721     
  0.57199999999999995       0.39555481161547879     
  0.57599999999999996       0.39156179998839180     
  0.57999999999999996       0.38944472311435246     
  0.58399999999999996       0.38453119934768393     
  0.58799999999999997       0.38033678336860427     
  0.59199999999999997       0.37371026700147181     
  0.59599999999999997       0.36988480931305301     
  0.59999999999999998       0.36167982029332008     
  0.60399999999999998       0.35916646032542748     
  0.60799999999999998       0.35489447962821880     
  0.61199999999999999       0.34757125634240676     
  0.61599999999999999       0.34181229398042234     
  0.62000000000000000       0.33778116191046803     
  0.62400000000000000       0.33036271224303537     
  0.62799999999999989       0.32601437530256089     
  0.63199999999999990       0.32242020427760271     
  0.63599999999999990       0.31602180938155922     
  0.64000000000000001       0.31126931155650056     
  0.64400000000000002       0.30402862417590826     
  0.64800000000000002       0.29859419018569505     
  0.65200000000000002       0.29584666672936166     
  0.65600000000000003       0.28643479011527934     
  0.66000000000000003       0.27973178445737018     
  0.66400000000000003       0.27333614110738869     
  0.66799999999999993       0.26606209482295290     
  0.67199999999999993       0.25966202935565719     
  0.67599999999999993       0.25518113586217644     
  0.67999999999999994       0.24950024699099851     
  0.68399999999999994       0.24526046374732230     
  0.68799999999999994       0.24288057292259604     
  0.69199999999999995       0.23797603327997707     
  0.69599999999999995       0.23625522477411107     
  0.69999999999999996       0.23367100678582736     
  0.70399999999999996       0.22879444604179630     
  0.70799999999999996       0.22703949199085921     
  0.71199999999999997       0.22040094977245711     
  0.71599999999999997       0.21621724927032776     
  0.71999999999999997       0.21591776334720519     
  0.72399999999999998       0.21207535927317112     
  0.72799999999999987       0.21167100783621629     
  0.73199999999999987       0.20775601392012755     
  0.73599999999999988       0.20615080456671145     
  0.73999999999999988       0.20061267439513225     
  0.74399999999999988       0.19501087487261412     
  0.74799999999999989       0.19038978358660277     
  0.75199999999999989       0.18515467011672149     
  0.75599999999999989       0.17792750321435125     
  0.75999999999999990       0.17285321411803631     
  0.76399999999999990       0.17125769061414156     
  0.76799999999999990       0.17120171901696699     
  0.77200000000000002       0.16799924493924953     
  0.77600000000000002       0.16250151303116292     
  0.78000000000000003       0.15868725740526435     
  0.78400000000000003       0.15780744286918397     
  0.78800000000000003       0.15466011076975195     
  0.79200000000000004       0.15043706426249626     
  0.79600000000000004       0.14604975484119279     
  0.80000000000000004       0.14076500622806434     
  0.80400000000000005       0.13709089492110216     
  0.80799999999999994       0.13553748325288670     
  0.81199999999999994       0.13311246967404947     
  0.81599999999999995       0.12858589594701714     
  0.81999999999999995       0.12454269301062744     
  0.82399999999999995       0.12371161773577313     
  0.82799999999999996       0.12161619107397144     
  0.83199999999999996       0.11838593089464629     
  0.83599999999999997       0.11237228098312230     
  0.83999999999999997       0.10930703197259008     
  0.84399999999999997       0.10716369626997632     
  0.84799999999999998       0.10277966611562669     
  0.85199999999999998       0.10013374896196438     
  0.85599999999999998        9.4003955333000280E-002
  0.85999999999999999        9.1772321970031975E-002
  0.86399999999999999        8.9970931413414432E-002
  0.86799999999999999        8.5763687771497496E-002
  0.87199999999999989        8.1976405039609929E-002
  0.87599999999999989        7.9857554563629154E-002
  0.87999999999999989        7.5467491904001094E-002
  0.88399999999999990        7.0693000236557446E-002
  0.88799999999999990        7.0283510703348762E-002
  0.89199999999999990        6.9023677341544673E-002
  0.89599999999999991        6.6790795257016214E-002
  0.89999999999999991        6.4464695683982012E-002
  0.90399999999999991        6.0787114529615861E-002
  0.90799999999999992        5.9603576209055521E-002
  0.91199999999999992        5.5373796701622326E-002
  0.91599999999999993        5.3102745943810536E-002
  0.91999999999999993        4.8863464551654266E-002
  0.92399999999999993        4.8187231068467958E-002
  0.92799999999999994        4.7854241538747726E-002
  0.93199999999999994        4.2900388635066740E-002
  0.93599999999999983        3.5794513665137404E-002
  0.94000000000000006        3.1721295341267920E-002
  0.94400000000000006        2.9848582229222594E-002
  0.94800000000000006        2.6932922639376543E-002
  0.95199999999999996        2.4149249663704346E-002
  0.95599999999999996        2.0807680380002518E-002
  0.95999999999999996        2.0549414392724528E-002
  0.96399999999999997        1.8287684481438481E-002
  0.96799999999999997        1.6120501014779420E-002
  0.97199999999999998        1.1350435730951470E-002
  0.97599999999999998        1.0554207350566371E-002
  0.97999999999999998        7.6462558525288464E-003
  0.98399999999999999        1.4564383806316989E-003
  0.98799999999999999       -4.3360509842879094E-004
  0.99199999999999999       -5.3904852515135734E-003
  0.99600000000000000       -8.9838982228279754E-003
   1.0000000000000000       -1.0773369889443893E-002
   1.0040000000000000       -1.2087085240069489E-002
   1.0080000000000000       -1.2861585986606633E-002
   1.0120000000000000       -1.5346812350959549E-002
   1.0160000000000000       -1.5861534340434195E-002
   1.0200000000000000       -1.7661700841017307E-002
   1.0240000000000000       -1.7951390458639686E-002
   1.0280000000000000       -2.0691609959872001E-002
   1.0320000000000000       -2.2157020384468828E-002
   1.0360000000000000       -2.4842221866227473E-002
   1.0400000000000000       -2.4991439081265634E-002
   1.0440000000000000       -2.6685674431893760E-002
   1.0479999999999998       -2.8642076001991642E-002
   1.0519999999999998       -3.0249991428471425E-002
   1.0559999999999998       -2.9364341006710985E-002
   1.0599999999999998       -3.3157379418907777E-002
   1.0639999999999998       -3.2304249444946073E-002
   1.0679999999999998       -3.3039967800040752E-002
   1.0719999999999998       -3.4165659169755919E-002
   1.0759999999999998       -3.5414365397052949E-002
   1.0799999999999998       -3.8460426750204439E-002
   1.0839999999999999       -3.9260512694491712E-002
   1.0879999999999999       -4.0840622883404433E-002
   1.0919999999999999       -4.2042680542391471E-002
   1.0959999999999999       -4.3321435552065780E-002
   1.0999999999999999       -4.4723745064091804E-002
   1.1039999999999999       -4.5318575641640498E-002
   1.1079999999999999       -4.8029303560910522E-002
   1.1120000000000001       -4.9359770970190210E-002
   1.1160000000000001       -5.1101464986573863E-002
   1.1200000000000001       -5.3193007597218192E-002
   1.1240000000000001       -5.4284248174700477E-002
   1.1279999999999999       -5.6329111439101104E-002
   1.1319999999999999       -5.9226219460172418E-002
   1.1359999999999999       -6.0661438350870608E-002
   1.1399999999999999       -6.4883333770358834E-002
   1.1439999999999999       -6.6648889458568783E-002
   1.1479999999999999       -6.6165252455546220E-002
   1.1519999999999999       -6.7547896571393248E-002
   1.1559999999999999       -6.9807449429236557E-002
   1.1599999999999999       -7.1636473726061384E-002
   1.1639999999999999       -7.3797159810328222E-002
   1.1679999999999999       -7.4470738612074580E-002
   1.1719999999999999       -7.5808959425178499E-002
   1.1759999999999999       -7.7414439377949215E-002
   1.1799999999999999       -7.8993191433481685E-002
   1.1839999999999999       -7.9214010364569112E-002
   1.1879999999999999       -8.1412335773529132E-002
   1.1919999999999999       -8.3398829101410665E-002
   1.1960000000000000       -8.6069618226646369E-002
   1.2000000000000000       -8.7075976480669573E-002
   1.2040000000000000       -8.9812444386934920E-002
   1.2080000000000000       -9.1011955394863495E-002
   1.2120000000000000       -9.1595511988628295E-002
   1.2160000000000000       -9.3246932678768102E-002
   1.2200000000000000       -9.5224747344670041E-002
   1.2240000000000000       -9.5647701209373590E-002
   1.2280000000000000       -9.8511766412728172E-002
   1.2320000000000000       -9.8979018414357453E-002
   1.2360000000000000       -9.9266797053625205E-002
   1.2400000000000000      -0.10045959189997203     
   1.2440000000000000      -0.10356826466524528     
   1.2480000000000000      -0.10501979947728911     
   1.2519999999999998      -0.10605539896800513     
   1.2559999999999998      -0.10860786982610715     
   1.2599999999999998      -0.10716935232655453     
   1.2639999999999998      -0.10858884559592984     
   1.2679999999999998      -0.11010952372744372     
   1.2719999999999998      -0.11011572697140802     
   1.2759999999999998      -0.11278562996525986     
   1.2800000000000000      -0.11286126305698380     
   1.2840000000000000      -0.11379060603204527     
   1.2880000000000000      -0.11526049035510301     
   1.2919999999999998      -0.11782090516601779     
   1.2960000000000000      -0.11922450137844363     
   1.2999999999999998      -0.12166108588051994     
   1.3040000000000000      -0.12179746492926832     
   1.3079999999999998      -0.12325967056744544     
   1.3120000000000001      -0.12605017234272814     
   1.3159999999999998      -0.12705457446815913     
   1.3200000000000001      -0.12744808228044877     
   1.3239999999999998      -0.12906249066979913     
   1.3280000000000001      -0.13020158205957266     
   1.3319999999999999      -0.12965308219382377     
   1.3359999999999999      -0.12903952270958036     
   1.3399999999999999      -0.13151266771197956     
   1.3439999999999999      -0.13357212369379545     
   1.3479999999999999      -0.13437266469698056     
   1.3519999999999999      -0.13481823685808622     
   1.3559999999999999      -0.13509536942527739     
   1.3599999999999999      -0.13556391918492511     
   1.3639999999999999      -0.13337939894846829     
   1.3679999999999999      -0.13438350610053951     
   1.3720000000000001      -0.13665931952361754     
   1.3759999999999999      -0.13832442469340073     
   1.3800000000000001      -0.13969249269987166     
   1.3839999999999999      -0.14087563681810100     
   1.3880000000000001      -0.14121895955437919     
   1.3919999999999999      -0.14302190004455392     
   1.3960000000000001      -0.14387789160468331     
   1.3999999999999999      -0.14608100773330338     
   1.4040000000000001      -0.14794940946991994     
   1.4079999999999999      -0.14836683234972040     
   1.4119999999999999      -0.15065872573163069     
   1.4159999999999999      -0.15289230407909549     
   1.4199999999999999      -0.15500964493851049     
   1.4239999999999999      -0.15647419921359440     
   1.4279999999999999      -0.15595090225152808     
   1.4319999999999999      -0.15734945182503018     
   1.4359999999999999      -0.15868721178020201     
   1.4399999999999999      -0.15941751671231275     
   1.4440000000000000      -0.15918971717650932     
   1.4480000000000000      -0.16025556618012909     
   1.4520000000000000      -0.16173444108599710     
   1.4559999999999997      -0.16232797575132185     
   1.4600000000000000      -0.16251123515768279     
   1.4639999999999997      -0.16411959623407582     
   1.4680000000000000      -0.16509105607657523     
   1.4719999999999998      -0.16567684389115531     
   1.4760000000000000      -0.16645789214442458     
   1.4799999999999998      -0.16637910569776362     
   1.4840000000000000      -0.16589026347036809     
   1.4879999999999998      -0.16727309671297502     
   1.4920000000000000      -0.16774888923951992     
   1.4959999999999998      -0.16854658060333777     
   1.5000000000000000      -0.17002569080937435     
   1.5039999999999998      -0.17156882509440072     
   1.5080000000000000      -0.17316819569766745     
   1.5119999999999998      -0.17314495386080950     
   1.5160000000000000      -0.17408950183389962     
   1.5199999999999998      -0.17497271731656236     
   1.5240000000000000      -0.17659640859272696     
   1.5279999999999998      -0.17685355156712210     
   1.5320000000000000      -0.17786850547308017     
   1.5359999999999998      -0.17764764836229299     
   1.5399999999999998      -0.17834708519358214     
   1.5440000000000000      -0.17874151054466336     
   1.5479999999999998      -0.17833374236443975     
   1.5520000000000000      -0.17847313033224074     
   1.5559999999999998      -0.17726186279971529     
   1.5600000000000001      -0.17934822603267855     
   1.5639999999999998      -0.18032092912141470     
   1.5680000000000001      -0.18028539011079295     
   1.5719999999999998      -0.17953934809237912     
   1.5760000000000001      -0.17982288624917458     
   1.5799999999999998      -0.18056885485288843     
   1.5840000000000001      -0.18090384557787006     
   1.5879999999999999      -0.18337158778306548     
   1.5920000000000001      -0.18427619895178982     
   1.5959999999999999      -0.18394140078672874     
   1.6000000000000001      -0.18495548502682890     
   1.6039999999999999      -0.18444513655439507     
   1.6080000000000001      -0.18408184848721604     
   1.6119999999999999      -0.18469846339323065     
   1.6159999999999999      -0.18423099849044583     
   1.6199999999999999      -0.18408785185138593     
   1.6239999999999999      -0.18396799004498476     
   1.6279999999999999      -0.18434454616970328     
   1.6319999999999999      -0.18597304339936951     
   1.6359999999999999      -0.18557169828069844     
   1.6399999999999999      -0.18631592496569108     
   1.6439999999999999      -0.18604624924419583     
   1.6479999999999999      -0.18794361786787023     
   1.6519999999999999      -0.19063288224973082     
   1.6559999999999999      -0.19203607005034451     
   1.6599999999999997      -0.19146039221123942     
   1.6639999999999999      -0.19135368628525690     
   1.6679999999999997      -0.19048865360040201     
   1.6719999999999999      -0.18978604805866331     
   1.6759999999999997      -0.19092668195819604     
   1.6799999999999999      -0.19049905140348714     
   1.6839999999999997      -0.19327315897833650     
   1.6879999999999999      -0.19588086432840368     
   1.6919999999999997      -0.19436661281145948     
   1.6960000000000000      -0.19433436325468084     
   1.6999999999999997      -0.19528393730468011     
   1.7040000000000000      -0.19596283218855984     
   1.7080000000000000      -0.19551151513407700     
   1.7120000000000000      -0.19736996877738897     
   1.7160000000000000      -0.19741137251108620     
   1.7200000000000000      -0.19740884735732320     
   1.7240000000000000      -0.19874856096112525     
   1.7280000000000000      -0.19951906818061482     
   1.7320000000000000      -0.20128562885575763     
   1.7360000000000000      -0.20219859089500422     
   1.7400000000000000      -0.20219367708373770     
   1.7439999999999998      -0.20261918849004673     
   1.7480000000000000      -0.20248501181712550     
   1.7519999999999998      -0.20311259863288886     
   1.7560000000000000      -0.20392718244746041     
   1.7599999999999998      -0.20453562506690404     
   1.7640000000000000      -0.20455799817028325     
   1.7679999999999998      -0.20490100506496281     
   1.7720000000000000      -0.20471172748035679     
   1.7759999999999998      -0.20559601524824200     
   1.7800000000000000      -0.20612994968166590     
   1.7839999999999998      -0.20672404835909786     
   1.7880000000000000      -0.20674668919205219     
   1.7919999999999998      -0.20663743655527222     
   1.7960000000000000      -0.20697979856845194     
   1.7999999999999998      -0.20744395070869051     
   1.8040000000000000      -0.20793783746405442     
   1.8079999999999998      -0.20776775096591260     
   1.8120000000000001      -0.20697668691866428     
   1.8159999999999998      -0.20725708464403775     
   1.8200000000000001      -0.20923342712477150     
   1.8239999999999998      -0.21053081495261503     
   1.8279999999999998      -0.21077045096632499     
   1.8319999999999999      -0.21048909504321175     
   1.8359999999999999      -0.21080068811019978     
   1.8399999999999999      -0.21135030535052438     
   1.8439999999999999      -0.21159364383247525     
   1.8479999999999999      -0.21139704711725363     
   1.8519999999999999      -0.21163811995378112     
   1.8559999999999999      -0.21151895411078792     
   1.8599999999999999      -0.21159745249117276     
   1.8639999999999999      -0.21154621768989748     
   1.8679999999999999      -0.21122638414327166     
   1.8719999999999997      -0.21073765997925978     
   1.8759999999999999      -0.21083642855802265     
   1.8800000000000001      -0.21130093090936009     
   1.8839999999999999      -0.21039002294220502     
   1.8880000000000001      -0.21113422186500838     
   1.8919999999999999      -0.21250376274461258     
   1.8960000000000001      -0.21296154398670131     
   1.8999999999999999      -0.21334037570971043     
   1.9039999999999999      -0.21404064145468407     
   1.9079999999999999      -0.21330420217173640     
   1.9119999999999999      -0.21434214523399653     
   1.9159999999999999      -0.21435464633092910     
   1.9199999999999999      -0.21437824485435544     
   1.9239999999999999      -0.21378200039687276     
   1.9279999999999999      -0.21287504504714369     
   1.9319999999999999      -0.21265246147864103     
   1.9359999999999999      -0.21338325752769105     
   1.9399999999999999      -0.21416889033016875     
   1.9440000000000000      -0.21400152610156065     
   1.9479999999999997      -0.21449218815733390     
   1.9520000000000000      -0.21506938651752866     
   1.9559999999999997      -0.21553189658052072     
   1.9600000000000000      -0.21596537998533902     
   1.9639999999999997      -0.21560066531288249     
   1.9680000000000000      -0.21556170251768689     
   1.9719999999999998      -0.21510242135286026     
   1.9760000000000000      -0.21508400137653941     
   1.9799999999999998      -0.21485338118726521     
   1.9840000000000000      -0.21534521571390661     
   1.9879999999999998      -0.21509945804857381     
   1.9920000000000000      -0.21523674234159398     
   1.9959999999999998      -0.21505445144895630     
   2.0000000000000000      -0.21585213143379892     
   2.0040000000000000      -0.21531582226976811     
   2.0080000000000000      -0.21644457021694463     
   2.0119999999999996      -0.21675473260763042     
   2.0160000000000000      -0.21658572229802295     
   2.0199999999999996      -0.21729776014224531     
   2.0240000000000000      -0.21779774750158706     
   2.0279999999999996      -0.21774522494883591     
   2.0320000000000000      -0.21810143282528599     
   2.0359999999999996      -0.21823209577890079     
   2.0400000000000000      -0.21825010361703520     
   2.0439999999999996      -0.21886736614476138     
   2.0480000000000000      -0.21863100482178782     
   2.0520000000000000      -0.21915274332390894     
   2.0560000000000000      -0.21879613537539860     
   2.0600000000000001      -0.21931002050880927     
   2.0640000000000001      -0.21944334237341331     
   2.0680000000000001      -0.21913285113148095     
   2.0720000000000001      -0.21869889082589056     
   2.0760000000000001      -0.21833085107202158     
   2.0800000000000001      -0.21891486481603251     
   2.0840000000000001      -0.21927480120354004     
   2.0880000000000001      -0.21910155742892987     
   2.0920000000000001      -0.21892060394185936     
   2.0959999999999996      -0.21887336466231427     
   2.1000000000000001      -0.21886020531895609     
   2.1039999999999996      -0.21863965503596919     
   2.1080000000000001      -0.21832226779949948     
   2.1119999999999997      -0.21835375670814852     
   2.1160000000000001      -0.21768334480605517     
   2.1199999999999997      -0.21796144704465414     
   2.1240000000000001      -0.21740247138911170     
   2.1279999999999997      -0.21871819563657952     
   2.1320000000000001      -0.21827410587716645     
   2.1359999999999997      -0.21768762149354523     
   2.1400000000000001      -0.21788200849298764     
   2.1439999999999997      -0.21745797106918327     
   2.1480000000000001      -0.21765064646633089     
   2.1519999999999997      -0.21721405766454843     
   2.1560000000000001      -0.21745750230532979     
   2.1599999999999997      -0.21775065743411215     
   2.1640000000000001      -0.21779742341143260     
   2.1679999999999997      -0.21742710994354936     
   2.1719999999999997      -0.21685983845053994     
   2.1759999999999997      -0.21697859334020506     
   2.1799999999999997      -0.21711215620607704     
   2.1839999999999997      -0.21738268826175619     
   2.1879999999999997      -0.21799738577003974     
   2.1919999999999997      -0.21729974446490347     
   2.1959999999999997      -0.21690393776829436     
   2.1999999999999997      -0.21736406281573289     
   2.2039999999999997      -0.21644355122654740     
   2.2079999999999997      -0.21719742032369063     
   2.2119999999999997      -0.21751102547665724     
   2.2159999999999997      -0.21731115833872872     
   2.2199999999999998      -0.21754353175558680     
   2.2240000000000002      -0.21788764941586952     
   2.2279999999999998      -0.21760953868747171     
   2.2320000000000002      -0.21743462205874206     
   2.2359999999999998      -0.21702298835306585     
   2.2400000000000002      -0.21666401565466642     
   2.2439999999999998      -0.21603311642498638     
   2.2480000000000002      -0.21551088089782622     
   2.2519999999999998      -0.21447785538402095     
   2.2559999999999998      -0.21360452730570978     
   2.2599999999999998      -0.21395183801388573     
   2.2639999999999998      -0.21419366140628057     
   2.2679999999999998      -0.21303919175384214     
   2.2719999999999998      -0.21303355122640094     
   2.2759999999999998      -0.21257903258487063     
   2.2799999999999998      -0.21328456914417954     
   2.2839999999999998      -0.21385209510489397     
   2.2879999999999998      -0.21341866304195983     
   2.2919999999999998      -0.21409049840451805     
   2.2959999999999998      -0.21300358123645119     
   2.2999999999999998      -0.21228347489006269     
   2.3039999999999998      -0.21231143012258311     
   2.3079999999999998      -0.21244412307202620     
   2.3119999999999998      -0.21184152617390170     
   2.3159999999999998      -0.21187402167250657     
   2.3199999999999998      -0.21240688810182662     
   2.3239999999999998      -0.21163554764880829     
   2.3279999999999998      -0.21169695855575585     
   2.3319999999999999      -0.21134319130619100     
   2.3359999999999999      -0.21084867563855958     
   2.3399999999999999      -0.21052751714290907     
   2.3439999999999999      -0.20967757859994560     
   2.3479999999999999      -0.20902798068401940     
   2.3519999999999999      -0.20921150241136205     
   2.3559999999999999      -0.20914321631096061     
   2.3599999999999999      -0.20918447307077023     
   2.3639999999999999      -0.20939570197628277     
   2.3679999999999999      -0.20976925240752453     
   2.3719999999999999      -0.20934979554027475     
   2.3759999999999999      -0.20898676847890529     
   2.3799999999999999      -0.20908689019974891     
   2.3839999999999999      -0.20957778016368370     
   2.3879999999999999      -0.20916921223005974     
   2.3919999999999999      -0.20872151962879321     
   2.3959999999999999      -0.20854599909922558     
   2.3999999999999999      -0.20875472939211465     
   2.4039999999999999      -0.20827233059469052     
   2.4079999999999999      -0.20811877977220655     
   2.4119999999999999      -0.20770173486710114     
   2.4159999999999999      -0.20733308185046451     
   2.4199999999999999      -0.20705563210722372     
   2.4239999999999999      -0.20672045007286174     
   2.4279999999999999      -0.20752562289823662     
   2.4319999999999999      -0.20701000545012435     
   2.4359999999999999      -0.20658127031485116     
   2.4399999999999999      -0.20713717125607548     
   2.4440000000000000      -0.20649604364342980     
   2.4480000000000000      -0.20657282550432896     
   2.4520000000000000      -0.20725482346420909     
   2.4560000000000000      -0.20677380514137397     
   2.4600000000000000      -0.20734297012227529     
   2.4640000000000000      -0.20725480495884643     
   2.4680000000000000      -0.20682325680249336     
   2.4720000000000000      -0.20731743736815725     
   2.4760000000000000      -0.20629142039192089     
   2.4800000000000000      -0.20625536792332649     
   2.4840000000000000      -0.20600836212446455     
   2.4880000000000000      -0.20543456811616018     
   2.4920000000000000      -0.20467682179911048     
   2.4960000000000000      -0.20478987158424505     
   2.5000000000000000      -0.20504922881697699     
   2.5039999999999996      -0.20541828865732231     
   2.5080000000000000      -0.20527785374699661     
   2.5119999999999996      -0.20488209827634435     
   2.5160000000000000      -0.20465591401101002     
   2.5199999999999996      -0.20450615058672361     
   2.5240000000000000      -0.20477424393481278     
   2.5279999999999996      -0.20355267789287582     
   2.5320000000000000      -0.20283187037490594     
   2.5359999999999996      -0.20262243194916771     
   2.5400000000000000      -0.20306695065991118     
   2.5439999999999996      -0.20220249063513746     
   2.5480000000000000      -0.20166714974563787     
   2.5519999999999996      -0.20089291644800350     
   2.5560000000000000      -0.20078534747161547     
   2.5600000000000001      -0.20049052336267192     
   2.5640000000000001      -0.19995535303909992     
   2.5680000000000001      -0.19953772321803706     
   2.5720000000000001      -0.19872076497270977     
   2.5760000000000001      -0.19798731193585747     
   2.5799999999999996      -0.19726038366780571     
   2.5839999999999996      -0.19720365894989136     
   2.5879999999999996      -0.19669286112032569     
   2.5920000000000001      -0.19611865746619600     
   2.5960000000000001      -0.19538310197438541     
   2.5999999999999996      -0.19516181973990551     
   2.6039999999999996      -0.19407350185763272     
   2.6080000000000001      -0.19366852680296001     
   2.6120000000000001      -0.19378052789331593     
   2.6159999999999997      -0.19364642837475643     
   2.6199999999999997      -0.19289838701788525     
   2.6240000000000001      -0.19265852454564134     
   2.6280000000000001      -0.19209803589194646     
   2.6319999999999997      -0.19152186751636779     
   2.6359999999999997      -0.19141880612262113     
   2.6400000000000001      -0.19160406221869014     
   2.6440000000000001      -0.19113452835171990     
   2.6479999999999997      -0.19024872883143151     
   2.6519999999999997      -0.19011239733513344     
   2.6560000000000001      -0.18914820387815381     
   2.6600000000000001      -0.18886688718132677     
   2.6639999999999997      -0.18823227220783906     
   2.6679999999999997      -0.18770439409312806     
   2.6719999999999997      -0.18701275453769106     
   2.6760000000000002      -0.18595418352581414     
   2.6799999999999997      -0.18572975431864266     
   2.6839999999999997      -0.18517897120328072     
   2.6879999999999997      -0.18479822579413216     
   2.6920000000000002      -0.18523480693372932     
   2.6959999999999997      -0.18492012652173725     
   2.6999999999999997      -0.18510223492427394     
   2.7039999999999997      -0.18536819648086600     
   2.7080000000000002      -0.18567943178155200     
   2.7119999999999997      -0.18492050538255120     
   2.7159999999999997      -0.18565365995663979     
   2.7199999999999998      -0.18500830436068622     
   2.7240000000000002      -0.18390154382926568     
   2.7279999999999998      -0.18349965279044519     
   2.7319999999999998      -0.18285546812775630     
   2.7359999999999998      -0.18276751801917515     
   2.7400000000000002      -0.18201165255112811     
   2.7440000000000002      -0.18070355055599041     
   2.7479999999999998      -0.17937407487264764     
   2.7519999999999998      -0.17951458669085721     
   2.7559999999999998      -0.17865653258415920     
   2.7600000000000002      -0.17794270363828635     
   2.7639999999999998      -0.17763083471058178     
   2.7679999999999998      -0.17712362921373165     
   2.7719999999999998      -0.17718450321407339     
   2.7760000000000002      -0.17669441946178402     
   2.7799999999999998      -0.17605515533295069     
   2.7839999999999998      -0.17619641571113448     
   2.7879999999999998      -0.17581973050662816     
   2.7920000000000003      -0.17552027749611954     
   2.7959999999999998      -0.17461422110287667     
   2.7999999999999998      -0.17452713570861453     
   2.8039999999999998      -0.17415546757922129     
   2.8080000000000003      -0.17338467774828570     
   2.8119999999999998      -0.17258705583730485     
   2.8159999999999998      -0.17256418566339635     
   2.8199999999999998      -0.17216504762444318     
   2.8239999999999998      -0.17194003061185223     
   2.8279999999999998      -0.17239300064589927     
   2.8319999999999999      -0.17189279319102924     
   2.8359999999999999      -0.17197477852598303     
   2.8399999999999999      -0.17129161379338381     
   2.8439999999999994      -0.17091982718780235     
   2.8479999999999999      -0.17029221683133916     
   2.8519999999999999      -0.17051812119256457     
   2.8559999999999999      -0.17010842817058358     
   2.8599999999999994      -0.16956261453673277     
   2.8639999999999999      -0.16935765475036640     
   2.8679999999999999      -0.16850730683198309     
   2.8719999999999999      -0.16821670428138277     
   2.8759999999999994      -0.16741356564934923     
   2.8799999999999999      -0.16709723259203088     
   2.8839999999999999      -0.16655709355222403     
   2.8879999999999999      -0.16604811323599564     
   2.8919999999999995      -0.16553620749681841     
   2.8959999999999999      -0.16509193922855842     
   2.8999999999999999      -0.16469104170095838     
   2.9039999999999999      -0.16389973037990024     
   2.9079999999999999      -0.16358335178901479     
   2.9119999999999995      -0.16283263181890009     
   2.9159999999999999      -0.16253301587270341     
   2.9199999999999999      -0.16223491579097088     
   2.9239999999999999      -0.16165724086276539     
   2.9279999999999995      -0.16161118600553170     
   2.9319999999999999      -0.16108241081587157     
   2.9359999999999999      -0.16140687348506599     
   2.9399999999999999      -0.16052047839149475     
   2.9439999999999995      -0.16008145103355328     
   2.9480000000000000      -0.15987410044137898     
   2.9520000000000000      -0.15922619991801773     
   2.9560000000000000      -0.15822683913630525     
   2.9599999999999995      -0.15807528645612057     
   2.9640000000000000      -0.15773487295124156     
   2.9680000000000000      -0.15676757288890461     
   2.9720000000000000      -0.15654846993137000     
   2.9759999999999995      -0.15637350361605384     
   2.9800000000000000      -0.15593812590845960     
   2.9840000000000000      -0.15590800935257101     
   2.9880000000000000      -0.15579615942144934     
   2.9919999999999995      -0.15600316420198510     
   2.9959999999999996      -0.15518793204099851     
   3.0000000000000000      -0.15394441868165165     
   3.0040000000000000      -0.15322574420820539     
   3.0079999999999996      -0.15243957458148960     
   3.0119999999999996      -0.15157543511080740     
   3.0160000000000000      -0.15088745048333352     
   3.0200000000000000      -0.15045733192196173     
   3.0239999999999996      -0.14988188164645999     
   3.0279999999999996      -0.14889688520709091     
   3.0320000000000000      -0.14788581452011196     
   3.0360000000000000      -0.14749569186693134     
   3.0399999999999996      -0.14804940921636733     
   3.0439999999999996      -0.14745410312729329     
   3.0480000000000000      -0.14742814495845061     
   3.0520000000000000      -0.14673791641280690     
   3.0559999999999996      -0.14630146336401600     
   3.0599999999999996      -0.14591231496624199     
   3.0640000000000001      -0.14594694812611236     
   3.0680000000000001      -0.14591590458900547     
   3.0719999999999996      -0.14503472319484401     
   3.0759999999999996      -0.14464540884454072     
   3.0799999999999996      -0.14425091018154587     
   3.0840000000000001      -0.14396006252302923     
   3.0880000000000001      -0.14329981426081406     
   3.0919999999999996      -0.14215404768681242     
   3.0959999999999996      -0.14185307907483441     
   3.1000000000000001      -0.14111450889039617     
   3.1040000000000001      -0.14028426255066465     
   3.1079999999999997      -0.13952760208321219     
   3.1119999999999997      -0.13870193123640923     
   3.1160000000000001      -0.13851452170244383     
   3.1200000000000001      -0.13758280584075522     
   3.1239999999999997      -0.13761797695257660     
   3.1279999999999997      -0.13720334059194553     
   3.1320000000000001      -0.13700057198393337     
   3.1360000000000001      -0.13609240497034769     
   3.1399999999999997      -0.13561133426637839     
   3.1439999999999997      -0.13459227898210996     
   3.1480000000000001      -0.13389915126408963     
   3.1520000000000001      -0.13287294268765373     
   3.1559999999999997      -0.13205974326958039     
   3.1599999999999997      -0.13166104373938059     
   3.1639999999999997      -0.13152417123424515     
   3.1680000000000001      -0.13080811246463478     
   3.1719999999999997      -0.12981085521300553     
   3.1759999999999997      -0.12864053241137691     
   3.1799999999999997      -0.12823782230950867     
   3.1840000000000002      -0.12805341325954067     
   3.1879999999999997      -0.12739886070464718     
   3.1919999999999997      -0.12730383703533457     
   3.1959999999999997      -0.12676500803342669     
   3.2000000000000002      -0.12588149051206038     
   3.2039999999999997      -0.12549572309247548     
   3.2079999999999997      -0.12531729663538935     
   3.2119999999999997      -0.12483318151956684     
   3.2160000000000002      -0.12414173900208045     
   3.2199999999999998      -0.12359394500599181     
   3.2239999999999998      -0.12275455819301194     
   3.2279999999999998      -0.12250679871333012     
   3.2319999999999998      -0.12207668276681718     
   3.2359999999999998      -0.12156218933430349     
   3.2399999999999998      -0.12130850125195022     
   3.2439999999999998      -0.12062810479757424     
   3.2479999999999998      -0.12010981900358983     
   3.2520000000000002      -0.11985448892756392     
   3.2559999999999998      -0.11946355290123652     
   3.2599999999999998      -0.11909400166626090     
   3.2639999999999998      -0.11904858808262465     
   3.2680000000000002      -0.11829486363327507     
   3.2719999999999998      -0.11741184406321178     
   3.2759999999999998      -0.11637157281274438     
   3.2799999999999998      -0.11552024074287109     
   3.2840000000000003      -0.11513545012817718     
   3.2879999999999998      -0.11413747174874786     
   3.2919999999999998      -0.11364314136845936     
   3.2959999999999998      -0.11324932395696310     
   3.3000000000000003      -0.11263782830190396     
   3.3039999999999998      -0.11205471813523189     
   3.3079999999999998      -0.11154554619281773     
   3.3119999999999998      -0.11127493552713910     
   3.3159999999999998      -0.11071512516379052     
   3.3199999999999994      -0.10964989071142305     
   3.3239999999999998      -0.10884735752678532     
   3.3279999999999998      -0.10808052552211622     
   3.3319999999999999      -0.10744452412517083     
   3.3359999999999994      -0.10668380830693774     
   3.3399999999999999      -0.10626874504907123     
   3.3439999999999999      -0.10534743572751498     
   3.3479999999999999      -0.10462971345718899     
   3.3519999999999994      -0.10424582526979252     
   3.3559999999999999      -0.10327100156781674     
   3.3599999999999999      -0.10291112129518751     
   3.3639999999999999      -0.10219571586183203     
   3.3679999999999994      -0.10127087551912022     
   3.3719999999999999      -0.10088755870530360     
   3.3759999999999999      -0.10002611950685862     
   3.3799999999999999       -9.8876810807403751E-002
   3.3839999999999995       -9.7657763255884711E-002
   3.3879999999999999       -9.6734771885422136E-002
   3.3919999999999999       -9.5907914467105060E-002
   3.3959999999999999       -9.5513712455188374E-002
   3.3999999999999995       -9.4535053245333095E-002
   3.4039999999999995       -9.3711788713401578E-002
   3.4079999999999999       -9.3177669330517979E-002
   3.4119999999999999       -9.2584447859852564E-002
   3.4159999999999999       -9.2046061162759776E-002
   3.4199999999999995       -9.1363491285067891E-002
   3.4239999999999999       -9.0554361732254909E-002
   3.4279999999999999       -9.0833917440928433E-002
   3.4319999999999999       -9.0184790482441046E-002
   3.4359999999999995       -8.9941250435346093E-002
   3.4399999999999999       -8.9313382383419279E-002
   3.4440000000000000       -8.8755546941879815E-002
   3.4480000000000000       -8.7698666568883171E-002
   3.4519999999999995       -8.6644825108535467E-002
   3.4560000000000000       -8.5656347149903334E-002
   3.4600000000000000       -8.4894254515918227E-002
   3.4640000000000000       -8.5033051709886509E-002
   3.4679999999999995       -8.4373899078648951E-002
   3.4720000000000000       -8.3476310505588389E-002
   3.4760000000000000       -8.2746728246119949E-002
   3.4800000000000000       -8.2502423557974436E-002
   3.4839999999999995       -8.1521563411148051E-002
   3.4879999999999995       -8.0677724702771611E-002
   3.4920000000000000       -8.0112928107960182E-002
   3.4960000000000000       -7.9412603368848131E-002
   3.4999999999999996       -7.8773995043895678E-002
   3.5039999999999996       -7.8499870709379596E-002
   3.5080000000000000       -7.7408108436696293E-002
   3.5120000000000000       -7.6850240581947324E-002
   3.5159999999999996       -7.6425968761086455E-002
   3.5199999999999996       -7.5628066900552599E-002
   3.5240000000000000       -7.5054647891928145E-002
   3.5280000000000000       -7.3880380167481940E-002
   3.5319999999999996       -7.3435698416828052E-002
   3.5359999999999996       -7.2966124160704998E-002
   3.5400000000000000       -7.2438033873288246E-002
   3.5440000000000000       -7.1921803618031369E-002
   3.5479999999999996       -7.1709868362444362E-002
   3.5519999999999996       -7.0739943557921486E-002
   3.5560000000000000       -7.0419167141819144E-002
   3.5600000000000001       -6.9780298917772002E-002
   3.5639999999999996       -6.9475380421205241E-002
   3.5679999999999996       -6.8573105873640877E-002
   3.5719999999999996       -6.7927983504026915E-002
   3.5760000000000001       -6.7407220129616349E-002
   3.5799999999999996       -6.7168147112738760E-002
   3.5839999999999996       -6.6336345800064103E-002
   3.5879999999999996       -6.5730552881770002E-002
   3.5920000000000001       -6.5054841372957431E-002
   3.5960000000000001       -6.4727628202744303E-002
   3.5999999999999996       -6.4544126295174545E-002
   3.6039999999999996       -6.3511460463484409E-002
   3.6080000000000001       -6.2774935845154395E-002
   3.6120000000000001       -6.2087217168281285E-002
   3.6159999999999997       -6.1653221352920687E-002
   3.6199999999999997       -6.1552513016328150E-002
   3.6240000000000001       -6.0582570152305636E-002
   3.6280000000000001       -5.9631481925484578E-002
   3.6319999999999997       -5.8759089100611388E-002
   3.6359999999999997       -5.8577824225356567E-002
   3.6400000000000001       -5.7806301938273144E-002
   3.6440000000000001       -5.7689097681384034E-002
   3.6479999999999997       -5.7105847281878536E-002
   3.6519999999999997       -5.6310015935352745E-002
   3.6559999999999997       -5.5862386925162814E-002
   3.6600000000000001       -5.5302205690012575E-002
   3.6639999999999997       -5.4666150127895261E-002
   3.6679999999999997       -5.4298552262601003E-002
   3.6719999999999997       -5.3559932211830308E-002
   3.6760000000000002       -5.2899676768991571E-002
   3.6799999999999997       -5.1838547461393616E-002
   3.6839999999999997       -5.2000160533820096E-002
   3.6879999999999997       -5.1541234708971859E-002
   3.6920000000000002       -5.0934113439065599E-002
   3.6959999999999997       -4.9869384418690516E-002
   3.6999999999999997       -4.9745785514742069E-002
   3.7039999999999997       -4.8460804403936943E-002
   3.7080000000000002       -4.8373568596663717E-002
   3.7119999999999997       -4.7856860144742532E-002
   3.7159999999999997       -4.7745249594178300E-002
   3.7199999999999998       -4.6604799599448660E-002
   3.7239999999999998       -4.5712733161606144E-002
   3.7279999999999998       -4.5353075040855673E-002
   3.7319999999999998       -4.4901354872864514E-002
   3.7359999999999998       -4.4191804351758020E-002
   3.7399999999999998       -4.3399734264715460E-002
   3.7439999999999993       -4.2642480820936059E-002
   3.7479999999999998       -4.2312344781415184E-002
   3.7519999999999998       -4.2006695698419583E-002
   3.7559999999999998       -4.1353866556239613E-002
   3.7600000000000002       -4.0154596804555187E-002
   3.7639999999999998       -3.9547371376067161E-002
   3.7679999999999998       -3.8865944457964284E-002
   3.7719999999999998       -3.8509990644666467E-002
   3.7760000000000002       -3.7896268552816061E-002
   3.7799999999999998       -3.7006711974017309E-002
   3.7839999999999998       -3.6823818152823672E-002
   3.7879999999999998       -3.6023362522974389E-002
   3.7920000000000003       -3.5141227005285672E-002
   3.7959999999999998       -3.4377038105582784E-002
   3.7999999999999998       -3.4171374984339441E-002
   3.8039999999999998       -3.3291251096540721E-002
   3.8079999999999998       -3.2582330547956791E-002
   3.8119999999999994       -3.2470229995299658E-002
   3.8159999999999998       -3.1677677379188945E-002
   3.8199999999999998       -3.1118908483021013E-002
   3.8239999999999998       -3.0818787996893495E-002
   3.8279999999999994       -3.0071649914240724E-002
   3.8319999999999999       -2.9476186450366530E-002
   3.8359999999999999       -2.9324018096122808E-002
   3.8399999999999999       -2.8754820384730932E-002
   3.8439999999999994       -2.8516096570340731E-002
   3.8479999999999999       -2.8164958005294897E-002
   3.8519999999999999       -2.7436457508822541E-002
   3.8559999999999999       -2.7125231882486923E-002
   3.8599999999999994       -2.6167053100612257E-002
   3.8639999999999999       -2.5824519709837603E-002
   3.8679999999999999       -2.5014780019701824E-002
   3.8719999999999999       -2.4131585340517816E-002
   3.8759999999999994       -2.3337236014415619E-002
   3.8799999999999999       -2.2851341155840643E-002
   3.8839999999999999       -2.2112529347269975E-002
   3.8879999999999999       -2.2023759425583499E-002
   3.8919999999999995       -2.0803921218763805E-002
   3.8959999999999995       -2.0205608329164314E-002
   3.8999999999999999       -1.9899609439476683E-002
   3.9039999999999999       -1.9330094164282653E-002
   3.9079999999999995       -1.8784806914677328E-002
   3.9119999999999995       -1.8179685490102290E-002
   3.9159999999999999       -1.7505131966595072E-002
   3.9199999999999999       -1.6901040539666193E-002
   3.9239999999999995       -1.6403817689948509E-002
   3.9279999999999995       -1.5443914020234180E-002
   3.9319999999999999       -1.4639267134483066E-002
   3.9359999999999999       -1.4184938784473456E-002
   3.9399999999999999       -1.3419750743327004E-002
   3.9439999999999995       -1.2434892627453347E-002
   3.9480000000000000       -1.2232199475740632E-002
   3.9520000000000000       -1.1271871595759032E-002
   3.9560000000000000       -1.1028668630091920E-002
   3.9599999999999995       -1.0601990009907750E-002
   3.9640000000000000       -9.8410989013317015E-003
   3.9680000000000000       -9.2349757821267846E-003
   3.9720000000000000       -8.0820512090780446E-003
   3.9759999999999995       -7.2153328059703101E-003
   3.9799999999999995       -6.8958863387048944E-003
   3.9840000000000000       -7.0738865404408862E-003
   3.9880000000000000       -7.1289685790275606E-003
   3.9919999999999995       -6.2968900481966319E-003
   3.9959999999999996       -5.4281728608139524E-003
   4.0000000000000000       -5.1311217766618076E-003
   4.0040000000000004       -4.8650319603458000E-003
   4.0080000000000000       -4.3586880220368510E-003
   4.0119999999999996       -3.7618086650606525E-003
   4.0160000000000000       -3.2975273492157980E-003
   4.0199999999999996       -2.7096290403755248E-003
   4.0239999999999991       -2.7333870979871643E-003
   4.0279999999999996       -1.4414458429747284E-003
   4.0320000000000000       -8.2830724952963970E-004
   4.0359999999999996       -7.9002338482404898E-004
   4.0399999999999991       -2.9514280175715207E-004
   4.0439999999999996        6.4489513897083737E-004
   4.0480000000000000        1.1875984638630985E-003
   4.0519999999999996        1.6786515312758744E-003
   4.0559999999999992        2.3692333127783910E-003
   4.0599999999999996        2.9490756933048209E-003
   4.0640000000000001        4.1807023466194039E-003
   4.0679999999999996        4.2350459482610407E-003
   4.0719999999999992        5.0126996901205013E-003
   4.0759999999999996        5.6308721504217266E-003
   4.0800000000000001        5.8517351441549547E-003
   4.0839999999999996        6.0409319336416105E-003
   4.0879999999999992        6.5017496815575433E-003
   4.0919999999999996        7.3349998973044530E-003
   4.0960000000000001        7.5978082010544415E-003
   4.0999999999999996        8.2889227952875361E-003
   4.1040000000000001        8.7111361868701560E-003
   4.1079999999999997        9.5747559894216704E-003
   4.1120000000000001        1.0788512917714509E-002
   4.1159999999999997        1.1047242455665702E-002
   4.1200000000000001        1.1429188333311521E-002
   4.1239999999999997        1.2305449528286596E-002
   4.1280000000000001        1.3233503552913426E-002
   4.1319999999999997        1.3370465186669286E-002
   4.1360000000000001        1.3591717811665589E-002
   4.1399999999999997        1.4316172713162828E-002
   4.1440000000000001        1.5055698484369837E-002
   4.1479999999999997        1.5849637323192178E-002
   4.1520000000000001        1.6543932664328565E-002
   4.1559999999999997        1.7179341252610610E-002
   4.1600000000000001        1.8016307200371715E-002
   4.1639999999999997        1.8441057119891750E-002
   4.1680000000000001        1.9158595509812193E-002
   4.1719999999999997        1.9348091245529383E-002
   4.1760000000000002        2.0542200418626113E-002
   4.1799999999999997        2.1602051252810055E-002
   4.1840000000000002        2.1919752400990922E-002
   4.1879999999999997        2.2392605975558044E-002
   4.1919999999999993        2.3148658333964643E-002
   4.1959999999999997        2.3581286915575234E-002
   4.2000000000000002        2.3699388530876751E-002
   4.2039999999999997        2.4440348194867595E-002
   4.2079999999999993        2.4162336594153993E-002
   4.2119999999999997        2.4500051916450168E-002
   4.2160000000000002        2.4666768854652587E-002
   4.2199999999999998        2.5196123955468469E-002
   4.2239999999999993        2.5894812841601226E-002
   4.2279999999999998        2.6068640875592575E-002
   4.2320000000000002        2.6467327706317618E-002
   4.2359999999999998        2.6756448284435807E-002
   4.2399999999999993        2.7413869133153603E-002
   4.2439999999999998        2.8145066428367015E-002
   4.2480000000000002        2.9010763635746645E-002
   4.2519999999999998        2.9571889066627745E-002
   4.2559999999999993        3.0884433787437226E-002
   4.2599999999999998        3.1431633971897903E-002
   4.2640000000000002        3.1706912598813711E-002
   4.2679999999999998        3.2368378376032618E-002
   4.2719999999999994        3.3064135733958583E-002
   4.2759999999999998        3.3124866968910045E-002
   4.2800000000000002        3.3852737868423667E-002
   4.2839999999999998        3.4343674667566305E-002
   4.2879999999999994        3.5455421695219820E-002
   4.2919999999999998        3.6102620418094464E-002
   4.2960000000000003        3.6897699051344074E-002
   4.2999999999999998        3.7725775398428196E-002
   4.3039999999999994        3.8132533551184074E-002
   4.3079999999999998        3.8951050783084695E-002
   4.3120000000000003        3.9681626783162852E-002
   4.3159999999999998        4.0637530932952276E-002
   4.3199999999999994        4.1545794204083830E-002
   4.3239999999999998        4.2048558169020936E-002
   4.3280000000000003        4.2901174987332320E-002
   4.3319999999999999        4.3923612241092654E-002
   4.3359999999999994        4.4540932306744142E-002
   4.3399999999999999        4.4911005414973788E-002
   4.3439999999999994        4.5278066042872336E-002
   4.3479999999999999        4.5960237803576082E-002
   4.3519999999999994        4.6319279634920503E-002
   4.3559999999999999        4.6498543594953118E-002
   4.3599999999999994        4.7398282630500436E-002
   4.3639999999999999        4.8219359111353437E-002
   4.3679999999999994        4.8888101283163565E-002
   4.3719999999999999        4.9385099102762967E-002
   4.3759999999999994        5.0012357027304249E-002
   4.3799999999999999        5.0608572110971209E-002
   4.3839999999999995        5.1475685182390360E-002
   4.3879999999999999        5.1520933860022690E-002
   4.3919999999999995        5.2169545173187233E-002
   4.3959999999999999        5.3397183190710081E-002
   4.3999999999999995        5.3998266021063168E-002
   4.4039999999999999        5.4809875264456513E-002
   4.4079999999999995        5.5145157398509469E-002
   4.4119999999999999        5.5919695294813693E-002
   4.4159999999999995        5.6444966605548784E-002
   4.4199999999999999        5.7269167417970626E-002
   4.4239999999999995        5.7363750832894328E-002
   4.4279999999999999        5.7906027042501279E-002
   4.4319999999999995        5.8323257508701064E-002
   4.4359999999999999        5.9216277742263311E-002
   4.4399999999999995        6.0015282674550002E-002
   4.4440000000000000        6.0672264365345424E-002
   4.4480000000000004        6.1195187507297875E-002
   4.4520000000000000        6.2003540752699683E-002
   4.4559999999999995        6.3012848534439544E-002
   4.4600000000000000        6.4143166759274783E-002
   4.4640000000000004        6.4554738504033801E-002
   4.4680000000000000        6.5263365042759119E-002
   4.4719999999999995        6.6051861511732465E-002
   4.4760000000000000        6.6517211005585206E-002
   4.4800000000000004        6.6972879822522230E-002
   4.4840000000000000        6.7091227333526460E-002
   4.4879999999999995        6.8218131085127795E-002
   4.4920000000000000        6.8752157545432971E-002
   4.4960000000000004        6.9643528537668212E-002
   4.5000000000000000        7.0182966169262076E-002
   4.5039999999999996        7.0912374655178648E-002
   4.5080000000000000        7.1600297460479800E-002
   4.5119999999999996        7.1794454806320199E-002
   4.5159999999999991        7.2191488394749134E-002
   4.5199999999999996        7.2530998312021797E-002
   4.5240000000000000        7.2914355209274292E-002
   4.5279999999999996        7.3633821337088734E-002
   4.5319999999999991        7.4405954484244335E-002
   4.5359999999999996        7.5214878485673736E-002
   4.5400000000000000        7.6106838291973386E-002
   4.5439999999999996        7.6778593895778624E-002
   4.5479999999999992        7.7703651357551279E-002
   4.5519999999999996        7.7978539108097975E-002
   4.5560000000000000        7.8228107267249408E-002
   4.5599999999999996        7.8770153375331581E-002
   4.5639999999999992        7.9329987533391599E-002
   4.5679999999999996        7.9952978294789992E-002
   4.5720000000000001        8.1011833861025548E-002
   4.5759999999999996        8.1722757268111096E-002
   4.5799999999999992        8.1997197386802154E-002
   4.5839999999999996        8.2138552253079311E-002
   4.5880000000000001        8.3133696217625119E-002
   4.5919999999999996        8.3661067267179687E-002
   4.5959999999999992        8.4058764785476650E-002
   4.5999999999999996        8.4721706721502948E-002
   4.6040000000000001        8.5281220468942986E-002
   4.6079999999999997        8.5048740955117150E-002
   4.6120000000000001        8.5997113017112811E-002
   4.6159999999999997        8.5794471964190516E-002
   4.6200000000000001        8.6290436721163419E-002
   4.6239999999999997        8.6836914789428107E-002
   4.6280000000000001        8.7456270804415925E-002
   4.6319999999999997        8.8636046264878338E-002
   4.6360000000000001        8.9531959382990536E-002
   4.6399999999999997        8.9458345779530268E-002
   4.6440000000000001        9.0282114907289643E-002
   4.6479999999999997        9.1280285099930247E-002
   4.6520000000000001        9.1832421344611129E-002
   4.6559999999999997        9.1856742505903921E-002
   4.6600000000000001        9.2646062525857525E-002
   4.6639999999999997        9.2906448603197592E-002
   4.6679999999999993        9.3783686913635589E-002
   4.6719999999999997        9.4472964762104067E-002
   4.6760000000000002        9.5475138207537932E-002
   4.6799999999999997        9.5825105718832876E-002
   4.6839999999999993        9.6742221748631591E-002
   4.6879999999999997        9.7301786642487245E-002
   4.6920000000000002        9.8247674505308885E-002
   4.6959999999999997        9.9096850836432618E-002
   4.6999999999999993       0.10016400751138484     
   4.7039999999999997       0.10048795836309186     
   4.7080000000000002       0.10124476655836612     
   4.7119999999999997       0.10179866098353325     
   4.7159999999999993       0.10201335326721879     
   4.7199999999999998       0.10257153150224509     
   4.7240000000000002       0.10280987585561312     
   4.7279999999999998       0.10310099684559212     
   4.7319999999999993       0.10427174873940054     
   4.7359999999999998       0.10469173756055923     
   4.7400000000000002       0.10572994790537506     
   4.7439999999999998       0.10683492760155214     
   4.7479999999999993       0.10725503905530988     
   4.7519999999999998       0.10774843883173155     
   4.7560000000000002       0.10877166113697215     
   4.7599999999999998       0.10915834514656469     
   4.7639999999999993       0.10979430262029848     
   4.7679999999999998       0.11021927307237848     
   4.7720000000000002       0.11090527594482628     
   4.7759999999999998       0.11154084140504002     
   4.7799999999999994       0.11248303979334429     
   4.7839999999999998       0.11328621295945451     
   4.7880000000000003       0.11354364840893556     
   4.7919999999999998       0.11419117732253939     
   4.7959999999999994       0.11477551884327118     
   4.7999999999999998       0.11553816045759567     
   4.8040000000000003       0.11645503212404303     
   4.8079999999999998       0.11672842753368982     
   4.8119999999999994       0.11749217019535507     
   4.8159999999999998       0.11821994421522022     
   4.8200000000000003       0.11866436810354358     
   4.8239999999999998       0.11935763201359351     
   4.8279999999999994       0.11957430712075859     
   4.8319999999999999       0.12052488533854348     
   4.8359999999999994       0.12093807221148377     
   4.8399999999999999       0.12126904743537702     
   4.8439999999999994       0.12208045667761398     
   4.8479999999999999       0.12229752490111724     
   4.8519999999999994       0.12345036500744716     
   4.8559999999999999       0.12370441093372170     
   4.8599999999999994       0.12409838763553001     
   4.8639999999999999       0.12442259911333796     
   4.8679999999999994       0.12477224572365783     
   4.8719999999999999       0.12561626430233910     
   4.8759999999999994       0.12671778983101675     
   4.8799999999999999       0.12737461437202258     
   4.8839999999999995       0.12743631360719049     
   4.8879999999999999       0.12821249340128280     
   4.8919999999999995       0.12905002776116956     
   4.8959999999999999       0.12967762861951718     
   4.8999999999999995       0.13024016386797532     
   4.9039999999999999       0.13056227621633784     
   4.9079999999999995       0.13100447949696797     
   4.9119999999999999       0.13211955050350924     
   4.9159999999999995       0.13282068557879706     
   4.9199999999999999       0.13352169933281946     
   4.9239999999999995       0.13442424757275451     
   4.9279999999999999       0.13447681620529717     
   4.9319999999999995       0.13469757475083255     
   4.9359999999999999       0.13521091801202531     
   4.9399999999999995       0.13660368480579221     
   4.9440000000000000       0.13735695232799000     
   4.9479999999999995       0.13795635513936286     
   4.9520000000000000       0.13852481999801358     
   4.9560000000000004       0.13908134529295130     
   4.9600000000000000       0.13926908780370559     
   4.9639999999999995       0.13993451044898891     
   4.9680000000000000       0.14045834665424839     
   4.9720000000000004       0.14182122516365891     
   4.9760000000000000       0.14197363736285093     
   4.9799999999999995       0.14252655632952782     
   4.9840000000000000       0.14308721507669792     
   4.9880000000000004       0.14349401398444769     
   4.9920000000000000       0.14426421996431690     
   4.9959999999999996       0.14419195123073381     
   5.0000000000000000       0.14458102546322432     
   5.0039999999999996       0.14557423511288561     
   5.0079999999999991       0.14606657763218031     
   5.0119999999999996       0.14651848743481286     
   5.0160000000000000       0.14698371829872611     
   5.0199999999999996       0.14716757439201136     
   5.0239999999999991       0.14788084848813696     
   5.0279999999999996       0.14807922348340352     
   5.0320000000000000       0.14882696245844695     
   5.0359999999999996       0.14915053229561745     
   5.0399999999999991       0.15029749854538380     
   5.0439999999999996       0.15111275720571066     
   5.0480000000000000       0.15194051880448209     
   5.0519999999999996       0.15276854159483791     
   5.0559999999999992       0.15314305864659788     
   5.0599999999999996       0.15399144998854331     
   5.0640000000000001       0.15443112832715591     
   5.0679999999999996       0.15440080175932069     
   5.0719999999999992       0.15552773665515854     
   5.0759999999999996       0.15640432148095301     
   5.0800000000000001       0.15703385277067897     
   5.0839999999999996       0.15773632767078996     
   5.0879999999999992       0.15830624578611646     
   5.0919999999999996       0.15905837577812748     
   5.0960000000000001       0.15949825861027667     
   5.0999999999999996       0.15984665241896387     
   5.1039999999999992       0.16044960472453190     
   5.1079999999999997       0.16100936991836781     
   5.1120000000000001       0.16194182724058817     
   5.1159999999999997       0.16244774315779745     
   5.1200000000000001       0.16303613320354546     
   5.1239999999999997       0.16357532266315933     
   5.1280000000000001       0.16456034324527688     
   5.1319999999999997       0.16515634770778809     
   5.1360000000000001       0.16572332223208394     
   5.1399999999999997       0.16659391457229322     
   5.1440000000000001       0.16746857451003955     
   5.1479999999999997       0.16807868503240836     
   5.1520000000000001       0.16854476004669211     
   5.1559999999999997       0.16952693716529479     
   5.1599999999999993       0.16988840181414142     
   5.1639999999999997       0.17037491482094880     
   5.1679999999999993       0.17084013337572559     
   5.1719999999999997       0.17155766341726261     
   5.1759999999999993       0.17229653682903531     
   5.1799999999999997       0.17297036837134092     
   5.1840000000000002       0.17378244511169061     
   5.1879999999999997       0.17442613167227317     
   5.1920000000000002       0.17548770772922587     
   5.1959999999999988       0.17603011606400146     
   5.1999999999999993       0.17612725412835209     
   5.2039999999999997       0.17668515804139739     
   5.2079999999999993       0.17639031098349672     
   5.2119999999999997       0.17717357541351569     
   5.2160000000000002       0.17742801378789594     
   5.2199999999999998       0.17820753491360061     
   5.2240000000000002       0.17860275701775849     
   5.2279999999999989       0.17917151767432829     
   5.2319999999999993       0.17951191261574564     
   5.2359999999999998       0.18047289572306052     
   5.2399999999999993       0.18098090847848317     
   5.2439999999999998       0.18138585703000915     
   5.2480000000000002       0.18246944142175725     
   5.2519999999999998       0.18313684659989815     
   5.2560000000000002       0.18355236327840499     
   5.2599999999999989       0.18403362004041440     
   5.2639999999999993       0.18451602886991453     
   5.2679999999999998       0.18521162987501413     
   5.2719999999999994       0.18651791615450775     
   5.2759999999999998       0.18739048082024817     
   5.2800000000000002       0.18759652266311114     
   5.2839999999999998       0.18824877942900575     
   5.2880000000000003       0.18892121103996035     
   5.2920000000000007       0.18957550304241153     
   5.2959999999999994       0.19026632254724968     
   5.2999999999999998       0.19088049591517423     
   5.3039999999999994       0.19102808385020173     
   5.3079999999999998       0.19121435463543113     
   5.3120000000000003       0.19183315690147978     
   5.3159999999999998       0.19201373984068476     
   5.3200000000000003       0.19246500420993698     
   5.3239999999999998       0.19279846320551672     
   5.3279999999999994       0.19351515522846685     
   5.3319999999999990       0.19387847082772819     
   5.3359999999999994       0.19458650353368287     
   5.3399999999999999       0.19539732612483665     
   5.3439999999999994       0.19614346826970766     
   5.3479999999999999       0.19734900124861859     
   5.3520000000000003       0.19775673164872018     
   5.3559999999999999       0.19852900629471684     
   5.3599999999999994       0.19918166505039647     
   5.3639999999999990       0.19942505411787148     
   5.3679999999999994       0.19954740218597386     
   5.3719999999999999       0.19984167356040825     
   5.3759999999999994       0.19986089156891157     
   5.3799999999999999       0.20036825147588247     
   5.3840000000000003       0.20105143913409415     
   5.3879999999999999       0.20128663131120025     
   5.3919999999999995       0.20244705094120277     
   5.3959999999999990       0.20278226915038555     
   5.3999999999999995       0.20347193194159457     
   5.4039999999999999       0.20454412761696419     
   5.4079999999999995       0.20436227019594377     
   5.4119999999999999       0.20526140896318595     
   5.4160000000000004       0.20581889201380227     
   5.4199999999999999       0.20628048195055912     
   5.4239999999999995       0.20664168628481244     
   5.4279999999999990       0.20731394422858793     
   5.4319999999999995       0.20859463234032785     
   5.4359999999999999       0.20919083077412556     
   5.4399999999999995       0.21008213256325395     
   5.4440000000000000       0.21014569820904944     
   5.4480000000000004       0.21088369205675742     
   5.4520000000000000       0.21144798925456240     
   5.4559999999999995       0.21196325582344216     
   5.4599999999999991       0.21297124983649646     
   5.4639999999999995       0.21346420850999553     
   5.4680000000000000       0.21452799231125158     
   5.4719999999999995       0.21548227956016383     
   5.4760000000000000       0.21598324626173854     
   5.4800000000000004       0.21630162615373447     
   5.4840000000000000       0.21679958824742460     
   5.4880000000000004       0.21710295315034103     
   5.4919999999999991       0.21713022881914074     
   5.4959999999999996       0.21764380128774333     
   5.4999999999999991       0.21792599640931862     
   5.5039999999999996       0.21880411225883259     
   5.5080000000000000       0.21919502242770608     
   5.5119999999999996       0.21891580237287264     
   5.5160000000000000       0.21962013179439618     
   5.5200000000000005       0.22017821791587067     
   5.5239999999999991       0.22081133964394800     
   5.5279999999999996       0.22112267895899343     
   5.5319999999999991       0.22147249183540460     
   5.5359999999999996       0.22184150542353723     
   5.5400000000000000       0.22207683471439926     
   5.5439999999999996       0.22239296441854717     
   5.5480000000000000       0.22283157311975618     
   5.5520000000000005       0.22258510401670298     
   5.5559999999999992       0.22340833315917480     
   5.5599999999999996       0.22447833218081303     
   5.5639999999999992       0.22510534781632985     
   5.5679999999999996       0.22597324883409939     
   5.5720000000000001       0.22680509656068251     
   5.5759999999999996       0.22779005397668492     
   5.5800000000000001       0.22802213887936729     
   5.5840000000000005       0.22874876394998195     
   5.5879999999999992       0.22931960553764191     
   5.5919999999999996       0.22988183064258502     
   5.5959999999999992       0.23043948610328149     
   5.5999999999999996       0.23028819742978499     
   5.6040000000000001       0.23092748435668206     
   5.6079999999999997       0.23127025421657943     
   5.6120000000000001       0.23156735109201029     
   5.6160000000000005       0.23197237090028580     
   5.6199999999999992       0.23236719221555063     
   5.6239999999999997       0.23270831982440021     
   5.6279999999999992       0.23368637578317886     
   5.6319999999999997       0.23426115142243814     
   5.6360000000000001       0.23489899608297998     
   5.6399999999999997       0.23583159495265829     
   5.6440000000000001       0.23674588360138038     
   5.6479999999999997       0.23713499642204630     
   5.6520000000000001       0.23739900506833497     
   5.6559999999999997       0.23761693550960136     
   5.6599999999999993       0.23849361201195976     
   5.6639999999999997       0.23865811286528701     
   5.6679999999999993       0.23948142973988154     
   5.6719999999999997       0.23973590473928244     
   5.6760000000000002       0.24088743281738251     
   5.6799999999999997       0.24180173347682746     
   5.6840000000000002       0.24281291026922072     
   5.6879999999999988       0.24287821355198971     
   5.6919999999999993       0.24340373816337302     
   5.6959999999999997       0.24380978668508466     
   5.6999999999999993       0.24478840367729152     
   5.7039999999999997       0.24542803098993249     
   5.7080000000000002       0.24604476408923753     
   5.7119999999999997       0.24619639306360605     
   5.7160000000000002       0.24672321225757332     
   5.7199999999999989       0.24767878730595599     
   5.7239999999999993       0.24838160260337264     
   5.7279999999999998       0.24876335130319738     
   5.7319999999999993       0.24923343890115249     
   5.7359999999999998       0.24991117094240342     
   5.7400000000000002       0.25020146646605229     
   5.7439999999999998       0.25046330866310279     
   5.7480000000000002       0.25095225848408270     
   5.7519999999999989       0.25130257402271844     
   5.7559999999999993       0.25160355540747836     
   5.7599999999999998       0.25201818659708858     
   5.7639999999999993       0.25237910241730838     
   5.7679999999999998       0.25303514939753041     
   5.7720000000000002       0.25371637401761127     
   5.7759999999999998       0.25454347106022995     
   5.7800000000000002       0.25502232778833472     
   5.7839999999999989       0.25583270955886928     
   5.7879999999999994       0.25596735593371811     
   5.7919999999999998       0.25640449573336194     
   5.7959999999999994       0.25701548991734824     
   5.7999999999999998       0.25744722012641225     
   5.8040000000000003       0.25784297480115398     
   5.8079999999999998       0.25743701168717459     
   5.8120000000000003       0.25797685763479239     
   5.8159999999999998       0.25868183435807141     
   5.8199999999999994       0.25929945451479969     
   5.8239999999999990       0.26002409012348748     
   5.8279999999999994       0.26087930878591364     
   5.8319999999999999       0.26114983786918083     
   5.8359999999999994       0.26169075606063968     
   5.8399999999999999       0.26239763175438247     
   5.8440000000000003       0.26289662543279047     
   5.8479999999999999       0.26315208074462310     
   5.8519999999999994       0.26373074325386253     
   5.8559999999999990       0.26403951302926598     
   5.8599999999999994       0.26492706598872839     
   5.8639999999999999       0.26561726659309087     
   5.8679999999999994       0.26622662336738334     
   5.8719999999999999       0.26661155368867989     
   5.8760000000000003       0.26704530390138376     
   5.8799999999999999       0.26769831247303472     
   5.8839999999999995       0.26806063797541652     
   5.8879999999999990       0.26851076056834722     
   5.8919999999999995       0.26936289219460741     
   5.8959999999999999       0.27003361823462324     
   5.8999999999999995       0.27041103890082763     
   5.9039999999999999       0.27111259557099754     
   5.9080000000000004       0.27151355320004550     
   5.9119999999999999       0.27151347694007422     
   5.9159999999999995       0.27179744501194275     
   5.9199999999999990       0.27241741383953133     
   5.9239999999999995       0.27307520260277884     
   5.9279999999999999       0.27330271835722908     
   5.9319999999999995       0.27347425506759732     
   5.9359999999999999       0.27397104966122765     
   5.9400000000000004       0.27410121471673926     
   5.9440000000000000       0.27467391276398923     
   5.9479999999999995       0.27527284105147426     
   5.9519999999999991       0.27610040915612000     
   5.9559999999999995       0.27629478572865040     
   5.9600000000000000       0.27690505339774618     
   5.9639999999999995       0.27729242182905139     
   5.9680000000000000       0.27829761043448825     
   5.9719999999999995       0.27903481113993650     
   5.9760000000000000       0.27949697241911908     
   5.9800000000000004       0.28031998002290232     
   5.9839999999999991       0.28051718779624185     
   5.9879999999999995       0.28099747371465666     
   5.9919999999999991       0.28143192442701775     
   5.9959999999999996       0.28236923089710403     
   6.0000000000000000       0.28331373338948473     
   6.0039999999999996       0.28338967672799659     
   6.0080000000000000       0.28379222955136019     
   6.0120000000000005       0.28456182523717416     
   6.0159999999999991       0.28477198266523046     
   6.0199999999999996       0.28489547272978211     
   6.0239999999999991       0.28551794446402584     
   6.0279999999999996       0.28649202800214690     
   6.0320000000000000       0.28729630165907805     
   6.0359999999999996       0.28799176885198768     
   6.0400000000000000       0.28890818436005755     
   6.0440000000000005       0.28974508360014906     
   6.0479999999999992       0.29056267776121697     
   6.0519999999999996       0.29144061503393442     
   6.0559999999999992       0.29175149064992262     
   6.0599999999999996       0.29269737439569449     
   6.0640000000000001       0.29344559979451090     
   6.0679999999999996       0.29373309502899425     
   6.0720000000000001       0.29425110671073829     
   6.0760000000000005       0.29486129012103834     
   6.0799999999999992       0.29586489751463163     
   6.0839999999999996       0.29677636586885703     
   6.0879999999999992       0.29742322080226241     
   6.0919999999999996       0.29786125171329780     
   6.0960000000000001       0.29895173793014584     
   6.0999999999999996       0.29948003469417633     
   6.1040000000000001       0.30013537584947603     
   6.1080000000000005       0.30019381271522211     
   6.1119999999999992       0.30085678069605670     
   6.1159999999999997       0.30125662261625036     
   6.1199999999999992       0.30173568682292357     
   6.1239999999999997       0.30259405635528913     
   6.1280000000000001       0.30321759310219876     
   6.1319999999999997       0.30301727314924687     
   6.1360000000000001       0.30379765495635908     
   6.1399999999999997       0.30427098331579033     
   6.1439999999999992       0.30399475683987054     
   6.1479999999999997       0.30496201711844523     
   6.1519999999999992       0.30538137881780303     
   6.1559999999999997       0.30593908859209540     
   6.1599999999999993       0.30652167792229795     
   6.1639999999999997       0.30750965285243814     
   6.1680000000000001       0.30835500194125920     
   6.1719999999999997       0.30807864383973410     
   6.1760000000000002       0.30868193083104245     
   6.1799999999999988       0.30908402077630320     
   6.1839999999999993       0.30916369697436641     
   6.1879999999999997       0.30934883187186635     
   6.1919999999999993       0.30993995476431552     
   6.1959999999999997       0.31073371316089515     
   6.2000000000000002       0.31152439210453869     
   6.2039999999999997       0.31232253209284128     
   6.2080000000000002       0.31288599648467141     
   6.2119999999999989       0.31365539597659198     
   6.2159999999999993       0.31369126532416930     
   6.2199999999999998       0.31380718950656861     
   6.2239999999999993       0.31356310883216593     
   6.2279999999999998       0.31383478752279592     
   6.2320000000000002       0.31389131118796765     
   6.2359999999999998       0.31443995901252891     
   6.2400000000000002       0.31449557906490955     
   6.2439999999999989       0.31485279867650656     
   6.2479999999999993       0.31554062414854411     
   6.2519999999999998       0.31618436477682138     
   6.2559999999999993       0.31673481319671437     
   6.2599999999999998       0.31680433009428960     
   6.2640000000000002       0.31757467991771104     
   6.2679999999999998       0.31828557270745239     
   6.2720000000000002       0.31883816952839311     
   6.2759999999999989       0.31908350524422513     
   6.2799999999999994       0.31874739513674877     
   6.2839999999999998       0.31911181289012486     
   6.2879999999999994       0.31930118293763360     
   6.2919999999999998       0.31998090997066631     
   6.2960000000000003       0.32027132090540794     
   6.2999999999999998       0.32052304590266811     
   6.3040000000000003       0.32135585428561841     
   6.3079999999999989       0.32123940016004332     
   6.3119999999999994       0.32220337927682080     
   6.3159999999999989       0.32228760767254294     
   6.3199999999999994       0.32264699463953678     
   6.3239999999999998       0.32322887156472735     
   6.3279999999999994       0.32380093723183295     
   6.3319999999999999       0.32375224731806496     
   6.3360000000000003       0.32382306650594989     
   6.3399999999999999       0.32473415010121021     
   6.3439999999999994       0.32474672311284286     
   6.3479999999999990       0.32517123960566946     
   6.3519999999999994       0.32571876482357393     
   6.3559999999999999       0.32595672550262156     
   6.3599999999999994       0.32651149901352688     
   6.3639999999999999       0.32737789163557335     
   6.3680000000000003       0.32796011915116891     
   6.3719999999999999       0.32794159019891339     
   6.3759999999999994       0.32861316357598597     
   6.3799999999999990       0.32926401586586707     
   6.3839999999999995       0.32941206182859595     
   6.3879999999999999       0.32974602833551586     
   6.3919999999999995       0.32993504664715284     
   6.3959999999999999       0.33056321517635501     
   6.4000000000000004       0.33097905258641230     
   6.4039999999999999       0.33129782589619500     
   6.4079999999999995       0.33155779484198433     
   6.4119999999999990       0.33192736821152741     
   6.4159999999999995       0.33182598965515936     
   6.4199999999999999       0.33195635422003905     
   6.4239999999999995       0.33231024598687264     
   6.4279999999999999       0.33265671954611986     
   6.4320000000000004       0.33278440271936111     
   6.4359999999999999       0.33312018679688615     
   6.4399999999999995       0.33359550436291607     
   6.4439999999999991       0.33380114564645547     
   6.4479999999999995       0.33424555280841528     
   6.4520000000000000       0.33432055854058246     
   6.4559999999999995       0.33463004976864252     
   6.4600000000000000       0.33518736343083955     
   6.4639999999999995       0.33478157942278064     
   6.4680000000000000       0.33500425789739419     
   6.4719999999999995       0.33493644860547972     
   6.4759999999999991       0.33457968989409220     
   6.4799999999999995       0.33526702632640842     
   6.4839999999999991       0.33523610190247394     
   6.4879999999999995       0.33580048036845617     
   6.4920000000000000       0.33615516452403466     
   6.4959999999999996       0.33675285800826055     
   6.5000000000000000       0.33775085632076346     
   6.5040000000000004       0.33736307821371952     
   6.5079999999999991       0.33739332681200795     
   6.5119999999999996       0.33746383899192722     
   6.5159999999999991       0.33831878578747832     
   6.5199999999999996       0.33911385079739048     
   6.5240000000000000       0.33987699810282390     
   6.5279999999999996       0.34073148041849266     
   6.5320000000000000       0.34080158194984106     
   6.5360000000000005       0.34038060400326681     
   6.5399999999999991       0.34096216169476046     
   6.5439999999999996       0.34124599889438462     
   6.5479999999999992       0.34157118451898033     
   6.5519999999999996       0.34197334582363437     
   6.5560000000000000       0.34228062216259719     
   6.5599999999999996       0.34329292959107538     
   6.5640000000000001       0.34338978407333354     
   6.5680000000000005       0.34355605417704388     
   6.5719999999999992       0.34420033086442037     
   6.5759999999999996       0.34454370975027221     
   6.5799999999999992       0.34445594706844873     
   6.5839999999999996       0.34466321533943617     
   6.5880000000000001       0.34529878322946994     
   6.5919999999999996       0.34535803757332267     
   6.5960000000000001       0.34582458207661748     
   6.6000000000000005       0.34642516706521614     
   6.6039999999999992       0.34672734869038768     
   6.6079999999999997       0.34703356078291292     
   6.6119999999999992       0.34771221281740367     
   6.6159999999999997       0.34807062967943742     
   6.6200000000000001       0.34849805678573786     
   6.6239999999999997       0.34797730062551818     
   6.6280000000000001       0.34849680076210821     
   6.6319999999999997       0.34870002773700909     
   6.6359999999999992       0.34907680772855110     
   6.6399999999999988       0.34938803578092870     
   6.6439999999999992       0.34999610702241563     
   6.6479999999999997       0.35038789961834171     
   6.6519999999999992       0.35064400232101089     
   6.6559999999999997       0.35124947899326048     
   6.6600000000000001       0.35182635881246072     
   6.6639999999999997       0.35229622646722647     
   6.6680000000000001       0.35201213755704419     
   6.6719999999999988       0.35233133697011293     
   6.6759999999999993       0.35277667807383306     
   6.6799999999999997       0.35274297438826269     
   6.6839999999999993       0.35290163101856942     
   6.6879999999999997       0.35362714652455396     
   6.6920000000000002       0.35410564500428193     
   6.6959999999999997       0.35443332311843700     
   6.7000000000000002       0.35486764961998041     
   6.7039999999999988       0.35546900255738473     
   6.7079999999999993       0.35517730294376459     
   6.7119999999999997       0.35556255670723524     
   6.7159999999999993       0.35575403348078716     
   6.7199999999999998       0.35637015252529186     
   6.7240000000000002       0.35720530634367059     
   6.7279999999999998       0.35745568258276783     
   6.7320000000000002       0.35823877621750483     
   6.7359999999999989       0.35883394791890527     
   6.7399999999999993       0.35922138063032594     
   6.7439999999999998       0.35954475187121510     
   6.7479999999999993       0.36000875113095554     
   6.7519999999999998       0.36078701223511178     
   6.7560000000000002       0.36095840263253498     
   6.7599999999999998       0.36156780232999264     
   6.7640000000000002       0.36218725224529008     
   6.7679999999999989       0.36203566597203579     
   6.7719999999999994       0.36273407056995516     
   6.7759999999999998       0.36304363947219043     
   6.7799999999999994       0.36271216534178263     
   6.7839999999999998       0.36266702253802602     
   6.7880000000000003       0.36289046892694216     
   6.7919999999999998       0.36341847036068431     
   6.7960000000000003       0.36357462513862837     
   6.7999999999999989       0.36419259746656035     
   6.8039999999999994       0.36492541633756087     
   6.8079999999999989       0.36494682601320427     
   6.8119999999999994       0.36512839047185669     
   6.8159999999999998       0.36570629572960173     
   6.8199999999999994       0.36636621883895237     
   6.8239999999999998       0.36624409239628536     
   6.8280000000000003       0.36633235908203698     
   6.8319999999999999       0.36635638642910623     
   6.8359999999999994       0.36626515585627939     
   6.8399999999999990       0.36671192596072905     
   6.8439999999999994       0.36673563064228171     
   6.8479999999999999       0.36713152709754932     
   6.8519999999999994       0.36766483284020246     
   6.8559999999999999       0.36786201821811698     
   6.8600000000000003       0.36824393986332482     
   6.8639999999999999       0.36886427563875535     
   6.8679999999999994       0.36882877427498195     
   6.8719999999999990       0.36891769858352225     
   6.8759999999999994       0.36928700817655546     
   6.8799999999999999       0.36950337457050331     
   6.8839999999999995       0.36922196807581098     
   6.8879999999999999       0.36956899260121800     
   6.8920000000000003       0.36986251421178645     
   6.8959999999999999       0.36992082546974053     
   6.8999999999999995       0.37010831148768036     
   6.9039999999999990       0.37096344626729499     
   6.9079999999999995       0.37081771282584158     
   6.9119999999999999       0.37109076440776140     
   6.9159999999999995       0.37116347308537068     
   6.9199999999999999       0.37175585806064793     
   6.9240000000000004       0.37173593343460642     
   6.9279999999999999       0.37231189098800005     
   6.9319999999999995       0.37216685136311173     
   6.9359999999999991       0.37260882664922085     
   6.9399999999999995       0.37296963140771022     
   6.9440000000000000       0.37333773721186175     
   6.9479999999999995       0.37377448802625035     
   6.9520000000000000       0.37429540292630464     
   6.9559999999999995       0.37490689983540604     
   6.9600000000000000       0.37493264910200741     
   6.9639999999999995       0.37528452632332837     
   6.9679999999999991       0.37519326520386515     
   6.9719999999999995       0.37551375513665325     
   6.9759999999999991       0.37574769939750507     
   6.9799999999999995       0.37641942969565234     
   6.9840000000000000       0.37646230912148815     
   6.9879999999999995       0.37696734513566743     
   6.9920000000000000       0.37719493956766498     
   6.9959999999999987       0.37767046089573691     
