   0.0000000000000000       0.99999999965783204     
   6.0000000000000001E-003  0.97478367756513407     
   1.2000000000000000E-002  0.98967786729128082     
   1.7999999999999999E-002  0.99023100522840879     
   2.4000000000000000E-002  0.98732321677439461     
   3.0000000000000002E-002  0.98483400802486887     
   3.5999999999999997E-002  0.98222292854780879     
   4.2000000000000003E-002  0.97445571945164289     
   4.8000000000000001E-002  0.97056567772572078     
   5.4000000000000006E-002  0.96970609764925197     
   6.0000000000000005E-002  0.96175243333084426     
   6.6000000000000003E-002  0.95931438292364279     
   7.1999999999999995E-002  0.94919381260712810     
   7.8000000000000000E-002  0.94355437460505853     
   8.4000000000000005E-002  0.93694640216547098     
   9.0000000000000011E-002  0.94039964187288794     
   9.6000000000000002E-002  0.92955704115197380     
  0.10200000000000001       0.92666634696600247     
  0.10800000000000001       0.92430951102288184     
  0.11400000000000000       0.90499991958549608     
  0.12000000000000001       0.90464110455754088     
  0.12600000000000000       0.90364990834367120     
  0.13200000000000001       0.89711537968492305     
  0.13800000000000001       0.89242174945739416     
  0.14399999999999999       0.88972518164659609     
  0.15000000000000002       0.88822006557539224     
  0.15600000000000000       0.87569088924161909     
  0.16200000000000001       0.86759917437456702     
  0.16800000000000001       0.86809720303653770     
  0.17399999999999999       0.86847866658900463     
  0.18000000000000002       0.86654813653256990     
  0.18600000000000003       0.86489618393302892     
  0.19200000000000000       0.85895291381707217     
  0.19800000000000001       0.85619814482113121     
  0.20400000000000001       0.86396407351819815     
  0.21000000000000002       0.86963716323182771     
  0.21600000000000003       0.87749252499028219     
  0.22200000000000000       0.87654583979936229     
  0.22800000000000001       0.87780638454244464     
  0.23400000000000001       0.88201944538469879     
  0.24000000000000002       0.88914650795044303     
  0.24600000000000002       0.89510085752723356     
  0.25200000000000000       0.89503016787392975     
  0.25800000000000001       0.90083457931583966     
  0.26400000000000001       0.90515020877330854     
  0.27000000000000002       0.90790563564149285     
  0.27600000000000002       0.90979380919592712     
  0.28199999999999997       0.91033071511106944     
  0.28799999999999998       0.91242659038111606     
  0.29400000000000004       0.91266156283965683     
  0.30000000000000004       0.91432164816067663     
  0.30600000000000005       0.91258762183110942     
  0.31200000000000000       0.91186136730049372     
  0.31800000000000000       0.90967883005848638     
  0.32400000000000001       0.90782893530779996     
  0.33000000000000002       0.90517733125694588     
  0.33600000000000002       0.90419698672206184     
  0.34200000000000003       0.90343338655894734     
  0.34799999999999998       0.90045704552793293     
  0.35400000000000004       0.89801798658035359     
  0.36000000000000004       0.89526408866252771     
  0.36600000000000005       0.89248018016627240     
  0.37200000000000005       0.89047051914947795     
  0.37800000000000000       0.88538470959361304     
  0.38400000000000001       0.88310503085832892     
  0.39000000000000001       0.87778063800456463     
  0.39600000000000002       0.87573688742481348     
  0.40200000000000002       0.87153531441994025     
  0.40800000000000003       0.86812110306589951     
  0.41399999999999998       0.86525679330302285     
  0.42000000000000004       0.86181989300128159     
  0.42600000000000005       0.85635842531193651     
  0.43200000000000005       0.85181725349135473     
  0.43800000000000006       0.84787819480445470     
  0.44400000000000001       0.84526728274859342     
  0.45000000000000001       0.84310586430919465     
  0.45600000000000002       0.83677278832110735     
  0.46200000000000002       0.83470421278020712     
  0.46800000000000003       0.83037560964054735     
  0.47400000000000003       0.82895658995175459     
  0.48000000000000004       0.82420866861427922     
  0.48600000000000004       0.81898399214453932     
  0.49200000000000005       0.81659574661673384     
  0.49800000000000005       0.81314391541613995     
  0.50400000000000000       0.80798425301431076     
  0.51000000000000001       0.80377380782025398     
  0.51600000000000001       0.80136293434831740     
  0.52200000000000002       0.79744295457425629     
  0.52800000000000002       0.79342742662900811     
  0.53400000000000003       0.79042047985939534     
  0.54000000000000004       0.78701733672164598     
  0.54600000000000004       0.78269063241465275     
  0.55200000000000005       0.77717252624670596     
  0.55799999999999994       0.77643658349789202     
  0.56399999999999995       0.77257918561255934     
  0.56999999999999995       0.77029165670965316     
  0.57599999999999996       0.76728952656292204     
  0.58200000000000007       0.76296703470255733     
  0.58800000000000008       0.75893310813254211     
  0.59400000000000008       0.75479266408584444     
  0.60000000000000009       0.75146674956379966     
  0.60600000000000009       0.74790640928974716     
  0.61200000000000010       0.74469052029466687     
  0.61800000000000010       0.74126134689697920     
  0.62400000000000000       0.73662010312999815     
  0.63000000000000000       0.72995587747138480     
  0.63600000000000001       0.72695398086723462     
  0.64200000000000002       0.72250260488088847     
  0.64800000000000002       0.71821605340465700     
  0.65400000000000003       0.71507338805112153     
  0.66000000000000003       0.71119296653637765     
  0.66600000000000004       0.70672457258055765     
  0.67200000000000004       0.70359495817816620     
  0.67800000000000005       0.70066321180779101     
  0.68400000000000005       0.69694853019920022     
  0.68999999999999995       0.69359024611912046     
  0.69599999999999995       0.69034733515365720     
  0.70199999999999996       0.68820759520188635     
  0.70800000000000007       0.68643995706279970     
  0.71400000000000008       0.68292686060811758     
  0.72000000000000008       0.67425689823747503     
  0.72600000000000009       0.67067857318720780     
  0.73200000000000010       0.66676381307013433     
  0.73800000000000010       0.66097495697523012     
  0.74400000000000011       0.65809664102486343     
  0.75000000000000011       0.65763821013442814     
  0.75600000000000001       0.65468680567150139     
  0.76200000000000001       0.64940327798396213     
  0.76800000000000002       0.64673713588341386     
  0.77400000000000002       0.64489971881103314     
  0.78000000000000003       0.64086007792455346     
  0.78600000000000003       0.63513186653349296     
  0.79200000000000004       0.63316725530916962     
  0.79800000000000004       0.62770152788981204     
  0.80400000000000005       0.62385539579872207     
  0.81000000000000005       0.61978875361623920     
  0.81600000000000006       0.61672614883356469     
  0.82199999999999995       0.61133809063291700     
  0.82799999999999996       0.60872872393441724     
  0.83400000000000007       0.60426956561046641     
  0.84000000000000008       0.59963285779577102     
  0.84600000000000009       0.59286532761778976     
  0.85200000000000009       0.58975334365209908     
  0.85800000000000010       0.58562888430805871     
  0.86400000000000010       0.58331178389699667     
  0.87000000000000011       0.58028846096792353     
  0.87600000000000011       0.57837623012943384     
  0.88200000000000012       0.57590477630194215     
  0.88800000000000001       0.57227729493558888     
  0.89400000000000002       0.57140357039040390     
  0.90000000000000002       0.56977621829060510     
  0.90600000000000003       0.56579197832633388     
  0.91200000000000003       0.56161820496186732     
  0.91800000000000004       0.55805504913632509     
  0.92400000000000004       0.55370052870834052     
  0.93000000000000005       0.55097922537905908     
  0.93600000000000005       0.54844064973932982     
  0.94200000000000006       0.54549920886823122     
  0.94800000000000006       0.54238732874962370     
  0.95399999999999996       0.54062513018333047     
  0.96000000000000008       0.53779708606472176     
  0.96600000000000008       0.53540293918729809     
  0.97200000000000009       0.53184626229054066     
  0.97800000000000009       0.52653747074613211     
  0.98400000000000010       0.52405870799039012     
  0.99000000000000010       0.52296973014206249     
  0.99600000000000011       0.51917840774207102     
   1.0020000000000000       0.51702913089637814     
   1.0080000000000000       0.51546965008115653     
   1.0140000000000000       0.51165413284839512     
   1.0200000000000000       0.50890875713846717     
   1.0260000000000000       0.50845170065032530     
   1.0320000000000000       0.49821929954163807     
   1.0380000000000000       0.49371795829862936     
   1.0440000000000000       0.49224416945370719     
   1.0500000000000000       0.48919701767111740     
   1.0560000000000000       0.48756433623115514     
   1.0620000000000001       0.48540856766090279     
   1.0680000000000001       0.48331555266344883     
   1.0740000000000001       0.48030622053065658     
   1.0800000000000001       0.47812679480146048     
   1.0860000000000001       0.47571358410685022     
   1.0920000000000001       0.47498047432401269     
   1.0980000000000001       0.47268290322084006     
   1.1040000000000001       0.46916947845380252     
   1.1100000000000001       0.46615427372528090     
   1.1159999999999999       0.46414691951239612     
   1.1219999999999999       0.46017216033355285     
   1.1279999999999999       0.45705000787003941     
   1.1339999999999999       0.45661171916050430     
   1.1399999999999999       0.45422303575391021     
   1.1459999999999999       0.45258068207614560     
   1.1519999999999999       0.45024436834872572     
   1.1580000000000001       0.44966399486765651     
   1.1640000000000001       0.45024417691962415     
   1.1700000000000002       0.44672718010565821     
   1.1760000000000002       0.44349120170537598     
   1.1820000000000002       0.44471673086072466     
   1.1880000000000002       0.44226244071606424     
   1.1940000000000002       0.44002198563299477     
   1.2000000000000002       0.43789245783390590     
   1.2060000000000002       0.43728383955432443     
   1.2120000000000002       0.43716536263056344     
   1.2180000000000002       0.43280673686824528     
   1.2240000000000002       0.43002730991367150     
   1.2300000000000002       0.42831067674737888     
   1.2360000000000002       0.42463683274669523     
   1.2420000000000002       0.41961528109323892     
   1.2480000000000000       0.41689530551483034     
   1.2540000000000000       0.41501074404210897     
   1.2600000000000000       0.41317086579071866     
   1.2660000000000000       0.41343560861508216     
   1.2720000000000000       0.41067354668744632     
   1.2780000000000000       0.40890355775195131     
   1.2840000000000000       0.40494374584376952     
   1.2900000000000000       0.40258878954865146     
   1.2960000000000000       0.40039035743804724     
   1.3020000000000000       0.39938898435375592     
   1.3080000000000001       0.39715401956298513     
   1.3140000000000001       0.39357015613048030     
   1.3200000000000001       0.39151710745205448     
   1.3260000000000001       0.38997050461759647     
   1.3320000000000001       0.38818132452845122     
   1.3380000000000001       0.38755192396129995     
   1.3440000000000001       0.38430060235199304     
   1.3500000000000001       0.38360341665586223     
   1.3560000000000001       0.38082021825209095     
   1.3620000000000001       0.37502662044290752     
   1.3680000000000001       0.37557309938907696     
   1.3740000000000001       0.37296158419648701     
   1.3799999999999999       0.37043100342420465     
   1.3859999999999999       0.36859502589988025     
   1.3919999999999999       0.36606121192632690     
   1.3979999999999999       0.36133266567173244     
   1.4039999999999999       0.36025566004839088     
   1.4100000000000001       0.35537547484013832     
   1.4160000000000001       0.35427628876949563     
   1.4220000000000002       0.35285990663762140     
   1.4280000000000002       0.34905978969060958     
   1.4340000000000002       0.34782370033554988     
   1.4400000000000002       0.34916256177240124     
   1.4460000000000002       0.34862540652504581     
   1.4520000000000002       0.34711130425093389     
   1.4580000000000002       0.34635341980308904     
   1.4640000000000002       0.34352683715594273     
   1.4700000000000002       0.34125719366845564     
   1.4760000000000002       0.33878939108986938     
   1.4820000000000002       0.33726929619751111     
   1.4880000000000002       0.33575141471268399     
   1.4940000000000002       0.33488570833623899     
   1.5000000000000002       0.33581320266708392     
   1.5060000000000002       0.33299351054745718     
   1.5120000000000000       0.33298998149771647     
   1.5180000000000000       0.33319542285028519     
   1.5240000000000000       0.33196079647202703     
   1.5300000000000000       0.32740400951247561     
   1.5360000000000000       0.32515118286266081     
   1.5420000000000000       0.32374583967717241     
   1.5480000000000000       0.32319668917287236     
   1.5540000000000000       0.32175228825103680     
   1.5600000000000001       0.32159640912154597     
   1.5660000000000001       0.32054647982690337     
   1.5720000000000001       0.31901761620867347     
   1.5780000000000001       0.31884103327934349     
   1.5840000000000001       0.31827730945200261     
   1.5900000000000001       0.31883064211517570     
   1.5960000000000001       0.31939624617926066     
   1.6020000000000001       0.31940499332228633     
   1.6080000000000001       0.31847239388539322     
   1.6140000000000001       0.31635173981589410     
   1.6200000000000001       0.31402828033151386     
   1.6260000000000001       0.31219536072305060     
   1.6320000000000001       0.31104063081831790     
   1.6380000000000001       0.30840989528647217     
   1.6439999999999999       0.30525044910087079     
   1.6499999999999999       0.30618333673223769     
   1.6559999999999999       0.30474592215666346     
   1.6619999999999999       0.30119883434271105     
   1.6680000000000001       0.29738964392335104     
   1.6740000000000002       0.29423540842805940     
   1.6800000000000002       0.29341597661942337     
   1.6860000000000002       0.29119325051567968     
   1.6920000000000002       0.29066025462472250     
   1.6980000000000002       0.28950072844514591     
   1.7040000000000002       0.28924314763001713     
   1.7100000000000002       0.28633233134873171     
   1.7160000000000002       0.28655752474078622     
   1.7220000000000002       0.28540624396946518     
   1.7280000000000002       0.28579433532512044     
   1.7340000000000002       0.28396846106379608     
   1.7400000000000002       0.28258355596660861     
   1.7460000000000002       0.28262489973321309     
   1.7520000000000002       0.28164722653884977     
   1.7580000000000002       0.28098485991555561     
   1.7640000000000002       0.28113127325873682     
   1.7700000000000000       0.27846193691241494     
   1.7760000000000000       0.27712880676766666     
   1.7820000000000000       0.27590957420058082     
   1.7880000000000000       0.27453093366516240     
   1.7940000000000000       0.27212435913524152     
   1.8000000000000000       0.27246498245638556     
   1.8060000000000000       0.27160723072223436     
   1.8120000000000001       0.27072320127876104     
   1.8180000000000001       0.26793902053766783     
   1.8240000000000001       0.26822101321369007     
   1.8300000000000001       0.26656573765935226     
   1.8360000000000001       0.26508415888489278     
   1.8420000000000001       0.26299993898050161     
   1.8480000000000001       0.26232570941234840     
   1.8540000000000001       0.26179988386544645     
   1.8600000000000001       0.26120294833326047     
   1.8660000000000001       0.26114258541243307     
   1.8720000000000001       0.26061570057299571     
   1.8780000000000001       0.25865147789835485     
   1.8840000000000001       0.25666111531847524     
   1.8900000000000001       0.25543576280833474     
   1.8960000000000001       0.25381737734925830     
   1.9020000000000001       0.25370031210247279     
   1.9079999999999999       0.25253322840768982     
   1.9139999999999999       0.25258698054138928     
   1.9200000000000002       0.25334408814493931     
   1.9260000000000002       0.25179626936929839     
   1.9320000000000002       0.24866285988740372     
   1.9379999999999999       0.24670289911573098     
   1.9440000000000002       0.24508576773896842     
   1.9500000000000000       0.24480344073396157     
   1.9560000000000002       0.24359904695586435     
   1.9620000000000000       0.24271153156517633     
   1.9680000000000002       0.24156804709342378     
   1.9740000000000000       0.23994547725769211     
   1.9800000000000002       0.23789395781245082     
   1.9860000000000000       0.23718943438471540     
   1.9920000000000002       0.23653507831319273     
   1.9980000000000000       0.23574546619518250     
   2.0040000000000000       0.23588158490061059     
   2.0099999999999998       0.23355771205871151     
   2.0160000000000000       0.23249572604778818     
   2.0219999999999998       0.23045856030096923     
   2.0280000000000000       0.23050541487617732     
   2.0339999999999998       0.22981973918497980     
   2.0400000000000000       0.22959825460757805     
   2.0459999999999998       0.22691248432506930     
   2.0520000000000000       0.22537209925070925     
   2.0580000000000003       0.22475992528135463     
   2.0640000000000001       0.22239485053337132     
   2.0700000000000003       0.22207467405876011     
   2.0760000000000001       0.22057597995226577     
   2.0820000000000003       0.21987914714662607     
   2.0880000000000001       0.21952979421263513     
   2.0940000000000003       0.21745226227247982     
   2.1000000000000001       0.21847068221027605     
   2.1060000000000003       0.21638222993289730     
   2.1120000000000001       0.21654783521999946     
   2.1180000000000003       0.21416796564365581     
   2.1240000000000001       0.21326764090450326     
   2.1300000000000003       0.21308398520890073     
   2.1360000000000001       0.21103896610242584     
   2.1420000000000003       0.21210984328571564     
   2.1480000000000001       0.21256932379997229     
   2.1540000000000004       0.21108131820235723     
   2.1600000000000001       0.20851677730671303     
   2.1660000000000004       0.20736160239737988     
   2.1720000000000002       0.20762669768138914     
   2.1780000000000004       0.20798904338303620     
   2.1840000000000002       0.20781648396713240     
   2.1900000000000004       0.20849481149156343     
   2.1960000000000002       0.20689699207082246     
   2.2020000000000004       0.20625536424403493     
   2.2080000000000002       0.20438562932129312     
   2.2140000000000004       0.20479985412555071     
   2.2200000000000002       0.20476569425253541     
   2.2260000000000004       0.20408659843717777     
   2.2319999999999998       0.20447806470154087     
   2.2380000000000000       0.20267490896737825     
   2.2439999999999998       0.20024488879966526     
   2.2500000000000000       0.19967744143872473     
   2.2559999999999998       0.19862049251694130     
   2.2620000000000000       0.19721803117894313     
   2.2679999999999998       0.19671338386633827     
   2.2740000000000000       0.19660358221909946     
   2.2799999999999998       0.19515822248031658     
   2.2860000000000000       0.19387613681091595     
   2.2919999999999998       0.19224809008816854     
   2.2980000000000000       0.19022324361470158     
   2.3039999999999998       0.19106335641196534     
   2.3100000000000001       0.18971002374652746     
   2.3160000000000003       0.18964210330130096     
   2.3220000000000001       0.18892293003665703     
   2.3280000000000003       0.18943346687836066     
   2.3340000000000001       0.18760055762937153     
   2.3400000000000003       0.18763229927263492     
   2.3460000000000001       0.18499319279832824     
   2.3520000000000003       0.18394884496634728     
   2.3580000000000001       0.18259103079292568     
   2.3640000000000003       0.18140809937986332     
   2.3700000000000001       0.18237137551707314     
   2.3760000000000003       0.17996712370246495     
   2.3820000000000001       0.18072430336665327     
   2.3880000000000003       0.17964450407490615     
   2.3940000000000001       0.17868589620773551     
   2.4000000000000004       0.18066257731206248     
   2.4060000000000001       0.18019181808009022     
   2.4120000000000004       0.17798031481159793     
   2.4180000000000001       0.17715727135297477     
   2.4240000000000004       0.17689279043402720     
   2.4300000000000002       0.17778817254609133     
   2.4360000000000004       0.17951878667294346     
   2.4420000000000002       0.17723159635278851     
   2.4480000000000004       0.17761101327329687     
   2.4540000000000002       0.17713595653779707     
   2.4600000000000004       0.17751937011727442     
   2.4660000000000002       0.17568842504285306     
   2.4720000000000004       0.17321486335040193     
   2.4780000000000002       0.17188434101495748     
   2.4840000000000004       0.17065715551386904     
   2.4900000000000002       0.17306199246875020     
   2.4960000000000000       0.17415023590487833     
   2.5019999999999998       0.17267104531378219     
   2.5080000000000000       0.17004594471305925     
   2.5139999999999998       0.16956517446080335     
   2.5200000000000000       0.16864791262404502     
   2.5259999999999998       0.16667346841527886     
   2.5320000000000000       0.16569377551528355     
   2.5379999999999998       0.16380338119047549     
   2.5440000000000000       0.16457780956062154     
   2.5499999999999998       0.16374845150213233     
   2.5560000000000000       0.16261829169014752     
   2.5620000000000003       0.15976364576447435     
   2.5680000000000001       0.15854319941705364     
   2.5740000000000003       0.15713365025521492     
   2.5800000000000001       0.15453595944361825     
   2.5860000000000003       0.15470464495169012     
   2.5920000000000001       0.15447321414014156     
   2.5980000000000003       0.15289237515353579     
   2.6040000000000001       0.15166949523372583     
   2.6100000000000003       0.15209492744079620     
   2.6160000000000001       0.14962741500247417     
   2.6220000000000003       0.14867716665232267     
   2.6280000000000001       0.14809289820788710     
   2.6340000000000003       0.14661263062244884     
   2.6400000000000001       0.14382476871528346     
   2.6460000000000004       0.14441815926665402     
   2.6520000000000001       0.14480700228671795     
   2.6580000000000004       0.14502084704601764     
   2.6640000000000001       0.14456680518215040     
   2.6700000000000004       0.14291070115011781     
   2.6760000000000002       0.14114433262942638     
   2.6820000000000004       0.14161738280349881     
   2.6880000000000002       0.14113506898296446     
   2.6940000000000004       0.13957995601920317     
   2.7000000000000002       0.13969647659464432     
   2.7060000000000004       0.13897925700695482     
   2.7120000000000002       0.14021563372837850     
   2.7180000000000004       0.13812352130903799     
   2.7240000000000002       0.13856073197211155     
   2.7300000000000004       0.13601116578060271     
   2.7360000000000002       0.13621884197339706     
   2.7420000000000004       0.13392769568087004     
   2.7480000000000002       0.13089438797639438     
   2.7540000000000000       0.12913581852442968     
   2.7599999999999998       0.12816315269365697     
   2.7660000000000000       0.12900556676435498     
   2.7719999999999998       0.12948566567385120     
   2.7780000000000000       0.12911969838129508     
   2.7839999999999998       0.12961777509296576     
   2.7900000000000000       0.12975920587531525     
   2.7959999999999998       0.13013240869524093     
   2.8020000000000000       0.12833629956472939     
   2.8079999999999998       0.12797386209339123     
   2.8140000000000001       0.12619554211164485     
   2.8200000000000003       0.12537205540949570     
   2.8260000000000001       0.12740486974876530     
   2.8320000000000003       0.12778509173746191     
   2.8380000000000001       0.12672206104966083     
   2.8440000000000003       0.12564864196307776     
   2.8500000000000001       0.12605993882609218     
   2.8560000000000003       0.12685870601802837     
   2.8620000000000001       0.12583194081737703     
   2.8680000000000003       0.12555482997720557     
   2.8740000000000001       0.12532538375584990     
   2.8800000000000003       0.12413346687826242     
   2.8860000000000001       0.12361625268705650     
   2.8920000000000003       0.12148274814693617     
   2.8980000000000001       0.12065452299534024     
   2.9040000000000004       0.11962849220346912     
   2.9100000000000001       0.12035751537365723     
   2.9160000000000004       0.11877835855880539     
   2.9220000000000002       0.11815141155890800     
   2.9280000000000004       0.11613841936694869     
   2.9340000000000002       0.11676961588876827     
   2.9400000000000004       0.11706613911889571     
   2.9460000000000002       0.11534385171666696     
   2.9520000000000004       0.11381238394155044     
   2.9580000000000002       0.11096560164441646     
   2.9640000000000004       0.11053720094680586     
   2.9700000000000002       0.10903406925308383     
   2.9760000000000004       0.10674242549296235     
   2.9820000000000002       0.10465955808788731     
   2.9880000000000004       0.10278006719280995     
   2.9940000000000002       0.10020895071265135     
   3.0000000000000004        9.9354209330982365E-002
   3.0060000000000002       0.10051858602331237     
   3.0120000000000005        9.9890351253410448E-002
   3.0180000000000002       0.10061602949339121     
   3.0240000000000000        9.9597462674307788E-002
   3.0299999999999998        9.6964286840099667E-002
   3.0360000000000000        9.4277841265828916E-002
   3.0419999999999998        9.3640502986283930E-002
   3.0480000000000000        9.2785681756446817E-002
   3.0539999999999998        9.1713856359841958E-002
   3.0600000000000001        9.0937992490319877E-002
   3.0659999999999998        8.8083716951485064E-002
   3.0720000000000001        8.7444390015349885E-002
   3.0780000000000003        8.5330476774790442E-002
   3.0840000000000001        8.4322149612949510E-002
   3.0900000000000003        8.0693200276532026E-002
   3.0960000000000001        8.1116813714788752E-002
   3.1020000000000003        8.0990354300515516E-002
   3.1080000000000001        8.1253476527193239E-002
   3.1140000000000003        7.8332341890283541E-002
   3.1200000000000001        7.9008692673300199E-002
   3.1260000000000003        8.0040409196978954E-002
   3.1320000000000001        7.8677710515103291E-002
   3.1380000000000003        7.8072472473429605E-002
   3.1440000000000001        7.8506678231670485E-002
   3.1500000000000004        7.7781870632601169E-002
   3.1560000000000001        7.5934344549012725E-002
   3.1620000000000004        7.4125452881890402E-002
   3.1680000000000001        7.4023602811841283E-002
   3.1740000000000004        7.4336066156979200E-002
   3.1800000000000002        7.3449495081376229E-002
   3.1860000000000004        7.3743413610144054E-002
   3.1920000000000002        7.3660665261100725E-002
   3.1980000000000004        7.4584031807275894E-002
   3.2040000000000002        7.1280199103282676E-002
   3.2100000000000004        7.0257566621591730E-002
   3.2160000000000002        6.8143591589382838E-002
   3.2220000000000004        6.8947401843574160E-002
   3.2280000000000002        6.5924369071533956E-002
   3.2340000000000004        6.5868900312652537E-002
   3.2400000000000002        6.5594475664188120E-002
   3.2460000000000004        6.5248325547318908E-002
   3.2520000000000002        6.3882847038700105E-002
   3.2580000000000005        6.1852709139363034E-002
   3.2640000000000002        6.0797839471996240E-002
   3.2700000000000005        5.9347596723140210E-002
   3.2760000000000002        5.8538156652564809E-002
   3.2820000000000000        5.7074876576156987E-002
   3.2879999999999998        5.6163678133322639E-002
   3.2940000000000000        5.5037078927190383E-002
   3.2999999999999998        5.5449441123004720E-002
   3.3060000000000000        5.5571883734405553E-002
   3.3119999999999998        5.3042929844877448E-002
   3.3180000000000001        5.4377850745661066E-002
   3.3239999999999998        5.4707205145496408E-002
   3.3300000000000001        5.2893400014383113E-002
   3.3360000000000003        5.0604147063218162E-002
   3.3420000000000001        4.9712149739939676E-002
   3.3480000000000003        5.0636860363410668E-002
   3.3540000000000001        5.0346585724275757E-002
   3.3600000000000003        4.9690823107098797E-002
   3.3660000000000001        4.9837958070689442E-002
   3.3720000000000003        4.9242388005099405E-002
   3.3780000000000001        4.8905710426308029E-002
   3.3840000000000003        4.9849293179609289E-002
   3.3900000000000001        4.8226164503881119E-002
   3.3960000000000004        4.2987732057383772E-002
   3.4020000000000001        4.3970424997464716E-002
   3.4080000000000004        4.0943765043693514E-002
   3.4140000000000001        3.9510248977828802E-002
   3.4200000000000004        4.0170574499372405E-002
   3.4260000000000002        3.9740490231929736E-002
   3.4320000000000004        3.7836535861853815E-002
   3.4380000000000002        3.4440058563762248E-002
   3.4440000000000004        3.4607094533279530E-002
   3.4500000000000002        3.2294341083105874E-002
   3.4560000000000004        3.1160436303645563E-002
   3.4620000000000002        2.9579768905744042E-002
   3.4680000000000004        2.7484359524023422E-002
   3.4740000000000002        2.6441350301972023E-002
   3.4800000000000004        2.6269297701150902E-002
   3.4860000000000002        2.3198923461453701E-002
   3.4920000000000004        2.1382774688942369E-002
   3.4980000000000002        2.1118704224478157E-002
   3.5040000000000004        1.9756394641643048E-002
   3.5100000000000002        1.9375485137707912E-002
   3.5160000000000005        1.9245707320511358E-002
   3.5220000000000002        1.8782053441043431E-002
   3.5280000000000005        2.0649107945669484E-002
   3.5340000000000003        2.1103612359446480E-002
   3.5400000000000000        2.0135366227130837E-002
   3.5459999999999998        2.0058748635186953E-002
   3.5520000000000000        2.2068321030552226E-002
   3.5579999999999998        2.4093630615708149E-002
   3.5640000000000001        2.3192215094144281E-002
   3.5699999999999998        1.9465697199645023E-002
   3.5760000000000001        1.8900692560807369E-002
   3.5819999999999999        1.5618778588942436E-002
   3.5880000000000001        1.5822020554552008E-002
   3.5940000000000003        1.0046327234662665E-002
   3.6000000000000001        8.8102958350620188E-003
   3.6060000000000003        1.0362755630224563E-002
   3.6120000000000001        7.6331634872893765E-003
   3.6180000000000003        5.8493264538824257E-003
   3.6240000000000001        6.2608932761454078E-003
   3.6300000000000003        5.1058561343807780E-003
   3.6360000000000001        3.5531827328457934E-003
   3.6420000000000003        3.9147897865325146E-003
   3.6480000000000001        4.7868074647633308E-003
   3.6540000000000004        5.2527635268362453E-003
   3.6600000000000001        4.7733140258094161E-003
   3.6660000000000004        2.2686639244324683E-003
   3.6720000000000002        1.7113159404103428E-003
   3.6780000000000004        2.3940606735167189E-003
   3.6840000000000002        2.2101190736665611E-003
   3.6900000000000004        2.1772405817723529E-003
   3.6960000000000002        1.3181950621216814E-003
   3.7020000000000004        1.8107423843824048E-003
   3.7080000000000002        2.0262395677772102E-003
   3.7140000000000004       -1.3300911388659110E-003
   3.7200000000000002       -1.3937310715034421E-003
   3.7260000000000004       -1.6195549267250312E-003
   3.7320000000000002       -2.5635884550015749E-003
   3.7380000000000004       -2.8655989034198997E-003
   3.7440000000000002       -4.3495799322146311E-003
   3.7500000000000004       -6.2482287314283092E-003
   3.7560000000000002       -7.3743617574465077E-003
   3.7620000000000005       -8.2126858082395907E-003
   3.7680000000000002       -1.0073814172040042E-002
   3.7740000000000005       -1.1744106527889295E-002
   3.7800000000000002       -1.2493103188821473E-002
   3.7860000000000005       -1.2047654791841274E-002
   3.7920000000000003       -1.2050513752616499E-002
   3.7980000000000005       -1.2581491717452089E-002
   3.8040000000000003       -1.1996444623620605E-002
   3.8100000000000001       -1.3695670545150895E-002
   3.8159999999999998       -1.2700243372115512E-002
   3.8220000000000001       -1.4749961711667280E-002
   3.8279999999999998       -1.3652774795645023E-002
   3.8340000000000001       -1.3103724794930051E-002
   3.8400000000000003       -1.3416572983762769E-002
   3.8460000000000001       -1.5898323204354310E-002
   3.8520000000000003       -1.5069777214442883E-002
   3.8580000000000001       -1.6242613576537588E-002
   3.8640000000000003       -1.7079362986289270E-002
   3.8700000000000001       -1.8447430228732121E-002
   3.8759999999999999       -1.8163319487105162E-002
   3.8820000000000001       -1.9151707039329377E-002
   3.8880000000000003       -2.0113315740448185E-002
   3.8940000000000006       -2.0556349607537806E-002
   3.8999999999999999       -2.2475875176267590E-002
   3.9060000000000001       -2.4568163799361203E-002
   3.9120000000000004       -2.3778699389007583E-002
   3.9180000000000006       -2.2906330891733429E-002
   3.9239999999999999       -2.5785410306515009E-002
   3.9300000000000002       -2.4434300429808618E-002
   3.9360000000000004       -2.6692493425803130E-002
   3.9420000000000006       -2.9075797943155041E-002
   3.9480000000000000       -2.9286970173414039E-002
   3.9540000000000002       -3.2025808209938410E-002
   3.9600000000000004       -3.4908994926379180E-002
   3.9660000000000006       -3.7616303591112052E-002
   3.9720000000000000       -3.7408048172961575E-002
   3.9780000000000002       -3.8589268998737047E-002
   3.9840000000000004       -3.8794634130600268E-002
   3.9900000000000007       -3.9591270271446204E-002
   3.9960000000000000       -3.9650958988735920E-002
   4.0019999999999998       -3.9457418727053148E-002
   4.0080000000000000       -4.1754768425638335E-002
   4.0140000000000002       -4.2536807372576195E-002
   4.0199999999999996       -4.4272895331328152E-002
   4.0259999999999998       -4.6512698796791381E-002
   4.0320000000000000       -4.7713731230834062E-002
   4.0380000000000003       -4.9128690280519229E-002
   4.0439999999999996       -5.3434471256860246E-002
   4.0499999999999998       -5.7602667623971704E-002
   4.0560000000000000       -5.8407930486999972E-002
   4.0620000000000003       -5.9223211488837947E-002
   4.0679999999999996       -6.1510175174387768E-002
   4.0739999999999998       -6.1793509904931675E-002
   4.0800000000000001       -6.2330360576184643E-002
   4.0860000000000003       -6.3511427504351944E-002
   4.0919999999999996       -6.5245804671326207E-002
   4.0979999999999999       -6.5870386717493651E-002
   4.1040000000000001       -6.6821820503514179E-002
   4.1100000000000003       -6.7206369497172652E-002
   4.1160000000000005       -6.7774984141240224E-002
   4.1219999999999999       -7.1796498680703105E-002
   4.1280000000000001       -7.2737294928721080E-002
   4.1340000000000003       -7.2890956947397348E-002
   4.1400000000000006       -7.4581711209671803E-002
   4.1459999999999999       -7.4601590623474268E-002
   4.1520000000000001       -7.5859198337319092E-002
   4.1580000000000004       -7.5749342871387793E-002
   4.1640000000000006       -7.6409472948625226E-002
   4.1699999999999999       -7.6224993609426292E-002
   4.1760000000000002       -7.5947073791060971E-002
   4.1820000000000004       -7.7320588938856308E-002
   4.1880000000000006       -7.9125434467920100E-002
   4.1940000000000000       -7.9482686206845440E-002
   4.2000000000000002       -7.9840710407422119E-002
   4.2060000000000004       -8.0153012555642417E-002
   4.2120000000000006       -8.0496963081033324E-002
   4.2180000000000000       -8.2116166683132763E-002
   4.2240000000000002       -8.5013904677916433E-002
   4.2300000000000004       -8.6824095181443656E-002
   4.2360000000000007       -8.5629757965963768E-002
   4.2420000000000000       -8.8733014298211205E-002
   4.2480000000000002       -8.8957271150102088E-002
   4.2540000000000004       -8.7629152512142539E-002
   4.2600000000000007       -8.7299632587404807E-002
   4.2660000000000000       -9.0127320564862418E-002
   4.2720000000000002       -8.9355822217703926E-002
   4.2780000000000005       -8.8905316710985727E-002
   4.2840000000000007       -8.8992422392204229E-002
   4.2900000000000000       -8.8787411625931775E-002
   4.2960000000000003       -9.0768353709078348E-002
   4.3020000000000005       -9.0009688055224857E-002
   4.3080000000000007       -9.1877480211545196E-002
   4.3140000000000001       -9.1513371328736784E-002
   4.3200000000000003       -9.2886391380682512E-002
   4.3260000000000005       -9.1932343523112067E-002
   4.3320000000000007       -9.1129671669870405E-002
   4.3380000000000001       -9.2570832372327008E-002
   4.3440000000000003       -9.1618282247815958E-002
   4.3500000000000005       -9.0381917421733057E-002
   4.3560000000000008       -9.0547572304610469E-002
   4.3620000000000010       -9.3682703732241357E-002
   4.3680000000000003       -9.5103178631805382E-002
   4.3740000000000006       -9.5544846562588284E-002
   4.3800000000000008       -9.6240314079068953E-002
   4.3860000000000010       -9.6631440435488561E-002
   4.3920000000000003       -9.6653139466929730E-002
   4.3980000000000006       -9.4663963082520300E-002
   4.4040000000000008       -9.8538422499191342E-002
   4.4100000000000010      -0.10378273544632111     
   4.4160000000000004      -0.10289960740153815     
   4.4220000000000006      -0.10286237090655065     
   4.4280000000000008      -0.10305473593574756     
   4.4340000000000011      -0.10413154777477773     
   4.4400000000000004      -0.10510389929619575     
   4.4460000000000006      -0.10321537243559431     
   4.4520000000000008      -0.10394440659620624     
   4.4580000000000002      -0.10794064794093394     
   4.4639999999999995      -0.10828889136406863     
   4.4699999999999998      -0.11017073187495198     
   4.4760000000000000      -0.11044356263872572     
   4.4820000000000002      -0.11026343229597216     
   4.4879999999999995      -0.11036485186231304     
   4.4939999999999998      -0.11087437715397765     
   4.5000000000000000      -0.11113149693502097     
   4.5060000000000002      -0.11078470827759010     
   4.5119999999999996      -0.11303949342675484     
   4.5179999999999998      -0.11055451555170732     
   4.5240000000000000      -0.11301225481514980     
   4.5300000000000002      -0.11278617080118968     
   4.5359999999999996      -0.11388825254577128     
   4.5419999999999998      -0.11337136559538386     
   4.5480000000000000      -0.11476318571860238     
   4.5540000000000003      -0.11591726026546106     
   4.5599999999999996      -0.11635814701217793     
   4.5659999999999998      -0.11540689302013248     
   4.5720000000000001      -0.11732975971664443     
   4.5780000000000003      -0.11553727816992548     
   4.5839999999999996      -0.11685461579751963     
   4.5899999999999999      -0.11948550041185098     
   4.5960000000000001      -0.11912459085766941     
   4.6020000000000003      -0.12122425513668360     
   4.6079999999999997      -0.12377692314402178     
   4.6139999999999999      -0.12331062226295114     
   4.6200000000000001      -0.12328550773915592     
   4.6260000000000003      -0.12457161850804568     
   4.6320000000000006      -0.12785384749510040     
   4.6379999999999999      -0.12918191037546445     
   4.6440000000000001      -0.12874736767075129     
   4.6500000000000004      -0.12996515684726057     
   4.6560000000000006      -0.13084188444496933     
   4.6619999999999999      -0.13287095028036700     
   4.6680000000000001      -0.13779569136682701     
   4.6740000000000004      -0.13828199346881084     
   4.6800000000000006      -0.13853212032582665     
   4.6859999999999999      -0.13807668751054644     
   4.6920000000000002      -0.14060837826767855     
   4.6980000000000004      -0.14242900419857796     
   4.7040000000000006      -0.14276313823500167     
   4.7100000000000000      -0.14370028948299507     
   4.7160000000000002      -0.14637488424286363     
   4.7220000000000004      -0.14603575335131966     
   4.7280000000000006      -0.14652415750270262     
   4.7340000000000000      -0.14673917224953506     
   4.7400000000000002      -0.14701626500173551     
   4.7460000000000004      -0.14739594488734553     
   4.7520000000000007      -0.14664699372400100     
   4.7580000000000000      -0.14634925129553705     
   4.7640000000000002      -0.14819820604412165     
   4.7700000000000005      -0.14922818028118803     
   4.7760000000000007      -0.15051728910510931     
   4.7820000000000000      -0.15215204191503495     
   4.7880000000000003      -0.15254282253142890     
   4.7940000000000005      -0.15429920957238807     
   4.8000000000000007      -0.15775320927728023     
   4.8060000000000000      -0.15672353122156113     
   4.8120000000000003      -0.15852256865366257     
   4.8180000000000005      -0.15746950639238316     
   4.8240000000000007      -0.15941783231119572     
   4.8300000000000001      -0.16031427654287989     
   4.8360000000000003      -0.16025359317685903     
   4.8420000000000005      -0.16187866276167454     
   4.8480000000000008      -0.16316329902650153     
   4.8540000000000001      -0.16522665551637392     
   4.8600000000000003      -0.16793538254063939     
   4.8660000000000005      -0.17069129055692514     
   4.8720000000000008      -0.17155418730805752     
   4.8780000000000010      -0.17174459427304009     
   4.8840000000000003      -0.17368324207536034     
   4.8900000000000006      -0.17527324379504289     
   4.8960000000000008      -0.17411399866918129     
   4.9020000000000010      -0.17676722830465424     
   4.9080000000000004      -0.17642126484766851     
   4.9140000000000006      -0.17569947917364526     
   4.9200000000000008      -0.17687322328045588     
   4.9260000000000010      -0.17809530641767593     
   4.9320000000000004      -0.17833984339763526     
   4.9380000000000006      -0.17880105958023018     
   4.9440000000000008      -0.17788573116614606     
   4.9500000000000011      -0.17859573558054737     
   4.9560000000000004      -0.17859653992669036     
   4.9620000000000006      -0.18154856768409108     
   4.9680000000000009      -0.18459125726511857     
   4.9740000000000011      -0.18823552761708509     
   4.9800000000000004      -0.18935560466353385     
   4.9859999999999998      -0.18907053129098531     
   4.9920000000000000      -0.19110240616048840     
   4.9980000000000002      -0.19612597756608569     
   5.0039999999999996      -0.19543284260401106     
   5.0099999999999998      -0.19468742328183578     
   5.0160000000000000      -0.19411084621611999     
   5.0220000000000002      -0.19543833125908747     
   5.0279999999999996      -0.19771332919947232     
   5.0339999999999998      -0.19988187288109277     
   5.0400000000000000      -0.20409075753450753     
   5.0460000000000003      -0.20497636266580527     
   5.0519999999999996      -0.20620161340661403     
   5.0579999999999998      -0.20568403613401076     
   5.0640000000000001      -0.20683917211600805     
   5.0700000000000003      -0.20903511188524007     
   5.0759999999999996      -0.21289217044178593     
   5.0819999999999999      -0.21173501166319450     
   5.0880000000000001      -0.21083423825132713     
   5.0940000000000003      -0.21124607059442055     
   5.0999999999999996      -0.21009865675115311     
   5.1059999999999999      -0.21241770751758862     
   5.1120000000000001      -0.21367498429117618     
   5.1180000000000003      -0.21112708935851898     
   5.1240000000000006      -0.21088761350073831     
   5.1299999999999999      -0.21075072094953728     
   5.1360000000000001      -0.21077235092430938     
   5.1420000000000003      -0.20935555609036877     
   5.1480000000000006      -0.21082688885750878     
   5.1539999999999999      -0.21296219481515302     
   5.1600000000000001      -0.21282987974344125     
   5.1660000000000004      -0.21037065619921919     
   5.1720000000000006      -0.21010236860502621     
   5.1779999999999999      -0.20951185537196557     
   5.1840000000000002      -0.20842610419611024     
   5.1900000000000004      -0.20815952743279542     
   5.1960000000000006      -0.20676817085957036     
   5.2020000000000000      -0.20554759414494617     
   5.2080000000000002      -0.20746845507329303     
   5.2140000000000004      -0.20635173987645788     
   5.2200000000000006      -0.20763049737532963     
   5.2260000000000000      -0.20787691825037816     
   5.2320000000000002      -0.20901441947295904     
   5.2380000000000004      -0.20991987764739900     
   5.2440000000000007      -0.21138633147614000     
   5.2500000000000000      -0.21146345876436168     
   5.2560000000000002      -0.21066672886719948     
   5.2620000000000005      -0.21135308926789417     
   5.2680000000000007      -0.20988967860408037     
   5.2740000000000000      -0.21122095146421563     
   5.2800000000000002      -0.21281645111639755     
   5.2860000000000005      -0.21367496060275390     
   5.2920000000000007      -0.21736975325472918     
   5.2980000000000000      -0.21970536809397329     
   5.3040000000000003      -0.21878666910885303     
   5.3100000000000005      -0.21774329943350296     
   5.3160000000000007      -0.21924034377918361     
   5.3220000000000001      -0.21818531412620609     
   5.3280000000000003      -0.21711462198259504     
   5.3340000000000005      -0.22151552748297595     
   5.3400000000000007      -0.22289313190152707     
   5.3460000000000001      -0.22371219724495714     
   5.3520000000000003      -0.22371679429799704     
   5.3580000000000005      -0.22337746146589288     
   5.3640000000000008      -0.22360678000102718     
   5.3700000000000001      -0.22234344693254937     
   5.3760000000000003      -0.22285961129970841     
   5.3820000000000006      -0.22517957729381674     
   5.3880000000000008      -0.22600616300877141     
   5.3940000000000010      -0.22369781466202804     
   5.4000000000000004      -0.22556534429276826     
   5.4060000000000006      -0.22774663721727181     
   5.4120000000000008      -0.23073015506404809     
   5.4180000000000010      -0.23260009425313891     
   5.4240000000000004      -0.23282819527467341     
   5.4300000000000006      -0.23392061342300280     
   5.4360000000000008      -0.23450869786065370     
   5.4420000000000011      -0.23505276784721449     
   5.4480000000000004      -0.23813093285676967     
   5.4540000000000006      -0.24088683596047039     
   5.4600000000000009      -0.24067487879115357     
   5.4660000000000011      -0.24367356256908351     
   5.4720000000000004      -0.24503765698464411     
   5.4780000000000006      -0.24587265216194981     
   5.4840000000000009      -0.24600499602050455     
   5.4900000000000011      -0.24395003124879600     
   5.4960000000000004      -0.24574463056483228     
   5.5020000000000007      -0.24500879847622870     
   5.5080000000000000      -0.24707139921315099     
   5.5140000000000002      -0.25117021818668467     
   5.5199999999999996      -0.25117890722954911     
   5.5259999999999998      -0.25082618747410040     
   5.5320000000000000      -0.25219477249973082     
   5.5380000000000003      -0.25284363989602959     
   5.5439999999999996      -0.25838621407796614     
   5.5499999999999998      -0.25983469833451478     
   5.5560000000000000      -0.26101760227772203     
   5.5620000000000003      -0.26114950894503952     
   5.5679999999999996      -0.26193406914413980     
   5.5739999999999998      -0.26538559045827742     
   5.5800000000000001      -0.26357109758367303     
   5.5860000000000003      -0.25930619487889484     
   5.5919999999999996      -0.26127516709009779     
   5.5979999999999999      -0.26222233169073683     
   5.6040000000000001      -0.26251570372878269     
   5.6100000000000003      -0.26314610801136118     
   5.6159999999999997      -0.26510821728347700     
   5.6219999999999999      -0.26429377223601136     
   5.6280000000000001      -0.26384007513170049     
   5.6340000000000003      -0.26363875755341071     
   5.6400000000000006      -0.26303894363224645     
   5.6459999999999999      -0.26450554246591085     
   5.6520000000000001      -0.26277953493152928     
   5.6580000000000004      -0.26436513568252745     
   5.6640000000000006      -0.26442473814170320     
   5.6699999999999999      -0.26115759321449400     
   5.6760000000000002      -0.26089799430014460     
   5.6820000000000004      -0.26331099905465544     
   5.6880000000000006      -0.26447405867051443     
   5.6940000000000000      -0.26638624564910979     
   5.7000000000000002      -0.26547460205701245     
   5.7060000000000004      -0.26745259589185572     
   5.7120000000000006      -0.27105908273879659     
   5.7180000000000000      -0.27160803473541528     
   5.7240000000000002      -0.27371495922520112     
   5.7300000000000004      -0.27288871655780467     
   5.7360000000000007      -0.27021349515064774     
   5.7420000000000000      -0.27098080590807966     
   5.7480000000000002      -0.27147718661310799     
   5.7540000000000004      -0.27515870041308144     
   5.7600000000000007      -0.27598144815905684     
   5.7660000000000000      -0.27610201002974893     
   5.7720000000000002      -0.27599065790446753     
   5.7780000000000005      -0.28039947705763552     
   5.7840000000000007      -0.28069005862767860     
   5.7900000000000000      -0.28142629007370162     
   5.7960000000000003      -0.28187630901405342     
   5.8020000000000005      -0.28034962528418167     
   5.8080000000000007      -0.27869590760235263     
   5.8140000000000001      -0.27870154310245460     
   5.8200000000000003      -0.27814671358157339     
   5.8260000000000005      -0.27597770384446851     
   5.8320000000000007      -0.28049781685075958     
   5.8380000000000001      -0.28069777609735019     
   5.8440000000000003      -0.28400695195950748     
   5.8500000000000005      -0.28672203818340325     
   5.8560000000000008      -0.28512223749842203     
   5.8620000000000001      -0.28427772180408606     
   5.8680000000000003      -0.28271147097489280     
   5.8740000000000006      -0.28061109223374553     
   5.8800000000000008      -0.28066335651465030     
   5.8860000000000001      -0.27857715818198103     
   5.8920000000000003      -0.27683134885668936     
   5.8980000000000006      -0.27560392789659977     
   5.9040000000000008      -0.27587962274999966     
   5.9100000000000010      -0.27376281894812848     
   5.9160000000000004      -0.27361861596405956     
   5.9220000000000006      -0.27425237057680091     
   5.9280000000000008      -0.27535097218397331     
   5.9340000000000011      -0.27751449531072886     
   5.9400000000000004      -0.27826969226902709     
   5.9460000000000006      -0.27680935756047431     
   5.9520000000000008      -0.27553239889098202     
   5.9580000000000011      -0.27764647955119071     
   5.9640000000000004      -0.27899494802691127     
   5.9700000000000006      -0.27860049598899261     
   5.9760000000000009      -0.27908630300841863     
   5.9820000000000011      -0.27808266812170929     
   5.9880000000000004      -0.27788498052304828     
   5.9940000000000007      -0.27681199489020830     
   6.0000000000000009      -0.27841209205946699     
   6.0060000000000011      -0.28081177807720870     
   6.0120000000000005      -0.28082072778829525     
   6.0180000000000007      -0.28351629262239958     
   6.0240000000000009      -0.28112962339606518     
   6.0300000000000002      -0.28177779340941100     
   6.0360000000000005      -0.28464854690314834     
   6.0419999999999998      -0.28467498765644278     
   6.0480000000000000      -0.28317843954441874     
   6.0540000000000003      -0.28363264860860915     
   6.0599999999999996      -0.28557045294886513     
   6.0659999999999998      -0.28240301691926051     
   6.0720000000000001      -0.28244867002855983     
   6.0780000000000003      -0.28330081639349414     
   6.0839999999999996      -0.28763974246480672     
   6.0899999999999999      -0.28671726449938717     
   6.0960000000000001      -0.28716662482568739     
   6.1020000000000003      -0.28726128216447366     
   6.1079999999999997      -0.28824628505318151     
   6.1139999999999999      -0.29016813143304443     
   6.1200000000000001      -0.28969110351278465     
   6.1260000000000003      -0.28922849633973657     
   6.1319999999999997      -0.29017472127440164     
   6.1379999999999999      -0.28909823450391975     
   6.1440000000000001      -0.28905081409585065     
   6.1500000000000004      -0.29285133951401132     
   6.1560000000000006      -0.29106020899444751     
   6.1619999999999999      -0.29235616893077654     
   6.1680000000000001      -0.29251865288651163     
   6.1740000000000004      -0.29314471899860195     
   6.1800000000000006      -0.29224895118614519     
   6.1859999999999999      -0.29483897990899766     
   6.1920000000000002      -0.29432216875666872     
   6.1980000000000004      -0.29687748841966111     
   6.2040000000000006      -0.29905398593173926     
   6.2100000000000000      -0.30135926962270643     
   6.2160000000000002      -0.30120749708863065     
   6.2220000000000004      -0.30062373619044580     
   6.2280000000000006      -0.30373351621040651     
   6.2340000000000000      -0.30546578855977780     
   6.2400000000000002      -0.30587063124454078     
   6.2460000000000004      -0.30642203867888440     
   6.2520000000000007      -0.30441473299910782     
   6.2580000000000000      -0.30626776116017618     
   6.2640000000000002      -0.30897783586417227     
   6.2700000000000005      -0.30990849872397291     
   6.2760000000000007      -0.31098340314157408     
   6.2820000000000000      -0.31194620482233321     
   6.2880000000000003      -0.31477844114145898     
   6.2940000000000005      -0.31456761739036015     
   6.3000000000000007      -0.31430033274447022     
   6.3060000000000000      -0.31544280180093454     
   6.3120000000000003      -0.31610735581386240     
   6.3180000000000005      -0.31805990386057054     
   6.3240000000000007      -0.31587228576881132     
   6.3300000000000001      -0.31532865486460043     
   6.3360000000000003      -0.31341914396289394     
   6.3420000000000005      -0.31281463852755986     
   6.3480000000000008      -0.31379133184341318     
   6.3540000000000001      -0.31061809818788960     
   6.3600000000000003      -0.31144785723862833     
   6.3660000000000005      -0.31575225197903606     
   6.3720000000000008      -0.31834293936110775     
   6.3780000000000001      -0.31826569290250639     
   6.3840000000000003      -0.32023906689897635     
   6.3900000000000006      -0.31888865724871629     
   6.3960000000000008      -0.32014506021217504     
   6.4020000000000010      -0.32228068136398913     
   6.4080000000000004      -0.32203778158861207     
   6.4140000000000006      -0.32315763544111392     
   6.4200000000000008      -0.32428984451601162     
   6.4260000000000010      -0.32363939158169841     
   6.4320000000000004      -0.32519524743938144     
   6.4380000000000006      -0.32414485966642942     
   6.4440000000000008      -0.32370794045990575     
   6.4500000000000011      -0.32366675833736536     
   6.4560000000000004      -0.32498292969001719     
   6.4620000000000006      -0.32555380949200718     
   6.4680000000000009      -0.32708084436150953     
   6.4740000000000011      -0.32630105678416726     
   6.4800000000000004      -0.32548368527378874     
   6.4860000000000007      -0.32713255496682325     
   6.4920000000000009      -0.32620994124434133     
   6.4980000000000011      -0.32732447790747421     
   6.5040000000000004      -0.33012220955379756     
   6.5100000000000007      -0.33034259891151041     
   6.5160000000000009      -0.32975809077204549     
   6.5220000000000011      -0.33299332519349645     
   6.5280000000000005      -0.33159633486917162     
   6.5340000000000007      -0.33157916354254507     
   6.5400000000000009      -0.32887112924306316     
   6.5460000000000012      -0.33189510440286818     
   6.5520000000000005      -0.33201427132507744     
   6.5580000000000007      -0.33220995704084039     
   6.5640000000000001      -0.33048316912059955     
   6.5700000000000003      -0.32784529825262004     
   6.5759999999999996      -0.32816443041955251     
   6.5819999999999999      -0.32972674975083199     
   6.5880000000000001      -0.33213082425799334     
   6.5940000000000003      -0.33209350204398164     
   6.5999999999999996      -0.33222727531179808     
   6.6059999999999999      -0.33209346201675061     
   6.6120000000000001      -0.33377701706700919     
   6.6180000000000003      -0.33530144530619599     
   6.6239999999999997      -0.33435908390193048     
   6.6299999999999999      -0.33505288291195917     
   6.6360000000000001      -0.33506603965541071     
   6.6420000000000003      -0.33642359606041716     
   6.6479999999999997      -0.33797841654557714     
   6.6539999999999999      -0.34079958068773852     
   6.6600000000000001      -0.34110784143732142     
   6.6660000000000004      -0.34156902237197811     
   6.6720000000000006      -0.34090497963860200     
   6.6779999999999999      -0.33927238341273119     
   6.6840000000000002      -0.34146292449030052     
   6.6900000000000004      -0.34378477754218084     
   6.6960000000000006      -0.34334875838487489     
   6.7020000000000000      -0.34402936698235742     
   6.7080000000000002      -0.34631544119804003     
   6.7140000000000004      -0.35029382990595620     
   6.7200000000000006      -0.35161112635034936     
   6.7260000000000000      -0.35135266043285435     
   6.7320000000000002      -0.35131390577690214     
   6.7380000000000004      -0.35009115316647932     
   6.7440000000000007      -0.34939967579023762     
   6.7500000000000000      -0.35019889637663476     
   6.7560000000000002      -0.34989154489529417     
   6.7620000000000005      -0.34777716461646352     
   6.7680000000000007      -0.34772027002985106     
   6.7740000000000000      -0.34439560587917811     
   6.7800000000000002      -0.34357769346264311     
   6.7860000000000005      -0.34527546815689059     
   6.7920000000000007      -0.34526452706138760     
   6.7980000000000000      -0.34617715338701449     
   6.8040000000000003      -0.34815285215158454     
   6.8100000000000005      -0.34915269292090373     
   6.8160000000000007      -0.34827836399777090     
   6.8220000000000001      -0.34976687864232647     
   6.8280000000000003      -0.34905151750361640     
   6.8340000000000005      -0.34929876529102633     
   6.8400000000000007      -0.35081478790051590     
   6.8460000000000001      -0.34978064316899610     
   6.8520000000000003      -0.35292956886320359     
   6.8580000000000005      -0.35233558328407183     
   6.8640000000000008      -0.35077566821001971     
   6.8700000000000001      -0.35021161765000680     
   6.8760000000000003      -0.35005190500473349     
   6.8820000000000006      -0.34855369289181837     
   6.8880000000000008      -0.35058274029745462     
   6.8940000000000001      -0.34882917411458492     
   6.9000000000000004      -0.35042164935716447     
   6.9060000000000006      -0.34964994830183593     
   6.9120000000000008      -0.34754237869006205     
   6.9180000000000010      -0.34671673618848975     
   6.9240000000000004      -0.34670204420866069     
   6.9300000000000006      -0.34806378325573217     
   6.9360000000000008      -0.34695104804165600     
   6.9420000000000011      -0.34574288745812509     
   6.9480000000000004      -0.34775230600736462     
   6.9540000000000006      -0.34565983281685569     
   6.9600000000000009      -0.34613767776063059     
   6.9660000000000011      -0.34624790835532671     
   6.9720000000000004      -0.34833842756477917     
   6.9780000000000006      -0.34436074243529602     
   6.9840000000000009      -0.34695998852715731     
   6.9900000000000011      -0.34451103463446975     
   6.9960000000000004      -0.34348326102760574     
   7.0020000000000007      -0.34559142161278927     
   7.0080000000000009      -0.34555163612715534     
   7.0140000000000011      -0.34199680764801904     
   7.0200000000000005      -0.34237086596080707     
   7.0260000000000007      -0.34368289437145527     
   7.0320000000000009      -0.34291084226262886     
   7.0380000000000011      -0.34443566706218109     
   7.0440000000000005      -0.34329378907836211     
   7.0500000000000007      -0.34322096281527598     
   7.0560000000000009      -0.34517345717992565     
   7.0620000000000012      -0.34494525000469384     
   7.0680000000000005      -0.34343551889525581     
   7.0740000000000007      -0.34174463134761823     
   7.0800000000000001      -0.34144410995100005     
   7.0860000000000003      -0.34061990192072694     
   7.0919999999999996      -0.34087036459075087     
   7.0979999999999999      -0.34758537997677363     
   7.1040000000000001      -0.34816946805934734     
   7.1100000000000003      -0.34839670964142089     
   7.1159999999999997      -0.35010993805767648     
   7.1219999999999999      -0.34986755704712885     
   7.1280000000000001      -0.35010615365387326     
   7.1340000000000003      -0.34769929964446239     
   7.1399999999999997      -0.34822656381470724     
   7.1459999999999999      -0.34533816848270044     
   7.1520000000000001      -0.34478475571836043     
   7.1580000000000004      -0.34529693034687808     
   7.1639999999999997      -0.34506450557030927     
   7.1699999999999999      -0.34813691724350387     
   7.1760000000000002      -0.34723371099543221     
   7.1820000000000004      -0.34493412856871891     
   7.1880000000000006      -0.34581477579894998     
   7.1940000000000000      -0.34526910683567158     
   7.2000000000000002      -0.34323429179424209     
   7.2060000000000004      -0.34542746344375586     
   7.2120000000000006      -0.34419032421435025     
   7.2180000000000000      -0.34816510887002788     
   7.2240000000000002      -0.34783756348459355     
   7.2300000000000004      -0.34978552098505306     
   7.2360000000000007      -0.34878806222412317     
   7.2420000000000000      -0.34727385349026729     
   7.2480000000000002      -0.34989677542653674     
   7.2540000000000004      -0.35141674102529258     
   7.2600000000000007      -0.35167801620425931     
   7.2660000000000000      -0.34927624217673575     
   7.2720000000000002      -0.34718046324634333     
   7.2780000000000005      -0.34644616610387197     
   7.2840000000000007      -0.34619733610516418     
   7.2900000000000000      -0.34440465383001884     
   7.2960000000000003      -0.34466902946210326     
   7.3020000000000005      -0.34361081745718713     
   7.3080000000000007      -0.34448841227609162     
   7.3140000000000001      -0.34489881379109033     
   7.3200000000000003      -0.34715894747383391     
   7.3260000000000005      -0.34906457451541517     
   7.3320000000000007      -0.34764240385764539     
   7.3380000000000001      -0.35059289804993193     
   7.3440000000000003      -0.34781776286792865     
   7.3500000000000005      -0.34590685532995630     
   7.3560000000000008      -0.34484584577449678     
   7.3620000000000001      -0.34366635426710662     
   7.3680000000000003      -0.34703151849500369     
   7.3740000000000006      -0.34994447894511027     
   7.3800000000000008      -0.34932550542427143     
   7.3860000000000001      -0.35183157975326484     
   7.3920000000000003      -0.35179103550938667     
   7.3980000000000006      -0.35116021647000700     
   7.4040000000000008      -0.35126549665289492     
   7.4100000000000001      -0.35203976856125546     
   7.4160000000000004      -0.35229153048803380     
   7.4220000000000006      -0.35202441421784797     
   7.4280000000000008      -0.35312362525519286     
   7.4340000000000011      -0.35318078644940110     
   7.4400000000000004      -0.35390506263282717     
   7.4460000000000006      -0.35708474005045882     
   7.4520000000000008      -0.35693003396676742     
   7.4580000000000011      -0.35557705891113700     
   7.4640000000000004      -0.35631555939607407     
   7.4700000000000006      -0.35655631073688032     
   7.4760000000000009      -0.35404296866980678     
   7.4820000000000011      -0.35117929627225219     
   7.4880000000000004      -0.35137819258654590     
   7.4940000000000007      -0.34957213677532301     
   7.5000000000000009      -0.34877842065684128     
   7.5060000000000011      -0.34892860715457175     
   7.5120000000000005      -0.35041864516201116     
   7.5180000000000007      -0.35121026379117154     
   7.5240000000000009      -0.34916828363027874     
   7.5300000000000011      -0.34846359707645003     
   7.5360000000000005      -0.34782323111825147     
   7.5420000000000007      -0.34928219619746181     
   7.5480000000000009      -0.35073437698659105     
   7.5540000000000012      -0.35075346870838209     
   7.5600000000000005      -0.35249567715455704     
   7.5660000000000007      -0.35240801795742721     
   7.5720000000000010      -0.35230677363834456     
   7.5780000000000012      -0.35197822316572791     
   7.5840000000000005      -0.35279240003018442     
   7.5900000000000007      -0.35288212549352294     
   7.5960000000000010      -0.35381596621657296     
   7.6020000000000003      -0.35105807209316198     
   7.6080000000000005      -0.35073501105526506     
   7.6139999999999999      -0.35241006320331536     
   7.6200000000000001      -0.35470015522934079     
   7.6260000000000003      -0.35517207195229250     
   7.6319999999999997      -0.35401632436337699     
   7.6379999999999999      -0.35605421263981668     
   7.6440000000000001      -0.35596345543038299     
   7.6500000000000004      -0.35525071901884042     
   7.6559999999999997      -0.35718512958187820     
   7.6619999999999999      -0.35538228389469001     
   7.6680000000000001      -0.35315895158460148     
   7.6740000000000004      -0.35097330468088433     
   7.6800000000000006      -0.35245495084651274     
   7.6859999999999999      -0.35336206464319070     
   7.6920000000000002      -0.35521969339740450     
   7.6980000000000004      -0.35546663758093699     
   7.7040000000000006      -0.35570904361996042     
   7.7100000000000000      -0.35604444856153600     
   7.7160000000000002      -0.35332167143121651     
   7.7220000000000004      -0.35277053466739861     
   7.7280000000000006      -0.35301521207736974     
   7.7340000000000000      -0.35290410770044139     
   7.7400000000000002      -0.35324177736558987     
   7.7460000000000004      -0.35363290144455228     
   7.7519999999999998      -0.35080345891348036     
   7.7580000000000000      -0.35118763103127060     
   7.7640000000000002      -0.35229452998862065     
   7.7700000000000005      -0.34968981125071974     
   7.7760000000000007      -0.34641046023195987     
   7.7820000000000009      -0.34534864114040054     
   7.7880000000000011      -0.34377099720094129     
   7.7939999999999996      -0.34582737571432970     
   7.7999999999999998      -0.34585772937022263     
   7.8060000000000000      -0.34702841103973298     
   7.8120000000000003      -0.35114949253923122     
   7.8180000000000005      -0.35037273429663457     
   7.8240000000000007      -0.35140900196890984     
   7.8300000000000010      -0.35204672219046163     
   7.8360000000000012      -0.35319703203070385     
   7.8419999999999996      -0.35460108086940306     
   7.8479999999999999      -0.35461334200186184     
   7.8540000000000001      -0.35468901085136006     
   7.8600000000000003      -0.35328409779668374     
   7.8660000000000005      -0.35372988977534731     
   7.8720000000000008      -0.35413663199582318     
   7.8780000000000010      -0.35445443043776992     
   7.8840000000000012      -0.35327191202740094     
   7.8899999999999997      -0.35236649598403097     
   7.8959999999999999      -0.35048078692784523     
   7.9020000000000001      -0.35084871555261787     
   7.9080000000000004      -0.34855681453849363     
   7.9140000000000006      -0.34610174369301638     
   7.9200000000000008      -0.34585764327617674     
   7.9260000000000010      -0.34315448956388006     
   7.9320000000000013      -0.34230728933835930     
   7.9380000000000015      -0.34340203338276676     
   7.9440000000000000      -0.34336013291784173     
   7.9500000000000002      -0.34321990080666970     
   7.9560000000000004      -0.34491325853884924     
   7.9620000000000006      -0.34874539707946167     
   7.9680000000000009      -0.34682626384659943     
   7.9740000000000011      -0.34565974220821671     
   7.9800000000000013      -0.34356225072096419     
   7.9860000000000015      -0.34140297302960937     
   7.9920000000000000      -0.34167295719630858     
   7.9980000000000002      -0.34156589494673006     
   8.0039999999999996      -0.34085723360508330     
   8.0099999999999998      -0.33816340323733157     
   8.0160000000000000      -0.33633188596496272     
   8.0220000000000002      -0.33692881401714780     
   8.0280000000000005      -0.33686097226810346     
   8.0340000000000007      -0.33752368311025110     
   8.0399999999999991      -0.33743691352645888     
   8.0459999999999994      -0.34211283343175491     
   8.0519999999999996      -0.34335944152419745     
   8.0579999999999998      -0.34363813729669668     
   8.0640000000000001      -0.34181307206732270     
   8.0700000000000003      -0.34165446782669873     
   8.0760000000000005      -0.34222729534515645     
   8.0820000000000007      -0.33769117546302879     
   8.0879999999999992      -0.33692837093317346     
   8.0939999999999994      -0.33757189772485607     
   8.0999999999999996      -0.34134691935207112     
   8.1059999999999999      -0.34767838648366317     
   8.1120000000000001      -0.34623797218238339     
   8.1180000000000003      -0.34684237788303612     
   8.1240000000000006      -0.34695896692635020     
   8.1300000000000008      -0.34802906479518608     
   8.1359999999999992      -0.35316764817243745     
   8.1419999999999995      -0.35149459818702211     
   8.1479999999999997      -0.35354457672616130     
   8.1539999999999999      -0.35770936909995121     
   8.1600000000000001      -0.35674841860165668     
   8.1660000000000004      -0.36063478567688012     
   8.1720000000000006      -0.36108396275057958     
   8.1780000000000008      -0.35969375075980076     
   8.1839999999999993      -0.36560431973127439     
   8.1899999999999995      -0.36429899878762223     
   8.1959999999999997      -0.36471440281101769     
   8.2020000000000000      -0.36279980888914204     
   8.2080000000000002      -0.36080673938295443     
   8.2140000000000004      -0.36083793345710563     
   8.2200000000000006      -0.36290652883262103     
   8.2260000000000009      -0.36058961886074636     
   8.2320000000000011      -0.36049314782359787     
   8.2379999999999995      -0.36441032525009415     
   8.2439999999999998      -0.36196864605409862     
   8.2500000000000000      -0.36445775039813960     
   8.2560000000000002      -0.36587657231864490     
   8.2620000000000005      -0.36600234364644485     
   8.2680000000000007      -0.36641159676542384     
   8.2740000000000009      -0.36626477694038279     
   8.2800000000000011      -0.36657984314198233     
   8.2859999999999996      -0.36572155846869392     
   8.2919999999999998      -0.36354022852994350     
   8.2980000000000000      -0.36514158124021651     
   8.3040000000000003      -0.36153752520189725     
   8.3100000000000005      -0.35715574023718494     
   8.3160000000000007      -0.35779170831854062     
   8.3220000000000010      -0.35738930926427087     
   8.3280000000000012      -0.35806116608381244     
   8.3339999999999996      -0.35932124976968310     
   8.3399999999999999      -0.36269002156404351     
   8.3460000000000001      -0.36075581126427114     
   8.3520000000000003      -0.35763482248678713     
   8.3580000000000005      -0.35569791201180251     
   8.3640000000000008      -0.35557966698878901     
   8.3700000000000010      -0.35842728485581299     
   8.3760000000000012      -0.36114190585864131     
   8.3819999999999997      -0.36483293170695658     
   8.3879999999999999      -0.36258690116298048     
   8.3940000000000001      -0.36263205239998614     
   8.4000000000000004      -0.36416352641752930     
   8.4060000000000006      -0.36247723704845164     
   8.4120000000000008      -0.36255654518710484     
   8.4180000000000010      -0.36086087723485388     
   8.4240000000000013      -0.35913709222120982     
   8.4299999999999997      -0.35801825003073101     
   8.4359999999999999      -0.35688521310254157     
   8.4420000000000002      -0.35909404022478314     
   8.4480000000000004      -0.35993573907204157     
   8.4540000000000006      -0.36079622477333739     
   8.4600000000000009      -0.36105500611669628     
   8.4660000000000011      -0.35677717729270403     
   8.4720000000000013      -0.35850001159335582     
   8.4780000000000015      -0.35852544377603374     
   8.4840000000000000      -0.36133885295496782     
   8.4900000000000002      -0.36357260466975944     
   8.4960000000000004      -0.36274266358599311     
   8.5020000000000007      -0.36211067643896960     
   8.5080000000000009      -0.36411095560435786     
   8.5140000000000011      -0.36367366277968777     
   8.5200000000000014      -0.36288395931052830     
   8.5260000000000016      -0.36161368936532035     
   8.5320000000000000      -0.36037747204217391     
   8.5380000000000003      -0.35940986051746759     
   8.5440000000000005      -0.35842409789622948     
   8.5500000000000007      -0.35531176435878770     
   8.5560000000000009      -0.35548822562998611     
   8.5620000000000012      -0.35468208499642467     
   8.5680000000000014      -0.35348385230354817     
   8.5740000000000016      -0.35159918146009322     
   8.5800000000000001      -0.34910337089171095     
   8.5860000000000003      -0.34853375421583194     
   8.5920000000000005      -0.34936546550108571     
   8.5980000000000008      -0.35072154272776290     
   8.6040000000000010      -0.35034482151614715     
   8.6100000000000012      -0.35094894481013778     
   8.6160000000000014      -0.35167270788897831     
   8.6220000000000017      -0.34916689595204187     
   8.6280000000000001      -0.34728158581038004     
   8.6340000000000003      -0.34536551238069069     
   8.6400000000000006      -0.34676455531476286     
   8.6460000000000008      -0.34768010938693045     
   8.6520000000000010      -0.34719969813689655     
   8.6580000000000013      -0.34735258998332907     
   8.6640000000000015      -0.34633351884785829     
   8.6700000000000017      -0.34776742182998976     
   8.6760000000000002      -0.34931520622355938     
   8.6820000000000004      -0.35062695592124599     
   8.6880000000000006      -0.34911587260965926     
   8.6940000000000008      -0.34990100376561867     
   8.7000000000000011      -0.34918957319276078     
   8.7060000000000013      -0.34816788224493694     
   8.7120000000000015      -0.35244762264405133     
   8.7180000000000017      -0.35064414805402633     
   8.7240000000000020      -0.35112877813058135     
   8.7300000000000004      -0.35148531463039107     
   8.7360000000000007      -0.35162341192304869     
   8.7420000000000009      -0.35238607778734371     
   8.7480000000000011      -0.35260118664942147     
   8.7540000000000013      -0.35190431192445631     
   8.7600000000000016      -0.35154117270692747     
   8.7660000000000018      -0.34898605401416433     
   8.7720000000000020      -0.35147837781074870     
   8.7780000000000005      -0.35204455991487166     
   8.7840000000000007      -0.35311205723979794     
   8.7900000000000009      -0.35476765646657776     
   8.7960000000000012      -0.35421635861832967     
   8.8020000000000014      -0.35291965697677613     
   8.8080000000000016      -0.35311946751051870     
   8.8140000000000018      -0.35314744092713235     
   8.8200000000000021      -0.35254684505232886     
   8.8260000000000005      -0.35343476451243305     
   8.8320000000000007      -0.35546504983850474     
   8.8380000000000010      -0.35543860904733515     
   8.8440000000000012      -0.35753120040467362     
   8.8500000000000014      -0.35665650558152084     
   8.8560000000000016      -0.35778066230364586     
   8.8620000000000019      -0.35713866674158179     
   8.8680000000000021      -0.35682976794629623     
   8.8740000000000006      -0.35404278800850536     
   8.8800000000000008      -0.35642657633045949     
   8.8860000000000010      -0.36030559398153922     
   8.8920000000000012      -0.36087013483266056     
   8.8980000000000015      -0.35921814262811674     
   8.9040000000000017      -0.36064639267421222     
   8.9100000000000001      -0.36308603198127865     
   8.9160000000000004      -0.36341700492928092     
   8.9220000000000006      -0.36144326126550053     
   8.9279999999999990      -0.35872305928034554     
   8.9339999999999993      -0.35767712332626111     
   8.9399999999999995      -0.35915904806612287     
   8.9459999999999997      -0.35901460391741524     
   8.9520000000000000      -0.36489366854008032     
   8.9580000000000002      -0.36689271471308815     
   8.9640000000000004      -0.36739337597114879     
   8.9700000000000006      -0.36687802754021082     
   8.9759999999999991      -0.36648983063102569     
   8.9819999999999993      -0.36574701410747296     
   8.9879999999999995      -0.36388867520500351     
   8.9939999999999998      -0.36274015294142897     
   9.0000000000000000      -0.36156458002644987     
   9.0060000000000002      -0.36230760031059461     
   9.0120000000000005      -0.36290276953438955     
   9.0180000000000007      -0.36505467956693771     
   9.0239999999999991      -0.36368893390641960     
   9.0299999999999994      -0.36342661617062827     
   9.0359999999999996      -0.36138640022703128     
   9.0419999999999998      -0.36096437407498300     
   9.0480000000000000      -0.35988990644659724     
   9.0540000000000003      -0.35907335530057194     
   9.0600000000000005      -0.35877626719454975     
   9.0660000000000007      -0.36065451580921459     
   9.0719999999999992      -0.36284693679359142     
   9.0779999999999994      -0.36213789165927651     
   9.0839999999999996      -0.36114105932254226     
   9.0899999999999999      -0.36175401720495565     
   9.0960000000000001      -0.36277953829325998     
   9.1020000000000003      -0.36190752041341712     
   9.1080000000000005      -0.36014456556307062     
   9.1140000000000008      -0.35952518427462521     
   9.1199999999999992      -0.36267870059333346     
   9.1259999999999994      -0.36297709189756783     
   9.1319999999999997      -0.36273496837430125     
   9.1379999999999999      -0.36494810346155898     
   9.1440000000000001      -0.36256189505445890     
   9.1500000000000004      -0.36168725214672520     
   9.1560000000000006      -0.36320442595159602     
   9.1620000000000008      -0.36104498012857894     
   9.1679999999999993      -0.36292103223466016     
   9.1739999999999995      -0.36269952003301231     
   9.1799999999999997      -0.36236392265834144     
   9.1859999999999999      -0.36412196741476655     
   9.1920000000000002      -0.36542644850838096     
   9.1980000000000004      -0.36572725912123616     
   9.2040000000000006      -0.36552616067358573     
   9.2100000000000009      -0.36490684696837661     
   9.2159999999999993      -0.36690497277440670     
   9.2219999999999995      -0.36534221846372816     
   9.2279999999999998      -0.36338518063480835     
   9.2340000000000000      -0.36351505912352211     
   9.2400000000000002      -0.36359789021775429     
   9.2460000000000004      -0.36493742090807912     
   9.2520000000000007      -0.36503110201629924     
   9.2580000000000009      -0.36631111471628264     
   9.2640000000000011      -0.36608271495353595     
   9.2699999999999996      -0.36473057352743882     
   9.2759999999999998      -0.36664795729771732     
   9.2820000000000000      -0.36600743312720480     
   9.2880000000000003      -0.36490593181567693     
   9.2940000000000005      -0.36540072937993656     
   9.3000000000000007      -0.36642658542823131     
   9.3060000000000009      -0.36621841801534288     
   9.3120000000000012      -0.36821705586482539     
   9.3179999999999996      -0.36684681073356223     
   9.3239999999999998      -0.36661706822729856     
   9.3300000000000001      -0.36504599331564130     
   9.3360000000000003      -0.36478881733635776     
   9.3420000000000005      -0.36846673379621558     
   9.3480000000000008      -0.36744110566281069     
   9.3540000000000010      -0.36848456856224820     
   9.3600000000000012      -0.36759746033902357     
   9.3659999999999997      -0.36675113902005851     
   9.3719999999999999      -0.36758512006622590     
   9.3780000000000001      -0.36629656886773271     
   9.3840000000000003      -0.36627068077470287     
   9.3900000000000006      -0.36623227328913366     
   9.3960000000000008      -0.36411145510093984     
   9.4020000000000010      -0.36240842942018031     
   9.4080000000000013      -0.36180502825116345     
   9.4139999999999997      -0.36379272768446147     
   9.4199999999999999      -0.36719321793353410     
   9.4260000000000002      -0.36729900028366042     
   9.4320000000000004      -0.36485927256660156     
   9.4380000000000006      -0.36366208036242675     
   9.4440000000000008      -0.36298793480119601     
   9.4500000000000011      -0.36244909635440614     
   9.4560000000000013      -0.36357390050894789     
   9.4619999999999997      -0.36162692655930295     
   9.4680000000000000      -0.36226796809818113     
   9.4740000000000002      -0.36172662184966803     
   9.4800000000000004      -0.35910442052101915     
   9.4860000000000007      -0.35821066259738177     
   9.4920000000000009      -0.35884150625550304     
   9.4980000000000011      -0.35805339878896791     
   9.5040000000000013      -0.35829652157872788     
   9.5100000000000016      -0.35786292662101760     
   9.5160000000000000      -0.35415280694059154     
   9.5220000000000002      -0.35351026068699853     
   9.5280000000000005      -0.35483119255209411     
   9.5340000000000007      -0.35698764466410710     
   9.5400000000000009      -0.35900628840487353     
   9.5460000000000012      -0.35827270571541908     
   9.5520000000000014      -0.36136652281889226     
   9.5580000000000016      -0.36063602547542439     
   9.5640000000000001      -0.35980023566384556     
   9.5700000000000003      -0.35817261762469055     
   9.5760000000000005      -0.35653312341949089     
   9.5820000000000007      -0.35826142273064054     
   9.5880000000000010      -0.35835314716474964     
   9.5940000000000012      -0.35464822231821752     
   9.6000000000000014      -0.35420885001279862     
   9.6060000000000016      -0.35269214675635141     
   9.6120000000000001      -0.35200384466804679     
   9.6180000000000003      -0.35146340436326773     
   9.6240000000000006      -0.35190175749897112     
   9.6300000000000008      -0.35256124467530414     
   9.6360000000000010      -0.35331068164215729     
   9.6420000000000012      -0.35220756547462923     
   9.6480000000000015      -0.35227152875362822     
   9.6540000000000017      -0.35084276943299109     
   9.6600000000000001      -0.35294904336377692     
   9.6660000000000004      -0.35181735315918200     
   9.6720000000000006      -0.35134682100035319     
   9.6780000000000008      -0.34967726551643669     
   9.6840000000000011      -0.35188220830303513     
   9.6900000000000013      -0.35079240682469159     
   9.6960000000000015      -0.35180430386857653     
   9.7020000000000017      -0.35025201121041599     
   9.7080000000000002      -0.35225761355167023     
   9.7140000000000004      -0.35185147258163785     
   9.7200000000000006      -0.35474092388935097     
   9.7260000000000009      -0.35209841803424535     
   9.7320000000000011      -0.35232583753901020     
   9.7380000000000013      -0.35063812700928343     
   9.7440000000000015      -0.35011361951980507     
   9.7500000000000018      -0.34882036550475187     
   9.7560000000000020      -0.34639412634849037     
   9.7620000000000005      -0.34613847462592823     
   9.7680000000000007      -0.34445857985578676     
   9.7740000000000009      -0.34274446334362363     
   9.7800000000000011      -0.34477827463107114     
   9.7860000000000014      -0.34415679892928791     
   9.7920000000000016      -0.34692758552542707     
   9.7980000000000018      -0.34521573968424624     
   9.8040000000000020      -0.34545614728132862     
   9.8100000000000005      -0.34340445997114932     
   9.8160000000000007      -0.34056720639365246     
   9.8220000000000010      -0.34122097044021493     
   9.8280000000000012      -0.34013297584368773     
   9.8340000000000014      -0.33925124963528652     
   9.8400000000000016      -0.33615453068810824     
   9.8460000000000019      -0.33925576018243087     
   9.8520000000000021      -0.33937349118778642     
   9.8580000000000005      -0.33783433280960912     
   9.8640000000000008      -0.33922284689762594     
   9.8700000000000010      -0.33720285110603104     
   9.8760000000000012      -0.33584016199132316     
   9.8820000000000014      -0.33649058480491645     
   9.8880000000000017      -0.33694498587299754     
   9.8940000000000019      -0.33524588972051472     
   9.9000000000000021      -0.33580353280070335     
   9.9060000000000006      -0.33667304739977599     
   9.9120000000000008      -0.33377496135450052     
   9.9180000000000010      -0.33321712852173424     
   9.9240000000000013      -0.33157267727167072     
   9.9300000000000015      -0.33221732231461742     
   9.9360000000000017      -0.32876523562786503     
   9.9420000000000019      -0.33149942740840926     
   9.9480000000000022      -0.33085917740140974     
   9.9540000000000006      -0.33336721918648526     
   9.9600000000000009      -0.33419923056970313     
   9.9660000000000011      -0.33462260369455871     
   9.9719999999999995      -0.33228831097469641     
   9.9779999999999998      -0.33462935234303776     
   9.9840000000000000      -0.33579262057244907     
   9.9900000000000002      -0.33337621880151036     
