   0.0000000000000000       0.99999999999995948     
   5.0000000000000001E-003  0.99403886285047138     
   1.0000000000000000E-002  0.99869918078861675     
   1.4999999999999999E-002  0.99772892467844121     
   2.0000000000000000E-002  0.99766675914330993     
   2.5000000000000005E-002  0.99691258181885956     
   2.9999999999999999E-002  0.99636492898942974     
   3.5000000000000003E-002  0.99587641030441998     
   4.0000000000000001E-002  0.99527718305614910     
   4.5000000000000005E-002  0.99522393188140046     
   5.0000000000000010E-002  0.99454511466808893     
   5.5000000000000000E-002  0.99308225846695020     
   5.9999999999999998E-002  0.99287222853080070     
   6.5000000000000002E-002  0.99215129798056301     
   7.0000000000000007E-002  0.99140485331831341     
   7.5000000000000011E-002  0.99031851595836384     
   8.0000000000000002E-002  0.98941700173383651     
   8.5000000000000006E-002  0.98878785634751520     
   9.0000000000000011E-002  0.98742844164690435     
   9.5000000000000001E-002  0.98578294457990379     
  0.10000000000000002       0.98453751579214033     
  0.10500000000000001       0.98378158055122844     
  0.11000000000000000       0.98212611102339886     
  0.11500000000000000       0.98116593665632035     
  0.12000000000000000       0.98011307739057318     
  0.12500000000000003       0.97870905751591419     
  0.13000000000000000       0.97756318429917333     
  0.13500000000000001       0.97619195149091520     
  0.14000000000000001       0.97508235622319994     
  0.14499999999999999       0.97329187221236657     
  0.15000000000000002       0.97142974025719664     
  0.15500000000000003       0.97063085822537754     
  0.16000000000000000       0.96810677865855632     
  0.16500000000000001       0.96706548059743702     
  0.17000000000000001       0.96631396713603646     
  0.17500000000000002       0.96469846905016154     
  0.18000000000000002       0.96123686769792405     
  0.18500000000000003       0.95939975818711087     
  0.19000000000000000       0.95694398802437897     
  0.19500000000000001       0.95444554935597814     
  0.20000000000000004       0.95193870721223495     
  0.20500000000000002       0.94953480792472633     
  0.21000000000000002       0.94820678979517714     
  0.21500000000000002       0.94610780302115360     
  0.22000000000000000       0.94524223305384136     
  0.22500000000000001       0.94345645790070976     
  0.23000000000000001       0.94273999123816488     
  0.23500000000000001       0.93919026343306289     
  0.23999999999999999       0.93673131192435977     
  0.24500000000000005       0.93386958331308800     
  0.25000000000000006       0.93316512110212402     
  0.25500000000000000       0.93085838935670306     
  0.26000000000000001       0.92748404690237318     
  0.26500000000000001       0.92568079356013755     
  0.27000000000000002       0.92328227657305273     
  0.27500000000000002       0.91946288783005847     
  0.28000000000000003       0.91778412651903074     
  0.28500000000000003       0.91410244509068039     
  0.28999999999999998       0.90934616583897199     
  0.29500000000000004       0.90682361891469632     
  0.30000000000000004       0.90587734313156842     
  0.30500000000000005       0.90233430435038353     
  0.31000000000000005       0.89879930907066619     
  0.31500000000000006       0.89745252884224680     
  0.32000000000000001       0.89590704726453196     
  0.32500000000000001       0.89320095545572786     
  0.33000000000000002       0.89146335518038744     
  0.33500000000000002       0.88861145816386899     
  0.34000000000000002       0.88433333111824586     
  0.34500000000000003       0.88278891994961217     
  0.35000000000000003       0.87834314300039584     
  0.35500000000000004       0.87336598575628954     
  0.36000000000000004       0.87082526989242459     
  0.36500000000000005       0.87028322426458593     
  0.37000000000000005       0.86692984465250178     
  0.37500000000000006       0.86603412522771284     
  0.38000000000000000       0.86443163593801930     
  0.38500000000000001       0.86293693486283429     
  0.39000000000000001       0.86118745355063020     
  0.39500000000000002       0.85973522000662117     
  0.40000000000000008       0.85378122761829589     
  0.40500000000000003       0.84917644327911168     
  0.41000000000000003       0.84764411971862108     
  0.41500000000000004       0.84543522719387998     
  0.42000000000000004       0.84360807255440162     
  0.42500000000000004       0.84077877267526246     
  0.43000000000000005       0.83769681347505198     
  0.43500000000000005       0.83348561280208489     
  0.44000000000000000       0.83216846423305812     
  0.44500000000000001       0.82874762591071505     
  0.45000000000000001       0.82760152995265646     
  0.45500000000000002       0.82481616783949696     
  0.46000000000000002       0.82111520763530921     
  0.46500000000000002       0.81651603073670487     
  0.47000000000000003       0.81460442175404746     
  0.47499999999999998       0.81105919506505664     
  0.47999999999999998       0.80811788237398741     
  0.48500000000000010       0.80613326965627696     
  0.49000000000000010       0.80512844366993774     
  0.49500000000000005       0.80186816336828881     
  0.50000000000000011       0.79639617214029090     
  0.50500000000000012       0.79424613279364675     
  0.51000000000000001       0.79249699190551470     
  0.51500000000000001       0.79156439246015153     
  0.52000000000000002       0.78802519529193138     
  0.52500000000000002       0.78548839283493088     
  0.53000000000000003       0.78226115170735122     
  0.53500000000000003       0.77908827970598205     
  0.54000000000000004       0.77832410067436764     
  0.54500000000000004       0.77532449563831707     
  0.55000000000000004       0.77020675576476860     
  0.55500000000000005       0.76741878187467338     
  0.56000000000000005       0.76267076985661619     
  0.56500000000000006       0.76050428421119110     
  0.57000000000000006       0.75555303249474581     
  0.57500000000000007       0.75364518478907516     
  0.57999999999999996       0.75131384515010557     
  0.58499999999999996       0.74876775990797995     
  0.59000000000000008       0.74667859706554218     
  0.59500000000000008       0.74651833547233559     
  0.60000000000000009       0.74139660473677005     
  0.60500000000000009       0.73951260865749535     
  0.61000000000000010       0.73754057878328361     
  0.61500000000000010       0.73487930458530881     
  0.62000000000000011       0.73437340830823727     
  0.62500000000000011       0.73231175840800111     
  0.63000000000000012       0.72729115113364928     
  0.63500000000000001       0.72399801154607069     
  0.64000000000000001       0.72256087939506342     
  0.64500000000000002       0.72263888909617835     
  0.65000000000000002       0.71973428347298540     
  0.65500000000000003       0.71861219489679762     
  0.66000000000000003       0.71423975208404644     
  0.66500000000000004       0.70950623588235495     
  0.67000000000000004       0.70739675595987950     
  0.67500000000000004       0.70107681224232521     
  0.68000000000000005       0.69903848654178347     
  0.68500000000000005       0.69710374293210731     
  0.69000000000000006       0.69467590948271651     
  0.69500000000000006       0.69141698837886889     
  0.70000000000000007       0.68848012127894831     
  0.70500000000000007       0.68642394487290426     
  0.71000000000000008       0.68129268634616591     
  0.71500000000000008       0.67737366142932276     
  0.72000000000000008       0.67668571964657720     
  0.72500000000000009       0.67416851093313723     
  0.73000000000000009       0.67092575217758310     
  0.73500000000000010       0.66699513533533128     
  0.74000000000000010       0.66272044162877675     
  0.74500000000000011       0.65658039043014460     
  0.75000000000000011       0.65387260412257042     
  0.75500000000000000       0.64906336356537164     
  0.76000000000000001       0.64564602588284858     
  0.76500000000000001       0.64202453769692946     
  0.77000000000000002       0.63969806396842199     
  0.77500000000000002       0.63420207411574403     
  0.78000000000000003       0.62913379501214062     
  0.78500000000000003       0.62626370346972304     
  0.79000000000000004       0.62200204506257817     
  0.79500000000000004       0.61641553789750514     
  0.80000000000000016       0.60866048764444625     
  0.80500000000000016       0.60430024152854189     
  0.81000000000000005       0.60218517685938233     
  0.81500000000000006       0.60049445998432549     
  0.82000000000000006       0.59575430659695860     
  0.82500000000000007       0.59174208274180451     
  0.83000000000000007       0.58432187034064442     
  0.83500000000000008       0.58199354021889516     
  0.84000000000000008       0.57839787831717182     
  0.84500000000000008       0.57576897322188769     
  0.85000000000000009       0.57447460712766785     
  0.85500000000000009       0.57089786605471637     
  0.86000000000000010       0.56713403287302155     
  0.86500000000000010       0.55979336391841727     
  0.87000000000000011       0.55529032562835678     
  0.87500000000000011       0.55351241467040824     
  0.88000000000000000       0.55042802241484345     
  0.88500000000000001       0.54928060831298942     
  0.89000000000000001       0.54683211804675513     
  0.89500000000000002       0.54811890687331188     
  0.90000000000000002       0.54563687755499002     
  0.90500000000000003       0.54357493527566314     
  0.91000000000000003       0.54096003420405869     
  0.91500000000000004       0.53957385459923590     
  0.92000000000000004       0.54004758064941538     
  0.92500000000000004       0.53617503964943647     
  0.93000000000000005       0.53359857941996225     
  0.93500000000000005       0.53303128286351498     
  0.94000000000000006       0.52991037499566840     
  0.94499999999999995       0.52533350043503468     
  0.94999999999999996       0.52152925011979223     
  0.95499999999999996       0.51783000398752044     
  0.95999999999999996       0.51431229155114333     
  0.96500000000000019       0.51329909635929905     
  0.97000000000000020       0.51029951623817271     
  0.97500000000000020       0.50507220202531500     
  0.98000000000000020       0.50120090312246801     
  0.98500000000000010       0.50005099983269652     
  0.99000000000000010       0.49811446745351362     
  0.99500000000000011       0.49183566624802399     
   1.0000000000000002       0.48969543188125314     
   1.0050000000000001       0.48619547540404962     
   1.0100000000000002       0.48300181280003440     
   1.0150000000000001       0.47965794428038511     
   1.0200000000000000       0.47990838366293281     
   1.0250000000000001       0.47594967251855608     
   1.0300000000000000       0.47224145322355354     
   1.0350000000000001       0.46768826376412165     
   1.0400000000000000       0.46414723772959687     
   1.0450000000000002       0.46172996314084080     
   1.0500000000000000       0.45925887013616817     
   1.0550000000000002       0.45620660257468032     
   1.0600000000000001       0.45521670293520400     
   1.0650000000000002       0.45009683117896454     
   1.0700000000000001       0.44473637643375263     
   1.0750000000000002       0.43884503797295915     
   1.0800000000000001       0.43563681612270749     
   1.0850000000000002       0.43511917186816434     
   1.0900000000000001       0.43142310675208551     
   1.0950000000000000       0.43146686939468243     
   1.1000000000000001       0.42836611625600596     
   1.1050000000000000       0.42730956698183398     
   1.1100000000000001       0.42468466912765640     
   1.1150000000000000       0.42093227222228075     
   1.1200000000000001       0.41991472254285173     
   1.1250000000000000       0.41860308200422808     
   1.1300000000000001       0.41701202295862755     
   1.1350000000000000       0.41477616676591644     
   1.1400000000000001       0.41290101327901269     
   1.1450000000000000       0.41124669485247023     
   1.1500000000000001       0.40793847939848010     
   1.1550000000000000       0.40661091574493630     
   1.1599999999999999       0.40424315007990547     
   1.1650000000000000       0.40264701586990564     
   1.1699999999999999       0.40156839996831284     
   1.1750000000000003       0.40272927908600248     
   1.1800000000000002       0.39969090095846366     
   1.1850000000000003       0.39572073731033713     
   1.1900000000000002       0.39575990747594847     
   1.1950000000000001       0.39592302798420848     
   1.2000000000000002       0.39416731709926972     
   1.2050000000000001       0.39405740301239744     
   1.2100000000000002       0.39319217159127734     
   1.2150000000000001       0.38997510547805680     
   1.2200000000000002       0.38931557559501423     
   1.2250000000000001       0.38837743318301693     
   1.2300000000000002       0.38532049972638599     
   1.2350000000000001       0.38063220147960319     
   1.2400000000000002       0.37815057482102987     
   1.2450000000000001       0.37476961515986629     
   1.2500000000000002       0.37260325356828905     
   1.2550000000000001       0.36881079246065018     
   1.2600000000000002       0.36970870693539282     
   1.2650000000000001       0.36763168297148807     
   1.2700000000000000       0.36314766716391994     
   1.2750000000000001       0.36168972287790868     
   1.2800000000000000       0.36207371583950410     
   1.2850000000000001       0.35525097459788474     
   1.2900000000000000       0.35402484352108265     
   1.2950000000000002       0.35282729897325082     
   1.3000000000000000       0.34963152352858118     
   1.3050000000000002       0.34856134972309721     
   1.3100000000000001       0.34415814609394318     
   1.3150000000000002       0.34109056612165706     
   1.3200000000000001       0.33844049220590472     
   1.3250000000000002       0.33864380539190414     
   1.3300000000000001       0.33994027429210566     
   1.3350000000000000       0.33797075044010233     
   1.3400000000000001       0.33569011688588457     
   1.3450000000000000       0.33448760536933470     
   1.3500000000000001       0.33154945524985230     
   1.3550000000000000       0.33119773410528902     
   1.3600000000000001       0.32766973532721733     
   1.3650000000000000       0.32672360420516372     
   1.3700000000000001       0.32289828590986358     
   1.3750000000000000       0.32043320534206216     
   1.3800000000000001       0.31621809307038973     
   1.3850000000000000       0.31445385325300346     
   1.3900000000000001       0.31201862177892575     
   1.3950000000000002       0.31402343628467794     
   1.4000000000000001       0.31198609628345458     
   1.4050000000000002       0.31123500248674735     
   1.4100000000000001       0.30930585583684522     
   1.4150000000000003       0.30552781820646913     
   1.4200000000000002       0.30237777156483564     
   1.4250000000000003       0.30214914305120349     
   1.4300000000000002       0.29987070277500461     
   1.4350000000000003       0.30172607008385621     
   1.4400000000000002       0.30084179922336246     
   1.4450000000000001       0.29767146676552170     
   1.4500000000000002       0.29526893712106833     
   1.4550000000000001       0.28839159692625099     
   1.4600000000000002       0.28510414389108180     
   1.4650000000000001       0.28392498165597363     
   1.4700000000000002       0.28167613357751059     
   1.4750000000000001       0.27964216031299149     
   1.4800000000000002       0.27606616393447220     
   1.4850000000000001       0.27371521189300202     
   1.4900000000000002       0.27295077226534270     
   1.4950000000000001       0.27038230218968434     
   1.5000000000000002       0.26705949007653346     
   1.5050000000000001       0.26589715506355149     
   1.5100000000000000       0.26522906800523083     
   1.5150000000000001       0.26617163553570178     
   1.5200000000000000       0.26737420775828846     
   1.5250000000000001       0.26273672954138333     
   1.5300000000000000       0.26212765013766109     
   1.5350000000000001       0.25951477959112745     
   1.5400000000000000       0.25888386176730038     
   1.5450000000000002       0.25626395014619002     
   1.5500000000000000       0.25646461675542476     
   1.5550000000000002       0.25773421267653246     
   1.5600000000000001       0.25808454087355065     
   1.5650000000000002       0.25752480404755151     
   1.5700000000000001       0.25644707927559801     
   1.5750000000000000       0.25592420715992575     
   1.5800000000000001       0.25448553684370262     
   1.5850000000000000       0.25619744473035772     
   1.5900000000000001       0.25686286073269882     
   1.5950000000000000       0.25575880808918766     
   1.6000000000000003       0.25505645404549565     
   1.6050000000000002       0.25220783882123310     
   1.6100000000000003       0.24989112286320453     
   1.6150000000000000       0.24865786338956725     
   1.6200000000000001       0.24710541261380614     
   1.6250000000000000       0.24446237936408227     
   1.6300000000000001       0.24491991361298085     
   1.6350000000000000       0.24248701784094986     
   1.6400000000000001       0.23902946672862829     
   1.6450000000000000       0.23748921952967475     
   1.6500000000000001       0.23664064163178819     
   1.6550000000000000       0.23561941827038657     
   1.6600000000000001       0.23377463860919925     
   1.6650000000000000       0.23519260990862786     
   1.6700000000000002       0.23271882966408328     
   1.6750000000000000       0.23163645333341054     
   1.6800000000000002       0.23302087338637939     
   1.6850000000000001       0.23054947538412812     
   1.6900000000000002       0.22968242545763992     
   1.6950000000000001       0.22615063971489291     
   1.7000000000000002       0.22381718901296957     
   1.7050000000000001       0.22184695794730733     
   1.7100000000000002       0.22039138012156831     
   1.7150000000000003       0.21793761612926066     
   1.7200000000000002       0.22074951680098689     
   1.7250000000000003       0.22118239163041556     
   1.7300000000000002       0.22286830438748387     
   1.7350000000000003       0.22139168234210613     
   1.7400000000000002       0.21943835843105008     
   1.7450000000000003       0.21727910686666752     
   1.7500000000000002       0.21533834278856670     
   1.7550000000000003       0.21415078428036069     
   1.7600000000000000       0.21472016643000563     
   1.7650000000000003       0.21352751101373077     
   1.7700000000000000       0.21232673789962259     
   1.7750000000000004       0.21245663051931513     
   1.7800000000000000       0.21062691201824710     
   1.7850000000000004       0.20889890053109589     
   1.7900000000000000       0.20878177558003452     
   1.7950000000000002       0.20887756100959012     
   1.8000000000000000       0.20816852016896467     
   1.8050000000000002       0.20791324573100337     
   1.8100000000000001       0.20714727254236442     
   1.8150000000000002       0.20728268178201334     
   1.8200000000000001       0.20870150215840055     
   1.8250000000000002       0.20816647541417430     
   1.8300000000000001       0.20716792133220036     
   1.8350000000000002       0.20683370322794078     
   1.8400000000000001       0.20789742971798478     
   1.8450000000000002       0.20923404493525158     
   1.8500000000000001       0.20859165014596548     
   1.8550000000000002       0.20661922405825636     
   1.8600000000000001       0.20455967484837773     
   1.8650000000000002       0.20851338632560515     
   1.8700000000000001       0.20873523228457730     
   1.8750000000000002       0.20731707381546094     
   1.8800000000000001       0.20964553467698044     
   1.8850000000000002       0.20855573373120523     
   1.8899999999999999       0.21131684987797439     
   1.8950000000000002       0.20887008889980438     
   1.8999999999999999       0.20752635731199987     
   1.9050000000000002       0.20470101786487740     
   1.9099999999999999       0.20509726739071765     
   1.9150000000000003       0.20697059482090879     
   1.9199999999999999       0.20463444578649612     
   1.9250000000000003       0.20308796631389137     
   1.9300000000000004       0.19902297841079936     
   1.9350000000000001       0.20097634192757277     
   1.9400000000000004       0.19833401999889225     
   1.9450000000000001       0.19909691059146392     
   1.9500000000000004       0.19893185843524944     
   1.9550000000000001       0.19925661970866293     
   1.9600000000000004       0.19535377623969277     
   1.9650000000000001       0.19660841217866126     
   1.9700000000000002       0.19894723786821647     
   1.9750000000000001       0.19768979648051704     
   1.9800000000000002       0.19805184270887113     
   1.9850000000000001       0.19705254234214839     
   1.9900000000000002       0.19654984273123893     
   1.9950000000000001       0.19759381805300341     
   2.0000000000000004       0.19616267210351013     
   2.0049999999999999       0.19210216205947175     
   2.0100000000000002       0.19146744422586620     
   2.0150000000000001       0.19054849482721489     
   2.0200000000000005       0.18778605073329346     
   2.0249999999999999       0.18550097567543763     
   2.0300000000000002       0.18583243724353074     
   2.0350000000000001       0.18648608678288178     
   2.0400000000000000       0.18538628053115747     
   2.0449999999999999       0.18349584089803936     
   2.0500000000000003       0.18545275499717767     
   2.0550000000000002       0.18603321007109322     
   2.0600000000000001       0.18687162240678981     
   2.0649999999999999       0.18775099778456494     
   2.0700000000000003       0.18600196881966913     
   2.0750000000000002       0.18550902943277420     
   2.0800000000000001       0.18424844367325763     
   2.0850000000000000       0.18476239714440418     
   2.0900000000000003       0.18476782110776352     
   2.0950000000000002       0.18305746529567787     
   2.1000000000000001       0.18275402643523467     
   2.1050000000000000       0.18006449915773565     
   2.1100000000000003       0.17731632362939201     
   2.1150000000000002       0.17569152882126474     
   2.1200000000000001       0.17515366178932609     
   2.1250000000000000       0.17172119027336288     
   2.1300000000000003       0.16940325040712476     
   2.1350000000000002       0.16734700362493654     
   2.1400000000000001       0.16800541568471955     
   2.1450000000000005       0.16891730921238154     
   2.1500000000000004       0.16976333292474577     
   2.1550000000000002       0.17046394671935569     
   2.1600000000000001       0.16914448360593132     
   2.1650000000000005       0.16950948668061688     
   2.1700000000000004       0.16690132275885830     
   2.1750000000000003       0.16720307392190617     
   2.1800000000000002       0.16819563940523682     
   2.1850000000000005       0.16858919811731710     
   2.1899999999999999       0.16492255853611512     
   2.1950000000000003       0.16490226392216664     
   2.2000000000000002       0.16430515874206458     
   2.2050000000000005       0.16405497110567679     
   2.2100000000000000       0.16356129995106219     
   2.2150000000000003       0.16377447679154050     
   2.2200000000000002       0.16447403116529138     
   2.2250000000000001       0.16346625928525094     
   2.2300000000000000       0.16341033031802252     
   2.2350000000000003       0.16126745727019770     
   2.2400000000000002       0.15945299120166406     
   2.2450000000000001       0.16042948512928307     
   2.2500000000000000       0.15960623881392547     
   2.2550000000000003       0.16107148797274187     
   2.2600000000000002       0.16128302346374443     
   2.2650000000000001       0.15775319561916237     
   2.2700000000000000       0.15640299308058525     
   2.2750000000000004       0.15759110856675276     
   2.2800000000000002       0.15595969458001635     
   2.2850000000000001       0.15700944587312829     
   2.2900000000000000       0.15858339782663941     
   2.2950000000000004       0.15854551280698875     
   2.3000000000000003       0.15950183766027404     
   2.3050000000000002       0.16287487177957624     
   2.3100000000000001       0.16112912877326446     
   2.3150000000000004       0.16145156907464359     
   2.3199999999999998       0.16348162716286688     
   2.3250000000000002       0.16302569929757932     
   2.3300000000000001       0.16258384873170348     
   2.3350000000000004       0.16178498428066573     
   2.3399999999999999       0.15662393412620790     
   2.3450000000000002       0.15633439103167424     
   2.3500000000000005       0.15523367389092424     
   2.3550000000000000       0.15239387030532900     
   2.3600000000000003       0.15471185474234642     
   2.3650000000000002       0.15486416299398389     
   2.3700000000000006       0.15440807673519175     
   2.3750000000000000       0.15409382719936990     
   2.3800000000000003       0.15312504677170427     
   2.3850000000000002       0.15217161802297677     
   2.3900000000000001       0.15447751660576944     
   2.3950000000000000       0.15572868927804087     
   2.4000000000000004       0.15460985615917872     
   2.4050000000000002       0.15355187266873888     
   2.4100000000000001       0.15193792394154110     
   2.4150000000000000       0.15433911188461166     
   2.4200000000000004       0.15637041884521313     
   2.4250000000000003       0.15810016178223649     
   2.4300000000000002       0.15621407317207608     
   2.4350000000000001       0.15641804362074013     
   2.4400000000000004       0.15673584999614418     
   2.4450000000000003       0.15964628938977746     
   2.4500000000000002       0.15837831573695735     
   2.4550000000000001       0.16132319454381513     
   2.4600000000000004       0.16002092375037152     
   2.4650000000000003       0.16021106857437717     
   2.4700000000000002       0.16121983178438759     
   2.4750000000000001       0.16265763171610564     
   2.4800000000000004       0.16026297171185572     
   2.4849999999999999       0.15970040716525261     
   2.4900000000000002       0.15993115152845361     
   2.4950000000000001       0.15939298964941648     
   2.5000000000000004       0.15971183508596662     
   2.5049999999999999       0.15909928686731722     
   2.5100000000000002       0.15555462254543156     
   2.5150000000000001       0.15483214950160468     
   2.5200000000000005       0.15334980941280077     
   2.5249999999999999       0.15568793517615195     
   2.5300000000000002       0.15513638317745213     
   2.5350000000000001       0.15504026425066694     
   2.5400000000000000       0.15378535576463398     
   2.5449999999999999       0.15312787667511343     
   2.5500000000000003       0.15151581676222167     
   2.5550000000000002       0.15249633749185820     
   2.5600000000000001       0.15227264903792812     
   2.5650000000000004       0.15323421289132785     
   2.5700000000000003       0.15262108655167386     
   2.5750000000000002       0.15323398666522864     
   2.5800000000000001       0.15262693621967724     
   2.5850000000000004       0.15398428142142212     
   2.5900000000000003       0.15551940023999805     
   2.5950000000000002       0.15711375942624600     
   2.6000000000000001       0.15516058740847433     
   2.6050000000000004       0.15682244692683886     
   2.6100000000000003       0.15518214169422270     
   2.6150000000000002       0.15216116899568494     
   2.6200000000000001       0.15253893542337663     
   2.6250000000000004       0.15353465834235761     
   2.6300000000000003       0.15460719705781248     
   2.6350000000000002       0.15244445396763037     
   2.6400000000000001       0.15267683499334850     
   2.6450000000000005       0.15446470174697424     
   2.6500000000000004       0.15325932280423019     
   2.6550000000000002       0.15479702981989993     
   2.6600000000000001       0.15533441849088148     
   2.6650000000000005       0.15469669652743170     
   2.6699999999999999       0.15484278261253695     
   2.6750000000000003       0.15372554611162623     
   2.6800000000000002       0.15082466893128293     
   2.6850000000000005       0.15116783428491562     
   2.6899999999999999       0.15174787035565060     
   2.6950000000000003       0.14771353069901322     
   2.7000000000000002       0.14668028661424901     
   2.7050000000000001       0.14812137058411232     
   2.7100000000000000       0.14813896432107787     
   2.7150000000000003       0.14800339269799148     
   2.7200000000000002       0.14759323999635918     
   2.7250000000000001       0.14626549455850879     
   2.7300000000000000       0.14620838827945751     
   2.7350000000000003       0.14737710500845491     
   2.7400000000000002       0.14800553474906195     
   2.7450000000000001       0.14681176060538945     
   2.7500000000000000       0.14730946942208964     
   2.7550000000000003       0.14974722147420660     
   2.7600000000000002       0.15036235718371854     
   2.7650000000000001       0.14692736201366782     
   2.7700000000000000       0.14580405244378139     
   2.7750000000000004       0.14431179995599114     
   2.7800000000000002       0.14222805096822611     
   2.7850000000000001       0.14237021015803533     
   2.7900000000000005       0.14279752717973365     
   2.7950000000000004       0.14249688574016742     
   2.8000000000000003       0.14283909639791753     
   2.8050000000000002       0.14249850165706071     
   2.8100000000000005       0.14162454476797426     
   2.8150000000000004       0.14031022023068801     
   2.8200000000000003       0.13849614916200345     
   2.8250000000000002       0.13709068088698895     
   2.8300000000000005       0.13799337048394467     
   2.8350000000000004       0.13715323706130225     
   2.8400000000000003       0.13803039812543369     
   2.8450000000000002       0.13833654804215414     
   2.8500000000000005       0.13763577322779919     
   2.8550000000000000       0.13729997335805225     
   2.8600000000000003       0.13589700748460667     
   2.8650000000000002       0.13688398017019685     
   2.8700000000000006       0.13737109511521856     
   2.8750000000000000       0.13810697523153131     
   2.8800000000000003       0.13742251837271766     
   2.8850000000000002       0.13709029691686078     
   2.8900000000000001       0.13757059909160030     
   2.8950000000000000       0.13800783897120630     
   2.9000000000000004       0.13938099533093445     
   2.9050000000000002       0.13990142099504416     
   2.9100000000000001       0.14009247929181864     
   2.9150000000000000       0.14134161446088891     
   2.9200000000000004       0.14184198025050584     
   2.9250000000000003       0.14260499639092258     
   2.9300000000000002       0.14401361218825301     
   2.9350000000000001       0.14418635084105730     
   2.9400000000000004       0.14503288710039930     
   2.9450000000000003       0.14507074405278467     
   2.9500000000000002       0.14447188757653570     
   2.9550000000000001       0.14453817524907836     
   2.9600000000000004       0.14472670892254999     
   2.9650000000000003       0.14480163327030324     
   2.9700000000000002       0.14343499859553618     
   2.9750000000000001       0.14563767100090191     
   2.9800000000000004       0.14515303408750435     
   2.9849999999999999       0.14322533744497254     
   2.9900000000000002       0.14433193811684444     
   2.9950000000000006       0.14589632314136344     
   3.0000000000000004       0.14606374409570394     
   3.0050000000000003       0.14479876596552158     
   3.0100000000000002       0.14413286427154484     
   3.0150000000000006       0.14309293278663268     
   3.0200000000000000       0.14549758581198816     
   3.0250000000000004       0.14555566844075726     
   3.0300000000000002       0.14559129200004284     
   3.0350000000000006       0.14661175641534135     
   3.0400000000000000       0.14755618964413131     
   3.0450000000000004       0.14753621586539706     
   3.0500000000000003       0.15059375966619851     
   3.0550000000000002       0.14927038461483366     
   3.0600000000000001       0.14978536849419780     
   3.0650000000000004       0.14962073215679714     
   3.0700000000000003       0.14996586628692801     
   3.0750000000000002       0.15070800122731121     
   3.0800000000000001       0.15232133396636405     
   3.0850000000000004       0.15153897661891008     
   3.0900000000000003       0.15027247515227757     
   3.0950000000000002       0.15135267457078064     
   3.1000000000000001       0.15223094364865683     
   3.1050000000000004       0.15219743704801691     
   3.1100000000000003       0.15359122181620943     
   3.1150000000000002       0.15205497914248897     
   3.1200000000000001       0.15179492771117051     
   3.1250000000000004       0.15217238809818587     
   3.1300000000000003       0.15539010602908429     
   3.1350000000000002       0.15561198053011666     
   3.1400000000000001       0.15675712054326968     
   3.1450000000000005       0.15576821959185874     
   3.1499999999999999       0.15769959758175570     
   3.1550000000000002       0.15653890241159366     
   3.1600000000000001       0.15680402173838351     
   3.1650000000000005       0.15775478621047329     
   3.1699999999999999       0.15772023144662625     
   3.1750000000000003       0.15703991949717525     
   3.1800000000000002       0.15777032473192537     
   3.1850000000000005       0.15816025800943415     
   3.1899999999999999       0.15956926582221720     
   3.1950000000000003       0.15967607894344144     
   3.2000000000000006       0.16130561377736055     
   3.2050000000000001       0.16007100617830880     
   3.2100000000000004       0.15985607919577183     
   3.2150000000000003       0.16220027893406447     
   3.2200000000000006       0.16175704273306979     
   3.2250000000000001       0.16253989323857027     
   3.2300000000000000       0.16393644777296518     
   3.2350000000000003       0.16279721969081862     
   3.2400000000000002       0.16390925579803622     
   3.2450000000000006       0.16313287510063920     
   3.2500000000000000       0.16224612229574006     
   3.2550000000000003       0.16177678920510100     
   3.2600000000000002       0.15985505047055432     
   3.2650000000000006       0.15928627390236624     
   3.2700000000000000       0.15860866746130575     
   3.2750000000000004       0.15877066712147272     
   3.2800000000000002       0.15573295508415527     
   3.2850000000000006       0.15520890697648865     
   3.2900000000000000       0.15487484974700802     
   3.2950000000000004       0.15622573541149137     
   3.3000000000000003       0.15626197575665873     
   3.3050000000000006       0.15627210004290903     
   3.3100000000000001       0.15664480630631783     
   3.3150000000000004       0.15787712957111866     
   3.3200000000000003       0.15693686478075161     
   3.3250000000000006       0.15743497211772894     
   3.3300000000000001       0.15764718341376568     
   3.3350000000000000       0.15820694612233621     
   3.3400000000000003       0.15926761995325259     
   3.3450000000000006       0.16109021915127711     
   3.3500000000000001       0.16049628839667668     
   3.3550000000000000       0.15835928050610459     
   3.3600000000000003       0.15702496026955085     
   3.3650000000000007       0.15752741750043020     
   3.3700000000000001       0.15791827467386582     
   3.3750000000000000       0.15786730281008302     
   3.3800000000000003       0.16019482339268437     
   3.3850000000000007       0.16176193251598475     
   3.3900000000000001       0.16135154446748293     
   3.3950000000000000       0.16017606847050891     
   3.4000000000000004       0.16077091147686381     
   3.4050000000000007       0.15996316228683571     
   3.4100000000000001       0.16157628186522155     
   3.4150000000000000       0.16164269701193229     
   3.4200000000000004       0.16291664257447144     
   3.4250000000000003       0.16267910681293490     
   3.4300000000000006       0.16309990885948963     
   3.4350000000000001       0.16334490077461478     
   3.4400000000000004       0.16382492788677944     
   3.4450000000000003       0.16386867368010624     
   3.4500000000000006       0.16422708949038389     
   3.4550000000000001       0.16457107324118350     
   3.4600000000000004       0.16558928589550601     
   3.4650000000000003       0.16502576138731861     
   3.4700000000000006       0.16610664608584005     
   3.4750000000000001       0.16661607413548796     
   3.4800000000000004       0.16613562838166984     
   3.4850000000000003       0.16762980161210955     
   3.4900000000000007       0.16841052009488447     
   3.4950000000000001       0.16806503157796709     
   3.5000000000000004       0.16854530706942894     
   3.5050000000000003       0.16852299256436781     
   3.5100000000000007       0.16778433942016807     
   3.5150000000000001       0.16753579397341217     
   3.5200000000000000       0.16946160615303940     
   3.5250000000000004       0.17065869573950851     
   3.5300000000000007       0.16995103910052814     
   3.5350000000000001       0.16902727265197012     
   3.5400000000000000       0.16919188130550328     
   3.5450000000000004       0.16836137462943340     
   3.5500000000000007       0.16825754938011939     
   3.5550000000000002       0.16741129230203280     
   3.5600000000000001       0.16757928020953120     
   3.5650000000000004       0.16849075668254432     
   3.5700000000000007       0.16866215318676991     
   3.5750000000000002       0.16880647294759371     
   3.5800000000000001       0.17014520420710658     
   3.5850000000000004       0.17135929218536286     
   3.5900000000000003       0.17283519438254225     
   3.5950000000000002       0.17251551245879004     
   3.6000000000000001       0.17201893811322932     
   3.6050000000000004       0.17286657766626526     
   3.6100000000000003       0.17062771440027000     
   3.6149999999999998       0.17247820220994653     
   3.6200000000000001       0.17225330969052602     
   3.6250000000000004       0.17134930159484812     
   3.6300000000000003       0.17200784420413817     
   3.6350000000000007       0.17320283994446209     
   3.6400000000000001       0.17208055412875020     
   3.6450000000000005       0.17101480160969054     
   3.6500000000000004       0.17148686788429859     
   3.6550000000000007       0.17195869134224656     
   3.6600000000000001       0.17104796097500713     
   3.6650000000000005       0.17175300098558727     
   3.6700000000000004       0.17144086566572719     
   3.6750000000000007       0.17221610415085087     
   3.6800000000000002       0.17437000131998126     
   3.6850000000000001       0.17286303504958192     
   3.6900000000000004       0.17414540504840947     
   3.6950000000000007       0.17402611758879688     
   3.7000000000000002       0.17618989127121831     
   3.7050000000000001       0.17316837685732667     
   3.7100000000000004       0.17435017281446766     
   3.7150000000000007       0.17498184016266868     
   3.7200000000000002       0.17620510950282625     
   3.7250000000000001       0.17608625388422303     
   3.7300000000000004       0.17691058824694444     
   3.7350000000000008       0.17824485458670294     
   3.7400000000000002       0.17878788396475445     
   3.7450000000000001       0.17901927382777119     
   3.7500000000000004       0.17977184515753972     
   3.7550000000000008       0.17843218883679748     
   3.7600000000000002       0.17846847383506395     
   3.7650000000000001       0.17917015431703776     
   3.7700000000000005       0.17832250007013956     
   3.7750000000000004       0.17791777417524685     
   3.7799999999999998       0.17704495063679121     
   3.7850000000000001       0.17770065106231317     
   3.7900000000000005       0.17779277294859594     
   3.7950000000000004       0.17993790834927814     
   3.7999999999999998       0.17994161723207922     
   3.8050000000000002       0.17885305015423666     
   3.8100000000000005       0.18079526745115521     
   3.8150000000000004       0.18158243198594973     
   3.8199999999999998       0.18148358712794782     
   3.8250000000000002       0.18423148746425427     
   3.8300000000000005       0.18316678000575751     
   3.8350000000000004       0.18372815050157973     
   3.8399999999999999       0.18345201727304339     
   3.8450000000000002       0.18216768520270413     
   3.8500000000000005       0.18279453929015910     
   3.8550000000000004       0.18276191689872046     
   3.8600000000000008       0.18024356993630217     
   3.8650000000000002       0.18061236634565117     
   3.8700000000000001       0.17961114966219022     
   3.8750000000000004       0.18116277692263116     
   3.8800000000000008       0.18166194186648460     
   3.8850000000000002       0.18171313909798054     
   3.8900000000000001       0.18049625098381258     
   3.8950000000000005       0.17990769441623619     
   3.9000000000000008       0.17989192213244964     
   3.9050000000000002       0.17932941236049224     
   3.9100000000000001       0.17985730511772793     
   3.9150000000000005       0.18117415140869655     
   3.9200000000000008       0.17918084540734711     
   3.9250000000000003       0.17949350357719748     
   3.9300000000000002       0.17849753063931692     
   3.9350000000000005       0.17907343226063277     
   3.9400000000000004       0.17959757412198812     
   3.9450000000000003       0.17770404435699225     
   3.9500000000000002       0.17768636816963576     
   3.9550000000000005       0.17802813436433723     
   3.9600000000000004       0.17919530685592061     
   3.9649999999999999       0.17831184681984613     
   3.9700000000000002       0.17833552076742371     
   3.9750000000000005       0.17932205170384272     
   3.9800000000000004       0.17936978437289969     
   3.9849999999999999       0.17931042458407467     
   3.9900000000000002       0.18045385889260201     
   3.9950000000000006       0.18092507215038731     
   4.0000000000000009       0.18181775579764722     
   4.0049999999999999       0.18282989310660516     
   4.0099999999999998       0.18283175603715551     
   4.0150000000000006       0.18033848316434364     
   4.0200000000000005       0.18156100632697336     
   4.0250000000000004       0.18255587876667409     
   4.0300000000000002       0.18249324693509850     
   4.0350000000000001       0.18178652520676833     
   4.0400000000000009       0.18011297404541246     
   4.0449999999999999       0.18167166654986341     
   4.0499999999999998       0.18192600234271469     
   4.0550000000000006       0.18206507100497332     
   4.0600000000000005       0.18154167429915172     
   4.0650000000000004       0.18188623871754031     
   4.0700000000000003       0.18318144551564813     
   4.0750000000000002       0.18707959354983733     
   4.0800000000000001       0.18668189960604695     
   4.0850000000000009       0.18711872102193253     
   4.0899999999999999       0.18808885045538895     
   4.0950000000000006       0.18927201390572601     
   4.1000000000000005       0.18983302863671395     
   4.1050000000000004       0.19222265747832196     
   4.1100000000000003       0.19226508491281280     
   4.1150000000000002       0.19233597199853494     
   4.1200000000000001       0.19219587634270627     
   4.1250000000000009       0.19210300679689415     
   4.1299999999999999       0.19395415376334926     
   4.1350000000000007       0.19398172979703424     
   4.1400000000000006       0.19299388413755683     
   4.1450000000000005       0.19393235494650132     
   4.1500000000000004       0.19525107855202697     
   4.1550000000000002       0.19497303252896081     
   4.1600000000000001       0.19543528822020717     
   4.1650000000000009       0.19682113867524184     
   4.1699999999999999       0.19767114416480835     
   4.1749999999999998       0.19750197894675578     
   4.1800000000000006       0.19821681856958737     
   4.1850000000000005       0.19846248466351513     
   4.1900000000000004       0.19902293084206366     
   4.1950000000000003       0.19948539381986097     
   4.2000000000000002       0.20015886912781941     
   4.2050000000000010       0.19996838437040731     
   4.2100000000000000       0.19992935612166599     
   4.2149999999999999       0.20184695130420249     
   4.2200000000000006       0.20068242514263790     
   4.2250000000000005       0.20167522643501312     
   4.2300000000000004       0.20190685210339035     
   4.2350000000000003       0.20083696195512066     
   4.2400000000000002       0.20064448845899058     
   4.2450000000000010       0.20082250008538410     
   4.2500000000000000       0.20140403423299205     
   4.2549999999999999       0.20041172264855686     
   4.2600000000000007       0.20070132005887781     
   4.2650000000000006       0.20227248332922690     
   4.2700000000000005       0.20319768566046986     
   4.2750000000000004       0.20513505303385685     
   4.2800000000000002       0.20443954457462424     
   4.2850000000000001       0.20566414618342532     
   4.2900000000000009       0.20705738782538424     
   4.2949999999999999       0.20733675748055991     
   4.3000000000000007       0.20763913625194971     
   4.3050000000000006       0.20858036792469578     
   4.3100000000000005       0.20789902767264382     
   4.3150000000000004       0.20770699776048421     
   4.3200000000000003       0.20827483104947181     
   4.3250000000000002       0.20916610772964067     
   4.3300000000000010       0.20833985216321149     
   4.3350000000000000       0.20889602108708136     
   4.3400000000000007       0.20947434970332840     
   4.3450000000000006       0.20690026883523263     
   4.3500000000000005       0.20783126972942537     
   4.3550000000000004       0.20752072053526946     
   4.3600000000000003       0.20781185951989653     
   4.3650000000000002       0.20741498671127759     
   4.3700000000000010       0.20745052880455978     
   4.3750000000000000       0.20808131702600471     
   4.3799999999999999       0.21027295284300460     
   4.3850000000000007       0.21005131121945228     
   4.3900000000000006       0.20964420343879756     
   4.3950000000000005       0.20882244105600511     
   4.4000000000000004       0.21173770611381013     
   4.4050000000000002       0.21191820839183476     
   4.4100000000000010       0.21277905429364233     
   4.4150000000000000       0.21381245014503458     
   4.4199999999999999       0.21574326793326293     
   4.4250000000000007       0.21509462469973434     
   4.4300000000000006       0.21474514784359855     
   4.4350000000000005       0.21530670673877206     
   4.4400000000000004       0.21369998261219814     
   4.4450000000000003       0.21455425710868917     
   4.4500000000000002       0.21524895572885133     
   4.4550000000000001       0.21696616286973250     
   4.4600000000000000       0.21840015954605177     
   4.4650000000000007       0.21911906670368575     
   4.4700000000000006       0.21743291623526034     
   4.4749999999999996       0.21663750195729589     
   4.4800000000000004       0.21616817426750931     
   4.4850000000000003       0.21682444916477686     
   4.4900000000000002       0.21716301818453737     
   4.4950000000000010       0.21681115108482846     
   4.5000000000000000       0.21730380340134081     
   4.5050000000000008       0.21703730931732021     
   4.5100000000000007       0.21774918389866577     
   4.5150000000000006       0.22045683187022763     
   4.5200000000000005       0.21972291079709716     
   4.5250000000000004       0.21946962998361588     
   4.5300000000000002       0.21937433351317887     
   4.5350000000000010       0.21982631657421689     
   4.5400000000000000       0.22154686123401074     
   4.5449999999999999       0.22265477140349585     
   4.5500000000000007       0.22365872967665912     
   4.5550000000000006       0.22496464299254035     
   4.5600000000000005       0.22415747029085578     
   4.5650000000000004       0.22314716393006331     
   4.5700000000000003       0.22298347750195807     
   4.5750000000000011       0.22239497333476990     
   4.5800000000000001       0.22388533665327379     
   4.5850000000000000       0.22491950820539910     
   4.5900000000000007       0.22495634748299859     
   4.5950000000000006       0.22548507798478276     
   4.6000000000000005       0.22426586948828423     
   4.6050000000000004       0.22393695038066169     
   4.6100000000000003       0.22518590472687935     
   4.6150000000000002       0.22495217642696785     
   4.6200000000000001       0.22294640457611126     
   4.6250000000000000       0.22259685524797707     
   4.6300000000000008       0.22184282093585653     
   4.6350000000000007       0.22121455178501204     
   4.6399999999999997       0.22149952582799137     
   4.6450000000000005       0.22198261121668256     
   4.6500000000000004       0.22235994390670125     
   4.6550000000000002       0.22143648591349405     
   4.6600000000000001       0.21964064117936818     
   4.6650000000000000       0.21827929814394564     
   4.6700000000000008       0.21878165800599331     
   4.6750000000000007       0.21730052253859974     
   4.6799999999999997       0.21800207646038647     
   4.6850000000000005       0.21929555202247883     
   4.6900000000000004       0.22094299151347291     
   4.6950000000000003       0.22029134210432760     
   4.7000000000000011       0.22108085866208591     
   4.7050000000000001       0.21996368843132069     
   4.7100000000000000       0.22046940603199483     
   4.7150000000000007       0.22256229750407297     
   4.7200000000000006       0.22302303824520964     
   4.7250000000000005       0.22384451561166060     
   4.7300000000000004       0.22402683500823647     
   4.7350000000000003       0.22425229686429740     
   4.7400000000000011       0.22344731987659727     
   4.7450000000000001       0.22320646766971713     
   4.7500000000000000       0.22221419503497419     
   4.7550000000000008       0.22207868809244691     
   4.7600000000000007       0.22123738409601804     
   4.7650000000000006       0.22083260049635287     
   4.7700000000000005       0.22095228441377135     
   4.7750000000000004       0.21989452879900528     
   4.7800000000000002       0.22017364236327672     
   4.7850000000000001       0.22101776676848034     
   4.7900000000000000       0.22222748108803031     
   4.7950000000000008       0.22312341719844161     
   4.8000000000000007       0.22375857219462797     
   4.8049999999999997       0.22466337904504941     
   4.8100000000000005       0.22437669874288871     
   4.8150000000000004       0.22514377572131652     
   4.8200000000000003       0.22539154837023453     
   4.8250000000000002       0.22449439864056298     
   4.8300000000000001       0.22585336487450403     
   4.8350000000000009       0.22544179185369856     
   4.8400000000000007       0.22372746059643503     
   4.8449999999999998       0.22373118502196587     
   4.8500000000000005       0.22209320202630628     
   4.8550000000000004       0.22233756114034792     
   4.8600000000000003       0.22263627923640844     
   4.8650000000000002       0.22077633089747503     
   4.8700000000000001       0.22132712648507885     
   4.8750000000000000       0.22298562988268475     
   4.8800000000000008       0.22240496360836243     
   4.8849999999999998       0.22043524617400276     
   4.8900000000000006       0.22007446161177194     
   4.8950000000000005       0.22035519343087343     
   4.9000000000000004       0.22084996738922316     
   4.9050000000000002       0.22158544788462234     
   4.9100000000000001       0.22080028024633197     
   4.9150000000000000       0.22061399436290527     
   4.9200000000000008       0.22074129364458078     
   4.9250000000000007       0.22064312937229733     
   4.9300000000000006       0.21961517688132634     
   4.9350000000000005       0.21998702286454808     
   4.9400000000000004       0.22190712601825788     
   4.9450000000000012       0.22209633082796706     
   4.9500000000000002       0.22306149489861865     
   4.9550000000000001       0.22254312820008063     
   4.9600000000000009       0.22196338567596918     
   4.9650000000000007       0.22306339400627584     
   4.9699999999999998       0.22436066206351013     
   4.9750000000000005       0.22463367297819156     
   4.9800000000000004       0.22351305066037339     
   4.9850000000000003       0.22461649488613772     
   4.9900000000000002       0.22463078230871364     
   4.9950000000000001       0.22469121196261230     
   5.0000000000000009       0.22596180232803678     
   5.0050000000000008       0.22568697597769116     
   5.0099999999999998       0.22509049886780277     
   5.0150000000000006       0.22585486925756526     
   5.0200000000000005       0.22591498330318563     
   5.0250000000000004       0.22748219082989624     
   5.0300000000000002       0.22769123040711850     
   5.0350000000000001       0.22836880635731299     
   5.0400000000000009       0.22824132746182735     
   5.0450000000000008       0.22781803461502337     
   5.0499999999999998       0.22669831330336990     
   5.0550000000000006       0.22687985939144673     
   5.0600000000000005       0.22774343619987431     
   5.0650000000000004       0.23000780151843433     
   5.0700000000000003       0.23120057396359592     
   5.0750000000000002       0.23083165638265973     
   5.0800000000000001       0.22961945796009939     
   5.0850000000000009       0.23211470693521169     
   5.0899999999999999       0.23163746764961604     
   5.0950000000000006       0.23314167573367603     
   5.1000000000000005       0.23540838339409786     
   5.1050000000000004       0.23587282554052982     
   5.1100000000000003       0.23553996724120962     
   5.1150000000000002       0.23462301129637270     
   5.1200000000000001       0.23479071835174456     
   5.1250000000000009       0.23485995393082792     
   5.1300000000000008       0.23422809038382994     
   5.1350000000000007       0.23591119204406388     
   5.1400000000000006       0.23625655945199203     
   5.1450000000000005       0.23752079149255406     
   5.1500000000000004       0.23746620058469592     
   5.1550000000000002       0.23797935558688776     
   5.1600000000000001       0.23879741336320273     
   5.1650000000000009       0.23875483674926051     
   5.1700000000000008       0.23989343579485758     
   5.1749999999999998       0.24078924275513225     
   5.1800000000000006       0.23967195307790223     
   5.1850000000000005       0.23882639060075228     
   5.1900000000000004       0.23896580990806365     
   5.1950000000000003       0.23931827431620695     
   5.2000000000000002       0.23994904964595751     
   5.2050000000000010       0.24034194234922718     
   5.2100000000000009       0.23955286711360826     
   5.2149999999999999       0.23882613041872131     
   5.2200000000000006       0.23794215696951679     
   5.2250000000000005       0.24050332277491412     
   5.2300000000000004       0.24010535757379250     
   5.2350000000000003       0.24162881203187253     
   5.2400000000000002       0.24133194786125631     
   5.2450000000000001       0.23973590637696787     
   5.2500000000000009       0.24113814058391375     
   5.2549999999999999       0.24198793865929794     
   5.2600000000000007       0.24290422116504062     
   5.2650000000000006       0.24338036793493312     
   5.2700000000000005       0.24255214312996498     
   5.2750000000000004       0.24267236095449116     
   5.2800000000000002       0.24299778758613375     
   5.2850000000000001       0.24381446842072135     
   5.2900000000000009       0.24394151821725416     
   5.2949999999999999       0.24260393871410485     
   5.3000000000000007       0.24397651062017359     
   5.3050000000000006       0.24407181865577154     
   5.3100000000000005       0.24384410059891770     
   5.3150000000000004       0.24287185419278365     
   5.3200000000000003       0.24365778543906544     
   5.3250000000000002       0.24483424667937270     
   5.3300000000000010       0.24482285725972691     
   5.3350000000000009       0.24502539755221819     
   5.3399999999999999       0.24550622119185078     
   5.3450000000000006       0.24564199106338003     
   5.3500000000000005       0.24620932426510145     
   5.3550000000000004       0.24499014149402035     
   5.3600000000000003       0.24522095862736351     
   5.3650000000000002       0.24457366792375085     
   5.3700000000000010       0.24532979974636376     
   5.3750000000000009       0.24583947699501474     
   5.3799999999999999       0.24459946574761038     
   5.3850000000000007       0.24553878697523257     
   5.3900000000000006       0.24556852180789171     
   5.3950000000000005       0.24619392377113455     
   5.4000000000000004       0.24537068920772090     
   5.4050000000000002       0.24557478736772184     
   5.4100000000000001       0.24505614411530416     
   5.4150000000000009       0.24366437154266798     
   5.4199999999999999       0.24380178728455054     
   5.4250000000000007       0.24186196578021024     
   5.4300000000000006       0.24031849244380848     
   5.4350000000000005       0.23964107176748048     
   5.4400000000000004       0.23870865297475413     
   5.4450000000000003       0.24031586969685922     
   5.4500000000000002       0.24185684504016314     
   5.4550000000000010       0.24309913431009128     
   5.4600000000000000       0.24368931343999858     
   5.4650000000000007       0.24558078615544929     
   5.4700000000000006       0.24461347967283056     
   5.4750000000000005       0.24456295742823009     
   5.4800000000000004       0.24490574194047957     
   5.4850000000000003       0.24501751185890588     
   5.4900000000000002       0.24411960152248258     
   5.4950000000000010       0.24354601087178826     
   5.5000000000000000       0.24360543489762931     
   5.5049999999999999       0.24411665704865676     
   5.5100000000000007       0.24363927838145388     
   5.5150000000000006       0.24379290903055756     
   5.5200000000000005       0.24270626865553679     
   5.5250000000000004       0.24231158880879305     
   5.5300000000000002       0.24273058150401267     
   5.5350000000000010       0.24319367019077098     
   5.5400000000000000       0.24183861940237852     
   5.5449999999999999       0.24229106220415567     
   5.5500000000000007       0.24178548718176357     
   5.5550000000000006       0.24306945931541574     
   5.5600000000000005       0.24348237106612108     
   5.5650000000000004       0.24363408056990393     
   5.5700000000000003       0.24301658987487004     
   5.5750000000000011       0.24280954325799364     
   5.5800000000000010       0.24188044786646626     
   5.5850000000000000       0.24093632723886621     
   5.5900000000000007       0.24192612345785111     
   5.5950000000000006       0.24074326938351301     
   5.6000000000000005       0.24042784728851990     
   5.6050000000000004       0.23983420053154825     
   5.6100000000000003       0.23901141639313750     
   5.6150000000000002       0.23952205831418086     
   5.6200000000000010       0.23994747018577553     
   5.6250000000000000       0.24240490967024797     
   5.6300000000000008       0.24344703284441654     
   5.6350000000000007       0.24358402031532642     
   5.6400000000000006       0.24441320703021802     
   5.6450000000000005       0.24368045764881824     
   5.6500000000000004       0.24414603878462707     
   5.6550000000000002       0.24322463640977623     
   5.6600000000000010       0.24316945432516224     
   5.6650000000000000       0.24301143419397617     
   5.6700000000000008       0.24439873013165198     
   5.6750000000000007       0.24493709395913765     
   5.6800000000000006       0.24485479968730739     
   5.6850000000000005       0.24538215766489235     
   5.6900000000000004       0.24685157585497500     
   5.6950000000000003       0.24759641912875566     
   5.7000000000000011       0.24823306241744408     
   5.7050000000000001       0.24872576649204858     
   5.7100000000000000       0.24910814109130655     
   5.7150000000000007       0.24831549845024348     
   5.7200000000000006       0.24704666507403286     
   5.7250000000000005       0.24725164607303549     
   5.7300000000000004       0.24623649763486147     
   5.7350000000000003       0.24545363972837042     
   5.7400000000000011       0.24489253668584182     
   5.7450000000000001       0.24523969774499668     
   5.7500000000000000       0.24463287394224556     
   5.7550000000000008       0.24478700873208378     
   5.7600000000000007       0.24453494479093982     
   5.7650000000000006       0.24402416368119106     
   5.7700000000000005       0.24582867193723018     
   5.7750000000000004       0.24500005676486200     
   5.7800000000000002       0.24431100094354474     
   5.7850000000000010       0.24510249212246571     
   5.7900000000000000       0.24388458924309347     
   5.7950000000000008       0.24406722392743999     
   5.8000000000000007       0.24435098543747683     
   5.8050000000000006       0.24253979418223570     
   5.8100000000000005       0.24410749071435861     
   5.8150000000000004       0.24391099394546545     
   5.8200000000000003       0.24325858729619376     
   5.8250000000000011       0.24344288268049019     
   5.8300000000000001       0.24182004476963243     
   5.8350000000000009       0.24177380607786950     
   5.8400000000000007       0.24257255754434204     
   5.8450000000000006       0.24374488601997313     
   5.8500000000000005       0.24415431469298102     
   5.8550000000000004       0.24351731153863290     
   5.8600000000000003       0.24321140375026321     
   5.8650000000000011       0.24480039734614262     
   5.8700000000000001       0.24412588617254249     
   5.8750000000000000       0.24448686753465274     
   5.8800000000000008       0.24549830277752202     
   5.8850000000000007       0.24663511702379987     
   5.8900000000000006       0.24598594871481297     
   5.8950000000000005       0.24816893050377262     
   5.9000000000000004       0.24868133307750720     
   5.9050000000000011       0.24933944971581629     
   5.9100000000000001       0.25013940208835589     
   5.9150000000000000       0.25163803912585947     
   5.9200000000000008       0.25284771430155184     
   5.9250000000000007       0.25272150743758720     
   5.9300000000000006       0.25249909535148762     
   5.9350000000000005       0.25294907905909314     
   5.9400000000000004       0.25082368044619913     
   5.9450000000000003       0.25150997109146045     
   5.9500000000000002       0.25174696882158337     
   5.9550000000000001       0.25186366361590734     
   5.9600000000000009       0.25331823041933438     
   5.9650000000000007       0.25214626369120363     
   5.9699999999999998       0.25153139996866564     
   5.9750000000000005       0.25212680180064440     
   5.9800000000000004       0.25224699516321308     
   5.9850000000000003       0.25260004255727309     
   5.9900000000000011       0.25123070907990824     
   5.9950000000000001       0.24987103749279219     
   6.0000000000000009       0.24931570098149813     
   6.0050000000000008       0.24838085350766920     
   6.0100000000000007       0.24709050697030049     
   6.0150000000000006       0.24777666945875060     
   6.0200000000000005       0.24655533343727007     
   6.0250000000000004       0.24768034208059211     
   6.0300000000000011       0.24914690303876785     
   6.0350000000000001       0.24844977189614681     
   6.0400000000000000       0.25012551727194859     
   6.0450000000000008       0.24974482658845679     
   6.0500000000000007       0.24994999377901703     
   6.0550000000000006       0.25115321243066130     
   6.0600000000000005       0.25074935430655348     
   6.0650000000000004       0.24990143098510526     
   6.0700000000000012       0.25173030959440379     
   6.0750000000000002       0.25300567937197521     
   6.0800000000000001       0.25180414576685722     
   6.0850000000000009       0.25101717835089371     
   6.0900000000000007       0.25215308013137622     
   6.0950000000000006       0.25163891452573406     
   6.1000000000000005       0.25127157486650903     
   6.1050000000000004       0.25134406259555397     
   6.1100000000000003       0.25208748030874795     
   6.1150000000000002       0.25182056632077071     
   6.1200000000000001       0.25203259564895897     
   6.1250000000000009       0.25248465515346885     
   6.1300000000000008       0.25359614953325904     
   6.1349999999999998       0.25409100203725021     
   6.1400000000000006       0.25223827004450422     
   6.1450000000000005       0.25351520954953732     
   6.1500000000000004       0.25376940285039745     
   6.1550000000000002       0.25496712268784189     
   6.1600000000000001       0.25277285008532585     
   6.1650000000000009       0.25300416629437084     
   6.1700000000000008       0.25287741620201976     
   6.1749999999999998       0.25386169060907854     
   6.1800000000000006       0.25406647194446574     
   6.1850000000000005       0.25460654878032113     
   6.1900000000000004       0.25437286296254313     
   6.1950000000000012       0.25439283621484438     
   6.2000000000000002       0.25533343130048697     
   6.2050000000000001       0.25602365959420004     
   6.2100000000000009       0.25526859691350995     
   6.2150000000000007       0.25566012998497756     
   6.2200000000000006       0.25627070117248874     
   6.2250000000000005       0.25699653021801194     
   6.2300000000000004       0.25824156196869463     
   6.2350000000000012       0.25773057840530866     
   6.2400000000000002       0.25744907597734290     
   6.2450000000000001       0.25651989579952877     
   6.2500000000000009       0.25735407479591926     
   6.2550000000000008       0.25840061437063333     
   6.2600000000000007       0.25991258086856883     
   6.2650000000000006       0.25937861346646873     
   6.2700000000000005       0.25889036279774130     
   6.2750000000000012       0.25790092558778066     
   6.2800000000000002       0.25880772920022371     
   6.2850000000000001       0.25877588320167910     
   6.2900000000000009       0.25876281258978068     
   6.2950000000000008       0.25739892923725471     
   6.2999999999999998       0.25898877938049286     
   6.3050000000000006       0.26079781769433630     
   6.3100000000000005       0.26159041670097022     
   6.3150000000000004       0.26192809610170203     
   6.3200000000000003       0.26241125514016689     
   6.3250000000000002       0.26228960210765317     
   6.3300000000000010       0.26245833047935113     
   6.3350000000000009       0.26275184170231458     
   6.3399999999999999       0.26172979274492780     
   6.3450000000000006       0.26219014116990541     
   6.3500000000000005       0.26179742067867956     
   6.3550000000000004       0.26192809760388536     
   6.3600000000000003       0.26125516217365086     
   6.3650000000000002       0.25982074955449580     
   6.3700000000000010       0.25936521575667276     
   6.3750000000000009       0.25990419014920735     
   6.3799999999999999       0.26052699085107067     
   6.3850000000000007       0.26083989113796480     
   6.3900000000000006       0.25974453568380107     
   6.3950000000000005       0.26070348959883666     
   6.4000000000000012       0.26090734844538843     
   6.4050000000000002       0.25926397735581691     
   6.4100000000000001       0.25983931752038542     
   6.4150000000000009       0.25846200685841980     
   6.4200000000000008       0.25840350863866662     
   6.4250000000000007       0.25936732527559220     
   6.4300000000000006       0.25727765216266119     
   6.4350000000000005       0.25873316944387492     
   6.4400000000000013       0.25986975274488983     
   6.4450000000000003       0.25924329190123796     
   6.4500000000000002       0.26018064134836938     
   6.4550000000000010       0.26125656227426441     
   6.4600000000000000       0.26216063889035351     
   6.4650000000000007       0.26306576482768063     
   6.4700000000000006       0.26329160630101023     
   6.4750000000000005       0.26278953888461315     
   6.4800000000000004       0.26235319981066352     
   6.4850000000000012       0.26450951716813143     
   6.4900000000000011       0.26381701227151932     
   6.4950000000000001       0.26446944523728239     
   6.5000000000000000       0.26425501234290322     
   6.5049999999999999       0.26425850623625596     
   6.5100000000000007       0.26423085637511884     
   6.5150000000000006       0.26338340401345739     
   6.5200000000000005       0.26354179930210037     
   6.5250000000000012       0.26352966211185591     
   6.5300000000000011       0.26404565910209232     
   6.5350000000000001       0.26336899768177552     
   6.5400000000000000       0.26475438006427487     
   6.5449999999999999       0.26395905864062863     
   6.5500000000000007       0.26455043577934106     
   6.5550000000000006       0.26498310617427517     
   6.5600000000000005       0.26377674726967010     
   6.5650000000000013       0.26474370321745316     
   6.5700000000000012       0.26545659671083871     
   6.5750000000000002       0.26597887922581481     
   6.5800000000000001       0.26654239135167307     
   6.5850000000000000       0.26707349005660069     
   6.5900000000000007       0.26728165334463072     
   6.5950000000000006       0.26632560270247796     
   6.6000000000000005       0.26621658027621287     
   6.6050000000000013       0.26592346310939685     
   6.6100000000000012       0.26388335727745205     
   6.6150000000000011       0.26462450681791277     
   6.6200000000000001       0.26491681383223559     
   6.6250000000000000       0.26631227458581230     
   6.6300000000000008       0.26658578782230052     
   6.6350000000000007       0.26710726073032759     
   6.6400000000000006       0.26789236142449890     
   6.6450000000000005       0.26894922076955036     
   6.6500000000000012       0.26866103063179625     
   6.6550000000000011       0.26764442103863822     
   6.6600000000000001       0.26884118264394130     
   6.6650000000000000       0.26815611795571975     
   6.6699999999999999       0.26829013060971663     
   6.6750000000000007       0.26824773506193972     
   6.6800000000000006       0.26810140551424788     
   6.6850000000000005       0.26734481379341712     
   6.6900000000000013       0.26667883119391889     
   6.6950000000000012       0.26721985416748922     
   6.7000000000000002       0.26742212359442691     
   6.7050000000000001       0.26655168345126717     
   6.7100000000000000       0.26573635529052902     
   6.7150000000000007       0.26530126076808230     
   6.7200000000000006       0.26522350786874005     
   6.7250000000000005       0.26420467694923755     
   6.7300000000000013       0.26409721866852576     
   6.7350000000000012       0.26409606348560838     
   6.7400000000000002       0.26394518101914816     
   6.7450000000000001       0.26382813908557018     
   6.7500000000000000       0.26329941125233175     
   6.7550000000000008       0.26347495788811115     
   6.7600000000000007       0.26440385046167425     
   6.7650000000000006       0.26372790792125644     
   6.7700000000000014       0.26220338139500127     
   6.7750000000000012       0.26203822154125272     
   6.7800000000000002       0.26121808523466528     
   6.7850000000000001       0.26020772128450459     
   6.7900000000000000       0.25993640995136363     
   6.7950000000000008       0.25907388009870547     
   6.8000000000000007       0.25728089868674675     
   6.8050000000000006       0.25796989731704401     
   6.8100000000000014       0.25942354494283065     
   6.8150000000000013       0.25908578848389757     
   6.8200000000000003       0.25941854865781255     
   6.8250000000000002       0.25921980326741761     
   6.8300000000000001       0.25843628962644172     
   6.8350000000000000       0.25890804308564119     
   6.8400000000000007       0.25821012518834646     
   6.8450000000000006       0.25855686588725191     
   6.8500000000000005       0.25761452080611369     
   6.8550000000000013       0.25804898952357236     
   6.8600000000000012       0.25998189479750672     
   6.8650000000000002       0.26211675649150434     
   6.8700000000000001       0.26206378354881232     
   6.8750000000000000       0.26329048217892370     
   6.8800000000000008       0.26242788000307049     
   6.8850000000000007       0.26180652877791072     
   6.8900000000000006       0.26311183576307212     
   6.8950000000000014       0.26306571668815365     
   6.9000000000000012       0.26149684084542479     
   6.9050000000000002       0.26055450273909220     
   6.9100000000000001       0.26154415472151504     
   6.9150000000000000       0.26182435444092150     
   6.9200000000000008       0.26152906247885727     
   6.9250000000000007       0.26135383625541203     
   6.9300000000000006       0.26057171731324769     
   6.9350000000000014       0.26113420860638015     
   6.9400000000000013       0.26137552453677881     
   6.9450000000000003       0.26083033709352260     
   6.9500000000000002       0.25984387434542588     
   6.9550000000000001       0.26013138397180313     
   6.9600000000000009       0.26061704317326362     
   6.9650000000000007       0.26044661592231333     
   6.9700000000000006       0.25989895279844688     
   6.9750000000000014       0.25933399322878292     
   6.9800000000000013       0.25810025340860721     
   6.9850000000000003       0.25638463763771346     
   6.9900000000000002       0.25693715519183419     
