   0.0000000000000000       0.99999999999990574     
   6.4999999999999997E-003  0.99118979623021863     
   1.2999999999999999E-002  0.99912294444877370     
   1.9499999999999997E-002  0.99918480236085749     
   2.5999999999999999E-002  0.99894270092151038     
   3.2500000000000001E-002  0.99842409306812907     
   3.8999999999999993E-002  0.99804680822554148     
   4.5499999999999999E-002  0.99751769689781611     
   5.1999999999999998E-002  0.99730238788069647     
   5.8500000000000003E-002  0.99708208441598334     
   6.5000000000000002E-002  0.99660251698285529     
   7.1499999999999994E-002  0.99603327474999070     
   7.7999999999999986E-002  0.99577675580311675     
   8.4500000000000006E-002  0.99494531225228011     
   9.0999999999999998E-002  0.99425329113526140     
   9.7500000000000003E-002  0.99367596256128021     
  0.10400000000000000       0.99246829089659860     
  0.11050000000000000       0.99172064835797957     
  0.11700000000000001       0.99071942089476717     
  0.12350000000000000       0.99019289341983863     
  0.13000000000000000       0.98878655262310000     
  0.13650000000000001       0.98801428156662374     
  0.14299999999999999       0.98771293832527640     
  0.14949999999999999       0.98766906505332974     
  0.15599999999999997       0.98709996277425194     
  0.16250000000000001       0.98662667350078659     
  0.16900000000000001       0.98555342105472621     
  0.17549999999999999       0.98471993984675710     
  0.18200000000000000       0.98482831121146164     
  0.18850000000000000       0.98372395333893237     
  0.19500000000000001       0.98310889471523877     
  0.20150000000000001       0.98217406790017447     
  0.20799999999999999       0.98124166682585923     
  0.21450000000000000       0.97987496774410054     
  0.22100000000000000       0.97878248429227122     
  0.22750000000000001       0.97787917114937917     
  0.23400000000000001       0.97719605744210980     
  0.24049999999999999       0.97646614435177714     
  0.24700000000000000       0.97586192075895350     
  0.25350000000000000       0.97474536113302679     
  0.26000000000000001       0.97292104185576189     
  0.26650000000000001       0.97192209668453367     
  0.27300000000000002       0.97031987763677230     
  0.27949999999999997       0.96927045379009202     
  0.28599999999999998       0.96683469785906417     
  0.29249999999999998       0.96427522019961665     
  0.29899999999999999       0.96277774331697563     
  0.30549999999999999       0.96129712668269074     
  0.31199999999999994       0.95927115083051273     
  0.31850000000000001       0.95759878017559052     
  0.32500000000000001       0.95582272720524153     
  0.33150000000000002       0.95331911951459036     
  0.33800000000000002       0.95108298521731915     
  0.34450000000000003       0.95035371556439074     
  0.35099999999999998       0.95073671035639207     
  0.35749999999999998       0.94904128489147466     
  0.36399999999999999       0.94869750469558556     
  0.37050000000000000       0.94684186799654180     
  0.37700000000000000       0.94492510894415782     
  0.38350000000000001       0.94435211516404916     
  0.39000000000000001       0.94336806392901928     
  0.39650000000000002       0.94054017760367481     
  0.40300000000000002       0.93937317307493917     
  0.40950000000000003       0.93899387183593819     
  0.41599999999999998       0.93764711236354636     
  0.42249999999999999       0.93693697021932942     
  0.42899999999999999       0.93522825225143869     
  0.43550000000000000       0.93243724090120894     
  0.44200000000000000       0.93228845034216512     
  0.44849999999999995       0.92908723474259913     
  0.45500000000000002       0.92774757695680188     
  0.46150000000000002       0.92518142358879385     
  0.46800000000000003       0.92247558007628350     
  0.47450000000000003       0.92002109940098764     
  0.48099999999999998       0.91696372675407067     
  0.48749999999999999       0.91614514851700246     
  0.49399999999999999       0.91300517005459292     
  0.50049999999999994       0.91245475436307266     
  0.50700000000000001       0.91020838348311306     
  0.51349999999999996       0.90825804313944736     
  0.52000000000000002       0.90481310910706803     
  0.52650000000000008       0.90418499356772741     
  0.53300000000000003       0.90273875488689936     
  0.53949999999999998       0.90227833717689210     
  0.54600000000000004       0.90026126598653666     
  0.55249999999999999       0.89923745720064419     
  0.55899999999999994       0.89822472131289266     
  0.56550000000000000       0.89539863464859337     
  0.57199999999999995       0.89133511738364457     
  0.57850000000000001       0.89152398503142316     
  0.58499999999999996       0.89002783016015530     
  0.59149999999999991       0.88899020194439293     
  0.59799999999999998       0.88714170124094816     
  0.60449999999999993       0.88747510714809041     
  0.61099999999999999       0.88400881469650905     
  0.61749999999999994       0.88026545578262183     
  0.62399999999999989       0.87854684255085669     
  0.63050000000000006       0.87584636177008390     
  0.63700000000000001       0.86996993285955304     
  0.64350000000000007       0.86510859655175865     
  0.65000000000000002       0.86577442268076477     
  0.65650000000000008       0.86347488141072815     
  0.66300000000000003       0.85964391752398317     
  0.66949999999999998       0.85754421617866372     
  0.67600000000000005       0.85208196421390359     
  0.68250000000000000       0.85066658728124445     
  0.68900000000000006       0.84827442260523278     
  0.69550000000000001       0.84665266167631059     
  0.70199999999999996       0.84612318685843591     
  0.70850000000000002       0.84366345959581668     
  0.71499999999999997       0.84127665114646011     
  0.72150000000000003       0.83748765154064264     
  0.72799999999999998       0.83538022009590951     
  0.73449999999999993       0.83235414572335098     
  0.74099999999999999       0.83072218588825431     
  0.74749999999999994       0.82519305011054445     
  0.75400000000000000       0.82477101623046400     
  0.76049999999999995       0.82060510080249260     
  0.76700000000000002       0.82184976072164728     
  0.77350000000000008       0.81857560005728025     
  0.78000000000000003       0.81571519482565369     
  0.78650000000000009       0.81475267656391770     
  0.79300000000000004       0.81037506895484623     
  0.79949999999999999       0.80873438527603358     
  0.80600000000000005       0.80412353390574609     
  0.81250000000000000       0.80058420876853831     
  0.81900000000000006       0.79783646417457421     
  0.82550000000000001       0.79582804368142113     
  0.83199999999999996       0.79681583399712486     
  0.83850000000000002       0.79340379335632216     
  0.84499999999999997       0.79124646327291459     
  0.85150000000000003       0.78679988320872296     
  0.85799999999999998       0.78523343966450021     
  0.86449999999999994       0.78449151857255750     
  0.87100000000000000       0.78784611073116162     
  0.87749999999999995       0.78613689340172199     
  0.88400000000000001       0.78268791688233208     
  0.89049999999999996       0.78262635053188367     
  0.89699999999999991       0.78000779936081366     
  0.90350000000000008       0.77880412810149435     
  0.91000000000000003       0.77708292481522234     
  0.91650000000000009       0.77474673629240709     
  0.92300000000000004       0.77173549445572287     
  0.92949999999999999       0.77037115907878284     
  0.93600000000000005       0.76730389048358127     
  0.94250000000000000       0.76290969283945376     
  0.94900000000000007       0.76143992837518670     
  0.95550000000000002       0.75926615541491105     
  0.96199999999999997       0.75739931836038676     
  0.96850000000000003       0.75629728176298572     
  0.97499999999999998       0.75561248570359429     
  0.98150000000000004       0.75289752362444629     
  0.98799999999999999       0.75178461089778581     
  0.99449999999999994       0.74895832886143787     
   1.0009999999999999       0.74662990527627193     
   1.0075000000000001       0.74467161357362366     
   1.0140000000000000       0.74218588436591670     
   1.0205000000000000       0.74224497394467370     
   1.0269999999999999       0.74106553863818214     
   1.0334999999999999       0.73900731323367497     
   1.0400000000000000       0.73985348935789996     
   1.0465000000000000       0.73887115435228967     
   1.0530000000000002       0.73518164081272752     
   1.0595000000000001       0.73464077325298449     
   1.0660000000000001       0.73516502163393083     
   1.0725000000000000       0.73468831292740566     
   1.0790000000000000       0.73452229354094534     
   1.0855000000000001       0.73484463681515844     
   1.0920000000000001       0.73398325143199306     
   1.0985000000000000       0.73514172237302011     
   1.1050000000000000       0.73166210523943487     
   1.1114999999999999       0.73062426902851296     
   1.1179999999999999       0.72860281185404507     
   1.1245000000000001       0.72917896098920232     
   1.1310000000000000       0.72944097947300435     
   1.1375000000000000       0.73035579590331778     
   1.1439999999999999       0.73163274550656887     
   1.1504999999999999       0.73016359072140624     
   1.1570000000000000       0.72880164463224228     
   1.1635000000000000       0.72713956827335124     
   1.1699999999999999       0.72476503481998045     
   1.1764999999999999       0.72325771833558417     
   1.1829999999999998       0.72068936037021425     
   1.1895000000000000       0.72092788788329676     
   1.1960000000000000       0.72031031644721377     
   1.2024999999999999       0.71984166490623847     
   1.2089999999999999       0.71694204543581319     
   1.2154999999999998       0.71494200061852375     
   1.2220000000000000       0.71526721285376016     
   1.2284999999999999       0.71491727198806621     
   1.2349999999999999       0.71547095150930540     
   1.2414999999999998       0.71558652592177008     
   1.2479999999999998       0.71255246664705751     
   1.2545000000000002       0.70859694660874728     
   1.2610000000000001       0.70857428705632808     
   1.2675000000000001       0.70644955208532256     
   1.2740000000000000       0.70628372562579578     
   1.2805000000000002       0.70400434056545613     
   1.2870000000000001       0.70372728244413163     
   1.2935000000000001       0.70189504676378034     
   1.3000000000000000       0.70148307374186714     
   1.3065000000000000       0.70085119952967501     
   1.3130000000000002       0.70107596682262141     
   1.3195000000000001       0.69882527520942095     
   1.3260000000000001       0.69889707667086409     
   1.3325000000000000       0.69728540196027466     
   1.3390000000000000       0.69713880100761705     
   1.3455000000000001       0.69642094821532829     
   1.3520000000000001       0.69524132589252541     
   1.3585000000000000       0.69501679993406029     
   1.3650000000000000       0.69380855494794214     
   1.3714999999999999       0.69150327493148667     
   1.3780000000000001       0.69118318050660410     
   1.3845000000000001       0.68897888679879882     
   1.3910000000000000       0.68902394210416773     
   1.3975000000000000       0.68908176688110578     
   1.4039999999999999       0.68825190579883211     
   1.4105000000000001       0.68752445849014965     
   1.4170000000000000       0.68684630299649463     
   1.4235000000000000       0.68667336273804891     
   1.4299999999999999       0.68534803204941841     
   1.4364999999999999       0.68477301638127308     
   1.4430000000000001       0.68598719680436104     
   1.4495000000000000       0.68540799947950837     
   1.4560000000000000       0.68507392295329161     
   1.4624999999999999       0.68418318170394443     
   1.4689999999999999       0.68329842742016633     
   1.4755000000000000       0.68207876002587031     
   1.4820000000000000       0.68326853999270043     
   1.4884999999999999       0.68226869336975582     
   1.4949999999999999       0.68285974987799569     
   1.5014999999999998       0.68211730880626753     
   1.5080000000000000       0.68094808832762810     
   1.5145000000000000       0.68079717088382397     
   1.5209999999999999       0.68005609156637159     
   1.5275000000000001       0.67989189365566993     
   1.5340000000000000       0.67944698217747468     
   1.5405000000000002       0.67967125370365500     
   1.5470000000000002       0.67707045338586136     
   1.5535000000000001       0.67716372439397376     
   1.5600000000000001       0.67619299183227022     
   1.5665000000000000       0.67763901136802307     
   1.5730000000000002       0.67504428024979646     
   1.5795000000000001       0.67369246716250497     
   1.5860000000000001       0.67353086025836317     
   1.5925000000000000       0.67316915298944180     
   1.5990000000000000       0.67276178758470728     
   1.6055000000000001       0.67233218483361068     
   1.6120000000000001       0.67132946205492050     
   1.6185000000000000       0.67175601155152320     
   1.6250000000000000       0.67122960171321533     
   1.6315000000000000       0.67190236740434239     
   1.6380000000000001       0.67037743646120784     
   1.6445000000000001       0.67000666490370109     
   1.6510000000000000       0.66941663466406565     
   1.6575000000000000       0.66844705352723988     
   1.6639999999999999       0.66783266499484017     
   1.6705000000000001       0.66626697650109823     
   1.6770000000000000       0.66536158052998473     
   1.6835000000000000       0.66443920866192085     
   1.6899999999999999       0.66371636694229319     
   1.6964999999999999       0.66321691767297830     
   1.7030000000000001       0.66207216681477643     
   1.7095000000000000       0.66162671491787906     
   1.7160000000000000       0.66066862496374856     
   1.7224999999999999       0.65931257142825528     
   1.7289999999999999       0.65855750397206980     
   1.7355000000000000       0.65886605113417884     
   1.7420000000000000       0.65835204593321506     
   1.7484999999999999       0.65712034195297531     
   1.7549999999999999       0.65616089431557822     
   1.7614999999999998       0.65730009290705016     
   1.7680000000000000       0.65738219582472357     
   1.7745000000000000       0.65645578751386413     
   1.7809999999999999       0.65441182439583190     
   1.7874999999999999       0.65377230200510184     
   1.7939999999999998       0.65236116819806045     
   1.8005000000000000       0.65180484851925113     
   1.8070000000000002       0.65113071507584974     
   1.8135000000000001       0.64849063211479341     
   1.8200000000000001       0.64827175277961113     
   1.8265000000000000       0.64803900010828452     
   1.8330000000000002       0.64692746328232220     
   1.8395000000000001       0.64722814107341542     
   1.8460000000000001       0.64757190425263655     
   1.8525000000000000       0.64620249840140120     
   1.8590000000000000       0.64366605065787486     
   1.8655000000000002       0.64258682226241071     
   1.8720000000000001       0.64329841659163334     
   1.8785000000000001       0.64294314192283342     
   1.8850000000000000       0.64273252068968956     
   1.8915000000000000       0.64204106825684137     
   1.8980000000000001       0.64080957415473094     
   1.9045000000000001       0.64117000985398021     
   1.9110000000000000       0.64235435874436020     
   1.9175000000000000       0.64030332403852974     
   1.9239999999999999       0.63949517566561276     
   1.9305000000000001       0.63777323703238287     
   1.9370000000000001       0.63664604770308086     
   1.9435000000000000       0.63630919554276977     
   1.9500000000000000       0.63681536395963456     
   1.9564999999999999       0.63668524266416104     
   1.9630000000000001       0.63748686005490118     
   1.9695000000000000       0.63699556457563145     
   1.9760000000000000       0.63620343654652745     
   1.9824999999999999       0.63503041793860959     
   1.9889999999999999       0.63383619112450396     
   1.9955000000000001       0.63378236851480663     
   2.0019999999999998       0.63404313561714254     
   2.0084999999999997       0.63252587587701992     
   2.0150000000000001       0.63178210960911907     
   2.0215000000000001       0.63176509893080934     
   2.0280000000000000       0.63140216008862926     
   2.0345000000000000       0.62963306346513792     
   2.0409999999999999       0.62859497911680284     
   2.0474999999999999       0.62815369401998733     
   2.0539999999999998       0.62691087683909896     
   2.0604999999999998       0.62568171510888970     
   2.0669999999999997       0.62609125673649091     
   2.0734999999999997       0.62670584891785175     
   2.0800000000000001       0.62658066069115870     
   2.0865000000000000       0.62564589425207895     
   2.0930000000000000       0.62540183372759639     
   2.0994999999999999       0.62369857500373316     
   2.1060000000000003       0.62442529206878750     
   2.1124999999999998       0.62427110786836004     
   2.1190000000000002       0.62364425259659384     
   2.1254999999999997       0.62361984788215941     
   2.1320000000000001       0.62444764466726632     
   2.1384999999999996       0.62309724216844498     
   2.1450000000000000       0.62297525564069567     
   2.1515000000000000       0.62235806618432843     
   2.1579999999999999       0.62071816961029114     
   2.1644999999999999       0.62085792910553972     
   2.1710000000000003       0.61969951382933364     
   2.1774999999999998       0.61909442659759217     
   2.1840000000000002       0.61791235120487120     
   2.1904999999999997       0.61682760400476311     
   2.1970000000000001       0.61484313041136640     
   2.2034999999999996       0.61430233170028603     
   2.2100000000000000       0.61141165223878258     
   2.2164999999999999       0.61018361115627906     
   2.2229999999999999       0.60948161558483094     
   2.2295000000000003       0.60906963889701793     
   2.2359999999999998       0.60743202310725819     
   2.2425000000000002       0.60572593875419567     
   2.2490000000000001       0.60473703519598898     
   2.2555000000000001       0.60374076482262162     
   2.2620000000000000       0.60360085123504270     
   2.2685000000000004       0.60376419863391240     
   2.2749999999999999       0.60451870284976372     
   2.2815000000000003       0.60443476142493391     
   2.2879999999999998       0.60520658159542873     
   2.2945000000000002       0.60509925701556400     
   2.3009999999999997       0.60400122867578576     
   2.3075000000000001       0.60360914730878723     
   2.3140000000000001       0.60229374177368544     
   2.3205000000000000       0.60208946584850676     
   2.3270000000000000       0.60303825200762518     
   2.3335000000000004       0.60346778927686973     
   2.3399999999999999       0.60205458766988018     
   2.3465000000000003       0.60070311623088524     
   2.3529999999999998       0.60039494900344903     
   2.3595000000000002       0.60007005529055224     
   2.3659999999999997       0.59992510347082262     
   2.3725000000000001       0.59859997723265868     
   2.3790000000000000       0.59803158596317696     
   2.3855000000000000       0.59545340581510875     
   2.3919999999999999       0.59533212257080270     
   2.3985000000000003       0.59351105881819510     
   2.4049999999999998       0.59308718170150798     
   2.4115000000000002       0.59253657362568546     
   2.4179999999999997       0.59212201787341623     
   2.4245000000000001       0.59089153157057472     
   2.4309999999999996       0.59088848529872928     
   2.4375000000000000       0.58969802578301667     
   2.4440000000000000       0.58976281067575276     
   2.4504999999999999       0.59013592281641802     
   2.4569999999999999       0.58989388815370758     
   2.4635000000000002       0.58949886484496650     
   2.4699999999999998       0.58834921710249710     
   2.4765000000000001       0.58843290698910189     
   2.4829999999999997       0.58661172252437555     
   2.4895000000000000       0.58596064661974079     
   2.4959999999999996       0.58553177018923686     
   2.5024999999999999       0.58513571674718623     
   2.5090000000000003       0.58508571218307448     
   2.5154999999999998       0.58392473481656759     
   2.5220000000000002       0.58327928514011684     
   2.5285000000000002       0.58314717287444684     
   2.5350000000000001       0.58234047902358110     
   2.5415000000000001       0.58179462429022377     
   2.5480000000000000       0.58161238448268338     
   2.5545000000000000       0.58190756747087979     
   2.5610000000000004       0.58073803469689500     
   2.5674999999999999       0.57990374573355996     
   2.5740000000000003       0.58047079728906859     
   2.5804999999999998       0.57972678865361882     
   2.5870000000000002       0.58051366242182645     
   2.5935000000000001       0.57963038150102797     
   2.6000000000000001       0.57976955061133284     
   2.6065000000000000       0.57938513945360259     
   2.6130000000000000       0.57846741587169714     
   2.6194999999999999       0.57716141196326420     
   2.6260000000000003       0.57654584614630944     
   2.6324999999999998       0.57492401192384657     
   2.6390000000000002       0.57443260509736382     
   2.6454999999999997       0.57350699898965540     
   2.6520000000000001       0.57325876984530466     
   2.6585000000000001       0.57298167111366916     
   2.6650000000000000       0.57256004114244430     
   2.6715000000000000       0.57188395828046656     
   2.6779999999999999       0.57112209726211249     
   2.6844999999999999       0.57067719879487044     
   2.6910000000000003       0.57030343534227013     
   2.6974999999999998       0.56985372511080712     
   2.7040000000000002       0.56932903926652612     
   2.7104999999999997       0.56872579351714880     
   2.7170000000000001       0.56688317762247953     
   2.7234999999999996       0.56779145489172023     
   2.7300000000000000       0.56698959226862700     
   2.7364999999999999       0.56577882292128601     
   2.7429999999999999       0.56623466137460765     
   2.7494999999999998       0.56696453235090716     
   2.7560000000000002       0.56656537238094973     
   2.7624999999999997       0.56582520102016642     
   2.7690000000000001       0.56567394035217589     
   2.7755000000000001       0.56477306206732081     
   2.7820000000000000       0.56442063538125953     
   2.7885000000000004       0.56499724234921689     
   2.7949999999999999       0.56412308471398676     
   2.8015000000000003       0.56462430771120298     
   2.8079999999999998       0.56471520503522532     
   2.8145000000000002       0.56460405261898661     
   2.8210000000000002       0.56486471739381316     
   2.8275000000000001       0.56457500559652751     
   2.8340000000000001       0.56346328646736377     
   2.8405000000000000       0.56188035820383986     
   2.8470000000000000       0.56150303560593551     
   2.8535000000000004       0.56076320386482625     
   2.8599999999999999       0.56002400241886030     
   2.8665000000000003       0.55941671069963428     
   2.8729999999999998       0.55810996017500014     
   2.8795000000000002       0.55883674019581220     
   2.8860000000000001       0.55893648356860448     
   2.8925000000000001       0.55893452976762859     
   2.8990000000000000       0.56002402485660241     
   2.9055000000000000       0.55949089299454635     
   2.9119999999999999       0.55944618347706876     
   2.9185000000000003       0.55876125535469146     
   2.9249999999999998       0.55775449505090435     
   2.9315000000000002       0.55744297023724920     
   2.9379999999999997       0.55749944548977493     
   2.9445000000000001       0.55674255870436706     
   2.9510000000000001       0.55638858286098347     
   2.9575000000000000       0.55643952267436969     
   2.9640000000000000       0.55576145485261286     
   2.9704999999999999       0.55554906593001419     
   2.9769999999999999       0.55603435029640491     
   2.9835000000000003       0.55480760165595744     
   2.9899999999999998       0.55360965192555400     
   2.9965000000000002       0.55258016912608277     
   3.0029999999999997       0.55089647077078496     
   3.0095000000000001       0.54929308189664783     
   3.0160000000000000       0.54819183852223063     
   3.0225000000000000       0.54719764957139239     
   3.0289999999999999       0.54764725975215733     
   3.0354999999999999       0.54790644923075604     
   3.0419999999999998       0.54789588868594163     
   3.0485000000000002       0.54770171593400097     
   3.0550000000000002       0.54802908889954427     
   3.0615000000000001       0.54819134652412971     
   3.0680000000000001       0.54735560535592609     
   3.0745000000000000       0.54751875878298295     
   3.0810000000000004       0.54679777854604272     
   3.0874999999999999       0.54679486523204235     
   3.0940000000000003       0.54717686757848027     
   3.1004999999999998       0.54659622180393153     
   3.1070000000000002       0.54547474837731980     
   3.1135000000000002       0.54547971529334061     
   3.1200000000000001       0.54447781957588415     
   3.1265000000000001       0.54419969940126356     
   3.1330000000000000       0.54321151959917591     
   3.1395000000000000       0.54245110538027697     
   3.1460000000000004       0.54216221427235556     
   3.1524999999999999       0.54301588715776783     
   3.1590000000000003       0.54293337958869570     
   3.1654999999999998       0.54204713311328989     
   3.1720000000000002       0.54242046005336186     
   3.1785000000000001       0.54228317053628994     
   3.1850000000000001       0.54078113964288199     
   3.1915000000000000       0.53990559561933682     
   3.1980000000000000       0.53957556479403523     
   3.2044999999999999       0.53912289198691088     
   3.2110000000000003       0.53937110474729533     
   3.2174999999999998       0.54016084450503810     
   3.2240000000000002       0.53994187592620779     
   3.2304999999999997       0.54028175830777636     
   3.2370000000000001       0.54065716571116318     
   3.2435000000000000       0.53838386788380177     
   3.2500000000000000       0.53799863123988545     
   3.2565000000000000       0.53797327975928189     
   3.2629999999999999       0.53823574689237041     
   3.2694999999999999       0.53841154538197455     
   3.2760000000000002       0.53755983442551014     
   3.2824999999999998       0.53750046994002598     
   3.2890000000000001       0.53796876627048906     
   3.2954999999999997       0.53872215551785307     
   3.3020000000000000       0.53849048073470984     
   3.3085000000000000       0.53786744888063109     
   3.3149999999999999       0.53685294681555629     
   3.3214999999999999       0.53735878576614970     
   3.3279999999999998       0.53766305491930277     
   3.3345000000000002       0.53744042066743414     
   3.3410000000000002       0.53641431265562656     
   3.3475000000000001       0.53596723343513553     
   3.3540000000000001       0.53534103524003462     
   3.3605000000000000       0.53528546333018590     
   3.3670000000000000       0.53519537135409290     
   3.3735000000000004       0.53427563340342665     
   3.3799999999999999       0.53402755542362812     
   3.3865000000000003       0.53392331113733849     
   3.3929999999999998       0.53448943382719161     
   3.3995000000000002       0.53475542594661785     
   3.4060000000000001       0.53426198283132165     
   3.4125000000000001       0.53468028440038984     
   3.4190000000000000       0.53335277532933978     
   3.4255000000000000       0.53359573350984357     
   3.4319999999999999       0.53294737013212523     
   3.4385000000000003       0.53200372316459721     
   3.4449999999999998       0.53059701207472965     
   3.4515000000000002       0.53040982012465965     
   3.4579999999999997       0.53081298593606596     
   3.4645000000000001       0.53081748107940940     
   3.4710000000000001       0.53020418913923251     
   3.4775000000000000       0.52856300035989567     
   3.4840000000000000       0.52906193990031669     
   3.4904999999999999       0.52858275492812579     
   3.4969999999999999       0.52866783422717067     
   3.5035000000000003       0.52764570872128169     
   3.5099999999999998       0.52773774445424582     
   3.5165000000000002       0.52620132650848250     
   3.5229999999999997       0.52668297535602826     
   3.5295000000000001       0.52574390690897399     
   3.5360000000000000       0.52435015558061726     
   3.5425000000000000       0.52479521687222397     
   3.5489999999999999       0.52526067677875909     
   3.5554999999999999       0.52488760979533877     
   3.5619999999999998       0.52443295871882445     
   3.5685000000000002       0.52383302927447484     
   3.5749999999999997       0.52265544241482276     
   3.5815000000000001       0.52281538031002983     
   3.5879999999999996       0.52308163024138588     
   3.5945000000000000       0.52238838331354986     
   3.6010000000000000       0.52353805789217267     
   3.6074999999999999       0.52291072370093128     
   3.6140000000000003       0.52286867836116391     
   3.6204999999999998       0.52328009397589315     
   3.6270000000000002       0.52324264462416092     
   3.6335000000000002       0.52415041571682697     
   3.6400000000000001       0.52436734723259981     
   3.6465000000000001       0.52494846548939722     
   3.6530000000000000       0.52447505875364298     
   3.6595000000000000       0.52426209868759288     
   3.6660000000000004       0.52449164405965887     
   3.6724999999999999       0.52423353703516595     
   3.6790000000000003       0.52389496973729921     
   3.6854999999999998       0.52410752159571106     
   3.6920000000000002       0.52370950862701915     
   3.6985000000000001       0.52381319558881534     
   3.7050000000000001       0.52347289778569317     
   3.7115000000000000       0.52356372848435728     
   3.7180000000000000       0.52315526631567499     
   3.7244999999999999       0.52127392795429350     
   3.7310000000000003       0.52098006247485062     
   3.7374999999999998       0.52022568202642017     
   3.7440000000000002       0.51943032305379067     
   3.7504999999999997       0.51982894662614165     
   3.7570000000000001       0.52015630568274296     
   3.7635000000000001       0.52072540943028156     
   3.7700000000000000       0.52111404232994063     
   3.7765000000000000       0.52134420828058337     
   3.7829999999999999       0.52179317835216554     
   3.7894999999999999       0.52194335530589386     
   3.7960000000000003       0.52157323729194072     
   3.8024999999999998       0.52215045072010402     
   3.8090000000000002       0.52209569726618810     
   3.8154999999999997       0.52180014504919747     
   3.8220000000000001       0.52199187047748330     
   3.8285000000000000       0.52193411216239105     
   3.8350000000000000       0.52152634897608929     
   3.8414999999999999       0.52036416686627529     
   3.8479999999999999       0.52001182472889784     
   3.8544999999999998       0.52094349553921726     
   3.8610000000000002       0.52147293745313017     
   3.8674999999999997       0.52147651607301670     
   3.8740000000000001       0.52182299523780462     
   3.8804999999999996       0.52155515107161898     
   3.8870000000000000       0.52203248738666286     
   3.8935000000000004       0.52137860339970565     
   3.8999999999999999       0.52118292056947135     
   3.9065000000000003       0.52144910091031305     
   3.9129999999999998       0.52041069962270103     
   3.9195000000000002       0.51950195839252622     
   3.9260000000000002       0.51925159016816935     
   3.9325000000000001       0.51946906982781638     
   3.9390000000000001       0.51894579949156749     
   3.9455000000000000       0.51960706430306747     
   3.9520000000000000       0.51917203163421921     
   3.9585000000000004       0.51932106419289348     
   3.9649999999999999       0.52049066720250392     
   3.9715000000000003       0.52071018965491866     
   3.9779999999999998       0.52035210502648732     
   3.9845000000000002       0.52029035357799980     
   3.9910000000000001       0.52039368214580350     
   3.9975000000000001       0.52004696777778869     
   4.0039999999999996       0.51978699694992869     
   4.0105000000000004       0.51988256511140740     
   4.0169999999999995       0.52068627500437792     
   4.0235000000000003       0.52166841819249921     
   4.0300000000000002       0.52080177190505428     
   4.0365000000000002       0.52096254066527115     
   4.0430000000000001       0.52097893088668712     
   4.0495000000000001       0.52187716200048018     
   4.0560000000000000       0.52087559479731649     
   4.0625000000000000       0.52029535844841190     
   4.0690000000000000       0.52067778296481559     
   4.0754999999999999       0.52082483243822131     
   4.0819999999999999       0.52081820007044699     
   4.0884999999999998       0.52030121583471700     
   4.0949999999999998       0.52098943935044661     
   4.1014999999999997       0.52031664723597693     
   4.1079999999999997       0.52060016385059427     
   4.1144999999999996       0.51950332998876803     
   4.1209999999999996       0.51958345559565444     
   4.1275000000000004       0.51951987406955324     
   4.1339999999999995       0.51909080585767697     
   4.1405000000000003       0.51846780445142726     
   4.1469999999999994       0.51863911815608810     
   4.1535000000000002       0.51929821511302909     
   4.1600000000000001       0.52010866620494545     
   4.1665000000000001       0.51999742084845879     
   4.1730000000000000       0.52042199932846167     
   4.1795000000000000       0.52010457835696100     
   4.1859999999999999       0.51992940998059023     
   4.1924999999999999       0.52106221177234346     
   4.1989999999999998       0.52093797328187597     
   4.2054999999999998       0.52147919562098122     
   4.2120000000000006       0.52151131836008158     
   4.2185000000000006       0.52104976880937248     
   4.2249999999999996       0.52099063902677589     
   4.2314999999999996       0.52068847041289779     
   4.2380000000000004       0.52038509623882989     
   4.2445000000000004       0.52096824262689911     
   4.2509999999999994       0.52115419522763518     
   4.2575000000000003       0.52085830437896463     
   4.2640000000000002       0.52031505567573499     
   4.2705000000000002       0.52023432372852996     
   4.2769999999999992       0.52082854126274403     
   4.2835000000000001       0.52133380372449167     
   4.2900000000000000       0.52230795064398083     
   4.2965000000000000       0.52238194008400085     
   4.3029999999999999       0.52125922190519558     
   4.3094999999999999       0.52142279377418443     
   4.3159999999999998       0.52088434964482089     
   4.3225000000000007       0.52088617019578665     
   4.3289999999999997       0.52171281055714325     
   4.3354999999999997       0.52224330216928905     
   4.3420000000000005       0.52257236736657797     
   4.3485000000000005       0.52170508773551305     
   4.3549999999999995       0.52183213527994188     
   4.3614999999999995       0.52135635038022354     
   4.3680000000000003       0.52127404084923112     
   4.3745000000000003       0.52021794272111566     
   4.3809999999999993       0.52000068799220445     
   4.3875000000000002       0.52005432131651896     
   4.3940000000000001       0.52065879411349170     
   4.4005000000000001       0.52048135561028297     
   4.4069999999999991       0.52140260668315852     
   4.4135000000000000       0.52215101905592232     
   4.4199999999999999       0.52258505634274732     
   4.4264999999999999       0.52310305265233858     
   4.4329999999999998       0.52277275693368386     
   4.4394999999999998       0.52322491821995132     
   4.4459999999999997       0.52431896951114876     
   4.4525000000000006       0.52406119620165437     
   4.4590000000000005       0.52430855998961967     
   4.4654999999999996       0.52441877390917402     
   4.4719999999999995       0.52385446088362320     
   4.4785000000000004       0.52389431352159122     
   4.4850000000000003       0.52393004730730541     
   4.4914999999999994       0.52382114036702387     
   4.4980000000000002       0.52358871518128380     
   4.5045000000000002       0.52356678073060159     
   4.5110000000000001       0.52329747104972146     
   4.5175000000000001       0.52347857279043608     
   4.5240000000000000       0.52368417955728885     
   4.5305000000000000       0.52462467514296618     
   4.5370000000000008       0.52480499525412760     
   4.5434999999999999       0.52497192467852427     
   4.5499999999999998       0.52513811534581090     
   4.5564999999999998       0.52484570335324676     
   4.5630000000000006       0.52528575380604370     
   4.5694999999999997       0.52502501764722642     
   4.5759999999999996       0.52557660163815645     
   4.5825000000000005       0.52499627124371862     
   4.5890000000000004       0.52440368426046591     
   4.5954999999999995       0.52342715067618417     
   4.6019999999999994       0.52355903317195607     
   4.6085000000000003       0.52299526087122516     
   4.6150000000000002       0.52326902552342824     
   4.6214999999999993       0.52362192601546975     
   4.6280000000000001       0.52367968721800717     
   4.6345000000000001       0.52447780957011503     
   4.6410000000000000       0.52496533063420592     
   4.6475000000000000       0.52578792018349751     
   4.6539999999999999       0.52633511160856117     
   4.6604999999999999       0.52635135606747563     
   4.6670000000000007       0.52690580167623025     
   4.6734999999999998       0.52659951466550370     
   4.6799999999999997       0.52618818307148341     
   4.6864999999999997       0.52646468764559784     
   4.6930000000000005       0.52608289006587416     
   4.6994999999999996       0.52701971777657397     
   4.7059999999999995       0.52758281666768803     
   4.7125000000000004       0.52752107002086590     
   4.7190000000000003       0.52838673228817856     
   4.7255000000000003       0.52797462197248024     
   4.7319999999999993       0.52769575134587487     
   4.7385000000000002       0.52825605460132463     
   4.7450000000000001       0.52799074564948734     
   4.7515000000000001       0.52761575670436378     
   4.7580000000000000       0.52643364980175755     
   4.7645000000000000       0.52596458345696917     
   4.7709999999999999       0.52580121386035017     
   4.7775000000000007       0.52610029654909540     
   4.7839999999999998       0.52549439455969948     
   4.7904999999999998       0.52532603041151771     
   4.7970000000000006       0.52557765047618343     
   4.8035000000000005       0.52543298771842384     
   4.8099999999999996       0.52537539366390396     
   4.8164999999999996       0.52615935063472585     
   4.8230000000000004       0.52591815073380344     
   4.8295000000000003       0.52666057684604484     
   4.8359999999999994       0.52681048991600454     
   4.8425000000000002       0.52708279861162699     
   4.8490000000000002       0.52717256247752253     
   4.8555000000000001       0.52620206089415456     
   4.8619999999999992       0.52650582311068606     
   4.8685000000000000       0.52707139106301115     
   4.8750000000000000       0.52720425419364247     
   4.8815000000000000       0.52776825425954732     
   4.8879999999999999       0.52823973465318041     
   4.8944999999999999       0.52839698837849869     
   4.9009999999999998       0.52792789624893677     
   4.9075000000000006       0.52803763256237302     
   4.9139999999999997       0.52844612846034889     
   4.9204999999999997       0.52899716284140386     
   4.9270000000000005       0.53036095265722538     
   4.9335000000000004       0.53048258048066588     
   4.9399999999999995       0.52991469202240837     
   4.9464999999999995       0.53051147560289069     
   4.9530000000000003       0.53062637501128651     
   4.9595000000000002       0.53090615626121651     
   4.9659999999999993       0.53113154703463361     
   4.9725000000000001       0.53030432299977481     
   4.9790000000000001       0.53046849992226008     
   4.9855000000000000       0.53132122304287421     
   4.9919999999999991       0.53188667190114125     
   4.9984999999999999       0.53145886907631135     
   5.0049999999999999       0.53098098483713174     
   5.0114999999999998       0.53116247199127642     
   5.0180000000000007       0.53159618040470857     
   5.0244999999999997       0.53240406585186295     
   5.0309999999999997       0.53305703950571803     
   5.0375000000000005       0.53322915336127175     
   5.0440000000000005       0.53319825656750508     
   5.0504999999999995       0.53247636810033194     
   5.0570000000000004       0.53181857689229717     
   5.0635000000000003       0.53151030694212720     
   5.0700000000000003       0.53138837732588429     
   5.0764999999999993       0.53152403572488394     
   5.0830000000000002       0.53134994523871559     
   5.0895000000000001       0.53143903430518136     
   5.0960000000000001       0.53156252790693548     
   5.1025000000000000       0.53169813207265459     
   5.1090000000000000       0.53258777268836033     
   5.1154999999999999       0.53320304838337906     
   5.1220000000000008       0.53295523087458041     
   5.1284999999999998       0.53302001618142369     
   5.1349999999999998       0.53284146495057061     
   5.1414999999999997       0.53311489937888823     
   5.1480000000000006       0.53353817953831195     
   5.1544999999999996       0.53384206134885270     
   5.1609999999999996       0.53385851311858123     
   5.1675000000000004       0.53403946471211061     
   5.1740000000000004       0.53338746537152670     
   5.1804999999999994       0.53315861155252975     
   5.1870000000000003       0.53246841231506270     
   5.1935000000000002       0.53241192685490091     
   5.2000000000000002       0.53296400172118341     
   5.2064999999999992       0.53287429116847662     
   5.2130000000000001       0.53235167000444661     
   5.2195000000000000       0.53296163997826063     
   5.2260000000000000       0.53303390887980129     
   5.2324999999999999       0.53362905599345545     
   5.2389999999999999       0.53354439037282375     
   5.2454999999999998       0.53328563356534964     
   5.2520000000000007       0.53299534895991518     
   5.2584999999999997       0.53359377359557514     
   5.2649999999999997       0.53370684027608828     
   5.2714999999999996       0.53383774401248152     
   5.2780000000000005       0.53345088852693634     
   5.2845000000000004       0.53385900763524674     
   5.2909999999999995       0.53368085548594213     
   5.2975000000000003       0.53383802265065272     
   5.3040000000000003       0.53436248230169070     
   5.3105000000000002       0.53370147278747881     
   5.3170000000000002       0.53271888281098667     
   5.3235000000000001       0.53232104010871439     
   5.3300000000000001       0.53257775513113381     
   5.3365000000000000       0.53253416204815529     
   5.3430000000000000       0.53308383821739258     
   5.3494999999999999       0.53301086663579200     
   5.3559999999999999       0.53354854313068867     
   5.3625000000000007       0.53289625628932846     
   5.3689999999999998       0.53313717720002762     
   5.3754999999999997       0.53281454875764678     
   5.3820000000000006       0.53353622863006500     
   5.3885000000000005       0.53373464427607586     
   5.3949999999999996       0.53368604120099850     
   5.4014999999999995       0.53345208602995875     
   5.4080000000000004       0.53364085940895567     
   5.4145000000000003       0.53364773466148707     
   5.4209999999999994       0.53455256996361644     
   5.4275000000000002       0.53476716546102054     
   5.4340000000000002       0.53417022176634099     
   5.4405000000000001       0.53402945684350056     
   5.4469999999999992       0.53373676875749410     
   5.4535000000000000       0.53411712587642202     
   5.4600000000000000       0.53351929492826000     
   5.4664999999999999       0.53364598341051173     
   5.4729999999999999       0.53317677220131299     
   5.4794999999999998       0.53249111219886991     
   5.4859999999999998       0.53190675227416195     
   5.4925000000000006       0.53184842797859511     
   5.4989999999999997       0.53226977425165589     
   5.5054999999999996       0.53296862522411259     
   5.5120000000000005       0.53315224552801954     
   5.5185000000000004       0.53257259076046959     
   5.5249999999999995       0.53275024541209171     
   5.5314999999999994       0.53368981023132234     
   5.5380000000000003       0.53371203370125697     
   5.5445000000000002       0.53342559251894595     
   5.5510000000000002       0.53340084833483692     
   5.5575000000000001       0.53365815852189069     
   5.5640000000000001       0.53350921292152353     
   5.5705000000000000       0.53371339320979272     
   5.5770000000000008       0.53394097898525028     
   5.5834999999999999       0.53404445248834398     
   5.5899999999999999       0.53469933553180293     
   5.5964999999999998       0.53452462871490747     
   5.6030000000000006       0.53425146928419498     
   5.6094999999999997       0.53438909396480316     
   5.6159999999999997       0.53455566096095053     
   5.6225000000000005       0.53498761901947622     
   5.6290000000000004       0.53483277963893827     
   5.6354999999999995       0.53579780145730171     
   5.6420000000000003       0.53584264175062069     
   5.6485000000000003       0.53625759280912300     
   5.6550000000000002       0.53630981067091432     
   5.6614999999999993       0.53642832348664427     
   5.6680000000000001       0.53659223075295026     
   5.6745000000000001       0.53614389561102382     
   5.6810000000000000       0.53565800704480493     
   5.6875000000000000       0.53620893732386221     
   5.6940000000000000       0.53629320044827333     
   5.7004999999999999       0.53712582027326494     
   5.7070000000000007       0.53726184047954928     
   5.7134999999999998       0.53770053792325612     
   5.7199999999999998       0.53777067511914134     
   5.7264999999999997       0.53757734609265473     
   5.7330000000000005       0.53840574272503794     
   5.7394999999999996       0.53910971012174613     
   5.7459999999999996       0.53919600015242863     
   5.7525000000000004       0.53902623409798545     
   5.7590000000000003       0.53913959872762085     
   5.7654999999999994       0.53926749725448142     
   5.7720000000000002       0.53921391259207974     
   5.7785000000000002       0.53958693446874617     
   5.7850000000000001       0.53953659452490721     
   5.7914999999999992       0.53957429014303826     
   5.7980000000000000       0.53952080573203731     
   5.8045000000000000       0.53856583301126104     
   5.8109999999999999       0.53953415213393585     
   5.8174999999999999       0.54060318689292841     
   5.8239999999999998       0.54083536475873961     
   5.8304999999999998       0.54116100239573617     
   5.8370000000000006       0.54247125811922425     
   5.8435000000000006       0.54291917689107361     
   5.8499999999999996       0.54375442161662346     
   5.8564999999999996       0.54386107170781595     
   5.8630000000000004       0.54346840588004985     
   5.8695000000000004       0.54396205811318765     
   5.8759999999999994       0.54370430910880940     
   5.8825000000000003       0.54381339769385439     
   5.8890000000000002       0.54392180580882143     
   5.8955000000000002       0.54392119327955313     
   5.9020000000000001       0.54456578350157037     
   5.9085000000000001       0.54517433569993234     
   5.9150000000000000       0.54500713288365976     
   5.9215000000000000       0.54535879344369742     
   5.9279999999999999       0.54510090698489855     
   5.9344999999999999       0.54501019914559212     
   5.9409999999999998       0.54501081151926511     
   5.9475000000000007       0.54478977968919862     
   5.9539999999999997       0.54513096561248875     
   5.9604999999999997       0.54530672016714354     
   5.9670000000000005       0.54557495213445850     
   5.9735000000000005       0.54497449717056445     
   5.9799999999999995       0.54480297438716052     
   5.9864999999999995       0.54494944445905069     
   5.9930000000000003       0.54530531921174330     
   5.9995000000000003       0.54618380974575798     
   6.0059999999999993       0.54655824267376574     
   6.0125000000000002       0.54694745575592207     
   6.0190000000000001       0.54662378414850699     
   6.0255000000000001       0.54715475814475900     
   6.0320000000000000       0.54709283092702132     
   6.0385000000000000       0.54707265088757895     
   6.0449999999999999       0.54751382238324053     
   6.0514999999999999       0.54792898761888997     
   6.0579999999999998       0.54843932073869350     
   6.0644999999999998       0.54817180963121048     
   6.0709999999999997       0.54795968533350148     
   6.0775000000000006       0.54787240167932749     
   6.0839999999999996       0.54825576497208417     
   6.0904999999999996       0.54912197870606738     
   6.0970000000000004       0.54885387096794558     
   6.1035000000000004       0.54842165932612341     
   6.1100000000000003       0.54845911148958448     
   6.1164999999999994       0.54893085738620173     
   6.1230000000000002       0.54852028558647792     
   6.1295000000000002       0.54809749924506257     
   6.1360000000000001       0.54821203166068944     
   6.1425000000000001       0.54803251204904302     
   6.1490000000000000       0.54780427852333191     
   6.1555000000000000       0.54789248926408951     
   6.1620000000000008       0.54713476242214176     
   6.1684999999999999       0.54682125867315168     
   6.1749999999999998       0.54708641691410786     
   6.1814999999999998       0.54713089163407291     
   6.1880000000000006       0.54678995851846279     
   6.1944999999999997       0.54638209754159228     
   6.2009999999999996       0.54714982695176484     
   6.2075000000000005       0.54752489353769684     
   6.2140000000000004       0.54809235521099753     
   6.2204999999999995       0.54793755086348417     
   6.2270000000000003       0.54797640151350879     
   6.2335000000000003       0.54784965677695341     
   6.2400000000000002       0.54739902423290165     
   6.2464999999999993       0.54705005799090178     
   6.2530000000000001       0.54709408975333529     
   6.2595000000000001       0.54748901728560762     
   6.2660000000000000       0.54778708821618849     
   6.2725000000000000       0.54801790693279151     
   6.2789999999999999       0.54831276489870184     
   6.2854999999999999       0.54819207601003883     
   6.2920000000000007       0.54883264469186899     
   6.2984999999999998       0.54806945782961003     
   6.3049999999999997       0.54818113434907167     
   6.3114999999999997       0.54851549602874805     
   6.3180000000000005       0.54933465640928159     
   6.3244999999999996       0.54944986461679668     
   6.3309999999999995       0.54945343267946267     
   6.3375000000000004       0.54975693513495272     
   6.3440000000000003       0.54953167803743408     
   6.3504999999999994       0.55005097476112708     
   6.3570000000000002       0.54945307333528148     
   6.3635000000000002       0.54989535587793503     
   6.3700000000000001       0.54942047925892323     
   6.3764999999999992       0.54892682997083542     
   6.3830000000000000       0.54912080825495035     
   6.3895000000000000       0.54908833897477727     
   6.3959999999999999       0.54929238232128919     
   6.4025000000000007       0.54974104077877683     
   6.4089999999999998       0.54986659140908956     
   6.4154999999999998       0.55004925173590402     
   6.4220000000000006       0.54963921959229922     
   6.4285000000000005       0.55015418743538858     
   6.4349999999999996       0.54978061509667386     
   6.4414999999999996       0.54960039339535249     
   6.4480000000000004       0.54897581477340007     
   6.4545000000000003       0.54997000912180050     
   6.4609999999999994       0.55014989543485548     
   6.4675000000000002       0.54987388491592848     
   6.4740000000000002       0.55028650368334819     
   6.4805000000000001       0.55115081483541584     
   6.4870000000000001       0.55096888968996671     
   6.4935000000000000       0.55069608783605561     
   6.5000000000000000       0.55135523885605264     
   6.5065000000000000       0.55192909521844757     
   6.5129999999999999       0.55227102568706399     
   6.5194999999999999       0.55236806088139156     
   6.5259999999999998       0.55242762163559633     
   6.5325000000000006       0.55274133491238986     
   6.5389999999999997       0.55311128242272201     
   6.5454999999999997       0.55255869145961578     
   6.5520000000000005       0.55262305991049920     
   6.5585000000000004       0.55248946734183568     
   6.5649999999999995       0.55210016543726126     
   6.5714999999999995       0.55181057181988336     
   6.5780000000000003       0.55191549641792470     
   6.5845000000000002       0.55206425432741879     
   6.5909999999999993       0.55203084582018536     
   6.5975000000000001       0.55170021693490201     
   6.6040000000000001       0.55216560864275677     
   6.6105000000000000       0.55222730886394733     
   6.6170000000000000       0.55291366822245858     
   6.6234999999999999       0.55295600354305163     
   6.6299999999999999       0.55220682014342426     
   6.6364999999999998       0.55269273116655515     
   6.6429999999999998       0.55299470900041858     
   6.6494999999999997       0.55338292753598339     
   6.6559999999999997       0.55343700937600360     
   6.6625000000000005       0.55379485476712886     
   6.6690000000000005       0.55366621764465873     
   6.6754999999999995       0.55374862471342423     
   6.6820000000000004       0.55416551477120157     
   6.6885000000000003       0.55478783904206508     
   6.6950000000000003       0.55568236992926179     
   6.7014999999999993       0.55592966319524562     
   6.7080000000000002       0.55598610449142505     
   6.7145000000000001       0.55576929041357093     
   6.7210000000000001       0.55628318644852481     
   6.7275000000000000       0.55669516043858169     
   6.7340000000000000       0.55716682116036542     
   6.7404999999999999       0.55713746128652575     
   6.7470000000000008       0.55700574942673831     
   6.7534999999999998       0.55666479205866659     
   6.7599999999999998       0.55776684637959451     
   6.7664999999999997       0.55851368069751361     
   6.7730000000000006       0.55900547645974075     
   6.7794999999999996       0.55794799188085020     
   6.7859999999999996       0.55770909194663876     
   6.7925000000000004       0.55756189684830759     
   6.7990000000000004       0.55765454971394757     
   6.8054999999999994       0.55789539177272585     
   6.8120000000000003       0.55772132884117354     
   6.8185000000000002       0.55845125674714269     
   6.8250000000000002       0.55811782956359191     
   6.8314999999999992       0.55851952378477354     
   6.8380000000000001       0.55886087699189724     
   6.8445000000000000       0.55962195082279143     
   6.8510000000000000       0.56063938671561997     
   6.8574999999999999       0.56051693819204529     
   6.8639999999999999       0.55931224867831819     
   6.8704999999999998       0.55962684671967877     
   6.8770000000000007       0.55889474248597915     
   6.8834999999999997       0.55968515371308547     
   6.8899999999999997       0.55926558785703084     
   6.8964999999999996       0.55953398617077599     
   6.9030000000000005       0.55950402722874659     
   6.9094999999999995       0.56000973402326504     
   6.9159999999999995       0.55967360300068447     
   6.9225000000000003       0.56035836299677000     
   6.9290000000000003       0.55957501939603749     
   6.9355000000000002       0.56063003754824425     
   6.9420000000000002       0.56135512665547649     
   6.9485000000000001       0.56178745749175452     
   6.9550000000000001       0.56166891149288622     
   6.9615000000000000       0.56274287770867404     
   6.9680000000000000       0.56289216109127105     
   6.9744999999999999       0.56308205651497922     
   6.9809999999999999       0.56318582679112938     
   6.9875000000000007       0.56304421686898054     
   6.9939999999999998       0.56329217841591783     
   7.0004999999999997       0.56258909547698677     
   7.0070000000000006       0.56251784537870331     
   7.0135000000000005       0.56246864833973309     
   7.0199999999999996       0.56259655350513571     
   7.0264999999999995       0.56219412735832253     
   7.0330000000000004       0.56241773979270515     
   7.0395000000000003       0.56250582515612235     
   7.0459999999999994       0.56220696913034496     
   7.0525000000000002       0.56219150677572527     
   7.0590000000000002       0.56256930982783682     
   7.0655000000000001       0.56187075985053792     
   7.0720000000000001       0.56243185568561693     
   7.0785000000000000       0.56253627641644355     
   7.0850000000000000       0.56278101181444118     
   7.0914999999999999       0.56332307290239869     
   7.0979999999999999       0.56317193884242989     
   7.1044999999999998       0.56313249300977331     
   7.1109999999999998       0.56338001844728336     
   7.1175000000000006       0.56303132341322837     
   7.1239999999999997       0.56232209102457531     
   7.1304999999999996       0.56276439570902914     
   7.1370000000000005       0.56223854119786221     
   7.1435000000000004       0.56267801527647465     
   7.1499999999999995       0.56269794110346993     
   7.1564999999999994       0.56244476339860849     
   7.1630000000000003       0.56309994453532675     
   7.1695000000000002       0.56339179783856763     
   7.1759999999999993       0.56353310993323991     
   7.1825000000000001       0.56425976463357352     
   7.1890000000000001       0.56404746541263950     
   7.1955000000000000       0.56395453791665617     
   7.2020000000000000       0.56337549975488277     
   7.2084999999999999       0.56345953526623738     
   7.2149999999999999       0.56379055867392003     
   7.2214999999999998       0.56442224612642000     
   7.2280000000000006       0.56412653462897111     
   7.2344999999999997       0.56427323150560327     
   7.2409999999999997       0.56404931714284656     
   7.2475000000000005       0.56419191746478026     
   7.2540000000000004       0.56317870947409387     
   7.2604999999999995       0.56355633179528353     
   7.2670000000000003       0.56419103313480623     
   7.2735000000000003       0.56443540265350411     
   7.2800000000000002       0.56480459327157440     
   7.2864999999999993       0.56513738664215696     
   7.2930000000000001       0.56532400626025103     
   7.2995000000000001       0.56519301921666254     
   7.3060000000000000       0.56571214974016670     
   7.3125000000000000       0.56609849120378852     
   7.3190000000000000       0.56675122677514966     
   7.3254999999999999       0.56661801512373711     
   7.3320000000000007       0.56681726178342440     
   7.3384999999999998       0.56701555065315346     
   7.3449999999999998       0.56754615392106378     
   7.3514999999999997       0.56791357735581327     
   7.3580000000000005       0.56806247273568256     
   7.3644999999999996       0.56810447157601962     
   7.3709999999999996       0.56896966002165250     
   7.3775000000000004       0.56857237861079168     
   7.3840000000000003       0.56877666625884948     
   7.3904999999999994       0.56833711987758717     
   7.3970000000000002       0.56818281106710344     
   7.4035000000000002       0.56787002382893459     
   7.4100000000000001       0.56833381573235464     
   7.4164999999999992       0.56941690242123943     
   7.4230000000000000       0.56924290249578169     
   7.4295000000000000       0.56856405021273293     
   7.4359999999999999       0.56804623287103639     
   7.4424999999999999       0.56719625580039290     
   7.4489999999999998       0.56671797140326585     
   7.4554999999999998       0.56688209901980313     
   7.4620000000000006       0.56669664018899468     
   7.4684999999999997       0.56688136029903935     
   7.4749999999999996       0.56738669026377275     
   7.4814999999999996       0.56774517073641362     
   7.4880000000000004       0.56780103529013359     
   7.4945000000000004       0.56850341792445747     
   7.5009999999999994       0.56878183300548335     
   7.5075000000000003       0.56921361965060147     
   7.5140000000000002       0.56945619602679798     
   7.5205000000000002       0.56968982468114115     
   7.5270000000000001       0.57023066235082309     
   7.5335000000000001       0.57030511101734493     
   7.5400000000000000       0.56995742963588059     
   7.5465000000000000       0.57021350849326291     
   7.5529999999999999       0.57061279426870526     
   7.5594999999999999       0.57108340678104552     
   7.5659999999999998       0.57063834716112982     
   7.5725000000000007       0.57068796136223121     
   7.5789999999999997       0.57060741757550915     
   7.5854999999999997       0.57044423241891262     
   7.5920000000000005       0.57075129612970443     
   7.5985000000000005       0.57082150775277796     
   7.6049999999999995       0.57108828422106472     
   7.6114999999999995       0.57052801563471411     
   7.6180000000000003       0.57031644921685920     
   7.6245000000000003       0.57098021834307899     
   7.6309999999999993       0.57229005863851112     
   7.6375000000000002       0.57217692651342023     
   7.6440000000000001       0.57241758433603351     
   7.6505000000000001       0.57301395813013434     
   7.6570000000000000       0.57310713956024262     
   7.6635000000000000       0.57388849902097039     
   7.6699999999999999       0.57352002412977976     
   7.6764999999999999       0.57309378567527425     
   7.6829999999999998       0.57321961122581233     
   7.6894999999999998       0.57357596702893265     
   7.6959999999999997       0.57298687249176006     
   7.7025000000000006       0.57294712332660425     
   7.7089999999999996       0.57230150969727456     
   7.7154999999999996       0.57216002088186557     
   7.7220000000000004       0.57134549621787500     
   7.7285000000000004       0.57133243297204361     
   7.7349999999999994       0.57176915008686358     
   7.7414999999999994       0.57124547169468121     
   7.7480000000000002       0.57064314326927468     
   7.7545000000000002       0.57061308427409929     
   7.7609999999999992       0.57085154382749226     
   7.7675000000000001       0.57135608741798549     
   7.7740000000000000       0.57175328739302844     
   7.7805000000000000       0.57198954305582284     
   7.7870000000000008       0.57238184681491699     
   7.7934999999999999       0.57304337851085696     
   7.7999999999999998       0.57253633424094541     
   7.8064999999999998       0.57277612091373964     
   7.8130000000000006       0.57215387753273872     
   7.8194999999999997       0.57283405638860763     
   7.8259999999999996       0.57307011208069869     
   7.8325000000000005       0.57254925817256375     
   7.8390000000000004       0.57249615541952381     
   7.8454999999999995       0.57183784897170542     
   7.8520000000000003       0.57162772713537868     
   7.8585000000000003       0.57225709059425800     
   7.8650000000000002       0.57294931607777766     
   7.8714999999999993       0.57302299118465827     
   7.8780000000000001       0.57288439537724256     
   7.8845000000000001       0.57332939921091841     
   7.8910000000000000       0.57336986289846170     
   7.8975000000000000       0.57347843854451475     
   7.9039999999999999       0.57364356208798328     
   7.9104999999999999       0.57409864536958122     
   7.9170000000000007       0.57410312344310732     
   7.9234999999999998       0.57364139221428689     
   7.9299999999999997       0.57378998426530636     
   7.9364999999999997       0.57413418230805657     
   7.9430000000000005       0.57436567793726068     
   7.9494999999999996       0.57500936288404958     
   7.9559999999999995       0.57498433076247202     
   7.9625000000000004       0.57524857183532685     
   7.9690000000000003       0.57593290622999438     
   7.9754999999999994       0.57547407831277864     
   7.9820000000000002       0.57579635807959928     
   7.9885000000000002       0.57606781520256423     
