   0.0000000000000000       0.99999999999998568     
   7.0000000000000001E-003  0.98981699114224098     
   1.4000000000000000E-002  0.97431432352902969     
   2.0999999999999998E-002  0.99301754447131463     
   2.8000000000000001E-002  0.98947869118091991     
   3.5000000000000003E-002  0.98679283305392640     
   4.1999999999999996E-002  0.98442019556779858     
   4.9000000000000002E-002  0.98103839311099128     
   5.6000000000000001E-002  0.97695240223362401     
   6.3000000000000000E-002  0.97476624057744921     
   7.0000000000000007E-002  0.97298233403312762     
   7.6999999999999999E-002  0.97009426223345940     
   8.3999999999999991E-002  0.96670820870824181     
   9.1000000000000011E-002  0.96018146230586143     
   9.8000000000000004E-002  0.95854978793601142     
  0.10500000000000001       0.95577787790137547     
  0.11200000000000000       0.95573861630731127     
  0.11899999999999999       0.95114457974375299     
  0.12600000000000000       0.94930753292950865     
  0.13300000000000001       0.94871534252435619     
  0.14000000000000001       0.94951018003425602     
  0.14700000000000002       0.95269104043292219     
  0.15400000000000000       0.95741174981818111     
  0.16100000000000000       0.96129210820933875     
  0.16799999999999998       0.96684968039779595     
  0.17500000000000002       0.97244594979670185     
  0.18200000000000002       0.97662263491061752     
  0.18900000000000000       0.98022286578347506     
  0.19600000000000001       0.98194818670842210     
  0.20299999999999999       0.98391169274956303     
  0.21000000000000002       0.98447371715216325     
  0.21700000000000003       0.98498579345007253     
  0.22400000000000000       0.98527157627036521     
  0.23100000000000001       0.98524353351609084     
  0.23799999999999999       0.98501051178578358     
  0.24500000000000002       0.98451476589112330     
  0.25200000000000000       0.98427558484715205     
  0.25900000000000001       0.98393133943588607     
  0.26600000000000001       0.98331974780337883     
  0.27300000000000002       0.98272150167293293     
  0.28000000000000003       0.98217732327096008     
  0.28700000000000003       0.98159363052031889     
  0.29400000000000004       0.98072847972830168     
  0.30099999999999999       0.98014148058513229     
  0.30800000000000000       0.97921983649679689     
  0.31500000000000000       0.97862702654476330     
  0.32200000000000001       0.97761382275987163     
  0.32900000000000001       0.97708043655555255     
  0.33599999999999997       0.97650591380962737     
  0.34300000000000003       0.97591925323100059     
  0.35000000000000003       0.97546575142757286     
  0.35700000000000004       0.97460914253112596     
  0.36400000000000005       0.97381437304929486     
  0.37100000000000000       0.97317368311676544     
  0.37800000000000000       0.97243027585725483     
  0.38500000000000001       0.97156609547246475     
  0.39200000000000002       0.97075641091133114     
  0.39900000000000002       0.97018147728875048     
  0.40599999999999997       0.96937524396567620     
  0.41300000000000003       0.96847425028424228     
  0.42000000000000004       0.96768662428242469     
  0.42700000000000005       0.96684245937058533     
  0.43400000000000005       0.96604202153133545     
  0.44100000000000000       0.96516420202000108     
  0.44800000000000001       0.96403914318842676     
  0.45500000000000002       0.96334147231215528     
  0.46200000000000002       0.96272861645287244     
  0.46900000000000003       0.96217831214356653     
  0.47599999999999998       0.96096634406385484     
  0.48299999999999998       0.96023453938069747     
  0.49000000000000005       0.95919550533816289     
  0.49700000000000005       0.95786232388681491     
  0.50400000000000000       0.95657006108864273     
  0.51100000000000001       0.95570084835018998     
  0.51800000000000002       0.95455186908126433     
  0.52500000000000002       0.95338550698797708     
  0.53200000000000003       0.95236355289123698     
  0.53900000000000003       0.95124446388057504     
  0.54600000000000004       0.95020080298246623     
  0.55300000000000005       0.94883845962104973     
  0.56000000000000005       0.94771197198936208     
  0.56700000000000006       0.94688859205211484     
  0.57400000000000007       0.94616859574796341     
  0.58100000000000007       0.94521628784009171     
  0.58800000000000008       0.94414050704691843     
  0.59500000000000008       0.94332826036027873     
  0.60199999999999998       0.94203537883508837     
  0.60899999999999999       0.94049448572721495     
  0.61599999999999999       0.93906029148573744     
  0.62300000000000000       0.93760412165897578     
  0.63000000000000000       0.93661851920707873     
  0.63700000000000001       0.93549010232168162     
  0.64400000000000002       0.93445960679551721     
  0.65100000000000002       0.93307838515172847     
  0.65800000000000003       0.93194358417591794     
  0.66499999999999992       0.93089707578835990     
  0.67199999999999993       0.92988101591075678     
  0.67900000000000005       0.92878206273326869     
  0.68600000000000005       0.92773408347540565     
  0.69300000000000006       0.92662707139239819     
  0.70000000000000007       0.92554716939465176     
  0.70700000000000007       0.92445112827649556     
  0.71400000000000008       0.92341382049892395     
  0.72100000000000009       0.92279510902296435     
  0.72800000000000009       0.92135685160960523     
  0.73500000000000010       0.92061607305057847     
  0.74199999999999999       0.91920655406379981     
  0.74900000000000000       0.91809316003491848     
  0.75600000000000001       0.91701480715613137     
  0.76300000000000001       0.91627668241140248     
  0.77000000000000002       0.91483360508699818     
  0.77700000000000002       0.91385935583391542     
  0.78400000000000003       0.91195014106453842     
  0.79100000000000004       0.91088573349123392     
  0.79800000000000004       0.90965376124847275     
  0.80499999999999994       0.90838359182794204     
  0.81199999999999994       0.90719252842103126     
  0.81899999999999995       0.90603951486234924     
  0.82600000000000007       0.90426484858551814     
  0.83300000000000007       0.90288225241519704     
  0.84000000000000008       0.90143010311256189     
  0.84700000000000009       0.89988606706879815     
  0.85400000000000009       0.89910215928622017     
  0.86100000000000010       0.89792459138716119     
  0.86800000000000010       0.89676563938638820     
  0.87500000000000011       0.89549011181182570     
  0.88200000000000001       0.89429932604951123     
  0.88900000000000001       0.89301104437121426     
  0.89600000000000002       0.89182517949429618     
  0.90300000000000002       0.89073249784731789     
  0.91000000000000003       0.88937914272705687     
  0.91700000000000004       0.88789077958513141     
  0.92400000000000004       0.88604683107598525     
  0.93100000000000005       0.88473618778097907     
  0.93800000000000006       0.88424254685633408     
  0.94499999999999995       0.88346793066873419     
  0.95199999999999996       0.88209996591262474     
  0.95899999999999996       0.88048884666817728     
  0.96599999999999997       0.87939074041329557     
  0.97300000000000009       0.87805667268417231     
  0.98000000000000009       0.87649063357209012     
  0.98700000000000010       0.87474965849092290     
  0.99400000000000011       0.87349083147255513     
   1.0010000000000001       0.87172406543745884     
   1.0080000000000000       0.86988344588998279     
   1.0150000000000001       0.86907255834539865     
   1.0220000000000000       0.86771490693540765     
   1.0290000000000001       0.86677225474456021     
   1.0360000000000000       0.86516640440695602     
   1.0430000000000001       0.86377352600022461     
   1.0500000000000000       0.86257988230799976     
   1.0569999999999999       0.86158970149920722     
   1.0640000000000001       0.86035767633715110     
   1.0710000000000000       0.85893695965624650     
   1.0780000000000001       0.85823529533463905     
   1.0850000000000000       0.85690755405869989     
   1.0920000000000001       0.85560253682411969     
   1.0990000000000000       0.85406918429517742     
   1.1060000000000001       0.85305354120619092     
   1.1130000000000000       0.85215607914211855     
   1.1200000000000001       0.85151356863718841     
   1.1270000000000000       0.84995411114206054     
   1.1340000000000001       0.84851473549920042     
   1.1410000000000000       0.84743215831292995     
   1.1480000000000001       0.84539482443286917     
   1.1550000000000000       0.84400393864110057     
   1.1620000000000001       0.84318007057433952     
   1.1690000000000000       0.84207248102153009     
   1.1760000000000002       0.84003150446171082     
   1.1830000000000001       0.83917088717972721     
   1.1900000000000002       0.83769305458418875     
   1.1970000000000001       0.83644385895897422     
   1.2040000000000000       0.83463832819738226     
   1.2110000000000001       0.83305320496088964     
   1.2180000000000000       0.83126108058580417     
   1.2250000000000001       0.82979911634645331     
   1.2320000000000000       0.82849130928328918     
   1.2390000000000001       0.82731044738517967     
   1.2460000000000000       0.82597174731210865     
   1.2530000000000001       0.82460350256228943     
   1.2600000000000000       0.82283417177383211     
   1.2669999999999999       0.82149569248491683     
   1.2740000000000000       0.81957516692716459     
   1.2809999999999999       0.81810601236886504     
   1.2880000000000000       0.81668035596283506     
   1.2949999999999999       0.81522584614439420     
   1.3020000000000000       0.81391053356224508     
   1.3089999999999999       0.81243387037398651     
   1.3160000000000001       0.81162396356960531     
   1.3230000000000000       0.81081183142507973     
   1.3299999999999998       0.80912155272895214     
   1.3370000000000000       0.80815092025507096     
   1.3439999999999999       0.80694334334222617     
   1.3510000000000002       0.80552175266139781     
   1.3580000000000001       0.80412802832716357     
   1.3650000000000002       0.80299090587524269     
   1.3720000000000001       0.80208182358049473     
   1.3790000000000002       0.80050005328597651     
   1.3860000000000001       0.79989026866887347     
   1.3930000000000002       0.79865423550396042     
   1.4000000000000001       0.79726076111783417     
   1.4070000000000000       0.79636160907241105     
   1.4140000000000001       0.79605774288342968     
   1.4210000000000000       0.79482288423660319     
   1.4280000000000002       0.79305489271993579     
   1.4350000000000001       0.79132482399876602     
   1.4420000000000002       0.78985337771900943     
   1.4490000000000001       0.78878542877349533     
   1.4560000000000002       0.78825719568664154     
   1.4630000000000001       0.78688313110097585     
   1.4700000000000002       0.78607521463667562     
   1.4770000000000001       0.78540198984466925     
   1.4840000000000000       0.78422502839476149     
   1.4910000000000001       0.78361022611847653     
   1.4980000000000000       0.78245256046695366     
   1.5050000000000001       0.78138672300807255     
   1.5120000000000000       0.78072999303389401     
   1.5190000000000001       0.77954159715070581     
   1.5260000000000000       0.77827765149714523     
   1.5330000000000001       0.77746434895490524     
   1.5400000000000000       0.77673501216693552     
   1.5469999999999999       0.77485081748986762     
   1.5540000000000000       0.77358188602097611     
   1.5609999999999999       0.77317390240547568     
   1.5680000000000001       0.77192978095459264     
   1.5750000000000000       0.77133099228386026     
   1.5820000000000001       0.77020921478808679     
   1.5890000000000000       0.76906869489035468     
   1.5960000000000001       0.76772793484294000     
   1.6030000000000000       0.76628210018182019     
   1.6099999999999999       0.76477547852771843     
   1.6170000000000000       0.76434733581538017     
   1.6239999999999999       0.76408983683587961     
   1.6310000000000000       0.76216063405755685     
   1.6379999999999999       0.76172376673373887     
   1.6450000000000002       0.76090243999550256     
   1.6520000000000001       0.76025628939680978     
   1.6590000000000003       0.75876690900489074     
   1.6660000000000001       0.75767213497221519     
   1.6730000000000003       0.75701838412304245     
   1.6800000000000002       0.75593902599412255     
   1.6870000000000001       0.75471492842982080     
   1.6940000000000002       0.75353618644779674     
   1.7010000000000001       0.75266103592618649     
   1.7080000000000002       0.75144701173961947     
   1.7150000000000001       0.75035763526819965     
   1.7220000000000002       0.74967524766456539     
   1.7290000000000001       0.74889211325630300     
   1.7360000000000002       0.74746358570630556     
   1.7430000000000001       0.74690610616528597     
   1.7500000000000002       0.74614966646573977     
   1.7570000000000001       0.74502544502984935     
   1.7640000000000000       0.74404153104873416     
   1.7710000000000001       0.74283424417996069     
   1.7780000000000000       0.74238837126343227     
   1.7850000000000001       0.74068823741929213     
   1.7920000000000000       0.74004261307275310     
   1.7990000000000002       0.73958421272408326     
   1.8060000000000000       0.73842211574363814     
   1.8130000000000002       0.73771431768064344     
   1.8200000000000001       0.73659691216951029     
   1.8270000000000000       0.73559527323497720     
   1.8340000000000001       0.73446715308145705     
   1.8410000000000000       0.73373158195149035     
   1.8480000000000001       0.73309650337124566     
   1.8550000000000000       0.73160143298168478     
   1.8620000000000001       0.73060889188297573     
   1.8690000000000000       0.73032196097544055     
   1.8760000000000001       0.72943752006218054     
   1.8830000000000000       0.72867576362318009     
   1.8899999999999999       0.72729936662162664     
   1.8970000000000000       0.72659806103060431     
   1.9039999999999999       0.72605440357619389     
   1.9110000000000000       0.72522690290175473     
   1.9179999999999999       0.72431444128138101     
   1.9250000000000000       0.72402144278016345     
   1.9319999999999999       0.72336008214371783     
   1.9390000000000001       0.72281703110010398     
   1.9460000000000002       0.72168424036641354     
   1.9530000000000003       0.72070529054682342     
   1.9600000000000002       0.71982230008182824     
   1.9670000000000003       0.71917359489728627     
   1.9740000000000002       0.71844717303068906     
   1.9810000000000001       0.71734288598914808     
   1.9880000000000002       0.71700477276472518     
   1.9950000000000001       0.71621095182727645     
   2.0020000000000002       0.71554602519876209     
   2.0090000000000003       0.71498536413293168     
   2.0160000000000000       0.71469265910759050     
   2.0230000000000001       0.71468371782526630     
   2.0300000000000002       0.71389868835623183     
   2.0369999999999999       0.71327051578037604     
   2.0440000000000000       0.71256077744626678     
   2.0510000000000002       0.71136990297665803     
   2.0580000000000003       0.71035971647015062     
   2.0649999999999999       0.70944927794829915     
   2.0720000000000001       0.70920040375817328     
   2.0790000000000002       0.70824951385166357     
   2.0860000000000003       0.70791358027588891     
   2.0930000000000000       0.70725456144566323     
   2.1000000000000001       0.70690585852132803     
   2.1070000000000002       0.70644957100350847     
   2.1139999999999999       0.70621967074408831     
   2.1210000000000000       0.70577650474464737     
   2.1280000000000001       0.70553541218604077     
   2.1350000000000002       0.70500646349164753     
   2.1419999999999999       0.70428382326342176     
   2.1490000000000000       0.70300735429950867     
   2.1560000000000001       0.70225673364071872     
   2.1630000000000003       0.70136984826416304     
   2.1699999999999999       0.70086741417363196     
   2.1770000000000000       0.69975483055361209     
   2.1840000000000002       0.69936779080892886     
   2.1909999999999998       0.69919886397841580     
   2.1980000000000000       0.69917858082787898     
   2.2050000000000001       0.69882780248983656     
   2.2120000000000002       0.69881500429897214     
   2.2189999999999999       0.69844356468232960     
   2.2260000000000000       0.69802626949350688     
   2.2330000000000001       0.69794365150600812     
   2.2400000000000002       0.69716604529278592     
   2.2470000000000003       0.69639395268141846     
   2.2540000000000000       0.69589114947200670     
   2.2610000000000001       0.69502269962662855     
   2.2680000000000002       0.69503044206467601     
   2.2749999999999999       0.69469487227460069     
   2.2820000000000000       0.69423476531010619     
   2.2890000000000001       0.69410688109751040     
   2.2960000000000003       0.69340586760509448     
   2.3029999999999999       0.69347058341532419     
   2.3100000000000001       0.69315479630602805     
   2.3169999999999997       0.69313298321516548     
   2.3240000000000003       0.69328651199230884     
   2.3310000000000000       0.69296649473236627     
   2.3380000000000001       0.69243665626230977     
   2.3449999999999998       0.69254575675753494     
   2.3520000000000003       0.69214570399617048     
   2.3590000000000000       0.69170378719791081     
   2.3660000000000001       0.69095960702058257     
   2.3729999999999998       0.69126279112267530     
   2.3800000000000003       0.69102688132291312     
   2.3870000000000000       0.69070059437113940     
   2.3940000000000001       0.69074324334699988     
   2.4010000000000002       0.69093360014599414     
   2.4079999999999999       0.69094454543214057     
   2.4150000000000005       0.69068804718798837     
   2.4220000000000002       0.69042153425033947     
   2.4290000000000003       0.69011955374200540     
   2.4359999999999999       0.69047437907981812     
   2.4430000000000005       0.68998846055845253     
   2.4500000000000002       0.68967003544168359     
   2.4570000000000003       0.68891389552310944     
   2.4640000000000000       0.68825127879825365     
   2.4710000000000001       0.68804912555538822     
   2.4780000000000002       0.68797887158217974     
   2.4850000000000003       0.68838916313765142     
   2.4920000000000000       0.68839775943916504     
   2.4990000000000001       0.68791893019349637     
   2.5060000000000002       0.68730780849977713     
   2.5130000000000003       0.68750372718149799     
   2.5200000000000000       0.68746163044788977     
   2.5270000000000001       0.68737779776640651     
   2.5339999999999998       0.68683247735794162     
   2.5410000000000004       0.68652944845481012     
   2.5480000000000000       0.68637323073939982     
   2.5550000000000002       0.68635894491102833     
   2.5619999999999998       0.68603727522134861     
   2.5690000000000004       0.68557603100891584     
   2.5760000000000001       0.68513296989480632     
   2.5830000000000002       0.68488321611755898     
   2.5899999999999999       0.68481388769299179     
   2.5970000000000000       0.68462523195871838     
   2.6040000000000001       0.68461472570699788     
   2.6110000000000002       0.68449576939724310     
   2.6179999999999999       0.68418698553569757     
   2.6250000000000000       0.68410343868469348     
   2.6320000000000001       0.68458511867652239     
   2.6390000000000002       0.68400107534321664     
   2.6459999999999999       0.68441017047851926     
   2.6530000000000000       0.68525016711149811     
   2.6599999999999997       0.68549251379984388     
   2.6670000000000003       0.68526408290732621     
   2.6739999999999999       0.68539813332174071     
   2.6810000000000000       0.68552120343216638     
   2.6879999999999997       0.68530544482164046     
   2.6950000000000003       0.68506056403454063     
   2.7020000000000004       0.68558570608751623     
   2.7090000000000001       0.68578341704766821     
   2.7160000000000002       0.68567136049347099     
   2.7230000000000003       0.68548175093942365     
   2.7300000000000004       0.68586651222018491     
   2.7370000000000001       0.68576950148745730     
   2.7440000000000002       0.68525780705509420     
   2.7509999999999999       0.68565427440247295     
   2.7580000000000005       0.68597288591686267     
   2.7650000000000001       0.68623988881439590     
   2.7720000000000002       0.68630752990761268     
   2.7789999999999999       0.68627476677508004     
   2.7860000000000005       0.68635829903489665     
   2.7930000000000001       0.68598505600047244     
   2.8000000000000003       0.68630219523772229     
   2.8069999999999999       0.68627570852605768     
   2.8140000000000001       0.68624601484147796     
   2.8210000000000002       0.68644080682770314     
   2.8280000000000003       0.68716092062272482     
   2.8350000000000000       0.68735950943122803     
   2.8420000000000001       0.68751502983930235     
   2.8490000000000002       0.68785652196725178     
   2.8560000000000003       0.68769184733151423     
   2.8630000000000000       0.68841772071673746     
   2.8700000000000001       0.68867414734039833     
   2.8769999999999998       0.68854449380364935     
   2.8840000000000003       0.68861826736359322     
   2.8910000000000000       0.68870763752540354     
   2.8980000000000001       0.68869525067881987     
   2.9049999999999998       0.68887214218477322     
   2.9120000000000004       0.68886431776675794     
   2.9190000000000000       0.68886559545113535     
   2.9260000000000002       0.68878345186835277     
   2.9329999999999998       0.68871613353961836     
   2.9400000000000004       0.68860802380941577     
   2.9470000000000001       0.68892384404394535     
   2.9540000000000002       0.68911416383253576     
   2.9609999999999999       0.68866519657821568     
   2.9680000000000000       0.68897688434056270     
   2.9750000000000001       0.68921033914929286     
   2.9820000000000002       0.68966529334214155     
   2.9890000000000003       0.68993063545717093     
   2.9960000000000000       0.68973552773435021     
   3.0030000000000006       0.68987328736532283     
   3.0100000000000002       0.68996986432700580     
   3.0170000000000003       0.69016134318039923     
   3.0240000000000000       0.69013904747094601     
   3.0310000000000001       0.69050666614643375     
   3.0380000000000003       0.69062491055093533     
   3.0450000000000004       0.69061752170006585     
   3.0520000000000000       0.69069927530240061     
   3.0590000000000002       0.69072743272905546     
   3.0660000000000003       0.69062751242960940     
   3.0730000000000004       0.69077870460246704     
   3.0800000000000001       0.69064900268663543     
   3.0870000000000002       0.69093659070560354     
   3.0939999999999999       0.69105139825721451     
   3.1010000000000004       0.69144318767097435     
   3.1080000000000001       0.69176976936902623     
   3.1150000000000002       0.69215963698308092     
   3.1219999999999999       0.69211202804651040     
   3.1290000000000004       0.69265370188335096     
   3.1360000000000001       0.69305701661639374     
   3.1430000000000002       0.69369196615493656     
   3.1499999999999999       0.69373867052069926     
   3.1570000000000005       0.69382062465398275     
   3.1640000000000001       0.69375650318005699     
   3.1710000000000003       0.69424315970538919     
   3.1779999999999999       0.69434230206652825     
   3.1850000000000001       0.69420173090765003     
   3.1920000000000002       0.69424942143782775     
   3.1990000000000003       0.69478465029507042     
   3.2060000000000000       0.69552536929731423     
   3.2130000000000001       0.69529346170844653     
   3.2199999999999998       0.69523355971011824     
   3.2270000000000003       0.69561485451096172     
   3.2340000000000000       0.69616806748346538     
   3.2410000000000001       0.69627555667205387     
   3.2479999999999998       0.69687817859957935     
   3.2550000000000003       0.69710469038878076     
   3.2620000000000000       0.69692716519042919     
   3.2690000000000001       0.69719997506067399     
   3.2759999999999998       0.69713399838702106     
   3.2830000000000004       0.69762838801567428     
   3.2900000000000005       0.69753827110573230     
   3.2970000000000002       0.69797342408622676     
   3.3040000000000003       0.69830647259283340     
   3.3109999999999999       0.69851044595500777     
   3.3180000000000005       0.69871759257940713     
   3.3250000000000002       0.69910986101863504     
   3.3320000000000003       0.69918797205131389     
   3.3390000000000000       0.69893332443265788     
   3.3460000000000005       0.69954197681720431     
   3.3530000000000002       0.70015892449807304     
   3.3600000000000003       0.70074499972170434     
   3.3670000000000000       0.70102935782133047     
   3.3740000000000001       0.70111351641723862     
   3.3810000000000002       0.70167940663925699     
   3.3880000000000003       0.70191061606806870     
   3.3950000000000000       0.70208178988304526     
   3.4020000000000001       0.70201994734304229     
   3.4090000000000003       0.70298522447685585     
   3.4160000000000004       0.70325015125166856     
   3.4230000000000000       0.70369044973429618     
   3.4300000000000002       0.70377025840326368     
   3.4369999999999998       0.70412254934671958     
   3.4440000000000004       0.70413423319675850     
   3.4510000000000001       0.70507338437659861     
   3.4580000000000002       0.70518597983070153     
   3.4649999999999999       0.70514228360572995     
   3.4720000000000004       0.70582057863021830     
   3.4790000000000001       0.70627231624049935     
   3.4860000000000002       0.70645557391284597     
   3.4929999999999999       0.70687297777010827     
   3.5000000000000004       0.70641934400192641     
   3.5070000000000001       0.70647218312807902     
   3.5140000000000002       0.70685084873192172     
   3.5209999999999999       0.70749180753245455     
   3.5280000000000000       0.70813714699661146     
   3.5350000000000001       0.70779169212961546     
   3.5420000000000003       0.70826139652931508     
   3.5489999999999999       0.70848742025673095     
   3.5560000000000000       0.70866796054292225     
   3.5629999999999997       0.70884421322266944     
   3.5700000000000003       0.70953902280729808     
   3.5770000000000000       0.70974168357472267     
   3.5840000000000001       0.70978673734694098     
   3.5910000000000002       0.71038088257808729     
   3.5980000000000003       0.71078934000008398     
   3.6050000000000004       0.71088719278722967     
   3.6120000000000001       0.71113847226356353     
   3.6190000000000002       0.71142229865864326     
   3.6260000000000003       0.71159477650940239     
   3.6330000000000005       0.71170675379337311     
   3.6400000000000001       0.71240610204576471     
   3.6470000000000002       0.71285034746499565     
   3.6539999999999999       0.71356787416654111     
   3.6610000000000005       0.71422744332231292     
   3.6680000000000001       0.71482414353437507     
   3.6750000000000003       0.71517978629820866     
   3.6819999999999999       0.71495271326385401     
   3.6890000000000005       0.71514959705503411     
   3.6960000000000002       0.71562936173461211     
   3.7030000000000003       0.71601091587255428     
   3.7100000000000000       0.71614530626890338     
   3.7170000000000005       0.71656437585424371     
   3.7240000000000002       0.71689621078411347     
   3.7310000000000003       0.71762504512295622     
   3.7380000000000000       0.71790017958573182     
   3.7450000000000001       0.71815174754538658     
   3.7520000000000002       0.71850676195016960     
   3.7590000000000003       0.71859530039460684     
   3.7660000000000000       0.71918296080861321     
   3.7730000000000001       0.71933858739366330     
   3.7799999999999998       0.72005143899529500     
   3.7870000000000004       0.71985124742727835     
   3.7940000000000000       0.72009164037450324     
   3.8010000000000002       0.71992774312449692     
   3.8079999999999998       0.72061792344498721     
   3.8150000000000004       0.72086138904447494     
   3.8220000000000001       0.72147661725511347     
   3.8290000000000002       0.72136312553103488     
   3.8359999999999999       0.72158102393760326     
   3.8430000000000004       0.72186951230776164     
   3.8500000000000001       0.72223426848061190     
   3.8570000000000002       0.72249649615381784     
   3.8639999999999999       0.72327383945177481     
   3.8710000000000000       0.72374976449685602     
   3.8780000000000001       0.72445543148714109     
   3.8850000000000002       0.72502140247999169     
   3.8920000000000003       0.72482483489118388     
   3.8990000000000000       0.72505137964482058     
   3.9060000000000006       0.72555624196625135     
   3.9130000000000003       0.72590081405924622     
   3.9200000000000004       0.72619210133469170     
   3.9270000000000000       0.72637333241032065     
   3.9340000000000006       0.72677380670061364     
   3.9410000000000003       0.72713540034669200     
   3.9480000000000004       0.72731934977917023     
   3.9550000000000001       0.72793390832514238     
   3.9620000000000002       0.72766881215321333     
   3.9690000000000003       0.72835505603759210     
   3.9760000000000004       0.72898741930428179     
   3.9830000000000001       0.72904958500631956     
   3.9900000000000002       0.72990630601276596     
   3.9969999999999999       0.73049584778163246     
   4.0040000000000004       0.73134464707304392     
   4.0110000000000001       0.73152644312861681     
   4.0180000000000007       0.73208459470585963     
   4.0250000000000004       0.73269557644388006     
   4.0320000000000000       0.73318147442066173     
   4.0389999999999997       0.73280276258708699     
   4.0460000000000003       0.73278394867115337     
   4.0529999999999999       0.73251991871075195     
   4.0600000000000005       0.73291751405851002     
   4.0670000000000002       0.73315720610016688     
   4.0739999999999998       0.73305269165144005     
   4.0810000000000004       0.73339027689660408     
   4.0880000000000001       0.73361202497229283     
   4.0949999999999998       0.73402579628734421     
   4.1020000000000003       0.73419312365826794     
   4.1090000000000000       0.73386814232971120     
   4.1160000000000005       0.73418670884428183     
   4.1230000000000002       0.73445508949840455     
   4.1299999999999999       0.73471793140260344     
   4.1369999999999996       0.73445879879984732     
   4.1440000000000001       0.73461990520433729     
   4.1509999999999998       0.73435234772868985     
   4.1580000000000004       0.73499952708753136     
   4.1650000000000000       0.73514151389081983     
   4.1720000000000006       0.73541777224665972     
   4.1790000000000003       0.73580161465937155     
   4.1859999999999999       0.73660809021383122     
   4.1930000000000005       0.73722991859244325     
   4.2000000000000002       0.73710749251195196     
   4.2070000000000007       0.73770419108808605     
   4.2140000000000004       0.73792265155083392     
   4.2210000000000001       0.73797512004976351     
   4.2279999999999998       0.73819156509008144     
   4.2350000000000003       0.73828761059330916     
   4.2420000000000000       0.73872359367919760     
   4.2490000000000006       0.73956380409960631     
   4.2560000000000002       0.74028648751202175     
   4.2630000000000008       0.74048323456992104     
   4.2700000000000005       0.74085616475193339     
   4.2770000000000001       0.74088731724061585     
   4.2839999999999998       0.74069427310361324     
   4.2910000000000004       0.74072160501094642     
   4.2980000000000000       0.74049269335334411     
   4.3050000000000006       0.74076148963975075     
   4.3120000000000003       0.74151076383903125     
   4.3190000000000000       0.74149343267868828     
   4.3260000000000005       0.74212655948800810     
   4.3330000000000002       0.74205419630560643     
   4.3399999999999999       0.74232194118941852     
   4.3470000000000004       0.74250211189815329     
   4.3540000000000001       0.74256845830292917     
   4.3610000000000007       0.74286327903405192     
   4.3680000000000003       0.74309414312457556     
   4.3750000000000000       0.74285850783756802     
   4.3819999999999997       0.74314500645722170     
   4.3890000000000002       0.74390204960703821     
   4.3959999999999999       0.74413308682152712     
   4.4030000000000005       0.74446321434338747     
   4.4100000000000001       0.74500370796718141     
   4.4169999999999998       0.74511941287146899     
   4.4240000000000004       0.74546414341432043     
   4.4310000000000000       0.74570738605506370     
   4.4379999999999997       0.74641666839018195     
   4.4450000000000003       0.74692536198810011     
   4.4520000000000000       0.74744274749902573     
   4.4590000000000005       0.74807477417259471     
   4.4660000000000002       0.74814007541132854     
   4.4729999999999999       0.74804939314189733     
   4.4800000000000004       0.74845485409532231     
   4.4870000000000001       0.74811455864481580     
   4.4940000000000007       0.74878745557192861     
   4.5010000000000003       0.74846477203447803     
   4.5080000000000000       0.74909575270704609     
   4.5150000000000006       0.74905089339407660     
   4.5220000000000002       0.74923400834526066     
   4.5289999999999999       0.74955529571641677     
   4.5360000000000005       0.74919607971382451     
   4.5430000000000010       0.74893944359442821     
   4.5499999999999998       0.74929485628959525     
   4.5570000000000004       0.74954227187857714     
   4.5640000000000001       0.74968354494750999     
   4.5710000000000006       0.75009250145231254     
   4.5780000000000003       0.75062659092308581     
   4.5850000000000000       0.75081377217338319     
   4.5920000000000005       0.75078688040256680     
   4.5990000000000002       0.75108448348976953     
   4.6059999999999999       0.75139940606310140     
   4.6130000000000004       0.75146497380356414     
   4.6200000000000001       0.75186705399823817     
   4.6270000000000007       0.75228809299281463     
   4.6339999999999995       0.75317771639302211     
   4.6410000000000000       0.75362870374136215     
   4.6480000000000006       0.75438031917582404     
   4.6550000000000002       0.75447937733196269     
   4.6619999999999999       0.75513708040247485     
   4.6690000000000005       0.75575794737890756     
   4.6760000000000002       0.75642027471827544     
   4.6830000000000007       0.75622275760614721     
   4.6899999999999995       0.75676399706382147     
   4.6970000000000001       0.75706798098916217     
   4.7040000000000006       0.75707841445622348     
   4.7110000000000003       0.75708284137315540     
   4.7180000000000000       0.75716785026426148     
   4.7249999999999996       0.75750973385962728     
   4.7320000000000002       0.75792774052782563     
   4.7390000000000008       0.75825629716756160     
   4.7459999999999996       0.75838179788599658     
   4.7530000000000001       0.75857975842000358     
   4.7600000000000007       0.75890827876805378     
   4.7670000000000003       0.75921049613394342     
   4.7740000000000000       0.75913209761777833     
   4.7809999999999997       0.75980211599846570     
   4.7880000000000003       0.76038670491096161     
   4.7950000000000008       0.76038138515153164     
   4.8020000000000005       0.76015297123103687     
   4.8090000000000002       0.76009518243564234     
   4.8159999999999998       0.76019651178745917     
   4.8230000000000004       0.76009093608426448     
   4.8300000000000010       0.76039981758679298     
   4.8369999999999997       0.76029837009469192     
   4.8440000000000003       0.76067057645622127     
   4.8510000000000000       0.76078793632568020     
   4.8580000000000005       0.76146902252655579     
   4.8650000000000002       0.76167925582478146     
   4.8719999999999999       0.76141936120823950     
   4.8790000000000004       0.76143997565416521     
   4.8860000000000010       0.76134496016631326     
   4.8929999999999998       0.76144759456785915     
   4.9000000000000004       0.76151385765660162     
   4.9070000000000000       0.76177693395756407     
   4.9140000000000006       0.76231387970941888     
   4.9210000000000003       0.76266676159113334     
   4.9279999999999999       0.76313908534078501     
   4.9350000000000005       0.76338825049810954     
   4.9420000000000002       0.76366923268377085     
   4.9489999999999998       0.76404952431617157     
   4.9560000000000004       0.76429853165428219     
   4.9630000000000001       0.76473460996854514     
   4.9700000000000006       0.76498826438473400     
   4.9769999999999994       0.76507274083940657     
   4.9840000000000000       0.76490728257846352     
   4.9910000000000005       0.76494730346279449     
   4.9980000000000002       0.76566959951156144     
   5.0049999999999999       0.76544375195297154     
   5.0120000000000005       0.76572428122746827     
   5.0190000000000001       0.76597278212141573     
   5.0260000000000007       0.76639404360060170     
   5.0329999999999995       0.76629635626101122     
   5.0400000000000000       0.76634156413594157     
   5.0470000000000006       0.76630213097441391     
   5.0540000000000003       0.76686274359125850     
   5.0609999999999999       0.76721366582769268     
   5.0679999999999996       0.76737520138061477     
   5.0750000000000002       0.76727510674794963     
   5.0820000000000007       0.76798739281229333     
   5.0890000000000004       0.76807408029477886     
   5.0960000000000001       0.76885410137690502     
   5.1030000000000006       0.76890764869493688     
   5.1100000000000003       0.76907986754895874     
   5.1170000000000009       0.76880349915449686     
   5.1239999999999997       0.76852570110270890     
   5.1310000000000002       0.76868521336599693     
   5.1380000000000008       0.76849074412941365     
   5.1450000000000005       0.76842517444144987     
   5.1520000000000001       0.76832716448903216     
   5.1589999999999998       0.76818132905002856     
   5.1660000000000004       0.76820290102628175     
   5.1730000000000009       0.76787467160265166     
   5.1799999999999997       0.76808282415941076     
   5.1870000000000003       0.76818038254955856     
   5.1940000000000000       0.76875323147256958     
   5.2010000000000005       0.76863758253429704     
   5.2080000000000002       0.76883139688810875     
   5.2149999999999999       0.76853211292042989     
   5.2220000000000004       0.76834864229246980     
   5.2290000000000010       0.76841424920222989     
   5.2359999999999998       0.76830110376852301     
   5.2430000000000003       0.76848017100563670     
   5.2500000000000000       0.76882666795907606     
   5.2570000000000006       0.76883210352800346     
   5.2640000000000002       0.76905747212281139     
   5.2709999999999999       0.76938293616316100     
   5.2780000000000005       0.76914204065551361     
   5.2850000000000001       0.76952224626108545     
   5.2919999999999998       0.76969845704033246     
   5.2990000000000004       0.76996894332044830     
   5.3060000000000000       0.77053076077818350     
   5.3130000000000006       0.77079304895008405     
   5.3199999999999994       0.77100479888205908     
   5.3270000000000000       0.77165240670021684     
   5.3340000000000005       0.77189156111116264     
   5.3410000000000002       0.77199779520795075     
   5.3479999999999999       0.77170161312824170     
   5.3550000000000004       0.77190430982502833     
   5.3620000000000001       0.77185789193099752     
   5.3690000000000007       0.77220410625394864     
   5.3759999999999994       0.77214960063511962     
   5.3830000000000000       0.77222314010164572     
   5.3900000000000006       0.77248179576352194     
   5.3970000000000002       0.77264382830187062     
   5.4040000000000008       0.77251475920462120     
   5.4109999999999996       0.77225838073241615     
   5.4180000000000001       0.77253872781734190     
   5.4250000000000007       0.77279116663211678     
   5.4320000000000004       0.77247576339003765     
   5.4390000000000001       0.77271739228800784     
   5.4460000000000006       0.77307049102241465     
   5.4530000000000003       0.77315373353143124     
   5.4600000000000009       0.77310427524105307     
   5.4669999999999996       0.77329640095098917     
   5.4740000000000002       0.77358231448382164     
   5.4810000000000008       0.77362696959662280     
   5.4880000000000004       0.77374411043722846     
   5.4950000000000001       0.77346270346363222     
   5.5019999999999998       0.77359129962620077     
   5.5090000000000003       0.77383745071810628     
   5.5160000000000009       0.77427200704176535     
   5.5229999999999997       0.77427880446253916     
   5.5300000000000002       0.77421745592684310     
   5.5370000000000008       0.77453701476629955     
   5.5440000000000005       0.77464524160642134     
   5.5510000000000002       0.77462635329335572     
   5.5579999999999998       0.77460754984871671     
   5.5650000000000004       0.77491689924503393     
   5.5720000000000010       0.77518001632567102     
   5.5789999999999997       0.77532979400472668     
   5.5860000000000003       0.77546022913724011     
   5.5930000000000000       0.77596726603794008     
   5.6000000000000005       0.77569743801803659     
   5.6070000000000002       0.77609555843240330     
   5.6139999999999999       0.77667204942508439     
   5.6210000000000004       0.77654755660368147     
   5.6280000000000001       0.77658746084995012     
   5.6349999999999998       0.77660683799143471     
   5.6420000000000003       0.77680254707712992     
   5.6490000000000000       0.77673503312287484     
   5.6560000000000006       0.77718642080857847     
   5.6629999999999994       0.77725655832232410     
   5.6699999999999999       0.77740578865528143     
   5.6770000000000005       0.77743269715816854     
   5.6840000000000002       0.77670161691945394     
   5.6910000000000007       0.77686656202786342     
   5.6980000000000004       0.77683045488958846     
   5.7050000000000001       0.77707695761691742     
   5.7120000000000006       0.77687748145476165     
   5.7190000000000003       0.77681685179253901     
   5.7260000000000000       0.77685322733122242     
   5.7330000000000005       0.77675020090596203     
   5.7400000000000002       0.77693375641737794     
   5.7470000000000008       0.77694642777730416     
   5.7539999999999996       0.77711227046819298     
   5.7610000000000001       0.77744308122750982     
   5.7680000000000007       0.77758738267143845     
   5.7750000000000004       0.77710494921039297     
   5.7820000000000000       0.77707608500954550     
   5.7890000000000006       0.77738089678375144     
   5.7960000000000003       0.77720852485619618     
   5.8030000000000008       0.77740462365827434     
   5.8099999999999996       0.77730591788307413     
   5.8170000000000002       0.77762430118682713     
   5.8240000000000007       0.77829937579889796     
   5.8310000000000004       0.77797597465905433     
   5.8380000000000001       0.77877681139861044     
   5.8449999999999998       0.77921546670595299     
   5.8520000000000003       0.77954782836030645     
   5.8590000000000009       0.77984472567943719     
   5.8659999999999997       0.77983216351389750     
   5.8730000000000002       0.77996290586892358     
   5.8800000000000008       0.77992826634477042     
   5.8870000000000005       0.77990810282907919     
   5.8940000000000001       0.77995733719816585     
   5.9009999999999998       0.78006122446044956     
   5.9080000000000004       0.78021909945251267     
   5.9150000000000009       0.78004181797216920     
   5.9219999999999997       0.77988085484354575     
   5.9290000000000003       0.77972570138603847     
   5.9359999999999999       0.77982609972544104     
   5.9430000000000005       0.77973830211491568     
   5.9500000000000002       0.78034153303659093     
   5.9569999999999999       0.78033665848909295     
   5.9640000000000004       0.78016969787856416     
   5.9710000000000001       0.78040632102485297     
   5.9780000000000006       0.78043729388183603     
   5.9850000000000003       0.78122190751238063     
   5.9920000000000000       0.78133034893309783     
