   0.0000000000000000       0.99999999999992961     
   6.0000000000000001E-003  0.99165499451821859     
   1.2000000000000000E-002  0.99854286610941245     
   1.7999999999999999E-002  0.99832818861731376     
   2.4000000000000000E-002  0.99833718463623311     
   3.0000000000000002E-002  0.99821702452481553     
   3.5999999999999997E-002  0.99768933499535251     
   4.2000000000000003E-002  0.99698532403754891     
   4.8000000000000001E-002  0.99706907222105801     
   5.4000000000000006E-002  0.99670676046202156     
   6.0000000000000005E-002  0.99623737380014743     
   6.6000000000000003E-002  0.99586200603620867     
   7.1999999999999995E-002  0.99476242878184784     
   7.8000000000000000E-002  0.99414247980847859     
   8.4000000000000005E-002  0.99373336369720244     
   9.0000000000000011E-002  0.99356696283001877     
   9.6000000000000002E-002  0.99191882078724147     
  0.10200000000000001       0.99131594568335024     
  0.10800000000000001       0.98998708680123859     
  0.11400000000000000       0.99007188738579688     
  0.12000000000000001       0.98865582962302656     
  0.12600000000000000       0.98801255427747148     
  0.13200000000000001       0.98801697511007014     
  0.13800000000000001       0.98662254398662252     
  0.14399999999999999       0.98598970528675278     
  0.15000000000000002       0.98593005648201959     
  0.15600000000000000       0.98577301305555642     
  0.16200000000000001       0.98545665420612638     
  0.16800000000000001       0.98515857434993470     
  0.17399999999999999       0.98512930285218869     
  0.18000000000000002       0.98401589509217202     
  0.18600000000000003       0.98347578194539698     
  0.19200000000000000       0.98275787943485382     
  0.19800000000000001       0.98251807527904889     
  0.20400000000000001       0.98206649068550855     
  0.21000000000000002       0.98152821757096942     
  0.21600000000000003       0.98089453817110939     
  0.22200000000000000       0.97975481221036587     
  0.22800000000000001       0.97906315207901184     
  0.23400000000000001       0.97810484524773245     
  0.24000000000000002       0.97752067368111140     
  0.24600000000000002       0.97636620409647579     
  0.25200000000000000       0.97538349123406765     
  0.25800000000000001       0.97461249662329108     
  0.26400000000000001       0.97393966326163006     
  0.27000000000000002       0.97322977139759614     
  0.27600000000000002       0.97216959177141871     
  0.28199999999999997       0.97104326990189582     
  0.28799999999999998       0.96997374729822494     
  0.29400000000000004       0.96889464692538940     
  0.30000000000000004       0.96769144545135344     
  0.30600000000000005       0.96693828917405533     
  0.31200000000000000       0.96616886642243305     
  0.31800000000000000       0.96594896695218491     
  0.32400000000000001       0.96541946421687563     
  0.33000000000000002       0.96478334161110479     
  0.33600000000000002       0.96320199004838636     
  0.34200000000000003       0.96260057834926971     
  0.34799999999999998       0.96119635942586346     
  0.35400000000000004       0.96019364141156138     
  0.36000000000000004       0.96008386501423981     
  0.36600000000000005       0.95936371046020918     
  0.37200000000000005       0.95795902595908333     
  0.37800000000000000       0.95710833605381684     
  0.38400000000000001       0.95590346022528949     
  0.39000000000000001       0.95492460539558599     
  0.39600000000000002       0.95376801654746246     
  0.40200000000000002       0.95266382104602143     
  0.40800000000000003       0.95156254848102839     
  0.41399999999999998       0.95064214084839527     
  0.42000000000000004       0.94879318539128810     
  0.42600000000000005       0.94712719359136854     
  0.43200000000000005       0.94529780525487828     
  0.43800000000000006       0.94443976232827509     
  0.44400000000000001       0.94274223097945464     
  0.45000000000000001       0.94135522108927339     
  0.45600000000000002       0.94027195779907857     
  0.46200000000000002       0.93869663427486494     
  0.46800000000000003       0.93798525674192734     
  0.47400000000000003       0.93678492128211921     
  0.48000000000000004       0.93521793333145153     
  0.48600000000000004       0.93345945215675985     
  0.49200000000000005       0.93268408290030735     
  0.49800000000000005       0.93148256660390305     
  0.50400000000000000       0.93009171595338891     
  0.51000000000000001       0.92916849484179043     
  0.51600000000000001       0.92834140619673611     
  0.52200000000000002       0.92749081811842693     
  0.52800000000000002       0.92576671559202828     
  0.53400000000000003       0.92421466059119917     
  0.54000000000000004       0.92285705507204940     
  0.54600000000000004       0.92184067416584825     
  0.55200000000000005       0.92093659046737530     
  0.55799999999999994       0.91958957004774267     
  0.56399999999999995       0.91882734409241063     
  0.56999999999999995       0.91738911795873768     
  0.57599999999999996       0.91600754057211331     
  0.58200000000000007       0.91398533874201071     
  0.58800000000000008       0.91309568461388213     
  0.59400000000000008       0.91245514084386081     
  0.60000000000000009       0.91065268107141339     
  0.60600000000000009       0.90997697614237638     
  0.61200000000000010       0.90892833032083853     
  0.61800000000000010       0.90812479870315610     
  0.62400000000000000       0.90766293689039979     
  0.63000000000000000       0.90743546158177146     
  0.63600000000000001       0.90507065267045295     
  0.64200000000000002       0.90367517240046902     
  0.64800000000000002       0.90215075137487866     
  0.65400000000000003       0.90039936066650272     
  0.66000000000000003       0.89908200214715162     
  0.66600000000000004       0.89774206259452316     
  0.67200000000000004       0.89658131574267375     
  0.67800000000000005       0.89497141849412531     
  0.68400000000000005       0.89317698654318334     
  0.68999999999999995       0.89176984112309166     
  0.69599999999999995       0.89078873991636898     
  0.70199999999999996       0.88858240382541276     
  0.70800000000000007       0.88748736301952180     
  0.71400000000000008       0.88647070781954262     
  0.72000000000000008       0.88583064099342523     
  0.72600000000000009       0.88601851198971049     
  0.73200000000000010       0.88462429680232546     
  0.73800000000000010       0.88343895062296518     
  0.74400000000000011       0.88224391904014687     
  0.75000000000000011       0.88199441610539564     
  0.75600000000000001       0.88132606323132701     
  0.76200000000000001       0.88042523690177377     
  0.76800000000000002       0.87944651363423165     
  0.77400000000000002       0.87837851770648734     
  0.78000000000000003       0.87717851147026482     
  0.78600000000000003       0.87624697807308827     
  0.79200000000000004       0.87466890034745215     
  0.79800000000000004       0.87458018601188892     
  0.80400000000000005       0.87377993827450007     
  0.81000000000000005       0.87254168978893654     
  0.81600000000000006       0.87153334626446588     
  0.82199999999999995       0.87039677401726157     
  0.82799999999999996       0.86875166389912173     
  0.83400000000000007       0.86765791344869003     
  0.84000000000000008       0.86683850504395310     
  0.84600000000000009       0.86524761464872069     
  0.85200000000000009       0.86435444581548104     
  0.85800000000000010       0.86178836736689379     
  0.86400000000000010       0.86018611241883380     
  0.87000000000000011       0.85862413147659689     
  0.87600000000000011       0.85688806673474505     
  0.88200000000000012       0.85537413359307179     
  0.88800000000000001       0.85340956059443940     
  0.89400000000000002       0.85272905977869506     
  0.90000000000000002       0.85172883363866414     
  0.90600000000000003       0.85007432101536484     
  0.91200000000000003       0.84966307319543410     
  0.91800000000000004       0.84832342922304682     
  0.92400000000000004       0.84801551996673141     
  0.93000000000000005       0.84667932667959100     
  0.93600000000000005       0.84593494145895021     
  0.94200000000000006       0.84520689749200784     
  0.94800000000000006       0.84449372437311521     
  0.95399999999999996       0.84337166236619898     
  0.96000000000000008       0.84205996593639476     
  0.96600000000000008       0.84118287253897528     
  0.97200000000000009       0.84081828688864768     
  0.97800000000000009       0.83952070206854457     
  0.98400000000000010       0.83810697889552044     
  0.99000000000000010       0.83855595547943196     
  0.99600000000000011       0.83778941815850405     
   1.0020000000000000       0.83688742099160207     
   1.0080000000000000       0.83581865748312423     
   1.0140000000000000       0.83566167453441309     
   1.0200000000000000       0.83389004734776129     
   1.0260000000000000       0.83268180680023129     
   1.0320000000000000       0.83170921965390920     
   1.0380000000000000       0.83016766949957710     
   1.0440000000000000       0.82907417097929081     
   1.0500000000000000       0.82787286703258278     
   1.0560000000000000       0.82828135874023312     
   1.0620000000000001       0.82729790951928861     
   1.0680000000000001       0.82623888112840516     
   1.0740000000000001       0.82420534495122633     
   1.0800000000000001       0.82231893733949413     
   1.0860000000000001       0.82134717868334850     
   1.0920000000000001       0.82033940939770145     
   1.0980000000000001       0.81862761615439372     
   1.1040000000000001       0.81721545710724175     
   1.1100000000000001       0.81632472077754759     
   1.1159999999999999       0.81526191831894190     
   1.1219999999999999       0.81444850739508756     
   1.1279999999999999       0.81378142154754030     
   1.1339999999999999       0.81341017957225537     
   1.1399999999999999       0.81173902297851930     
   1.1459999999999999       0.81001037491416583     
   1.1519999999999999       0.80895061450962247     
   1.1580000000000001       0.80839585337668474     
   1.1640000000000001       0.80734697910591424     
   1.1700000000000002       0.80590771722469867     
   1.1760000000000002       0.80459020606897169     
   1.1820000000000002       0.80457344057103697     
   1.1880000000000002       0.80326782042363987     
   1.1940000000000002       0.80195802607515687     
   1.2000000000000002       0.80090489184774483     
   1.2060000000000002       0.79908080958633376     
   1.2120000000000002       0.79788050643827346     
   1.2180000000000002       0.79672680767443460     
   1.2240000000000002       0.79640640040534905     
   1.2300000000000002       0.79432109932731088     
   1.2360000000000002       0.79429469350458815     
   1.2420000000000002       0.79339829318633492     
   1.2480000000000000       0.79201951332802278     
   1.2540000000000000       0.79061391343118670     
   1.2600000000000000       0.79070214129116501     
   1.2660000000000000       0.78960797127676985     
   1.2720000000000000       0.78886724602109526     
   1.2780000000000000       0.78742034981709519     
   1.2840000000000000       0.78542190507585441     
   1.2900000000000000       0.78503580493517033     
   1.2960000000000000       0.78395735279846257     
   1.3020000000000000       0.78406847485225317     
   1.3080000000000001       0.78283906614077192     
   1.3140000000000001       0.78211386444928055     
   1.3200000000000001       0.78069233068487132     
   1.3260000000000001       0.78051390459304415     
   1.3320000000000001       0.77922075926440248     
   1.3380000000000001       0.77814646849398195     
   1.3440000000000001       0.77651774378129224     
   1.3500000000000001       0.77574066044534906     
   1.3560000000000001       0.77437547004622909     
   1.3620000000000001       0.77221615008917743     
   1.3680000000000001       0.77022567183458346     
   1.3740000000000001       0.76933226055227089     
   1.3799999999999999       0.76809837056566566     
   1.3859999999999999       0.76668011152793658     
   1.3919999999999999       0.76518083607850762     
   1.3979999999999999       0.76404174602525832     
   1.4039999999999999       0.76182828248632484     
   1.4100000000000001       0.76040511326626148     
   1.4160000000000001       0.76006699044056947     
   1.4220000000000002       0.75895441951905795     
   1.4280000000000002       0.75788003517079339     
   1.4340000000000002       0.75684220105524080     
   1.4400000000000002       0.75642923822724573     
   1.4460000000000002       0.75506588138128949     
   1.4520000000000002       0.75366573842816742     
   1.4580000000000002       0.75164821548605110     
   1.4640000000000002       0.74974959264445196     
   1.4700000000000002       0.74859530197181245     
   1.4760000000000002       0.74686648379782672     
   1.4820000000000002       0.74508676121458139     
   1.4880000000000002       0.74336607770851038     
   1.4940000000000002       0.74239712904981381     
   1.5000000000000002       0.74150628229555804     
   1.5060000000000002       0.74110994539984953     
   1.5120000000000000       0.74026263562064987     
   1.5180000000000000       0.73890899430484047     
   1.5240000000000000       0.73779307217001566     
   1.5300000000000000       0.73620524342838367     
   1.5360000000000000       0.73539981502634655     
   1.5420000000000000       0.73426972950795732     
   1.5480000000000000       0.73310068062633715     
   1.5540000000000000       0.73051364016321874     
   1.5600000000000001       0.72980657768128210     
   1.5660000000000001       0.72866969952222915     
   1.5720000000000001       0.72708224780828412     
   1.5780000000000001       0.72554028048859320     
   1.5840000000000001       0.72494536881924798     
   1.5900000000000001       0.72415289573236641     
   1.5960000000000001       0.72176650470677728     
   1.6020000000000001       0.72073937094631990     
   1.6080000000000001       0.71983149064373353     
   1.6140000000000001       0.71911389098609613     
   1.6200000000000001       0.71782620662961827     
   1.6260000000000001       0.71694258613618789     
   1.6320000000000001       0.71516077176255255     
   1.6380000000000001       0.71399232200833573     
   1.6439999999999999       0.71362831046334896     
   1.6499999999999999       0.71341673475944034     
   1.6559999999999999       0.71209353446849655     
   1.6619999999999999       0.71090922567897452     
   1.6680000000000001       0.70873019797091330     
   1.6740000000000002       0.70785544584460180     
   1.6800000000000002       0.70590972503537297     
   1.6860000000000002       0.70408657969002686     
   1.6920000000000002       0.70352034227550930     
   1.6980000000000002       0.70310977796398288     
   1.7040000000000002       0.70288127293396341     
   1.7100000000000002       0.70151145250306668     
   1.7160000000000002       0.69929811651212614     
   1.7220000000000002       0.69874763090561043     
   1.7280000000000002       0.69804973329921660     
   1.7340000000000002       0.69569689410631330     
   1.7400000000000002       0.69479258893633622     
   1.7460000000000002       0.69407639186598080     
   1.7520000000000002       0.69326587133185602     
   1.7580000000000002       0.69168520538528211     
   1.7640000000000002       0.69100975328420855     
   1.7700000000000000       0.68895982813834544     
   1.7760000000000000       0.68818730752513158     
   1.7820000000000000       0.68667483031219900     
   1.7880000000000000       0.68488012393202957     
   1.7940000000000000       0.68430696616511000     
   1.8000000000000000       0.68316343164355298     
   1.8060000000000000       0.68161964226093685     
   1.8120000000000001       0.67994442185384296     
   1.8180000000000001       0.67904159081978299     
   1.8240000000000001       0.67815274535022108     
   1.8300000000000001       0.67676521292168601     
   1.8360000000000001       0.67554662953201761     
   1.8420000000000001       0.67476181087252785     
   1.8480000000000001       0.67484937826733471     
   1.8540000000000001       0.67354044297751969     
   1.8600000000000001       0.67313945000961006     
   1.8660000000000001       0.67328263222165696     
   1.8720000000000001       0.67328469254593049     
   1.8780000000000001       0.67117256436469686     
   1.8840000000000001       0.67112487015665845     
   1.8900000000000001       0.66949697676598485     
   1.8960000000000001       0.66819555722678026     
   1.9020000000000001       0.66780547662754652     
   1.9079999999999999       0.66695844774148461     
   1.9139999999999999       0.66619635430097512     
   1.9200000000000002       0.66561471472592981     
   1.9260000000000002       0.66512772046286206     
   1.9320000000000002       0.66400709999563468     
   1.9379999999999999       0.66362243407944765     
   1.9440000000000002       0.66303887476434120     
   1.9500000000000000       0.66125182389081572     
   1.9560000000000002       0.66116222796797941     
   1.9620000000000000       0.65940262382747339     
   1.9680000000000002       0.65827676229011312     
   1.9740000000000000       0.65726843254107636     
   1.9800000000000002       0.65583459316506398     
   1.9860000000000000       0.65593169951759822     
   1.9920000000000002       0.65529631046651915     
   1.9980000000000000       0.65500107681230035     
   2.0040000000000000       0.65445799074285216     
   2.0099999999999998       0.65355015545677941     
   2.0160000000000000       0.65282097995811295     
   2.0219999999999998       0.65196711777498761     
   2.0280000000000000       0.65098101418917298     
   2.0339999999999998       0.64941596312704974     
   2.0400000000000000       0.64790789489288436     
   2.0459999999999998       0.64777647556735685     
   2.0520000000000000       0.64628985867145505     
   2.0580000000000003       0.64588977926976410     
   2.0640000000000001       0.64575698149262750     
   2.0700000000000003       0.64552758211866823     
   2.0760000000000001       0.64402510308366634     
   2.0820000000000003       0.64312713250575781     
   2.0880000000000001       0.64204592932592652     
   2.0940000000000003       0.64151572721538053     
   2.1000000000000001       0.64002166178841735     
   2.1060000000000003       0.63959280393948192     
   2.1120000000000001       0.63913903253072235     
   2.1180000000000003       0.63768076944600871     
   2.1240000000000001       0.63688279453486862     
   2.1300000000000003       0.63568340415891045     
   2.1360000000000001       0.63534972121423550     
   2.1420000000000003       0.63453540164867939     
   2.1480000000000001       0.63388479939482867     
   2.1540000000000004       0.63284335837818095     
   2.1600000000000001       0.63218361326586703     
   2.1660000000000004       0.63178821837356580     
   2.1720000000000002       0.63036229423413470     
   2.1780000000000004       0.63025195716618165     
   2.1840000000000002       0.63013730216199704     
   2.1900000000000004       0.63064276913853190     
   2.1960000000000002       0.63064873499808993     
   2.2020000000000004       0.62962912552561157     
   2.2080000000000002       0.62901297309808868     
   2.2140000000000004       0.62858969407629472     
   2.2200000000000002       0.62737666974737449     
   2.2260000000000004       0.62619987998987980     
   2.2319999999999998       0.62532541565751143     
   2.2380000000000000       0.62431308619629489     
   2.2439999999999998       0.62243936574679815     
   2.2500000000000000       0.62109012325884894     
   2.2559999999999998       0.61985853299145577     
   2.2620000000000000       0.61846528021659575     
   2.2679999999999998       0.61808769512515971     
   2.2740000000000000       0.61679114178660688     
   2.2799999999999998       0.61604599180883057     
   2.2860000000000000       0.61591722968764429     
   2.2919999999999998       0.61587996351790564     
   2.2980000000000000       0.61632556546696526     
   2.3039999999999998       0.61516516768088214     
   2.3100000000000001       0.61556625260266007     
   2.3160000000000003       0.61469916412790837     
   2.3220000000000001       0.61307759806058060     
   2.3280000000000003       0.61201996729091768     
   2.3340000000000001       0.61083218813424289     
   2.3400000000000003       0.61081315661248803     
   2.3460000000000001       0.61057250615725378     
   2.3520000000000003       0.61018194435851258     
   2.3580000000000001       0.61039138082552402     
   2.3640000000000003       0.60939188108141673     
   2.3700000000000001       0.60836361167492548     
   2.3760000000000003       0.60646138351282974     
   2.3820000000000001       0.60570054385683192     
   2.3880000000000003       0.60506663407188921     
   2.3940000000000001       0.60468622981072140     
   2.4000000000000004       0.60378650842284076     
   2.4060000000000001       0.60237595009847833     
   2.4120000000000004       0.60250344168061321     
   2.4180000000000001       0.60143898275123575     
   2.4240000000000004       0.60084915833835351     
   2.4300000000000002       0.59986014907096319     
   2.4360000000000004       0.59952050259141154     
   2.4420000000000002       0.59974728348284156     
   2.4480000000000004       0.59892384443883251     
   2.4540000000000002       0.59889230055890219     
   2.4600000000000004       0.59754383876726236     
   2.4660000000000002       0.59628186190574162     
   2.4720000000000004       0.59507074010675687     
   2.4780000000000002       0.59467207094051244     
   2.4840000000000004       0.59358136905762104     
   2.4900000000000002       0.59270876139183692     
   2.4960000000000000       0.59208749816403028     
   2.5019999999999998       0.59160659859524478     
   2.5080000000000000       0.59166109578602188     
   2.5139999999999998       0.59179732805545471     
   2.5200000000000000       0.59108248337722069     
   2.5259999999999998       0.59108174182192985     
   2.5320000000000000       0.59021273144509745     
   2.5379999999999998       0.58910626039060199     
   2.5440000000000000       0.58892896292806596     
   2.5499999999999998       0.58860691653897401     
   2.5560000000000000       0.58841982377059932     
   2.5620000000000003       0.58837096964376012     
   2.5680000000000001       0.58783562643225740     
   2.5740000000000003       0.58726521277031163     
   2.5800000000000001       0.58715731755040046     
   2.5860000000000003       0.58574574957607894     
   2.5920000000000001       0.58518885259895526     
   2.5980000000000003       0.58481892978167849     
   2.6040000000000001       0.58423343042523901     
   2.6100000000000003       0.58292710613804322     
   2.6160000000000001       0.58355524869564424     
   2.6220000000000003       0.58256115102453954     
   2.6280000000000001       0.58236030262302030     
   2.6340000000000003       0.58203999728215017     
   2.6400000000000001       0.57983250942004261     
   2.6460000000000004       0.57913728876792470     
   2.6520000000000001       0.57836145228105440     
   2.6580000000000004       0.57707650925263743     
   2.6640000000000001       0.57657623603031549     
   2.6700000000000004       0.57549334087617043     
   2.6760000000000002       0.57596945253891474     
   2.6820000000000004       0.57573704509127654     
   2.6880000000000002       0.57554085119789322     
   2.6940000000000004       0.57565844697251167     
   2.7000000000000002       0.57574240315895675     
   2.7060000000000004       0.57529776079411699     
   2.7120000000000002       0.57460680515731155     
   2.7180000000000004       0.57432182305119139     
   2.7240000000000002       0.57415769995869415     
   2.7300000000000004       0.57322861578535667     
   2.7360000000000002       0.57225911955987940     
   2.7420000000000004       0.57238344761373661     
   2.7480000000000002       0.57237324693268210     
   2.7540000000000000       0.57191263140531767     
   2.7599999999999998       0.57127631832821002     
   2.7660000000000000       0.57128619478436804     
   2.7719999999999998       0.57151681828822065     
   2.7780000000000000       0.57069023018956233     
   2.7839999999999998       0.56962952219839003     
   2.7900000000000000       0.56895511596268133     
   2.7959999999999998       0.56811888623013240     
   2.8020000000000000       0.56812190080382552     
   2.8079999999999998       0.56795941194880939     
   2.8140000000000001       0.56749458221452664     
   2.8200000000000003       0.56683111132215314     
   2.8260000000000001       0.56738116015140738     
   2.8320000000000003       0.56746418481954264     
   2.8380000000000001       0.56658376851538650     
   2.8440000000000003       0.56612175220042715     
   2.8500000000000001       0.56541182900403952     
   2.8560000000000003       0.56516171960585548     
   2.8620000000000001       0.56479067932922644     
   2.8680000000000003       0.56392202344727049     
   2.8740000000000001       0.56413102681463934     
   2.8800000000000003       0.56352966414565375     
   2.8860000000000001       0.56257374444740971     
   2.8920000000000003       0.56266674346230650     
   2.8980000000000001       0.56227337762197049     
   2.9040000000000004       0.56171840434908771     
   2.9100000000000001       0.56175055540826058     
   2.9160000000000004       0.56157977820171401     
   2.9220000000000002       0.56208955874867217     
   2.9280000000000004       0.56164435938395851     
   2.9340000000000002       0.56135529250215388     
   2.9400000000000004       0.56093446832537874     
   2.9460000000000002       0.56003852862132864     
   2.9520000000000004       0.55997673506430223     
   2.9580000000000002       0.55985331836356445     
   2.9640000000000004       0.55912229761257970     
   2.9700000000000002       0.55891136856415269     
   2.9760000000000004       0.55970463257760339     
   2.9820000000000002       0.55874309376000064     
   2.9880000000000004       0.55846249261087066     
   2.9940000000000002       0.55810212592953268     
   3.0000000000000004       0.55745496740020295     
   3.0060000000000002       0.55719286169897420     
   3.0120000000000005       0.55665908753686877     
   3.0180000000000002       0.55568073453492717     
   3.0240000000000000       0.55472954613315328     
   3.0299999999999998       0.55547446826740943     
   3.0360000000000000       0.55542754379202453     
   3.0419999999999998       0.55517301522935625     
   3.0480000000000000       0.55549055776537126     
   3.0539999999999998       0.55597135951622267     
   3.0600000000000001       0.55445494357894842     
   3.0659999999999998       0.55303993104829374     
   3.0720000000000001       0.55112324934378576     
   3.0780000000000003       0.55022523170328019     
   3.0840000000000001       0.54962074166779129     
   3.0900000000000003       0.54883281172449638     
   3.0960000000000001       0.54825891255243087     
   3.1020000000000003       0.54774552448395586     
   3.1080000000000001       0.54784976550150410     
   3.1140000000000003       0.54728441855317878     
   3.1200000000000001       0.54701909143763050     
   3.1260000000000003       0.54636124550816523     
   3.1320000000000001       0.54639703722154720     
   3.1380000000000003       0.54623087241546664     
   3.1440000000000001       0.54655907605070730     
   3.1500000000000004       0.54658491410059162     
   3.1560000000000001       0.54571301414046836     
   3.1620000000000004       0.54511805066930696     
   3.1680000000000001       0.54503062505111755     
   3.1740000000000004       0.54464774286307538     
   3.1800000000000002       0.54464394308735631     
   3.1860000000000004       0.54395088322615925     
   3.1920000000000002       0.54424374468107639     
   3.1980000000000004       0.54428058235956633     
   3.2040000000000002       0.54314648204344129     
   3.2100000000000004       0.54178415021316217     
   3.2160000000000002       0.54102402677618766     
   3.2220000000000004       0.54072628200978778     
   3.2280000000000002       0.54034960644132024     
   3.2340000000000004       0.54123699710840745     
   3.2400000000000002       0.54119882765859040     
   3.2460000000000004       0.54063627176502993     
   3.2520000000000002       0.53994045061023255     
   3.2580000000000005       0.53907216482101339     
   3.2640000000000002       0.53894496060330133     
   3.2700000000000005       0.53857777320588840     
   3.2760000000000002       0.53839927247655728     
   3.2820000000000000       0.53789051072094463     
   3.2879999999999998       0.53822841635255314     
   3.2940000000000000       0.53831441320721063     
   3.2999999999999998       0.53921955300033131     
   3.3060000000000000       0.53852357436633935     
   3.3119999999999998       0.53846047069910441     
   3.3180000000000001       0.53917531465646928     
   3.3239999999999998       0.53881542442168029     
   3.3300000000000001       0.53894699888961883     
   3.3360000000000003       0.53816737377841817     
   3.3420000000000001       0.53847334843539507     
   3.3480000000000003       0.53812192025784678     
   3.3540000000000001       0.53723362772976901     
   3.3600000000000003       0.53689417249615889     
   3.3660000000000001       0.53724832631405695     
   3.3720000000000003       0.53663918930334864     
   3.3780000000000001       0.53658591555622615     
   3.3840000000000003       0.53504016154576939     
   3.3900000000000001       0.53471260534255205     
   3.3960000000000004       0.53512572432401473     
   3.4020000000000001       0.53555985204658096     
   3.4080000000000004       0.53461398673425775     
   3.4140000000000001       0.53417441258323184     
   3.4200000000000004       0.53419807297246091     
   3.4260000000000002       0.53480914693985970     
   3.4320000000000004       0.53465938026021687     
   3.4380000000000002       0.53302801093740904     
   3.4440000000000004       0.53368079599445051     
   3.4500000000000002       0.53433908545072117     
   3.4560000000000004       0.53446271916883192     
   3.4620000000000002       0.53436420246156180     
   3.4680000000000004       0.53325489452799202     
   3.4740000000000002       0.53318856950642857     
   3.4800000000000004       0.53290649988303262     
   3.4860000000000002       0.53236700741555287     
   3.4920000000000004       0.53255334426069967     
   3.4980000000000002       0.53186137068561057     
   3.5040000000000004       0.53130464497394314     
   3.5100000000000002       0.53113796926749424     
   3.5160000000000005       0.53119195381997120     
   3.5220000000000002       0.53134447138385155     
   3.5280000000000005       0.53018997705365267     
   3.5340000000000003       0.52867751482639569     
   3.5400000000000000       0.52789510131400019     
   3.5459999999999998       0.52699099236266689     
   3.5520000000000000       0.52626563404796078     
   3.5579999999999998       0.52600710112023863     
   3.5640000000000001       0.52651731235840582     
   3.5699999999999998       0.52646801485752037     
   3.5760000000000001       0.52609137966647168     
   3.5819999999999999       0.52595844980819484     
   3.5880000000000001       0.52578046889257146     
   3.5940000000000003       0.52552152895477378     
   3.6000000000000001       0.52506908415488385     
   3.6060000000000003       0.52469577080126384     
   3.6120000000000001       0.52438044805639905     
   3.6180000000000003       0.52504677746666428     
   3.6240000000000001       0.52532593024154428     
   3.6300000000000003       0.52594991311320505     
   3.6360000000000001       0.52664016031656447     
   3.6420000000000003       0.52603501855546986     
   3.6480000000000001       0.52687020631923909     
   3.6540000000000004       0.52726124588068890     
   3.6600000000000001       0.52676714966392180     
   3.6660000000000004       0.52697417685761472     
   3.6720000000000002       0.52520202858750997     
   3.6780000000000004       0.52441303504424119     
   3.6840000000000002       0.52393267248490372     
   3.6900000000000004       0.52383624508806759     
   3.6960000000000002       0.52461019827037170     
   3.7020000000000004       0.52483091356799094     
   3.7080000000000002       0.52413338126433551     
   3.7140000000000004       0.52448365281235199     
   3.7200000000000002       0.52437836815015171     
   3.7260000000000004       0.52456396536420691     
   3.7320000000000002       0.52436092886488817     
   3.7380000000000004       0.52323833177533796     
   3.7440000000000002       0.52309817086491972     
   3.7500000000000004       0.52248395894664146     
   3.7560000000000002       0.52284907239450429     
   3.7620000000000005       0.52221519330544020     
   3.7680000000000002       0.52203482065823259     
   3.7740000000000005       0.52222900413140172     
   3.7800000000000002       0.52184000338273473     
   3.7860000000000005       0.52086404847556544     
   3.7920000000000003       0.52038111144936239     
   3.7980000000000005       0.52116548158560072     
   3.8040000000000003       0.52132353778829954     
   3.8100000000000001       0.51994239357524352     
   3.8159999999999998       0.51928075654471328     
   3.8220000000000001       0.51817456797036543     
   3.8279999999999998       0.51881585981006617     
   3.8340000000000001       0.51830164071997864     
   3.8400000000000003       0.51831875731144761     
   3.8460000000000001       0.51816833014233854     
   3.8520000000000003       0.51736508077766308     
   3.8580000000000001       0.51715454841031194     
   3.8640000000000003       0.51721640842899008     
   3.8700000000000001       0.51667448309223674     
   3.8759999999999999       0.51631806888476617     
   3.8820000000000001       0.51693007013871195     
   3.8880000000000003       0.51710746851522926     
   3.8940000000000006       0.51575038630065329     
   3.8999999999999999       0.51540469518323340     
   3.9060000000000001       0.51438185605662212     
   3.9120000000000004       0.51494249050899410     
   3.9180000000000006       0.51490400831469552     
   3.9239999999999999       0.51589138659948652     
   3.9300000000000002       0.51550637164662017     
   3.9360000000000004       0.51519119895354371     
   3.9420000000000006       0.51519933440278487     
   3.9480000000000000       0.51472094039266125     
   3.9540000000000002       0.51524219153093020     
   3.9600000000000004       0.51582701833884625     
   3.9660000000000006       0.51594517589297562     
   3.9720000000000000       0.51594688228252239     
   3.9780000000000002       0.51585116512574003     
   3.9840000000000004       0.51554707125450838     
   3.9900000000000007       0.51626262099945730     
   3.9960000000000000       0.51554847030369610     
   4.0019999999999998       0.51586663038195668     
   4.0080000000000000       0.51650115393858209     
   4.0140000000000002       0.51624332921270299     
   4.0199999999999996       0.51571881904742622     
   4.0259999999999998       0.51530375117667793     
   4.0320000000000000       0.51548739071848371     
   4.0380000000000003       0.51527252507348653     
   4.0439999999999996       0.51484575231203100     
   4.0499999999999998       0.51519379769313423     
   4.0560000000000000       0.51558030739324090     
   4.0620000000000003       0.51623382245153504     
   4.0679999999999996       0.51618903249924664     
   4.0739999999999998       0.51624980898431283     
   4.0800000000000001       0.51598500255733859     
   4.0860000000000003       0.51621893090561288     
   4.0919999999999996       0.51652151993313855     
   4.0979999999999999       0.51673825248334027     
   4.1040000000000001       0.51587663156913033     
   4.1100000000000003       0.51602897693797789     
   4.1160000000000005       0.51591204439136340     
   4.1219999999999999       0.51447539945543619     
   4.1280000000000001       0.51443449299791955     
   4.1340000000000003       0.51375645662339831     
   4.1400000000000006       0.51332155609875985     
   4.1459999999999999       0.51292544180955213     
   4.1520000000000001       0.51198192131036790     
   4.1580000000000004       0.51239861137916753     
   4.1640000000000006       0.51209037986112882     
   4.1699999999999999       0.51160984475706328     
   4.1760000000000002       0.51180367140922145     
   4.1820000000000004       0.51161114860306922     
   4.1880000000000006       0.51150848055566212     
   4.1940000000000000       0.51148357689610413     
   4.2000000000000002       0.51084500258152299     
   4.2060000000000004       0.51027324551849129     
   4.2120000000000006       0.51004092447488369     
   4.2180000000000000       0.50866062740988338     
   4.2240000000000002       0.50721454134953747     
   4.2300000000000004       0.50676238541046059     
   4.2360000000000007       0.50696462844505741     
   4.2420000000000000       0.50675820432691687     
   4.2480000000000002       0.50652340865647438     
   4.2540000000000004       0.50601980242461575     
   4.2600000000000007       0.50554302993564237     
   4.2660000000000000       0.50582532477943576     
   4.2720000000000002       0.50601906873961844     
   4.2780000000000005       0.50676729724089620     
   4.2840000000000007       0.50631175821053931     
   4.2900000000000000       0.50614017492905694     
   4.2960000000000003       0.50640882322829228     
   4.3020000000000005       0.50606181065257771     
   4.3080000000000007       0.50618303201247017     
   4.3140000000000001       0.50642861434319353     
   4.3200000000000003       0.50675844087960009     
   4.3260000000000005       0.50699113399770834     
   4.3320000000000007       0.50585975491155666     
   4.3380000000000001       0.50574903479622968     
   4.3440000000000003       0.50604975523771256     
   4.3500000000000005       0.50606883150408721     
   4.3560000000000008       0.50639259562110950     
   4.3620000000000010       0.50645986504188623     
   4.3680000000000003       0.50711800988611533     
   4.3740000000000006       0.50770675646299968     
   4.3800000000000008       0.50792861271590350     
   4.3860000000000010       0.50766035187194480     
   4.3920000000000003       0.50779457533891004     
   4.3980000000000006       0.50674406769402236     
   4.4040000000000008       0.50615902050230022     
   4.4100000000000010       0.50585668761520208     
   4.4160000000000004       0.50475110589411498     
   4.4220000000000006       0.50491316653186080     
   4.4280000000000008       0.50552187696196726     
   4.4340000000000011       0.50543664060520865     
   4.4400000000000004       0.50575475494179467     
   4.4460000000000006       0.50613829762044482     
   4.4520000000000008       0.50630983749218827     
   4.4580000000000002       0.50691413395446594     
   4.4639999999999995       0.50720421748793998     
   4.4699999999999998       0.50758474877739168     
   4.4760000000000000       0.50752460898123497     
   4.4820000000000002       0.50687816426420429     
   4.4879999999999995       0.50665402222003575     
   4.4939999999999998       0.50686820127865639     
   4.5000000000000000       0.50642667953236153     
   4.5060000000000002       0.50655812437965908     
   4.5119999999999996       0.50597293638259067     
   4.5179999999999998       0.50620233608697562     
   4.5240000000000000       0.50717939877464691     
   4.5300000000000002       0.50668753916657250     
   4.5359999999999996       0.50642806854779987     
   4.5419999999999998       0.50573482180702256     
   4.5480000000000000       0.50641083230816131     
   4.5540000000000003       0.50607298094268705     
   4.5599999999999996       0.50583923074580761     
   4.5659999999999998       0.50572887247158504     
   4.5720000000000001       0.50454061721792010     
   4.5780000000000003       0.50530226559047853     
   4.5839999999999996       0.50507089303935671     
   4.5899999999999999       0.50521913514584471     
   4.5960000000000001       0.50520597422098601     
   4.6020000000000003       0.50506189018619874     
   4.6079999999999997       0.50414009814082927     
   4.6139999999999999       0.50388810576193510     
   4.6200000000000001       0.50314570260104929     
   4.6260000000000003       0.50324017836223378     
   4.6320000000000006       0.50395302824604038     
   4.6379999999999999       0.50436307096840560     
   4.6440000000000001       0.50401918732558360     
   4.6500000000000004       0.50428064149626228     
   4.6560000000000006       0.50353692696312213     
   4.6619999999999999       0.50348117310246421     
   4.6680000000000001       0.50362036055504511     
   4.6740000000000004       0.50362240828391092     
   4.6800000000000006       0.50365582267065845     
   4.6859999999999999       0.50329388121526775     
   4.6920000000000002       0.50310502126847645     
   4.6980000000000004       0.50307462735753861     
   4.7040000000000006       0.50268169727382750     
   4.7100000000000000       0.50336030971931056     
   4.7160000000000002       0.50350264624107166     
   4.7220000000000004       0.50378004802335874     
   4.7280000000000006       0.50418091047295122     
   4.7340000000000000       0.50453999747337119     
   4.7400000000000002       0.50457848137837247     
   4.7460000000000004       0.50522764910306905     
   4.7520000000000007       0.50490538622626002     
   4.7580000000000000       0.50449427875652497     
   4.7640000000000002       0.50473754876246180     
   4.7700000000000005       0.50417250476096653     
   4.7760000000000007       0.50406381692449498     
   4.7820000000000000       0.50425287211741465     
   4.7880000000000003       0.50329281154491423     
   4.7940000000000005       0.50361292017755543     
   4.8000000000000007       0.50346917008906178     
   4.8060000000000000       0.50390333611999039     
   4.8120000000000003       0.50368477371954556     
   4.8180000000000005       0.50321289277320491     
   4.8240000000000007       0.50353829657483939     
   4.8300000000000001       0.50337458473396379     
   4.8360000000000003       0.50385659395657723     
   4.8420000000000005       0.50382854173978420     
   4.8480000000000008       0.50364716827470080     
   4.8540000000000001       0.50371214016158228     
   4.8600000000000003       0.50326979514126724     
   4.8660000000000005       0.50346846636638887     
   4.8720000000000008       0.50300499989615621     
   4.8780000000000010       0.50282274511188207     
   4.8840000000000003       0.50256116885053981     
   4.8900000000000006       0.50213497467127344     
   4.8960000000000008       0.50180239123250636     
   4.9020000000000010       0.50167814261817045     
   4.9080000000000004       0.50083481585801193     
   4.9140000000000006       0.50079191306731030     
   4.9200000000000008       0.50082391316191688     
   4.9260000000000010       0.50076128468446168     
   4.9320000000000004       0.49988901445951844     
   4.9380000000000006       0.50029166938134628     
   4.9440000000000008       0.49991671342982891     
   4.9500000000000011       0.50003976063590783     
   4.9560000000000004       0.50022306818583862     
   4.9620000000000006       0.50034261501376476     
   4.9680000000000009       0.49953828456426502     
   4.9740000000000011       0.49980284958391946     
   4.9800000000000004       0.49828438646781792     
   4.9859999999999998       0.49760485160134299     
   4.9920000000000000       0.49749040994872434     
   4.9980000000000002       0.49805194768722882     
   5.0039999999999996       0.49802056245492160     
   5.0099999999999998       0.49786798600925336     
   5.0160000000000000       0.49822220963159031     
   5.0220000000000002       0.49830622457027396     
   5.0279999999999996       0.49776458080848979     
   5.0339999999999998       0.49764814995727880     
   5.0400000000000000       0.49852465687604725     
   5.0460000000000003       0.49820926297296492     
   5.0519999999999996       0.49823195989305241     
   5.0579999999999998       0.49753649826381191     
   5.0640000000000001       0.49767769919688387     
   5.0700000000000003       0.49782126010628786     
   5.0759999999999996       0.49821699414258436     
   5.0819999999999999       0.49770432201349091     
   5.0880000000000001       0.49748769558958711     
   5.0940000000000003       0.49694797198744067     
   5.0999999999999996       0.49754449868901213     
   5.1059999999999999       0.49771913409396307     
   5.1120000000000001       0.49728613503271546     
   5.1180000000000003       0.49790918123585454     
   5.1240000000000006       0.49662011631777780     
   5.1299999999999999       0.49634133708344991     
   5.1360000000000001       0.49619282915868634     
   5.1420000000000003       0.49573513069215963     
   5.1480000000000006       0.49580552523645144     
   5.1539999999999999       0.49566088310881318     
   5.1600000000000001       0.49626693453629661     
   5.1660000000000004       0.49626321222210418     
   5.1720000000000006       0.49576542243070437     
   5.1779999999999999       0.49527062326983162     
   5.1840000000000002       0.49565080077279000     
   5.1900000000000004       0.49598073045710511     
   5.1960000000000006       0.49595955922629786     
   5.2020000000000000       0.49601183683685640     
   5.2080000000000002       0.49567200260273059     
   5.2140000000000004       0.49544135705246645     
   5.2200000000000006       0.49575562347225038     
   5.2260000000000000       0.49544216106730249     
   5.2320000000000002       0.49616187131418082     
   5.2380000000000004       0.49561207533867652     
   5.2440000000000007       0.49631613677422798     
   5.2500000000000000       0.49620346969376600     
   5.2560000000000002       0.49626630222298945     
   5.2620000000000005       0.49608404323448246     
   5.2680000000000007       0.49660881514470046     
   5.2740000000000000       0.49616999825685754     
   5.2800000000000002       0.49695059846932621     
   5.2860000000000005       0.49642551488005382     
   5.2920000000000007       0.49680740623372127     
   5.2980000000000000       0.49758755558040102     
   5.3040000000000003       0.49677414215372789     
   5.3100000000000005       0.49715975952572555     
   5.3160000000000007       0.49752095097460036     
   5.3220000000000001       0.49751531067189797     
   5.3280000000000003       0.49792544157584434     
   5.3340000000000005       0.49844395693970034     
   5.3400000000000007       0.49905791397534666     
   5.3460000000000001       0.49854637659174739     
   5.3520000000000003       0.49836824186135731     
   5.3580000000000005       0.49783750191037845     
   5.3640000000000008       0.49816789306625148     
   5.3700000000000001       0.49896799886088700     
   5.3760000000000003       0.49868345728178104     
   5.3820000000000006       0.49909991355927469     
   5.3880000000000008       0.49929603126629207     
   5.3940000000000010       0.49880773712109328     
   5.4000000000000004       0.49830250363250228     
   5.4060000000000006       0.49864325969849649     
   5.4120000000000008       0.49900552300025069     
   5.4180000000000010       0.49828519577100527     
   5.4240000000000004       0.49764765948521084     
   5.4300000000000006       0.49769131929669602     
   5.4360000000000008       0.49811280803526803     
   5.4420000000000011       0.49814083523705072     
   5.4480000000000004       0.49858944390106891     
   5.4540000000000006       0.49890046169532443     
   5.4600000000000009       0.49940395216610906     
   5.4660000000000011       0.49936985747413876     
   5.4720000000000004       0.49939319741901311     
   5.4780000000000006       0.49979287513773035     
   5.4840000000000009       0.49943284876390975     
   5.4900000000000011       0.49932981611950744     
   5.4960000000000004       0.49857431620032000     
   5.5020000000000007       0.49836798051746245     
   5.5080000000000000       0.49784626012474475     
   5.5140000000000002       0.49802169839687849     
   5.5199999999999996       0.49860608901646236     
   5.5259999999999998       0.49822462177670496     
   5.5320000000000000       0.49792787080219397     
   5.5380000000000003       0.49782520581890893     
   5.5439999999999996       0.49859623111757240     
   5.5499999999999998       0.49853037772332121     
   5.5560000000000000       0.49850239739665803     
   5.5620000000000003       0.49929771934858197     
   5.5679999999999996       0.50049804383648511     
   5.5739999999999998       0.50112565608505755     
   5.5800000000000001       0.50119141787218258     
   5.5860000000000003       0.50098977821053170     
   5.5919999999999996       0.50045896429457715     
   5.5979999999999999       0.50063423997805934     
   5.6040000000000001       0.50039751564776525     
   5.6100000000000003       0.50064417159537800     
   5.6159999999999997       0.50051554244578755     
   5.6219999999999999       0.50156699220741274     
   5.6280000000000001       0.50130496631353560     
   5.6340000000000003       0.50143608460745215     
   5.6400000000000006       0.50130915641007190     
   5.6459999999999999       0.50122868073302795     
   5.6520000000000001       0.50138233712199498     
   5.6580000000000004       0.50172510861642483     
   5.6640000000000006       0.50091617133985611     
   5.6699999999999999       0.50095075622027485     
   5.6760000000000002       0.50067724008178693     
   5.6820000000000004       0.50084443920275812     
   5.6880000000000006       0.50138694311409859     
   5.6940000000000000       0.50068328216768920     
   5.7000000000000002       0.49969551020821162     
   5.7060000000000004       0.50018323061878767     
   5.7120000000000006       0.49981527524673902     
   5.7180000000000000       0.50034936316532852     
   5.7240000000000002       0.50073987837386347     
   5.7300000000000004       0.50052277724610117     
   5.7360000000000007       0.50102064975244243     
   5.7420000000000000       0.50126843112955888     
   5.7480000000000002       0.50138237401398400     
   5.7540000000000004       0.50191436997257777     
   5.7600000000000007       0.50101377868957520     
   5.7660000000000000       0.50109441066458604     
   5.7720000000000002       0.50096346368539024     
   5.7780000000000005       0.50107878739982514     
   5.7840000000000007       0.50000572302475665     
   5.7900000000000000       0.49920418078039619     
   5.7960000000000003       0.49918616953722023     
   5.8020000000000005       0.49932030045803250     
   5.8080000000000007       0.49920019168496726     
   5.8140000000000001       0.49898790379015351     
   5.8200000000000003       0.49870731668792478     
   5.8260000000000005       0.49802215050091597     
   5.8320000000000007       0.49812226069377374     
   5.8380000000000001       0.49871074575665975     
   5.8440000000000003       0.49873219319038709     
   5.8500000000000005       0.49883940424101547     
   5.8560000000000008       0.49858097148276204     
   5.8620000000000001       0.49838619284221691     
   5.8680000000000003       0.49871632877546440     
   5.8740000000000006       0.49810798072393775     
   5.8800000000000008       0.49765912982283561     
   5.8860000000000001       0.49827001560365963     
   5.8920000000000003       0.49786617920627679     
   5.8980000000000006       0.49785808889192562     
   5.9040000000000008       0.49848378214636069     
   5.9100000000000010       0.49824556942606352     
   5.9160000000000004       0.49829316660680384     
   5.9220000000000006       0.49878324148126429     
   5.9280000000000008       0.49829471649248852     
   5.9340000000000011       0.49771408631310066     
   5.9400000000000004       0.49725245155833392     
   5.9460000000000006       0.49718416295343415     
   5.9520000000000008       0.49646204202867517     
   5.9580000000000011       0.49645237522537922     
   5.9640000000000004       0.49571088805979852     
   5.9700000000000006       0.49636780145502279     
   5.9760000000000009       0.49645472776905103     
   5.9820000000000011       0.49703046453564903     
   5.9880000000000004       0.49667621935594408     
   5.9940000000000007       0.49627295377836261     
   6.0000000000000009       0.49565533423946273     
   6.0060000000000011       0.49640094091021769     
   6.0120000000000005       0.49650452611988150     
   6.0180000000000007       0.49651947123605261     
   6.0240000000000009       0.49640690622673217     
   6.0300000000000002       0.49633911300460637     
   6.0360000000000005       0.49582026782484429     
   6.0419999999999998       0.49628768070425139     
   6.0480000000000000       0.49632569889355399     
   6.0540000000000003       0.49631377600383048     
   6.0599999999999996       0.49619079286141243     
   6.0659999999999998       0.49663153348825734     
   6.0720000000000001       0.49741440075815746     
   6.0780000000000003       0.49761404984863455     
   6.0839999999999996       0.49838194003435327     
   6.0899999999999999       0.49891981988176770     
   6.0960000000000001       0.49866131942129444     
   6.1020000000000003       0.49953512125760952     
   6.1079999999999997       0.49985874594909707     
   6.1139999999999999       0.49945638257888453     
   6.1200000000000001       0.49929863268950397     
   6.1260000000000003       0.50024382595868511     
   6.1319999999999997       0.50054008869602729     
   6.1379999999999999       0.49949564528029783     
   6.1440000000000001       0.49985536072086922     
   6.1500000000000004       0.50031995578136024     
   6.1560000000000006       0.49964030455167430     
   6.1619999999999999       0.50010533011623703     
   6.1680000000000001       0.50083081273183316     
   6.1740000000000004       0.50091912458138510     
   6.1800000000000006       0.50118041379260980     
   6.1859999999999999       0.50088585419805864     
   6.1920000000000002       0.50063071481170196     
   6.1980000000000004       0.50096566870826065     
   6.2040000000000006       0.50099503695889436     
   6.2100000000000000       0.50122006118770712     
   6.2160000000000002       0.50054996207659852     
   6.2220000000000004       0.50076627885211500     
   6.2280000000000006       0.50013133647753083     
   6.2340000000000000       0.50016754744963354     
   6.2400000000000002       0.49987563881482822     
   6.2460000000000004       0.49966112817203068     
   6.2520000000000007       0.50004689184263784     
   6.2580000000000000       0.50029450493507610     
   6.2640000000000002       0.49973218252548351     
   6.2700000000000005       0.49965513877071782     
   6.2760000000000007       0.50004458565038945     
   6.2820000000000000       0.50006278346281963     
   6.2880000000000003       0.50019486728498697     
   6.2940000000000005       0.50066011942204214     
   6.3000000000000007       0.49992630796884796     
   6.3060000000000000       0.50021414756526272     
   6.3120000000000003       0.50115781282586092     
   6.3180000000000005       0.50062260448199414     
   6.3240000000000007       0.50096692830277834     
   6.3300000000000001       0.50077729721285302     
   6.3360000000000003       0.50075573892932790     
   6.3420000000000005       0.50074578770807943     
   6.3480000000000008       0.50066343462657092     
   6.3540000000000001       0.50039494989500799     
   6.3600000000000003       0.50026412699725931     
   6.3660000000000005       0.50057494179149986     
   6.3720000000000008       0.50044102108663235     
   6.3780000000000001       0.49952638903088176     
   6.3840000000000003       0.49998843561272516     
   6.3900000000000006       0.50054355223507752     
   6.3960000000000008       0.49976261050613063     
   6.4020000000000010       0.50006154738498598     
   6.4080000000000004       0.50015945115194227     
   6.4140000000000006       0.50027989190852729     
   6.4200000000000008       0.49984678368995816     
   6.4260000000000010       0.50005553067973585     
   6.4320000000000004       0.49957879545420086     
   6.4380000000000006       0.49964828764478902     
   6.4440000000000008       0.49920545664614119     
   6.4500000000000011       0.49936837344024732     
   6.4560000000000004       0.49910135858460747     
   6.4620000000000006       0.49919980288916427     
   6.4680000000000009       0.49990097978899911     
   6.4740000000000011       0.49973862986868212     
   6.4800000000000004       0.50012437353692829     
   6.4860000000000007       0.50011218193626139     
   6.4920000000000009       0.49999962126058450     
   6.4980000000000011       0.49990018431111133     
   6.5040000000000004       0.50043929761604622     
   6.5100000000000007       0.50142682791755133     
   6.5160000000000009       0.50167460608292180     
   6.5220000000000011       0.50138560704555180     
   6.5280000000000005       0.50122916863426825     
   6.5340000000000007       0.50142100128064360     
   6.5400000000000009       0.50160003922288254     
   6.5460000000000012       0.50188054815013838     
   6.5520000000000005       0.50160843711695446     
   6.5580000000000007       0.50112086605711037     
   6.5640000000000001       0.50142499377088456     
   6.5700000000000003       0.50075276008089165     
   6.5759999999999996       0.50091567812061522     
   6.5819999999999999       0.50078753675263632     
   6.5880000000000001       0.50090498630622005     
   6.5940000000000003       0.50059468616053582     
   6.5999999999999996       0.50011169862019245     
   6.6059999999999999       0.50075684185318858     
   6.6120000000000001       0.49976819856377686     
   6.6180000000000003       0.49902474746914055     
   6.6239999999999997       0.49836222010469328     
   6.6299999999999999       0.49788269169541916     
   6.6360000000000001       0.49858129961893866     
   6.6420000000000003       0.49949810080438067     
   6.6479999999999997       0.49919655941501828     
   6.6539999999999999       0.49984112590357926     
   6.6600000000000001       0.50025702583195375     
   6.6660000000000004       0.50128682946042102     
   6.6720000000000006       0.50253246455518130     
   6.6779999999999999       0.50215455991650093     
   6.6840000000000002       0.50231331077375241     
   6.6900000000000004       0.50204165283031621     
   6.6960000000000006       0.50226238184423511     
   6.7020000000000000       0.50230723236555486     
   6.7080000000000002       0.50229727264296686     
   6.7140000000000004       0.50317075957262003     
   6.7200000000000006       0.50332233137562177     
   6.7260000000000000       0.50355307016939888     
   6.7320000000000002       0.50328728579665138     
   6.7380000000000004       0.50352115054239310     
   6.7440000000000007       0.50357370614713781     
   6.7500000000000000       0.50384517464776524     
   6.7560000000000002       0.50423211127827516     
   6.7620000000000005       0.50403392456412122     
   6.7680000000000007       0.50422673853128530     
   6.7740000000000000       0.50396027879448324     
   6.7800000000000002       0.50394616272108772     
   6.7860000000000005       0.50424893347881983     
   6.7920000000000007       0.50424597786046466     
   6.7980000000000000       0.50501451997040536     
   6.8040000000000003       0.50527618465782009     
   6.8100000000000005       0.50520279595288042     
   6.8160000000000007       0.50561095700988001     
   6.8220000000000001       0.50642105250869862     
   6.8280000000000003       0.50546618238424723     
   6.8340000000000005       0.50616467469009074     
   6.8400000000000007       0.50615273345059497     
   6.8460000000000001       0.50596354756362427     
   6.8520000000000003       0.50525801486318600     
   6.8580000000000005       0.50568997531995852     
   6.8640000000000008       0.50570655070318082     
   6.8700000000000001       0.50533092134870294     
   6.8760000000000003       0.50518817391945348     
   6.8820000000000006       0.50461463392009076     
   6.8880000000000008       0.50491568971554046     
   6.8940000000000001       0.50492491601218470     
   6.9000000000000004       0.50415220804096839     
   6.9060000000000006       0.50356818651245150     
   6.9120000000000008       0.50393359966906059     
   6.9180000000000010       0.50398712600108464     
   6.9240000000000004       0.50417549147961227     
   6.9300000000000006       0.50359598114150439     
   6.9360000000000008       0.50344775531562680     
   6.9420000000000011       0.50345339727050342     
   6.9480000000000004       0.50353514748094153     
   6.9540000000000006       0.50393720522472962     
   6.9600000000000009       0.50377939100345026     
   6.9660000000000011       0.50485226396149696     
   6.9720000000000004       0.50353526550599459     
   6.9780000000000006       0.50368135821538473     
   6.9840000000000009       0.50422743318214136     
   6.9900000000000011       0.50467855013564999     
