   0.0000000000000000       0.99999999999990574     
   5.0000000000000001E-003  0.99320868298253662     
   1.0000000000000000E-002  0.99857314871289937     
   1.4999999999999999E-002  0.99850932365282352     
   2.0000000000000000E-002  0.99765586349859625     
   2.5000000000000005E-002  0.99725130861149480     
   2.9999999999999999E-002  0.99679077073762168     
   3.5000000000000003E-002  0.99571454985589924     
   4.0000000000000001E-002  0.99486240388823766     
   4.5000000000000005E-002  0.99452730712066983     
   5.0000000000000010E-002  0.99316160018815525     
   5.5000000000000000E-002  0.99165158099188355     
   5.9999999999999998E-002  0.99080726180425194     
   6.5000000000000002E-002  0.99006519866600518     
   7.0000000000000007E-002  0.98982624191777757     
   7.5000000000000011E-002  0.98819919328047945     
   8.0000000000000002E-002  0.98795003836776785     
   8.5000000000000006E-002  0.98701243288669660     
   9.0000000000000011E-002  0.98586192605358225     
   9.5000000000000001E-002  0.98368287900515783     
  0.10000000000000002       0.98327023631033761     
  0.10500000000000001       0.98182717926581642     
  0.11000000000000000       0.98190333695718279     
  0.11500000000000000       0.98161219737818040     
  0.12000000000000000       0.98029442148968027     
  0.12500000000000003       0.97874102490185433     
  0.13000000000000000       0.97731398533297875     
  0.13500000000000001       0.97748304313162826     
  0.14000000000000001       0.97609139527366640     
  0.14499999999999999       0.97475609173800803     
  0.15000000000000002       0.97325654140242446     
  0.15500000000000003       0.97106206769498171     
  0.16000000000000000       0.97038009763198008     
  0.16500000000000001       0.96883489201258743     
  0.17000000000000001       0.96605262967613281     
  0.17500000000000002       0.96529140662633595     
  0.18000000000000002       0.96377507386950423     
  0.18500000000000003       0.96292393340121030     
  0.19000000000000000       0.95840828121550092     
  0.19500000000000001       0.95576637301409650     
  0.20000000000000004       0.95565465205657185     
  0.20500000000000002       0.95323128305075200     
  0.21000000000000002       0.95083513021210841     
  0.21500000000000002       0.94910780497201852     
  0.22000000000000000       0.94761509367125607     
  0.22500000000000001       0.94644092785871980     
  0.23000000000000001       0.94470934679534702     
  0.23500000000000001       0.94238285539406408     
  0.23999999999999999       0.94206358912633847     
  0.24500000000000005       0.94219907872716724     
  0.25000000000000006       0.94070129840428462     
  0.25500000000000000       0.93959451313724940     
  0.26000000000000001       0.93747796012565399     
  0.26500000000000001       0.93917390509673426     
  0.27000000000000002       0.93916445705496376     
  0.27500000000000002       0.93813332901583879     
  0.28000000000000003       0.93665476339975895     
  0.28500000000000003       0.93544505763935126     
  0.28999999999999998       0.93542034705872978     
  0.29500000000000004       0.93786893938046745     
  0.30000000000000004       0.93655973483762822     
  0.30500000000000005       0.93642293731513926     
  0.31000000000000005       0.93768821063209229     
  0.31500000000000006       0.93728822129294598     
  0.32000000000000001       0.93758391505712790     
  0.32500000000000001       0.93525685012046311     
  0.33000000000000002       0.93647263249611967     
  0.33500000000000002       0.93870083846181174     
  0.34000000000000002       0.93947103415136479     
  0.34500000000000003       0.94004641272287959     
  0.35000000000000003       0.94081722915592636     
  0.35500000000000004       0.94142261791531434     
  0.36000000000000004       0.94295731811942329     
  0.36500000000000005       0.94402071532447029     
  0.37000000000000005       0.94487593511879286     
  0.37500000000000006       0.94616869677255788     
  0.38000000000000000       0.94662818292668038     
  0.38500000000000001       0.94741866348066850     
  0.39000000000000001       0.94799731620221683     
  0.39500000000000002       0.94907242769155697     
  0.40000000000000008       0.94949851646642147     
  0.40500000000000003       0.94984503195734094     
  0.41000000000000003       0.94998100532026097     
  0.41500000000000004       0.95067131210152633     
  0.42000000000000004       0.95208779563854029     
  0.42500000000000004       0.95317279752394446     
  0.43000000000000005       0.95331876268703875     
  0.43500000000000005       0.95369843667765397     
  0.44000000000000000       0.95385080480082274     
  0.44500000000000001       0.95413518483790027     
  0.45000000000000001       0.95468380414039133     
  0.45500000000000002       0.95403734794717820     
  0.46000000000000002       0.95398474714214276     
  0.46500000000000002       0.95337932058327668     
  0.47000000000000003       0.95352024791010526     
  0.47499999999999998       0.95382804337420213     
  0.47999999999999998       0.95378239817962907     
  0.48500000000000010       0.95383213554717605     
  0.49000000000000010       0.95412512152342488     
  0.49500000000000005       0.95393750852355019     
  0.50000000000000011       0.95352443953847887     
  0.50500000000000012       0.95341684529530946     
  0.51000000000000001       0.95322746556320948     
  0.51500000000000001       0.95325709275328985     
  0.52000000000000002       0.95289299436999753     
  0.52500000000000002       0.95264538318502934     
  0.53000000000000003       0.95211243892125974     
  0.53500000000000003       0.95170159058888570     
  0.54000000000000004       0.95029578587356900     
  0.54500000000000004       0.95000987356987454     
  0.55000000000000004       0.94931564619690478     
  0.55500000000000005       0.94877961893997587     
  0.56000000000000005       0.94841902159331870     
  0.56500000000000006       0.94722517752894453     
  0.57000000000000006       0.94738145727670175     
  0.57500000000000007       0.94689428242639528     
  0.57999999999999996       0.94631077039512668     
  0.58499999999999996       0.94559408847930571     
  0.59000000000000008       0.94499945771521587     
  0.59500000000000008       0.94462657597752375     
  0.60000000000000009       0.94407538273386504     
  0.60500000000000009       0.94361568753055691     
  0.61000000000000010       0.94295446518005355     
  0.61500000000000010       0.94199548084124607     
  0.62000000000000011       0.94130279279778362     
  0.62500000000000011       0.94068206175463953     
  0.63000000000000012       0.94000052715896687     
  0.63500000000000001       0.93935419225046779     
  0.64000000000000001       0.93798591303962719     
  0.64500000000000002       0.93733154709210764     
  0.65000000000000002       0.93664149630263549     
  0.65500000000000003       0.93584088335606774     
  0.66000000000000003       0.93489786510669171     
  0.66500000000000004       0.93427079854571493     
  0.67000000000000004       0.93355135996442051     
  0.67500000000000004       0.93258835630407466     
  0.68000000000000005       0.93182711422686626     
  0.68500000000000005       0.93087913363669561     
  0.69000000000000006       0.93060793266743691     
  0.69500000000000006       0.93016842336267469     
  0.70000000000000007       0.92895183323222652     
  0.70500000000000007       0.92798398880280808     
  0.71000000000000008       0.92771662009112643     
  0.71500000000000008       0.92696245501459695     
  0.72000000000000008       0.92648379927886571     
  0.72500000000000009       0.92558928754767944     
  0.73000000000000009       0.92535298151806022     
  0.73500000000000010       0.92430359890872882     
  0.74000000000000010       0.92346544374610973     
  0.74500000000000011       0.92297264226903730     
  0.75000000000000011       0.92195029932149164     
  0.75500000000000000       0.92080319103947550     
  0.76000000000000001       0.91979944157190663     
  0.76500000000000001       0.91933026857487066     
  0.77000000000000002       0.91845277489663923     
  0.77500000000000002       0.91771639036708286     
  0.78000000000000003       0.91691236601532022     
  0.78500000000000003       0.91632230764295775     
  0.79000000000000004       0.91631966767845408     
  0.79500000000000004       0.91535964358832378     
  0.80000000000000016       0.91433233527341395     
  0.80500000000000016       0.91317753748848174     
  0.81000000000000005       0.91240233162965634     
  0.81500000000000006       0.91129712437347765     
  0.82000000000000006       0.91064491513863388     
  0.82500000000000007       0.90931838276344745     
  0.83000000000000007       0.90863172853214091     
  0.83500000000000008       0.90750198159392637     
  0.84000000000000008       0.90685870584363737     
  0.84500000000000008       0.90589908738040548     
  0.85000000000000009       0.90536676682786399     
  0.85500000000000009       0.90472241802813513     
  0.86000000000000010       0.90379257524357626     
  0.86500000000000010       0.90338304606844921     
  0.87000000000000011       0.90316094584341566     
  0.87500000000000011       0.90289943709292331     
  0.88000000000000000       0.90243819501362621     
  0.88500000000000001       0.90116781592103212     
  0.89000000000000001       0.90043553161939427     
  0.89500000000000002       0.90036665366244706     
  0.90000000000000002       0.89903266413923455     
  0.90500000000000003       0.89780276592539987     
  0.91000000000000003       0.89678277574220300     
  0.91500000000000004       0.89514586054284051     
  0.92000000000000004       0.89429502412448891     
  0.92500000000000004       0.89337148485383389     
  0.93000000000000005       0.89252262235649638     
  0.93500000000000005       0.89169742734961033     
  0.94000000000000006       0.89092021196702742     
  0.94499999999999995       0.88997195809388197     
  0.94999999999999996       0.88830525379810654     
  0.95499999999999996       0.88717468985599890     
  0.95999999999999996       0.88652169831021510     
  0.96500000000000019       0.88574345060241810     
  0.97000000000000020       0.88448423594197567     
  0.97500000000000020       0.88271266252126590     
  0.98000000000000020       0.88248868058439822     
  0.98500000000000010       0.88150048022048666     
  0.99000000000000010       0.88075218286902102     
  0.99500000000000011       0.87962194346736200     
   1.0000000000000002       0.87856511027232564     
   1.0050000000000001       0.87733509906766161     
   1.0100000000000002       0.87691408776804958     
   1.0150000000000001       0.87600198982315458     
   1.0200000000000000       0.87486985141458207     
   1.0250000000000001       0.87320815498578297     
   1.0300000000000000       0.87201902960861810     
   1.0350000000000001       0.87181109828258130     
   1.0400000000000000       0.87078103830761944     
   1.0450000000000002       0.86986147264020885     
   1.0500000000000000       0.86879023211538886     
   1.0550000000000002       0.86755954823417569     
   1.0600000000000001       0.86596018226953198     
   1.0650000000000002       0.86481195887840945     
   1.0700000000000001       0.86428086211533417     
   1.0750000000000002       0.86326405787831140     
   1.0800000000000001       0.86248509217302793     
   1.0850000000000002       0.86106656838957163     
   1.0900000000000001       0.86035796406397991     
   1.0950000000000000       0.85895114721236643     
   1.1000000000000001       0.85780780530655343     
   1.1050000000000000       0.85712320126799035     
   1.1100000000000001       0.85631453623859788     
   1.1150000000000000       0.85557023115042585     
   1.1200000000000001       0.85458374617336830     
   1.1250000000000000       0.85397345005673642     
   1.1300000000000001       0.85270349173397919     
   1.1350000000000000       0.85207680627166849     
   1.1400000000000001       0.85066506778318629     
   1.1450000000000000       0.84976731370589731     
   1.1500000000000001       0.84880523464737290     
   1.1550000000000000       0.84769810804171863     
   1.1599999999999999       0.84713375156044668     
   1.1650000000000000       0.84603615604202598     
   1.1699999999999999       0.84598971224537745     
   1.1750000000000003       0.84516167204035697     
   1.1800000000000002       0.84385524723109673     
   1.1850000000000003       0.84305837146986262     
   1.1900000000000002       0.84244778028275336     
   1.1950000000000001       0.84074902840071131     
   1.2000000000000002       0.84025266043964997     
   1.2050000000000001       0.83831001205031896     
   1.2100000000000002       0.83740116080640459     
   1.2150000000000001       0.83612085914239553     
   1.2200000000000002       0.83567673890812977     
   1.2250000000000001       0.83493083775081600     
   1.2300000000000002       0.83376208499640125     
   1.2350000000000001       0.83242849389685258     
   1.2400000000000002       0.83090771387050422     
   1.2450000000000001       0.82991240591144400     
   1.2500000000000002       0.82863810891041101     
   1.2550000000000001       0.82792406835537002     
   1.2600000000000002       0.82679761177017552     
   1.2650000000000001       0.82484476750772462     
   1.2700000000000000       0.82402880025225511     
   1.2750000000000001       0.82292962775598366     
   1.2800000000000000       0.82365708144095817     
   1.2850000000000001       0.82304923041227651     
   1.2900000000000000       0.82149486598865074     
   1.2950000000000002       0.82036748389707881     
   1.3000000000000000       0.81905214104947466     
   1.3050000000000002       0.81756694454604761     
   1.3100000000000001       0.81679887637034299     
   1.3150000000000002       0.81579279124230597     
   1.3200000000000001       0.81496901150739653     
   1.3250000000000002       0.81389542802296211     
   1.3300000000000001       0.81281570137063031     
   1.3350000000000000       0.81130494671899667     
   1.3400000000000001       0.81060381972625839     
   1.3450000000000000       0.80994216450838197     
   1.3500000000000001       0.80954454867936265     
   1.3550000000000000       0.80855896890177703     
   1.3600000000000001       0.80754546925214443     
   1.3650000000000000       0.80562345243666145     
   1.3700000000000001       0.80493864099348866     
   1.3750000000000000       0.80429352729003634     
   1.3800000000000001       0.80359966598672472     
   1.3850000000000000       0.80250485493899681     
   1.3900000000000001       0.80182674824096323     
   1.3950000000000002       0.80098671893389606     
   1.4000000000000001       0.80018252684204394     
   1.4050000000000002       0.79890836817485045     
   1.4100000000000001       0.79800412601306459     
   1.4150000000000003       0.79756508666078774     
   1.4200000000000002       0.79591265231510300     
   1.4250000000000003       0.79596014601527421     
   1.4300000000000002       0.79533024074785419     
   1.4350000000000003       0.79528506487756268     
   1.4400000000000002       0.79442842233686217     
   1.4450000000000001       0.79329481955806858     
   1.4500000000000002       0.79253483331779673     
   1.4550000000000001       0.79130755204377357     
   1.4600000000000002       0.79049962672200624     
   1.4650000000000001       0.78971975338776668     
   1.4700000000000002       0.78969360663880972     
   1.4750000000000001       0.78907858061661063     
   1.4800000000000002       0.78897674858949107     
   1.4850000000000001       0.78758773464554788     
   1.4900000000000002       0.78682718859496104     
   1.4950000000000001       0.78579151388417867     
   1.5000000000000002       0.78417377290662871     
   1.5050000000000001       0.78310383058760058     
   1.5100000000000000       0.78277792954947722     
   1.5150000000000001       0.78194262404918835     
   1.5200000000000000       0.78178551001523433     
   1.5250000000000001       0.78070413605178290     
   1.5300000000000000       0.78001120217146913     
   1.5350000000000001       0.77829600275477573     
   1.5400000000000000       0.77856414924244910     
   1.5450000000000002       0.77844436676099815     
   1.5500000000000000       0.77824434359010886     
   1.5550000000000002       0.77697054380882224     
   1.5600000000000001       0.77660328434566117     
   1.5650000000000002       0.77468340870889085     
   1.5700000000000001       0.77418514577302311     
   1.5750000000000000       0.77431647738997833     
   1.5800000000000001       0.77375323501264837     
   1.5850000000000000       0.77308798522145572     
   1.5900000000000001       0.77280155247488358     
   1.5950000000000000       0.77148729227168089     
   1.6000000000000003       0.77027008778824801     
   1.6050000000000002       0.76990095631660083     
   1.6100000000000003       0.76951090536635636     
   1.6150000000000000       0.76851513774296187     
   1.6200000000000001       0.76783679936250782     
   1.6250000000000000       0.76758468304491501     
   1.6300000000000001       0.76706091626285544     
   1.6350000000000000       0.76665817950675297     
   1.6400000000000001       0.76601785579621573     
   1.6450000000000000       0.76594096648366561     
   1.6500000000000001       0.76509789003011730     
   1.6550000000000000       0.76389247242093594     
   1.6600000000000001       0.76286037288625341     
   1.6650000000000000       0.76148483138299206     
   1.6700000000000002       0.76106464765654203     
   1.6750000000000000       0.75979020030522593     
   1.6800000000000002       0.75786545515854942     
   1.6850000000000001       0.75780226502649572     
   1.6900000000000002       0.75711250091678572     
   1.6950000000000001       0.75727580892467705     
   1.7000000000000002       0.75722134548106357     
   1.7050000000000001       0.75705615743360821     
   1.7100000000000002       0.75650725228945270     
   1.7150000000000003       0.75618324204943610     
   1.7200000000000002       0.75529413008679636     
   1.7250000000000003       0.75470835173080664     
   1.7300000000000002       0.75471240729980826     
   1.7350000000000003       0.75318771567891796     
   1.7400000000000002       0.75227218297920251     
   1.7450000000000003       0.75214615572783827     
   1.7500000000000002       0.75260803235848983     
   1.7550000000000003       0.75225963104423288     
   1.7600000000000000       0.75071569779693270     
   1.7650000000000003       0.75061981929618915     
   1.7700000000000000       0.74990789388188062     
   1.7750000000000004       0.74953030308699919     
   1.7800000000000000       0.74932131849758188     
   1.7850000000000004       0.74898730332651176     
   1.7900000000000000       0.74871454888257172     
   1.7950000000000002       0.74860828180022998     
   1.8000000000000000       0.74734886748540719     
   1.8050000000000002       0.74758211335352476     
   1.8100000000000001       0.74712455658696353     
   1.8150000000000002       0.74620867324997164     
   1.8200000000000001       0.74642665186702206     
   1.8250000000000002       0.74606650430746224     
   1.8300000000000001       0.74431874799634501     
   1.8350000000000002       0.74379038710953294     
   1.8400000000000001       0.74308938655325807     
   1.8450000000000002       0.74139774367402800     
   1.8500000000000001       0.74052243270603268     
   1.8550000000000002       0.74023377488990050     
   1.8600000000000001       0.73957007383972229     
   1.8650000000000002       0.74002637661806470     
   1.8700000000000001       0.73950653227987351     
   1.8750000000000002       0.73882514514023157     
   1.8800000000000001       0.73724083261935325     
   1.8850000000000002       0.73574790818198477     
   1.8899999999999999       0.73468229392965645     
   1.8950000000000002       0.73433874233987095     
   1.8999999999999999       0.73344411292648337     
   1.9050000000000002       0.73280184376077684     
   1.9099999999999999       0.73104850980128855     
   1.9150000000000003       0.73165452394273089     
   1.9199999999999999       0.73162537418628892     
   1.9250000000000003       0.72969281166171751     
   1.9300000000000004       0.72926975643143699     
   1.9350000000000001       0.72837794951633594     
   1.9400000000000004       0.72807465805150184     
   1.9450000000000001       0.72731950633313880     
   1.9500000000000004       0.72643843851260648     
   1.9550000000000001       0.72593423208401364     
   1.9600000000000004       0.72491133113489326     
   1.9650000000000001       0.72493367439130996     
   1.9700000000000002       0.72484760973548312     
   1.9750000000000001       0.72504472825654476     
   1.9800000000000002       0.72432179038894007     
   1.9850000000000001       0.72468760018145462     
   1.9900000000000002       0.72405308678382829     
   1.9950000000000001       0.72287403532222039     
   2.0000000000000004       0.72291369143909934     
   2.0049999999999999       0.72195960774926338     
   2.0100000000000002       0.72124191617290700     
   2.0150000000000001       0.72056385849070392     
   2.0200000000000005       0.72061016377619713     
   2.0249999999999999       0.72009319423185725     
   2.0300000000000002       0.71946818653806666     
   2.0350000000000001       0.71866385610546935     
   2.0400000000000000       0.71849391198188228     
   2.0449999999999999       0.71814092812679176     
   2.0500000000000003       0.71777991839855693     
   2.0550000000000002       0.71636985605325665     
   2.0600000000000001       0.71547258969258154     
   2.0649999999999999       0.71470733779946627     
   2.0700000000000003       0.71507441291413409     
   2.0750000000000002       0.71411286367444771     
   2.0800000000000001       0.71351018270787980     
   2.0850000000000000       0.71304716831941062     
   2.0900000000000003       0.71257353801640211     
   2.0950000000000002       0.71210608854535751     
   2.1000000000000001       0.71151338090196659     
   2.1050000000000000       0.71055439976315860     
   2.1100000000000003       0.70941616684886422     
   2.1150000000000002       0.70816251059524471     
   2.1200000000000001       0.70757195164123954     
   2.1250000000000000       0.70650514350282423     
   2.1300000000000003       0.70625150343105425     
   2.1350000000000002       0.70525632256257165     
   2.1400000000000001       0.70408962722385782     
   2.1450000000000005       0.70363518056493080     
   2.1500000000000004       0.70326610557182823     
   2.1550000000000002       0.70307234338867641     
   2.1600000000000001       0.70209648755851628     
   2.1650000000000005       0.70263034077978992     
   2.1700000000000004       0.70230832187712811     
   2.1750000000000003       0.70138966086600951     
   2.1800000000000002       0.69943171181859032     
   2.1850000000000005       0.69857316692028137     
   2.1899999999999999       0.69766667110761249     
   2.1950000000000003       0.69599718473001715     
   2.2000000000000002       0.69481449826092179     
   2.2050000000000005       0.69505114496839393     
   2.2100000000000000       0.69500197192079449     
   2.2150000000000003       0.69479469009197603     
   2.2200000000000002       0.69471490540310510     
   2.2250000000000001       0.69338035642456630     
   2.2300000000000000       0.69413361496313519     
   2.2350000000000003       0.69286547117641029     
   2.2400000000000002       0.69266107839849678     
   2.2450000000000001       0.69280609905116286     
   2.2500000000000000       0.69155279104728362     
   2.2550000000000003       0.69166166291618492     
   2.2600000000000002       0.69131112515729487     
   2.2650000000000001       0.69208342281713431     
   2.2700000000000000       0.69152492514687625     
   2.2750000000000004       0.69033817987658952     
   2.2800000000000002       0.68958277490481013     
   2.2850000000000001       0.68959288320357293     
   2.2900000000000000       0.68910816577217759     
   2.2950000000000004       0.68848378738175742     
   2.3000000000000003       0.68780425639269305     
   2.3050000000000002       0.68750174422715726     
   2.3100000000000001       0.68702888302419651     
   2.3150000000000004       0.68649914348461261     
   2.3199999999999998       0.68589868755485861     
   2.3250000000000002       0.68563496542622360     
   2.3300000000000001       0.68562276929470534     
   2.3350000000000004       0.68513175684416905     
   2.3399999999999999       0.68489816775516899     
   2.3450000000000002       0.68386838268281802     
   2.3500000000000005       0.68357502495853417     
   2.3550000000000000       0.68345331544491106     
   2.3600000000000003       0.68277882960719172     
   2.3650000000000002       0.68131097787235073     
   2.3700000000000006       0.68056088093200806     
   2.3750000000000000       0.67944506271505312     
   2.3800000000000003       0.67916411470664662     
   2.3850000000000002       0.67935734963198458     
   2.3900000000000001       0.67933039442192722     
   2.3950000000000000       0.67887151604375973     
   2.4000000000000004       0.67925282484725424     
   2.4050000000000002       0.67971363730840462     
   2.4100000000000001       0.67954018116828041     
   2.4150000000000000       0.67851966006311559     
   2.4200000000000004       0.67723414951671512     
   2.4250000000000003       0.67599922862195072     
   2.4300000000000002       0.67564814743734813     
   2.4350000000000001       0.67493071790414372     
   2.4400000000000004       0.67424261507238481     
   2.4450000000000003       0.67405552315017103     
   2.4500000000000002       0.67355018376995723     
   2.4550000000000001       0.67313669090947614     
   2.4600000000000004       0.67242940463084466     
   2.4650000000000003       0.67150330691291071     
   2.4700000000000002       0.67171863988980540     
   2.4750000000000001       0.67102590986308530     
   2.4800000000000004       0.67088970531631487     
   2.4849999999999999       0.67117578829802782     
   2.4900000000000002       0.67055397493972135     
   2.4950000000000001       0.67034513431400766     
   2.5000000000000004       0.67037767709526375     
   2.5049999999999999       0.67025186761678124     
   2.5100000000000002       0.66951326058496874     
   2.5150000000000001       0.66981669133245014     
   2.5200000000000005       0.66876767015787963     
   2.5249999999999999       0.66889096093311462     
   2.5300000000000002       0.66816049062487626     
   2.5350000000000001       0.66815404333129857     
   2.5400000000000000       0.66742138479294399     
   2.5449999999999999       0.66791064361804431     
   2.5500000000000003       0.66690325117918248     
   2.5550000000000002       0.66526358372001393     
   2.5600000000000001       0.66637668677669593     
   2.5650000000000004       0.66609367610931236     
   2.5700000000000003       0.66603701810123017     
   2.5750000000000002       0.66501786916847538     
   2.5800000000000001       0.66523245195124769     
   2.5850000000000004       0.66435393389224973     
   2.5900000000000003       0.66351100585975353     
   2.5950000000000002       0.66283922415952612     
   2.6000000000000001       0.66262928682824074     
   2.6050000000000004       0.66194635690780423     
   2.6100000000000003       0.66197798187174173     
   2.6150000000000002       0.66226700745204770     
   2.6200000000000001       0.66180131787154939     
   2.6250000000000004       0.66080740989034215     
   2.6300000000000003       0.66025113586858797     
   2.6350000000000002       0.66054991597986490     
   2.6400000000000001       0.66064130973379154     
   2.6450000000000005       0.66075698386518866     
   2.6500000000000004       0.66053093538714158     
   2.6550000000000002       0.66033122749315865     
   2.6600000000000001       0.65979183485374393     
   2.6650000000000005       0.65998738474707597     
   2.6699999999999999       0.65893688458089061     
   2.6750000000000003       0.65783398039202690     
   2.6800000000000002       0.65720823672817197     
   2.6850000000000005       0.65686241894945230     
   2.6899999999999999       0.65695968567521534     
   2.6950000000000003       0.65730086161415224     
   2.7000000000000002       0.65694314635228179     
   2.7050000000000001       0.65646000027295714     
   2.7100000000000000       0.65533272788134467     
   2.7150000000000003       0.65497697117805420     
   2.7200000000000002       0.65488542032159369     
   2.7250000000000001       0.65410289094430074     
   2.7300000000000000       0.65383181573202154     
   2.7350000000000003       0.65286061036946208     
   2.7400000000000002       0.65277474866643415     
   2.7450000000000001       0.65144044695169889     
   2.7500000000000000       0.65104093405562624     
   2.7550000000000003       0.65074273381881220     
   2.7600000000000002       0.65010446228401098     
   2.7650000000000001       0.64997043793783715     
   2.7700000000000000       0.64970223840356833     
   2.7750000000000004       0.64908164357524212     
   2.7800000000000002       0.64837995702891038     
   2.7850000000000001       0.64859311349174864     
   2.7900000000000005       0.64800436175101983     
   2.7950000000000004       0.64748637835061884     
   2.8000000000000003       0.64674336569065838     
   2.8050000000000002       0.64648302133587487     
   2.8100000000000005       0.64684888164406917     
   2.8150000000000004       0.64678870450065451     
   2.8200000000000003       0.64718250305642933     
   2.8250000000000002       0.64739093702181538     
   2.8300000000000005       0.64767529967807735     
   2.8350000000000004       0.64642109371689915     
   2.8400000000000003       0.64696200065536758     
   2.8450000000000002       0.64596940271518921     
   2.8500000000000005       0.64588726784468364     
   2.8550000000000000       0.64565150268302396     
   2.8600000000000003       0.64576416897474787     
   2.8650000000000002       0.64461856841435972     
   2.8700000000000006       0.64435237006133816     
   2.8750000000000000       0.64400691111351682     
   2.8800000000000003       0.64343902674266285     
   2.8850000000000002       0.64272461846707296     
   2.8900000000000001       0.64208260618566593     
   2.8950000000000000       0.64166934510866991     
   2.9000000000000004       0.64160149672595068     
   2.9050000000000002       0.64073617383455295     
   2.9100000000000001       0.64083491946227666     
   2.9150000000000000       0.64114938864172344     
   2.9200000000000004       0.64045404017107632     
   2.9250000000000003       0.63998055322618019     
   2.9300000000000002       0.63916102336538594     
   2.9350000000000001       0.63885737785376706     
   2.9400000000000004       0.63910681871309960     
   2.9450000000000003       0.63866516128104311     
   2.9500000000000002       0.63833880910494412     
   2.9550000000000001       0.63779221024916799     
   2.9600000000000004       0.63734189195530000     
   2.9650000000000003       0.63769469029649195     
   2.9700000000000002       0.63775700148227077     
   2.9750000000000001       0.63687306756874573     
   2.9800000000000004       0.63542933980487037     
   2.9849999999999999       0.63533671189034935     
   2.9900000000000002       0.63620739455336173     
   2.9950000000000006       0.63580595976062348     
   3.0000000000000004       0.63489815485213408     
   3.0050000000000003       0.63478037498005668     
   3.0100000000000002       0.63518928184258749     
   3.0150000000000006       0.63369794984036443     
   3.0200000000000000       0.63323595896183471     
   3.0250000000000004       0.63182610927129834     
   3.0300000000000002       0.63207687412970970     
   3.0350000000000006       0.63201669296037621     
   3.0400000000000000       0.63216085723754389     
   3.0450000000000004       0.63229832563790289     
   3.0500000000000003       0.63253976179035387     
   3.0550000000000002       0.63210249514552419     
   3.0600000000000001       0.63146783435756049     
   3.0650000000000004       0.63046295954783516     
   3.0700000000000003       0.62927425092710398     
   3.0750000000000002       0.62879079807280847     
   3.0800000000000001       0.62910762322015557     
   3.0850000000000004       0.62930364428590191     
   3.0900000000000003       0.62912876553390318     
   3.0950000000000002       0.62796086003248830     
   3.1000000000000001       0.62820361090593746     
   3.1050000000000004       0.62740061255911228     
   3.1100000000000003       0.62706252851577404     
   3.1150000000000002       0.62633203797735093     
   3.1200000000000001       0.62619158139845432     
   3.1250000000000004       0.62591403679792812     
   3.1300000000000003       0.62616268896531890     
   3.1350000000000002       0.62588262416864171     
   3.1400000000000001       0.62572124766039405     
   3.1450000000000005       0.62468262491304394     
   3.1499999999999999       0.62341703837348372     
   3.1550000000000002       0.62232607758222946     
   3.1600000000000001       0.62175204791927630     
   3.1650000000000005       0.62140492495177257     
   3.1699999999999999       0.62172096584332370     
   3.1750000000000003       0.62120852340146071     
   3.1800000000000002       0.62138822693657814     
   3.1850000000000005       0.62073786673923392     
   3.1899999999999999       0.62126679538939245     
   3.1950000000000003       0.62148526525567183     
   3.2000000000000006       0.62230655218011544     
   3.2050000000000001       0.62229295598761059     
   3.2100000000000004       0.62270983280372549     
   3.2150000000000003       0.62226463699374102     
   3.2200000000000006       0.62242087190423934     
   3.2250000000000001       0.62133282533135348     
   3.2300000000000000       0.62132915863022375     
   3.2350000000000003       0.62069535734786963     
   3.2400000000000002       0.61948954399567868     
   3.2450000000000006       0.61885843477757707     
   3.2500000000000000       0.61929606045177887     
   3.2550000000000003       0.61900248680256253     
   3.2600000000000002       0.61932443258880354     
   3.2650000000000006       0.61971093002799427     
   3.2700000000000000       0.61957051512233574     
   3.2750000000000004       0.62052658943659111     
   3.2800000000000002       0.62024181031886705     
   3.2850000000000006       0.62007562318373477     
   3.2900000000000000       0.62022745812855629     
   3.2950000000000004       0.61967148867070576     
   3.3000000000000003       0.61934645813610478     
   3.3050000000000006       0.61922642583401954     
   3.3100000000000001       0.61874710123362375     
   3.3150000000000004       0.61842490091074231     
   3.3200000000000003       0.61794942319806823     
   3.3250000000000006       0.61776562399921919     
   3.3300000000000001       0.61752750129069456     
   3.3350000000000000       0.61681164172665648     
   3.3400000000000003       0.61667943935320058     
   3.3450000000000006       0.61604169923890562     
   3.3500000000000001       0.61630369811480834     
   3.3550000000000000       0.61694015760616050     
   3.3600000000000003       0.61696903042205575     
   3.3650000000000007       0.61757080798194741     
   3.3700000000000001       0.61818297910441233     
   3.3750000000000000       0.61791564808672816     
   3.3800000000000003       0.61758366356930816     
   3.3850000000000007       0.61816519125704872     
   3.3900000000000001       0.61839533299241911     
   3.3950000000000000       0.61770825424092035     
   3.4000000000000004       0.61680671750438587     
   3.4050000000000007       0.61739493358137532     
   3.4100000000000001       0.61665949216321603     
   3.4150000000000000       0.61620339707963245     
   3.4200000000000004       0.61566800508901787     
   3.4250000000000003       0.61542057335699141     
   3.4300000000000006       0.61547151319060212     
   3.4350000000000001       0.61566580315938002     
   3.4400000000000004       0.61542090011736705     
   3.4450000000000003       0.61565084728013719     
   3.4500000000000006       0.61545709996644293     
   3.4550000000000001       0.61603026191348620     
   3.4600000000000004       0.61532575902730280     
   3.4650000000000003       0.61407433903344300     
   3.4700000000000006       0.61426293529568310     
   3.4750000000000001       0.61391208861186963     
   3.4800000000000004       0.61360168099591450     
   3.4850000000000003       0.61325426089120760     
   3.4900000000000007       0.61199235452490341     
   3.4950000000000001       0.61209107497873061     
   3.5000000000000004       0.61154132050292154     
   3.5050000000000003       0.61123342750499776     
   3.5100000000000007       0.61099039913896525     
   3.5150000000000001       0.61024658886335770     
   3.5200000000000000       0.60914185630256579     
   3.5250000000000004       0.60929358658682164     
   3.5300000000000007       0.60901623186646037     
   3.5350000000000001       0.60942216497443091     
   3.5400000000000000       0.60960961451014484     
   3.5450000000000004       0.60949487420707416     
   3.5500000000000007       0.60795203412015864     
   3.5550000000000002       0.60730767935453012     
   3.5600000000000001       0.60636581196950035     
   3.5650000000000004       0.60621696871788255     
   3.5700000000000007       0.60609720617993446     
   3.5750000000000002       0.60550511170502441     
   3.5800000000000001       0.60474586498575034     
   3.5850000000000004       0.60464237175022673     
   3.5900000000000003       0.60393778063856662     
   3.5950000000000002       0.60436110816484256     
   3.6000000000000001       0.60375799634418537     
   3.6050000000000004       0.60316299162825227     
   3.6100000000000003       0.60306089181441380     
   3.6149999999999998       0.60279789967111541     
   3.6200000000000001       0.60254160973752868     
   3.6250000000000004       0.60187271528657837     
   3.6300000000000003       0.60151507405421389     
   3.6350000000000007       0.60058080222082721     
   3.6400000000000001       0.60075586733418385     
   3.6450000000000005       0.60103831826230891     
   3.6500000000000004       0.60147428276696890     
   3.6550000000000007       0.60088710396990841     
   3.6600000000000001       0.60091794135727528     
   3.6650000000000005       0.60110048217523537     
   3.6700000000000004       0.60082967745885951     
   3.6750000000000007       0.60042810713264438     
   3.6800000000000002       0.59994589261551146     
   3.6850000000000001       0.59837323603571391     
   3.6900000000000004       0.59722501964263963     
   3.6950000000000007       0.59633725178846342     
   3.7000000000000002       0.59597349074502115     
   3.7050000000000001       0.59462546330919375     
   3.7100000000000004       0.59477312990230102     
   3.7150000000000007       0.59497221643674025     
   3.7200000000000002       0.59458690094518085     
   3.7250000000000001       0.59428633076739756     
   3.7300000000000004       0.59366291150853101     
   3.7350000000000008       0.59366067838098258     
   3.7400000000000002       0.59308505955776558     
   3.7450000000000001       0.59311494808589948     
   3.7500000000000004       0.59186983584137554     
   3.7550000000000008       0.59174708429116230     
   3.7600000000000002       0.59117719337235231     
   3.7650000000000001       0.59161953016847690     
   3.7700000000000005       0.59189948699466266     
   3.7750000000000004       0.59186240633239995     
   3.7799999999999998       0.59221786221432693     
   3.7850000000000001       0.59149775495581103     
   3.7900000000000005       0.59080004137666609     
   3.7950000000000004       0.59035683602120492     
   3.7999999999999998       0.58987799680493436     
   3.8050000000000002       0.59033007412680105     
   3.8100000000000005       0.58938366014741095     
   3.8150000000000004       0.58847990962881414     
   3.8199999999999998       0.58899644292136133     
   3.8250000000000002       0.58879852470581595     
   3.8300000000000005       0.58985534678551277     
   3.8350000000000004       0.58945149096728444     
   3.8399999999999999       0.58942358918935689     
   3.8450000000000002       0.58946459125265338     
   3.8500000000000005       0.58865315199937973     
   3.8550000000000004       0.58908970291497320     
   3.8600000000000008       0.58861285119041973     
   3.8650000000000002       0.58902476439666018     
   3.8700000000000001       0.58886573828967514     
   3.8750000000000004       0.58914097493840478     
   3.8800000000000008       0.59022470939339833     
   3.8850000000000002       0.58998823621501073     
   3.8900000000000001       0.59063189906618208     
   3.8950000000000005       0.58947772933556597     
   3.9000000000000008       0.58943283463903517     
   3.9050000000000002       0.58917775975082831     
   3.9100000000000001       0.58866801439498273     
   3.9150000000000005       0.58888735523975133     
   3.9200000000000008       0.58855916053455670     
   3.9250000000000003       0.58926282810661912     
   3.9300000000000002       0.58937300987153829     
   3.9350000000000005       0.58951290872266193     
   3.9400000000000004       0.58873442375662088     
   3.9450000000000003       0.58800467367220244     
   3.9500000000000002       0.58866779305245942     
   3.9550000000000005       0.58734839677459705     
   3.9600000000000004       0.58703918931333243     
   3.9649999999999999       0.58671866420798946     
   3.9700000000000002       0.58591314877114720     
   3.9750000000000005       0.58679200015700317     
   3.9800000000000004       0.58680364688001152     
   3.9849999999999999       0.58629728568657424     
   3.9900000000000002       0.58639030342054577     
   3.9950000000000006       0.58679513890890089     
   4.0000000000000009       0.58648551781218727     
   4.0049999999999999       0.58724762896365357     
   4.0099999999999998       0.58566083558963278     
   4.0150000000000006       0.58528602651670170     
   4.0200000000000005       0.58447144055794531     
   4.0250000000000004       0.58359733445666317     
   4.0300000000000002       0.58338880662474868     
   4.0350000000000001       0.58348566004069513     
   4.0400000000000009       0.58383307472487600     
   4.0449999999999999       0.58368868742360625     
   4.0499999999999998       0.58372676443205551     
   4.0550000000000006       0.58328410745500303     
   4.0600000000000005       0.58286086457580333     
   4.0650000000000004       0.58318330984276290     
   4.0700000000000003       0.58185988226462271     
   4.0750000000000002       0.58167699192712163     
   4.0800000000000001       0.58196931628746551     
   4.0850000000000009       0.58212619230877594     
   4.0899999999999999       0.58274220151653633     
   4.0950000000000006       0.58350463864199198     
   4.1000000000000005       0.58328149772538518     
   4.1050000000000004       0.58357304637867713     
   4.1100000000000003       0.58409819116323758     
   4.1150000000000002       0.58459511064708658     
   4.1200000000000001       0.58317545849944474     
   4.1250000000000009       0.58315032502983855     
   4.1299999999999999       0.58255267020442647     
   4.1350000000000007       0.58279389085666622     
   4.1400000000000006       0.58212692219708539     
   4.1450000000000005       0.58162163174490999     
   4.1500000000000004       0.58097568700853097     
   4.1550000000000002       0.58072817938823429     
   4.1600000000000001       0.58138667298365332     
   4.1650000000000009       0.58217304064653974     
   4.1699999999999999       0.58218018378180869     
   4.1749999999999998       0.58168904006345779     
   4.1800000000000006       0.58075846083627103     
   4.1850000000000005       0.58080821600792576     
   4.1900000000000004       0.58051500125570654     
   4.1950000000000003       0.58070295623126711     
   4.2000000000000002       0.58079212640260824     
   4.2050000000000010       0.58082567916783145     
   4.2100000000000000       0.58119037750990277     
   4.2149999999999999       0.58111020430787097     
   4.2200000000000006       0.58072515811236003     
   4.2250000000000005       0.58050496319034683     
   4.2300000000000004       0.58011137626290976     
   4.2350000000000003       0.58015872949322145     
   4.2400000000000002       0.57890599992525149     
   4.2450000000000010       0.57951760990484213     
   4.2500000000000000       0.57866234093535174     
   4.2549999999999999       0.57863846848712974     
   4.2600000000000007       0.57856255850070271     
   4.2650000000000006       0.57907793786664152     
   4.2700000000000005       0.57906533933530924     
   4.2750000000000004       0.57868490013957130     
   4.2800000000000002       0.57885059888736923     
   4.2850000000000001       0.57861164798651454     
   4.2900000000000009       0.57833726973636335     
   4.2949999999999999       0.57880949914354030     
   4.3000000000000007       0.57923569387228513     
   4.3050000000000006       0.57984570544115888     
   4.3100000000000005       0.57970019081955138     
   4.3150000000000004       0.57957636266033075     
   4.3200000000000003       0.57985958307649965     
   4.3250000000000002       0.57980684370054203     
   4.3300000000000010       0.57962810883620997     
   4.3350000000000000       0.57893893909090344     
   4.3400000000000007       0.58002110544066965     
   4.3450000000000006       0.57975081811189844     
   4.3500000000000005       0.57968784415070240     
   4.3550000000000004       0.57929416756134255     
   4.3600000000000003       0.57971066936847793     
   4.3650000000000002       0.57926756331981444     
   4.3700000000000010       0.58006462019698590     
   4.3750000000000000       0.57973811389312624     
   4.3799999999999999       0.58012027759493157     
   4.3850000000000007       0.58002289928827122     
   4.3900000000000006       0.58038469289542871     
   4.3950000000000005       0.57973126318774504     
   4.4000000000000004       0.57963952329062574     
   4.4050000000000002       0.57956742831015373     
   4.4100000000000010       0.57980179824358036     
   4.4150000000000000       0.58008121950959790     
   4.4199999999999999       0.58009252523960586     
   4.4250000000000007       0.57992031231245356     
   4.4300000000000006       0.58031214923795249     
   4.4350000000000005       0.57994154902943107     
   4.4400000000000004       0.57979653535513498     
   4.4450000000000003       0.57850095810898017     
   4.4500000000000002       0.57783322130118919     
   4.4550000000000001       0.57698210839859487     
   4.4600000000000000       0.57649179114055238     
   4.4650000000000007       0.57598605476240561     
   4.4700000000000006       0.57501519094258391     
   4.4749999999999996       0.57479190555621473     
   4.4800000000000004       0.57422402607384571     
   4.4850000000000003       0.57431167179853460     
   4.4900000000000002       0.57373032383082601     
   4.4950000000000010       0.57335632517611523     
   4.5000000000000000       0.57347271647231191     
   4.5050000000000008       0.57347376405178285     
   4.5100000000000007       0.57272311872459647     
   4.5150000000000006       0.57254046767957201     
   4.5200000000000005       0.57214857843036926     
   4.5250000000000004       0.57272072170120913     
   4.5300000000000002       0.57253857322211277     
   4.5350000000000010       0.57110587515041600     
   4.5400000000000000       0.57107820890833760     
   4.5449999999999999       0.57106703103388778     
   4.5500000000000007       0.57081158157811618     
   4.5550000000000006       0.57036315676026239     
   4.5600000000000005       0.56960850241937488     
   4.5650000000000004       0.57006958301188460     
   4.5700000000000003       0.57044690429830214     
   4.5750000000000011       0.57003302159825275     
   4.5800000000000001       0.57083630961796750     
   4.5850000000000000       0.57136579392758513     
   4.5900000000000007       0.57045494992890977     
   4.5950000000000006       0.57118577967610407     
   4.6000000000000005       0.57150338002062229     
   4.6050000000000004       0.57160312971323268     
   4.6100000000000003       0.57144650596985946     
   4.6150000000000002       0.57189069393231340     
   4.6200000000000001       0.57176883625666364     
   4.6250000000000000       0.57143325663815370     
   4.6300000000000008       0.57251695532424873     
   4.6350000000000007       0.57222060189740709     
   4.6399999999999997       0.57265049284449954     
   4.6450000000000005       0.57204188953210400     
   4.6500000000000004       0.57261011663183869     
   4.6550000000000002       0.57342406430603343     
   4.6600000000000001       0.57390445479179442     
   4.6650000000000000       0.57314939641238394     
   4.6700000000000008       0.57402469351610674     
   4.6750000000000007       0.57376073734931132     
   4.6799999999999997       0.57372993355303992     
   4.6850000000000005       0.57362627570573332     
   4.6900000000000004       0.57280681846818171     
   4.6950000000000003       0.57340398885767863     
   4.7000000000000011       0.57374806484516938     
   4.7050000000000001       0.57364755495484410     
   4.7100000000000000       0.57407055859418110     
   4.7150000000000007       0.57431957268333778     
   4.7200000000000006       0.57359827646374340     
   4.7250000000000005       0.57415409987395905     
   4.7300000000000004       0.57345187329034886     
   4.7350000000000003       0.57227612554252527     
   4.7400000000000011       0.57150838994001574     
   4.7450000000000001       0.57108147599761794     
   4.7500000000000000       0.57015815893655253     
   4.7550000000000008       0.57049937389266059     
   4.7600000000000007       0.57070399714826692     
   4.7650000000000006       0.57039416607998361     
   4.7700000000000005       0.57059848613129693     
   4.7750000000000004       0.57063310578167470     
   4.7800000000000002       0.56997173407155843     
   4.7850000000000001       0.56928442093945586     
   4.7900000000000000       0.56984374307339769     
   4.7950000000000008       0.57051452119561818     
   4.8000000000000007       0.57098014466093183     
   4.8049999999999997       0.57028457256095388     
   4.8100000000000005       0.57036375038831688     
   4.8150000000000004       0.57106908315387972     
   4.8200000000000003       0.57032678033303041     
   4.8250000000000002       0.57051727184628298     
   4.8300000000000001       0.56967761894348612     
   4.8350000000000009       0.56921722495597649     
   4.8400000000000007       0.56987827824533965     
   4.8449999999999998       0.56948334418478319     
   4.8500000000000005       0.57053993353138555     
   4.8550000000000004       0.57120073084888001     
   4.8600000000000003       0.57116202732276333     
   4.8650000000000002       0.57089595531603599     
   4.8700000000000001       0.57047517227903599     
   4.8750000000000000       0.56974236223569452     
   4.8800000000000008       0.56910465690348555     
   4.8849999999999998       0.56948378367665742     
   4.8900000000000006       0.57014279536798806     
   4.8950000000000005       0.56954724386104127     
   4.9000000000000004       0.56950042497382980     
   4.9050000000000002       0.56970829202751394     
   4.9100000000000001       0.57020870366883092     
   4.9150000000000000       0.56995201953419350     
   4.9200000000000008       0.57035075621074116     
   4.9250000000000007       0.57028841678149145     
   4.9300000000000006       0.57030216185861138     
   4.9350000000000005       0.56963685388324181     
   4.9400000000000004       0.56979623784459543     
   4.9450000000000012       0.56947586538625650     
   4.9500000000000002       0.57007280087704337     
   4.9550000000000001       0.56898417827428360     
   4.9600000000000009       0.56917914069833631     
   4.9650000000000007       0.56975642213491928     
   4.9699999999999998       0.57027242660893107     
   4.9750000000000005       0.56992210874246274     
   4.9800000000000004       0.56949146305528253     
   4.9850000000000003       0.56963706665129998     
   4.9900000000000002       0.56969737365997153     
   4.9950000000000001       0.56998388430540647     
   5.0000000000000009       0.57037102524505978     
   5.0050000000000008       0.57053765703882975     
   5.0099999999999998       0.57120175662698525     
   5.0150000000000006       0.57227827008792687     
   5.0200000000000005       0.57192658686029485     
   5.0250000000000004       0.57192120199602769     
   5.0300000000000002       0.57257576582579317     
   5.0350000000000001       0.57243569402936501     
   5.0400000000000009       0.57295185505663815     
   5.0450000000000008       0.57268261820276223     
   5.0499999999999998       0.57320355466508721     
   5.0550000000000006       0.57250531522143067     
   5.0600000000000005       0.57168959305020584     
   5.0650000000000004       0.57130402363694732     
   5.0700000000000003       0.57094084435182713     
   5.0750000000000002       0.57085251107753388     
   5.0800000000000001       0.57139911247739283     
   5.0850000000000009       0.57094814899369384     
   5.0899999999999999       0.57123636589501103     
   5.0950000000000006       0.57177912879637127     
   5.1000000000000005       0.57275023782207635     
   5.1050000000000004       0.57191768068941640     
   5.1100000000000003       0.57243240303062182     
   5.1150000000000002       0.57223240169471135     
   5.1200000000000001       0.57158364079270840     
   5.1250000000000009       0.57093630998324507     
   5.1300000000000008       0.57045416546607286     
   5.1350000000000007       0.57010271304857429     
   5.1400000000000006       0.56968722437808494     
   5.1450000000000005       0.56967700727992321     
   5.1500000000000004       0.56938533247830225     
   5.1550000000000002       0.56918307602067020     
   5.1600000000000001       0.56791106503442590     
   5.1650000000000009       0.56744348626476249     
   5.1700000000000008       0.56710085411680844     
   5.1749999999999998       0.56620622317605596     
   5.1800000000000006       0.56609272042240943     
   5.1850000000000005       0.56642236595700313     
   5.1900000000000004       0.56608898155738963     
   5.1950000000000003       0.56642360921604162     
   5.2000000000000002       0.56693944685413078     
   5.2050000000000010       0.56719623278606857     
   5.2100000000000009       0.56793365259141726     
   5.2149999999999999       0.56743422055530957     
   5.2200000000000006       0.56732400091746105     
   5.2250000000000005       0.56784686449668764     
   5.2300000000000004       0.56835797781084962     
   5.2350000000000003       0.56818523141908472     
   5.2400000000000002       0.56820481208530349     
   5.2450000000000001       0.56795897186731836     
   5.2500000000000009       0.56734212766825032     
   5.2549999999999999       0.56739858725678594     
   5.2600000000000007       0.56591161487095099     
   5.2650000000000006       0.56614073922246322     
   5.2700000000000005       0.56623843915353056     
   5.2750000000000004       0.56557509757496283     
   5.2800000000000002       0.56601453753746844     
   5.2850000000000001       0.56478473549934582     
   5.2900000000000009       0.56466079195634444     
   5.2949999999999999       0.56404177058725091     
   5.3000000000000007       0.56317681029294275     
   5.3050000000000006       0.56186381960175957     
   5.3100000000000005       0.56141637575701353     
   5.3150000000000004       0.56167976271819908     
   5.3200000000000003       0.56029193190063908     
   5.3250000000000002       0.55966647329316344     
   5.3300000000000010       0.55898888238202749     
   5.3350000000000009       0.56022152104218947     
   5.3399999999999999       0.56026413302275524     
   5.3450000000000006       0.55935390768764415     
   5.3500000000000005       0.55931897658598806     
   5.3550000000000004       0.55927869778997041     
   5.3600000000000003       0.55910480246712113     
   5.3650000000000002       0.55877721753538101     
   5.3700000000000010       0.55807439610107834     
   5.3750000000000009       0.55803182392540041     
   5.3799999999999999       0.55740268241946078     
   5.3850000000000007       0.55701091767885480     
   5.3900000000000006       0.55696820724619367     
   5.3950000000000005       0.55728509166429252     
   5.4000000000000004       0.55735527452593869     
   5.4050000000000002       0.55735056831655183     
   5.4100000000000001       0.55690953085207429     
   5.4150000000000009       0.55678585543994730     
   5.4199999999999999       0.55604099475718771     
   5.4250000000000007       0.55615066552245862     
   5.4300000000000006       0.55590276494070057     
   5.4350000000000005       0.55563979157551224     
   5.4400000000000004       0.55515894640938668     
   5.4450000000000003       0.55530299528419036     
   5.4500000000000002       0.55518720063341065     
   5.4550000000000010       0.55580544366158213     
   5.4600000000000000       0.55568220748477182     
   5.4650000000000007       0.55582787947881784     
   5.4700000000000006       0.55524082251490126     
   5.4750000000000005       0.55566308954642396     
   5.4800000000000004       0.55574061297339550     
   5.4850000000000003       0.55618701254563596     
   5.4900000000000002       0.55511254172849345     
   5.4950000000000010       0.55558160366339271     
   5.5000000000000000       0.55580116440248428     
   5.5049999999999999       0.55622667045879992     
   5.5100000000000007       0.55615570801193748     
   5.5150000000000006       0.55648022797230168     
   5.5200000000000005       0.55565507675859027     
   5.5250000000000004       0.55506513950035175     
   5.5300000000000002       0.55504190747760918     
   5.5350000000000010       0.55475680433224295     
   5.5400000000000000       0.55425509609566770     
   5.5449999999999999       0.55365443839920048     
   5.5500000000000007       0.55364518230032100     
   5.5550000000000006       0.55304597555645918     
   5.5600000000000005       0.55364440065203913     
   5.5650000000000004       0.55225391931245660     
   5.5700000000000003       0.55199853901868745     
   5.5750000000000011       0.55042820816804372     
   5.5800000000000010       0.55039980451058801     
   5.5850000000000000       0.55121983387454221     
   5.5900000000000007       0.55152763292736984     
   5.5950000000000006       0.55162160194850396     
   5.6000000000000005       0.55162345993603734     
   5.6050000000000004       0.55162010525678062     
   5.6100000000000003       0.55136368378276446     
   5.6150000000000002       0.55114292995020275     
   5.6200000000000010       0.55032833936615733     
   5.6250000000000000       0.55066367748770972     
   5.6300000000000008       0.55082113072724548     
   5.6350000000000007       0.55066285588160180     
   5.6400000000000006       0.55014373649872028     
   5.6450000000000005       0.55028756806868584     
   5.6500000000000004       0.55008138677837415     
   5.6550000000000002       0.54974384082950245     
   5.6600000000000010       0.54952777791627849     
   5.6650000000000000       0.54919748609178842     
   5.6700000000000008       0.54924214424965512     
   5.6750000000000007       0.54922832154573187     
   5.6800000000000006       0.54870071435119583     
   5.6850000000000005       0.54909524472838656     
   5.6900000000000004       0.54858381332534245     
   5.6950000000000003       0.54910731146767100     
   5.7000000000000011       0.54973778537949225     
   5.7050000000000001       0.54909401750818376     
   5.7100000000000000       0.54884080447299299     
   5.7150000000000007       0.54798535296587270     
   5.7200000000000006       0.54711556189724753     
   5.7250000000000005       0.54788926972570950     
   5.7300000000000004       0.54785770494138797     
   5.7350000000000003       0.54848824365216742     
   5.7400000000000011       0.54816978604503563     
   5.7450000000000001       0.54763083837564952     
   5.7500000000000000       0.54782817863165301     
   5.7550000000000008       0.54863971343537488     
   5.7600000000000007       0.54867799712525711     
   5.7650000000000006       0.54846214767177770     
   5.7700000000000005       0.54933828135714868     
   5.7750000000000004       0.55027048371270038     
   5.7800000000000002       0.54923285318921422     
   5.7850000000000010       0.54840488735421211     
   5.7900000000000000       0.54763964307043456     
   5.7950000000000008       0.54796943990194535     
   5.8000000000000007       0.54836883031821493     
   5.8050000000000006       0.54886328111793614     
   5.8100000000000005       0.54905861950139334     
   5.8150000000000004       0.54880075085503921     
   5.8200000000000003       0.54865561878400015     
   5.8250000000000011       0.54919750932190670     
   5.8300000000000001       0.54991933925576841     
   5.8350000000000009       0.55030457578022973     
   5.8400000000000007       0.55008715730183433     
   5.8450000000000006       0.54995023535704879     
   5.8500000000000005       0.55030068936465770     
   5.8550000000000004       0.55022579382833947     
   5.8600000000000003       0.55008730978528264     
   5.8650000000000011       0.54957888592712401     
   5.8700000000000001       0.54932125694262635     
   5.8750000000000000       0.54952414868350552     
   5.8800000000000008       0.54855370343241161     
   5.8850000000000007       0.54854007387318482     
   5.8900000000000006       0.54791219376297373     
   5.8950000000000005       0.54803935528173231     
   5.9000000000000004       0.54801729043251268     
   5.9050000000000011       0.54835164283512383     
   5.9100000000000001       0.54885815569916685     
   5.9150000000000000       0.54937059483828210     
   5.9200000000000008       0.54929150805030258     
   5.9250000000000007       0.54896886928970123     
   5.9300000000000006       0.55004024126198714     
   5.9350000000000005       0.54979502779361711     
   5.9400000000000004       0.55011735193020528     
   5.9450000000000003       0.54989584452039397     
   5.9500000000000002       0.55046796665904174     
   5.9550000000000001       0.55022274137268889     
   5.9600000000000009       0.55030121794004994     
   5.9650000000000007       0.55004365155912827     
   5.9699999999999998       0.55002239284952192     
   5.9750000000000005       0.54910376272391037     
   5.9800000000000004       0.54863303379711348     
   5.9850000000000003       0.54926840071742222     
   5.9900000000000011       0.55002028892937516     
   5.9950000000000001       0.54967034604447584     
   6.0000000000000009       0.55005950874029774     
   6.0050000000000008       0.55021695808662596     
   6.0100000000000007       0.54880326974919957     
   6.0150000000000006       0.54923939733026672     
   6.0200000000000005       0.54918044389369636     
   6.0250000000000004       0.54899555891862239     
   6.0300000000000011       0.54917788241352394     
   6.0350000000000001       0.54808790922789874     
   6.0400000000000000       0.54812293619198305     
   6.0450000000000008       0.54871324336725158     
   6.0500000000000007       0.54766273070067217     
   6.0550000000000006       0.54782329456440149     
   6.0600000000000005       0.54704174729449839     
   6.0650000000000004       0.54612099156354366     
   6.0700000000000012       0.54592102624033056     
   6.0750000000000002       0.54442045295917885     
   6.0800000000000001       0.54348883126161840     
   6.0850000000000009       0.54306016414615721     
   6.0900000000000007       0.54325726669077390     
   6.0950000000000006       0.54333007663611055     
   6.1000000000000005       0.54309493076302306     
   6.1050000000000004       0.54259460932360071     
   6.1100000000000003       0.54172401225484668     
   6.1150000000000002       0.54202052566424075     
   6.1200000000000001       0.54157977812511360     
   6.1250000000000009       0.54197584657845854     
   6.1300000000000008       0.54165660769837254     
   6.1349999999999998       0.54028758987012038     
   6.1400000000000006       0.54028034807488112     
   6.1450000000000005       0.54017555823399677     
   6.1500000000000004       0.53976654091659981     
   6.1550000000000002       0.53808835048066228     
   6.1600000000000001       0.53833869765985787     
   6.1650000000000009       0.53836935875693726     
   6.1700000000000008       0.53804061021877958     
   6.1749999999999998       0.53751345650840965     
   6.1800000000000006       0.53751616087621690     
   6.1850000000000005       0.53779376487023267     
   6.1900000000000004       0.53788882998883014     
   6.1950000000000012       0.53616648129589184     
   6.2000000000000002       0.53552327745533523     
   6.2050000000000001       0.53576069962245387     
   6.2100000000000009       0.53539998231134667     
   6.2150000000000007       0.53478306522081509     
   6.2200000000000006       0.53491444700676782     
   6.2250000000000005       0.53388704991154456     
   6.2300000000000004       0.53367297298303307     
   6.2350000000000012       0.53447408801514296     
   6.2400000000000002       0.53452939442538705     
   6.2450000000000001       0.53482336283289911     
   6.2500000000000009       0.53462577720072868     
   6.2550000000000008       0.53390721923572237     
   6.2600000000000007       0.53298289010300581     
   6.2650000000000006       0.53242563941687937     
   6.2700000000000005       0.53234796671965334     
   6.2750000000000012       0.53250394146394853     
   6.2800000000000002       0.53240354476193696     
   6.2850000000000001       0.53262237220627429     
   6.2900000000000009       0.53254986540760874     
   6.2950000000000008       0.53262884468457972     
   6.2999999999999998       0.53218669204188274     
   6.3050000000000006       0.53160911165900337     
   6.3100000000000005       0.53128182900576970     
   6.3150000000000004       0.53124895339926659     
   6.3200000000000003       0.53076393700938906     
   6.3250000000000002       0.53079762229389704     
   6.3300000000000010       0.53079043860011255     
   6.3350000000000009       0.53009068936060755     
   6.3399999999999999       0.53061923277927892     
   6.3450000000000006       0.53159973724688625     
   6.3500000000000005       0.53060054871564721     
   6.3550000000000004       0.53019531733058933     
   6.3600000000000003       0.53056397824569623     
   6.3650000000000002       0.53112233548503973     
   6.3700000000000010       0.53100714904367308     
   6.3750000000000009       0.53129708373034612     
   6.3799999999999999       0.53185768482034845     
   6.3850000000000007       0.53210802391678602     
   6.3900000000000006       0.53160417994771403     
   6.3950000000000005       0.53178866217564325     
   6.4000000000000012       0.53170070609473830     
   6.4050000000000002       0.53108094838586906     
   6.4100000000000001       0.53126695931605783     
   6.4150000000000009       0.53183565970718083     
   6.4200000000000008       0.53163795432360383     
   6.4250000000000007       0.53083041206210202     
   6.4300000000000006       0.53162569002903770     
   6.4350000000000005       0.53087529830889135     
   6.4400000000000013       0.52990642967323631     
   6.4450000000000003       0.53086607852422207     
   6.4500000000000002       0.53047292042978844     
   6.4550000000000010       0.53048659553427679     
   6.4600000000000000       0.53027830746407267     
   6.4650000000000007       0.53015048125362485     
   6.4700000000000006       0.52915512806346054     
   6.4750000000000005       0.52860505287771686     
   6.4800000000000004       0.52896065085216715     
   6.4850000000000012       0.52886959897839325     
   6.4900000000000011       0.52862108095459515     
   6.4950000000000001       0.52927942669957173     
   6.5000000000000000       0.52945386419526186     
   6.5049999999999999       0.52925574506940309     
   6.5100000000000007       0.52835181096949568     
   6.5150000000000006       0.52820144413526460     
   6.5200000000000005       0.52876604748985090     
   6.5250000000000012       0.52865717295503067     
   6.5300000000000011       0.52873206847609255     
   6.5350000000000001       0.52800687210172259     
   6.5400000000000000       0.52835340125548080     
   6.5449999999999999       0.52767315826442107     
   6.5500000000000007       0.52795866212570208     
   6.5550000000000006       0.52780309378029822     
   6.5600000000000005       0.52767592495061044     
   6.5650000000000013       0.52833833304330458     
   6.5700000000000012       0.52891485565796315     
   6.5750000000000002       0.52952078861438057     
   6.5800000000000001       0.53003446408007848     
   6.5850000000000000       0.53001805190481532     
   6.5900000000000007       0.52988470744372496     
   6.5950000000000006       0.52989246791236555     
   6.6000000000000005       0.53075858953031596     
   6.6050000000000013       0.53100292656963421     
   6.6100000000000012       0.53143152581972875     
   6.6150000000000011       0.53241715340935558     
   6.6200000000000001       0.53240171637055933     
   6.6250000000000000       0.53283376730898091     
   6.6300000000000008       0.53188486751318398     
   6.6350000000000007       0.53179120491457588     
   6.6400000000000006       0.53132250759303767     
   6.6450000000000005       0.53075783412642386     
   6.6500000000000012       0.53140619349376550     
   6.6550000000000011       0.53146402569706352     
   6.6600000000000001       0.53071299744266398     
   6.6650000000000000       0.53074143641465421     
   6.6699999999999999       0.53076989473902458     
   6.6750000000000007       0.53194720566093789     
   6.6800000000000006       0.53194881210029432     
   6.6850000000000005       0.53190107841608780     
   6.6900000000000013       0.53186209514651916     
   6.6950000000000012       0.53179888308358769     
   6.7000000000000002       0.53127732736957389     
   6.7050000000000001       0.53167565473081735     
   6.7100000000000000       0.53181086647967646     
   6.7150000000000007       0.53263712000710972     
   6.7200000000000006       0.53171781116282846     
   6.7250000000000005       0.53136294823791952     
   6.7300000000000013       0.53104903348535692     
   6.7350000000000012       0.53153562016434130     
   6.7400000000000002       0.53223701838804405     
   6.7450000000000001       0.53174210734303695     
   6.7500000000000000       0.53196215231324229     
   6.7550000000000008       0.53174252760495300     
   6.7600000000000007       0.53147969689989949     
   6.7650000000000006       0.53159729866402183     
   6.7700000000000014       0.53129100238942550     
   6.7750000000000012       0.53137319339963052     
   6.7800000000000002       0.53197425542284982     
   6.7850000000000001       0.53265744278720439     
   6.7900000000000000       0.53198931815124761     
   6.7950000000000008       0.53175642986499183     
   6.8000000000000007       0.53242388982914690     
   6.8050000000000006       0.53192414755078843     
   6.8100000000000014       0.53254981870573448     
   6.8150000000000013       0.53238979032793088     
   6.8200000000000003       0.53191114177326326     
   6.8250000000000002       0.53203816867254461     
   6.8300000000000001       0.53152307045841596     
   6.8350000000000000       0.53203708154311546     
   6.8400000000000007       0.53133353091753222     
   6.8450000000000006       0.53180414525951281     
   6.8500000000000005       0.53236917227977609     
   6.8550000000000013       0.53230778869726902     
   6.8600000000000012       0.53166304555190425     
   6.8650000000000002       0.53157941992055524     
   6.8700000000000001       0.53246651589913041     
   6.8750000000000000       0.53253293586596240     
   6.8800000000000008       0.53243743856574466     
   6.8850000000000007       0.53228273773162693     
   6.8900000000000006       0.53222702551271017     
   6.8950000000000014       0.53221623609160817     
   6.9000000000000012       0.53306223412207709     
   6.9050000000000002       0.53282300210828404     
   6.9100000000000001       0.53264428375022932     
   6.9150000000000000       0.53386882666447677     
   6.9200000000000008       0.53331160346323625     
   6.9250000000000007       0.53345761552394111     
   6.9300000000000006       0.53353931943530708     
   6.9350000000000014       0.53292853637711368     
   6.9400000000000013       0.53287623816092122     
   6.9450000000000003       0.53322284682508703     
   6.9500000000000002       0.53342512247364482     
   6.9550000000000001       0.53145072098234525     
   6.9600000000000009       0.53037494376549599     
   6.9650000000000007       0.52966446890021424     
   6.9700000000000006       0.52991736828900915     
   6.9750000000000014       0.53039296633786426     
   6.9800000000000013       0.53054458167481111     
   6.9850000000000003       0.53108577774165666     
   6.9900000000000002       0.53107464834451912     
   6.9950000000000001       0.53020232474478257     
   7.0000000000000009       0.53012881649640065     
   7.0050000000000008       0.53080725789590222     
   7.0100000000000007       0.53068756528271988     
   7.0150000000000006       0.53023530392012674     
   7.0200000000000014       0.53055399783131063     
   7.0249999999999995       0.53112031274632088     
   7.0300000000000002       0.53051066925210755     
   7.0350000000000001       0.53032500533959226     
   7.0400000000000000       0.52945429425885560     
   7.0450000000000008       0.52962417530979455     
   7.0500000000000007       0.52888010673585850     
   7.0550000000000006       0.52833834587287065     
   7.0600000000000014       0.52755444282896646     
   7.0650000000000013       0.52758943411288395     
   7.0700000000000003       0.52745192498434801     
   7.0750000000000002       0.52795842083913158     
   7.0800000000000001       0.52845685145386823     
   7.0850000000000009       0.52830099120311191     
   7.0900000000000007       0.52834325831554552     
   7.0950000000000006       0.52854462445946526     
   7.1000000000000014       0.52875749313026310     
   7.1050000000000013       0.52887433537176043     
   7.1100000000000003       0.52861092016456068     
   7.1150000000000002       0.52942211232592984     
   7.1200000000000001       0.52820467089236645     
   7.1250000000000009       0.52771604756978230     
   7.1300000000000008       0.52785317498774575     
   7.1350000000000007       0.52876602046133170     
   7.1400000000000015       0.52860647637818037     
   7.1450000000000014       0.52906649230060587     
   7.1500000000000004       0.52906970709077850     
   7.1550000000000002       0.52935942220031029     
   7.1600000000000001       0.52915730002494876     
   7.1650000000000009       0.52838495145777642     
   7.1700000000000008       0.52869416356369037     
   7.1750000000000007       0.52893529115281857     
   7.1800000000000006       0.52944762453801653     
   7.1850000000000014       0.52977109631422747     
   7.1900000000000004       0.53021136175967243     
   7.1950000000000003       0.52965877895214941     
   7.2000000000000002       0.53005980572003475     
   7.2050000000000001       0.53085977634773140     
   7.2100000000000009       0.53059450665361185     
   7.2150000000000007       0.53162553226582976     
   7.2200000000000006       0.53123630177742964     
   7.2250000000000014       0.53152574162792521     
   7.2299999999999995       0.53126248435768197     
   7.2350000000000003       0.53139704602495208     
   7.2400000000000002       0.53207149722382674     
   7.2450000000000001       0.53104441670858027     
   7.2500000000000009       0.53095900272650720     
   7.2550000000000008       0.53103134138323393     
   7.2600000000000007       0.53144870583868431     
   7.2650000000000015       0.53125269348065840     
   7.2700000000000014       0.53149598973857692     
   7.2750000000000004       0.53044104641874246     
   7.2800000000000002       0.53073160368080063     
   7.2850000000000001       0.53077015912395176     
   7.2900000000000009       0.53023079003692664     
   7.2950000000000008       0.52914874983279181     
   7.3000000000000007       0.52819796595675883     
   7.3050000000000015       0.52898657965583162     
   7.3100000000000014       0.52835562803020142     
   7.3150000000000004       0.52850664991296192     
   7.3200000000000003       0.52881976163782163     
   7.3250000000000002       0.52928276737698721     
   7.3300000000000010       0.52897727914582027     
   7.3350000000000009       0.52792460355169224     
   7.3400000000000007       0.52787582958173451     
   7.3450000000000015       0.52818399844443409     
   7.3500000000000014       0.52762207171045405     
   7.3550000000000004       0.52747183817838927     
   7.3600000000000003       0.52757762274886832     
   7.3650000000000002       0.52777498622360575     
   7.3700000000000001       0.52835848119845530     
   7.3750000000000009       0.52828804398462847     
   7.3800000000000008       0.52924465106003926     
   7.3850000000000007       0.53013058519768730     
   7.3900000000000015       0.53075202919130127     
   7.3949999999999996       0.53051196329694983     
   7.4000000000000004       0.52915433849509541     
   7.4050000000000002       0.52922818251748671     
   7.4100000000000001       0.52944978628477912     
   7.4150000000000009       0.53009597041883738     
   7.4200000000000008       0.53147796885051268     
   7.4250000000000007       0.53040998747623513     
   7.4300000000000015       0.52940645002887066     
   7.4349999999999996       0.53013386414604979     
   7.4400000000000004       0.53019751710503504     
   7.4450000000000003       0.53037499220044138     
   7.4500000000000002       0.53017433727877206     
   7.4550000000000010       0.52948079608033016     
   7.4600000000000009       0.53036729812728634     
   7.4650000000000007       0.53100577013322026     
   7.4700000000000015       0.53135689211311865     
   7.4750000000000014       0.53204616481038924     
   7.4800000000000004       0.53214853290513253     
   7.4850000000000003       0.53259359664526718     
   7.4900000000000002       0.53249812210486314     
   7.4950000000000010       0.53190103675243894     
   7.5000000000000009       0.53134505154365719     
   7.5050000000000008       0.53092808718840190     
   7.5100000000000016       0.53117189110158769     
   7.5150000000000015       0.53028690149923374     
   7.5200000000000005       0.53102434737270854     
   7.5250000000000004       0.53082400181216427     
   7.5300000000000002       0.53122978530857767     
   7.5350000000000001       0.52977205080446610     
   7.5400000000000009       0.52992203799139237     
   7.5450000000000008       0.53038943958570117     
   7.5500000000000007       0.53183294544401916     
   7.5550000000000015       0.53186537739063666     
   7.5599999999999996       0.53182840509601270     
   7.5650000000000004       0.53224007158020248     
   7.5700000000000003       0.53276240010153675     
   7.5750000000000002       0.53259379878752289     
   7.5800000000000010       0.53204188569549238     
   7.5850000000000009       0.53227315799070174     
   7.5900000000000007       0.53232900288673002     
   7.5950000000000015       0.53226870406099902     
   7.5999999999999996       0.53214104065851275     
   7.6050000000000004       0.53212522962996989     
   7.6100000000000003       0.53137057387452291     
   7.6150000000000002       0.53188675498135396     
   7.6200000000000010       0.53253121298051231     
   7.6250000000000009       0.53396297801811043     
   7.6300000000000008       0.53479839096829662     
   7.6350000000000016       0.53389365500160291     
   7.6399999999999997       0.53354497662360356     
   7.6450000000000005       0.53289907926125202     
   7.6500000000000004       0.53340293198918243     
   7.6550000000000002       0.53324229502560383     
   7.6600000000000010       0.53350690111928878     
   7.6650000000000009       0.53381230785508926     
   7.6700000000000008       0.53408435767335127     
   7.6750000000000016       0.53388939640686706     
   7.6799999999999997       0.53407041039751979     
   7.6850000000000005       0.53358665089508028     
   7.6900000000000004       0.53328413301149502     
   7.6950000000000003       0.53353808789575530     
   7.7000000000000011       0.53400700998581818     
   7.7050000000000010       0.53357148410568955     
   7.7100000000000009       0.53404328958693792     
   7.7150000000000007       0.53471789712373896     
   7.7200000000000015       0.53535092527206607     
   7.7249999999999996       0.53562005484745123     
   7.7300000000000004       0.53611944289139091     
   7.7350000000000003       0.53597165436844874     
   7.7400000000000002       0.53555184032930037     
   7.7450000000000010       0.53492799458561024     
   7.7500000000000009       0.53619533354339388     
   7.7550000000000008       0.53656898256026420     
   7.7600000000000016       0.53729136341057759     
   7.7649999999999997       0.53780093941995288     
   7.7700000000000005       0.53813399457192124     
   7.7750000000000004       0.53875429464447089     
   7.7800000000000002       0.53887022028456488     
   7.7850000000000010       0.53906457026664978     
   7.7900000000000009       0.53846753682143045     
   7.7950000000000008       0.53867516667855286     
   7.8000000000000016       0.53868808207418095     
   7.8049999999999997       0.53931689994726517     
   7.8100000000000005       0.53966013164733428     
   7.8150000000000004       0.54010688049183175     
   7.8200000000000003       0.54055862950648692     
   7.8250000000000011       0.54160288866041062     
   7.8300000000000010       0.54111914229544933     
   7.8350000000000009       0.54241272285623121     
   7.8400000000000016       0.54292981442340604     
   7.8449999999999998       0.54296617345243614     
   7.8500000000000005       0.54301373549234555     
   7.8550000000000004       0.54311452054453502     
   7.8600000000000003       0.54393326456693092     
   7.8650000000000011       0.54374192541383970     
   7.8700000000000010       0.54288643312394824     
   7.8750000000000009       0.54232745835746987     
   7.8800000000000008       0.54128925428709429     
   7.8849999999999998       0.54096608962936510     
   7.8900000000000006       0.54155811024972389     
   7.8950000000000005       0.54220840252245728     
   7.9000000000000004       0.54213376363802324     
   7.9050000000000002       0.54166799782664288     
   7.9100000000000010       0.54194503077034051     
   7.9150000000000009       0.54217295249496888     
   7.9200000000000008       0.54198997515141756     
   7.9250000000000016       0.54235916984491084     
   7.9299999999999997       0.54166824670091829     
   7.9350000000000005       0.54142372489109236     
   7.9400000000000004       0.54139726618468698     
   7.9450000000000003       0.54035821856405841     
   7.9500000000000011       0.54139709738138608     
   7.9550000000000010       0.54252302850973022     
   7.9600000000000009       0.54163119236105484     
   7.9650000000000016       0.54127379300828715     
   7.9699999999999998       0.54125333754994054     
   7.9750000000000005       0.54212666705032397     
   7.9800000000000004       0.54279369425282942     
   7.9850000000000003       0.54333859899335857     
   7.9900000000000011       0.54247673049204781     
