   0.0000000000000000       0.99999999999958133     
   8.9999999999999993E-003  0.98387672546173022     
   1.7999999999999999E-002  0.99948515930632253     
   2.6999999999999993E-002  0.99932907160727003     
   3.5999999999999997E-002  0.99910123312828880     
   4.4999999999999998E-002  0.99886598419717754     
   5.3999999999999986E-002  0.99874458808520117     
   6.2999999999999987E-002  0.99845554340735454     
   7.1999999999999995E-002  0.99834334352120457     
   8.0999999999999989E-002  0.99809514293296386     
   8.9999999999999997E-002  0.99777508735271536     
   9.8999999999999991E-002  0.99762664227614262     
  0.10799999999999997       0.99724132994235937     
  0.11699999999999999       0.99674349450346045     
  0.12599999999999997       0.99644418689948666     
  0.13499999999999998       0.99618754643346463     
  0.14399999999999999       0.99577021437029056     
  0.15299999999999997       0.99543857614611098     
  0.16199999999999998       0.99516505855691073     
  0.17099999999999999       0.99486899448949617     
  0.17999999999999999       0.99460933060725987     
  0.18899999999999997       0.99416241825851603     
  0.19799999999999998       0.99389188691456443     
  0.20699999999999996       0.99334037452660595     
  0.21599999999999994       0.99292455952525538     
  0.22499999999999998       0.99257935892162419     
  0.23399999999999999       0.99226388511712438     
  0.24299999999999997       0.99177892843086102     
  0.25199999999999995       0.99122339131055182     
  0.26099999999999995       0.99090161207437055     
  0.26999999999999996       0.99053728348613901     
  0.27899999999999997       0.98978953578156659     
  0.28799999999999998       0.98933788282842183     
  0.29699999999999993       0.98891220479253106     
  0.30599999999999994       0.98790285125300747     
  0.31500000000000000       0.98720326000986369     
  0.32399999999999995       0.98674254384367399     
  0.33299999999999996       0.98629493360849352     
  0.34199999999999997       0.98556397883440816     
  0.35099999999999992       0.98482587646324493     
  0.35999999999999999       0.98410995116307909     
  0.36899999999999994       0.98367184500462201     
  0.37799999999999995       0.98298525364115019     
  0.38699999999999996       0.98226244841818966     
  0.39599999999999996       0.98143488827818293     
  0.40499999999999992       0.98084452051783344     
  0.41399999999999992       0.97981627274863670     
  0.42299999999999993       0.97920604750949014     
  0.43199999999999988       0.97857741759139194     
  0.44100000000000000       0.97809893336499121     
  0.44999999999999996       0.97754796519330833     
  0.45899999999999996       0.97681667181190879     
  0.46799999999999997       0.97634786973893961     
  0.47699999999999992       0.97607714339790441     
  0.48599999999999993       0.97542206830969069     
  0.49499999999999994       0.97506211874779514     
  0.50399999999999989       0.97413969631644004     
  0.51299999999999990       0.97362720156439087     
  0.52199999999999991       0.97232729511270610     
  0.53099999999999992       0.97151265894899497     
  0.53999999999999992       0.97087178128012364     
  0.54899999999999993       0.97052526242092185     
  0.55799999999999994       0.96960676869373064     
  0.56699999999999995       0.96900247981023724     
  0.57599999999999996       0.96808177071062074     
  0.58499999999999996       0.96703496279824108     
  0.59399999999999986       0.96676990802244234     
  0.60299999999999987       0.96566057307986941     
  0.61199999999999988       0.96495812385678159     
  0.62099999999999989       0.96453869940606207     
  0.63000000000000000       0.96348768927527695     
  0.63899999999999990       0.96219830150938679     
  0.64799999999999991       0.96084308348467462     
  0.65699999999999992       0.95993592702694575     
  0.66599999999999993       0.95918019549022449     
  0.67499999999999993       0.95786968463562350     
  0.68399999999999994       0.95683454897586850     
  0.69299999999999984       0.95569596041684157     
  0.70199999999999985       0.95505937203699831     
  0.71099999999999985       0.95428002714125038     
  0.71999999999999997       0.95355265439796388     
  0.72899999999999998       0.95250593961298424     
  0.73799999999999988       0.95134874363297606     
  0.74699999999999989       0.95052483574185653     
  0.75599999999999989       0.94936818572706061     
  0.76499999999999990       0.94793959674180650     
  0.77399999999999991       0.94619968419957601     
  0.78299999999999992       0.94531450409129680     
  0.79199999999999993       0.94408582101637151     
  0.80099999999999982       0.94337162398594354     
  0.80999999999999983       0.94214561691571819     
  0.81899999999999984       0.94125202347594739     
  0.82799999999999985       0.94027655868160886     
  0.83699999999999986       0.93923818906949452     
  0.84599999999999986       0.93818055490781704     
  0.85499999999999987       0.93675137329668345     
  0.86399999999999977       0.93584281847755979     
  0.87300000000000000       0.93433716757920715     
  0.88200000000000001       0.93258197989362479     
  0.89099999999999990       0.93214799121963643     
  0.89999999999999991       0.93113181784079657     
  0.90899999999999992       0.92949924764005754     
  0.91799999999999993       0.92844083970242541     
  0.92699999999999994       0.92706613214235889     
  0.93599999999999994       0.92622289669203173     
  0.94499999999999984       0.92525748209064995     
  0.95399999999999985       0.92361952688487814     
  0.96299999999999986       0.92290189132592604     
  0.97199999999999986       0.92142887253702221     
  0.98099999999999987       0.92043134308764740     
  0.98999999999999988       0.91897623150967778     
  0.99899999999999989       0.91789100557988668     
   1.0079999999999998       0.91769276729563409     
   1.0169999999999999       0.91570702387033631     
   1.0259999999999998       0.91405198821537581     
   1.0349999999999997       0.91279055671495768     
   1.0439999999999998       0.91112809089794977     
   1.0529999999999997       0.91025734994021290     
   1.0619999999999998       0.90936816636673423     
   1.0710000000000000       0.90815238838478995     
   1.0799999999999998       0.90712704187292958     
   1.0890000000000000       0.90569342440973799     
   1.0979999999999999       0.90415449573315465     
   1.1070000000000000       0.90267556010079886     
   1.1159999999999999       0.90160393546004858     
   1.1249999999999998       0.90071128173942272     
   1.1339999999999999       0.89976611232267567     
   1.1429999999999998       0.89813017920200011     
   1.1519999999999999       0.89726662643369248     
   1.1609999999999998       0.89642935403318413     
   1.1699999999999999       0.89474859506591931     
   1.1789999999999998       0.89345198235193735     
   1.1879999999999997       0.89240051892195393     
   1.1969999999999998       0.89094120008063704     
   1.2059999999999997       0.88927060377569223     
   1.2149999999999999       0.88808021378324642     
   1.2239999999999998       0.88730424912593875     
   1.2329999999999999       0.88635971202027897     
   1.2419999999999998       0.88454234527520381     
   1.2509999999999999       0.88315370331126786     
   1.2600000000000000       0.88228242577482041     
   1.2689999999999999       0.88115469550456826     
   1.2779999999999998       0.87968453570421512     
   1.2869999999999999       0.87846760128778956     
   1.2959999999999998       0.87699209148277535     
   1.3049999999999999       0.87609557901619595     
   1.3139999999999998       0.87438240773683751     
   1.3230000000000000       0.87320812640936285     
   1.3319999999999999       0.87213502683545963     
   1.3409999999999997       0.87096954364496315     
   1.3499999999999999       0.86930178454162854     
   1.3589999999999998       0.86834096105653924     
   1.3679999999999999       0.86752252659692808     
   1.3769999999999998       0.86584366832525927     
   1.3859999999999997       0.86429742088501915     
   1.3949999999999998       0.86254924589440607     
   1.4039999999999997       0.86171518226277144     
   1.4129999999999998       0.86045764355162824     
   1.4219999999999997       0.85913350915527853     
   1.4309999999999998       0.85844071786097886     
   1.4399999999999999       0.85661655638367185     
   1.4489999999999998       0.85506735231538156     
   1.4580000000000000       0.85361029934476440     
   1.4669999999999999       0.85190783551751281     
   1.4759999999999998       0.85110151056457073     
   1.4849999999999999       0.84987134142479315     
   1.4939999999999998       0.84861640274025585     
   1.5029999999999999       0.84768440035177250     
   1.5119999999999998       0.84647422507577574     
   1.5209999999999999       0.84534491428202541     
   1.5299999999999998       0.84488675144828029     
   1.5389999999999997       0.84315778339786907     
   1.5479999999999998       0.84229300327083456     
   1.5569999999999997       0.84059710300917112     
   1.5659999999999998       0.83991265644041257     
   1.5749999999999997       0.83855868455177640     
   1.5839999999999999       0.83682613467760347     
   1.5929999999999997       0.83545616022083591     
   1.6019999999999996       0.83431020048270021     
   1.6109999999999998       0.83272684957042198     
   1.6199999999999997       0.83216748851102174     
   1.6289999999999998       0.83080579497075513     
   1.6379999999999997       0.82902101937158024     
   1.6469999999999998       0.82785185995736055     
   1.6559999999999997       0.82612123057831222     
   1.6649999999999996       0.82540814152869602     
   1.6739999999999997       0.82400987909764567     
   1.6829999999999996       0.82232271406296042     
   1.6919999999999997       0.82172105857817479     
   1.7009999999999996       0.82087873261723110     
   1.7099999999999997       0.81946130950956442     
   1.7189999999999996       0.81907483692378746     
   1.7279999999999995       0.81859878593436097     
   1.7369999999999999       0.81756262878049102     
   1.7460000000000000       0.81665591079733590     
   1.7549999999999999       0.81531532099625381     
   1.7640000000000000       0.81477575117329981     
   1.7729999999999999       0.81412400390364670     
   1.7819999999999998       0.81318288295025254     
   1.7909999999999999       0.81254339845930312     
   1.7999999999999998       0.81159603292240212     
   1.8089999999999999       0.81082784692780085     
   1.8179999999999998       0.81058800599976966     
   1.8269999999999997       0.81026553358424702     
   1.8359999999999999       0.80938507770698687     
   1.8449999999999998       0.80874626705020936     
   1.8539999999999999       0.80857723028677297     
   1.8629999999999998       0.80717161655143554     
   1.8719999999999999       0.80661766744193408     
   1.8809999999999998       0.80654142969288722     
   1.8899999999999997       0.80554036794246897     
   1.8989999999999998       0.80491676389721667     
   1.9079999999999997       0.80388904363400415     
   1.9169999999999998       0.80420442415469351     
   1.9259999999999997       0.80438132256299943     
   1.9349999999999998       0.80366875673175586     
   1.9439999999999997       0.80277198834094676     
   1.9529999999999996       0.80243236152598973     
   1.9619999999999997       0.80133286639725432     
   1.9709999999999996       0.80088669946357127     
   1.9799999999999998       0.80018592169974934     
   1.9889999999999997       0.79964033589673611     
   1.9979999999999998       0.79923926824540736     
   2.0069999999999997       0.79857482367870136     
   2.0159999999999996       0.79848962940062307     
   2.0249999999999995       0.79813860672879278     
   2.0339999999999998       0.79771158615056748     
   2.0429999999999997       0.79743847251973698     
   2.0519999999999996       0.79696597285578463     
   2.0609999999999995       0.79648003187324501     
   2.0699999999999994       0.79588463038241786     
   2.0789999999999997       0.79497501914828272     
   2.0879999999999996       0.79476763859511967     
   2.0969999999999995       0.79366499425499437     
   2.1059999999999994       0.79292022124796646     
   2.1149999999999998       0.79194404607576596     
   2.1239999999999997       0.79173638395292678     
   2.1330000000000000       0.79140787184280448     
   2.1419999999999999       0.79143610633169847     
   2.1509999999999998       0.79078937588355014     
   2.1599999999999997       0.79014830055153906     
   2.1690000000000000       0.78939913266817197     
   2.1779999999999999       0.78888310303611264     
   2.1869999999999998       0.78862961327330916     
   2.1959999999999997       0.78841166084065528     
   2.2049999999999996       0.78859711129494192     
   2.2140000000000000       0.78857367285673430     
   2.2229999999999999       0.78884669511786554     
   2.2319999999999998       0.78831085769693598     
   2.2409999999999997       0.78771242718014700     
   2.2499999999999996       0.78760541539429230     
   2.2589999999999999       0.78758641344871017     
   2.2679999999999998       0.78696898539933258     
   2.2769999999999997       0.78640893547752788     
   2.2859999999999996       0.78645539389537766     
   2.2949999999999999       0.78688983013102654     
   2.3039999999999998       0.78672876959936777     
   2.3129999999999997       0.78644012822291653     
   2.3219999999999996       0.78696248479864306     
   2.3309999999999995       0.78705091510561398     
   2.3399999999999999       0.78650623661673547     
   2.3489999999999998       0.78623556110685455     
   2.3579999999999997       0.78584371085668858     
   2.3669999999999995       0.78561520889183867     
   2.3759999999999994       0.78563522286892717     
   2.3849999999999998       0.78496823897517187     
   2.3939999999999997       0.78499083832907435     
   2.4029999999999996       0.78469669021947175     
   2.4119999999999995       0.78455670529175525     
   2.4209999999999994       0.78409949616692209     
   2.4299999999999997       0.78343510617028655     
   2.4389999999999996       0.78244800324420205     
   2.4479999999999995       0.78290721362676097     
   2.4569999999999994       0.78214798361138715     
   2.4659999999999997       0.78133336681649179     
   2.4749999999999996       0.78123214728433454     
   2.4839999999999995       0.78119373482903842     
   2.4929999999999994       0.78079123360977454     
   2.5019999999999998       0.78049188310625683     
   2.5109999999999997       0.78008611242855841     
   2.5200000000000000       0.77993763135501848     
   2.5289999999999999       0.77966708752151048     
   2.5379999999999998       0.77936148870623267     
   2.5469999999999997       0.77880369326770971     
   2.5559999999999996       0.77871521497734963     
   2.5649999999999999       0.77832155260028446     
   2.5739999999999998       0.77815680057152870     
   2.5829999999999997       0.77769293961983355     
   2.5919999999999996       0.77775837479024423     
   2.6009999999999995       0.77717367575356067     
   2.6099999999999999       0.77698377134111540     
   2.6189999999999998       0.77700621502705736     
   2.6279999999999997       0.77658638465329932     
   2.6369999999999996       0.77665178885806641     
   2.6459999999999999       0.77628612210753600     
   2.6549999999999998       0.77603519024945400     
   2.6639999999999997       0.77574049980920134     
   2.6729999999999996       0.77574966256817468     
   2.6819999999999995       0.77565981219107383     
   2.6909999999999998       0.77514313692249603     
   2.6999999999999997       0.77511910143186868     
   2.7089999999999996       0.77506274852699020     
   2.7179999999999995       0.77516554115022218     
   2.7269999999999994       0.77493073034237037     
   2.7359999999999998       0.77449055770061026     
   2.7449999999999997       0.77377984741087280     
   2.7539999999999996       0.77369683036778636     
   2.7629999999999995       0.77354657102155544     
   2.7719999999999994       0.77353796214094872     
   2.7809999999999997       0.77343307180958099     
   2.7899999999999996       0.77269306396686321     
   2.7989999999999995       0.77241526626517043     
   2.8079999999999994       0.77213886098463580     
   2.8169999999999997       0.77199930251037008     
   2.8259999999999996       0.77182945792019808     
   2.8349999999999995       0.77153215577487211     
   2.8439999999999994       0.77140800677091947     
   2.8529999999999993       0.77154797882021620     
   2.8619999999999997       0.77127529003646400     
   2.8709999999999996       0.77141229859952654     
   2.8799999999999999       0.77154565357753113     
   2.8889999999999998       0.77129313436859170     
   2.8979999999999997       0.77115362954488564     
   2.9069999999999996       0.77141800142468375     
   2.9159999999999999       0.77080668779032580     
   2.9249999999999994       0.77078829706725815     
   2.9339999999999997       0.77025231898584134     
   2.9429999999999996       0.77024669894902731     
   2.9519999999999995       0.77000420771631206     
   2.9609999999999994       0.76969218387713412     
   2.9699999999999998       0.76960565676968140     
   2.9789999999999992       0.76915123714527411     
   2.9879999999999995       0.76882140535826937     
   2.9969999999999994       0.76864883722431754     
   3.0059999999999998       0.76839173430056784     
   3.0149999999999992       0.76849939978341419     
   3.0239999999999996       0.76838959395526585     
   3.0329999999999995       0.76804255754170758     
   3.0419999999999998       0.76801215385169963     
   3.0509999999999993       0.76821264452159899     
   3.0599999999999996       0.76773798427756967     
   3.0689999999999995       0.76820321244058931     
   3.0779999999999994       0.76840101305020081     
   3.0869999999999997       0.76800784680750411     
   3.0959999999999996       0.76760923173133944     
   3.1050000000000000       0.76768326298571021     
   3.1139999999999994       0.76741998522633126     
   3.1229999999999998       0.76727876714058085     
   3.1319999999999997       0.76685861874661376     
   3.1410000000000000       0.76648464227038904     
   3.1499999999999995       0.76630319983711492     
   3.1589999999999998       0.76609010408394629     
   3.1679999999999997       0.76605269361835293     
   3.1770000000000000       0.76542435611500437     
   3.1859999999999995       0.76541233931366059     
   3.1949999999999998       0.76504479657092117     
   3.2039999999999993       0.76473146998702668     
   3.2129999999999996       0.76486249184881849     
   3.2219999999999995       0.76475560031775969     
   3.2309999999999999       0.76434404952266410     
   3.2399999999999993       0.76407198642208918     
   3.2489999999999997       0.76399389989079347     
   3.2579999999999996       0.76385277984242383     
   3.2669999999999999       0.76348294040552656     
   3.2759999999999994       0.76298699115734991     
   3.2849999999999997       0.76324442977710927     
   3.2939999999999996       0.76321471915179473     
   3.3029999999999995       0.76295058980263430     
   3.3119999999999994       0.76268845863128809     
   3.3209999999999997       0.76237928692778312     
   3.3299999999999992       0.76211932121041326     
   3.3389999999999995       0.76166683637379207     
   3.3479999999999994       0.76086630297214519     
   3.3569999999999998       0.76097661102251957     
   3.3659999999999992       0.76104974878032616     
   3.3749999999999996       0.76077169745572659     
   3.3839999999999995       0.76052538624481536     
   3.3929999999999998       0.76025379744842247     
   3.4019999999999992       0.76038590384157612     
   3.4109999999999996       0.76053097488766752     
   3.4199999999999995       0.76015915612855256     
   3.4289999999999994       0.75989113671491815     
   3.4379999999999993       0.75925392740547770     
   3.4469999999999996       0.75911104516088990     
   3.4559999999999991       0.75911108695252616     
   3.4649999999999994       0.75822729338142714     
   3.4739999999999998       0.75774223056180068     
   3.4829999999999997       0.75727224195583831     
   3.4920000000000000       0.75698495002338129     
   3.5009999999999994       0.75690481191966685     
   3.5099999999999998       0.75657889882364482     
   3.5189999999999997       0.75610528137571353     
   3.5280000000000000       0.75579459051624664     
   3.5369999999999995       0.75569120302455906     
   3.5459999999999998       0.75536183506385046     
   3.5549999999999993       0.75522863904309911     
   3.5639999999999996       0.75484985249420178     
   3.5729999999999995       0.75466626548288329     
   3.5819999999999999       0.75458166620617229     
   3.5909999999999993       0.75422708398089955     
   3.5999999999999996       0.75392781262255615     
   3.6089999999999995       0.75371577382269450     
   3.6179999999999999       0.75297458875435197     
   3.6269999999999993       0.75287864909696489     
   3.6359999999999997       0.75300499816269717     
   3.6449999999999996       0.75274330178338222     
   3.6539999999999995       0.75255216699983063     
   3.6629999999999994       0.75227089005662373     
   3.6719999999999997       0.75189019363972576     
   3.6809999999999992       0.75206346598863361     
   3.6899999999999995       0.75209099002105673     
   3.6989999999999994       0.75158094061053393     
   3.7079999999999997       0.75111768427623926     
   3.7169999999999992       0.75062183879399724     
   3.7259999999999995       0.75026832558507373     
   3.7349999999999994       0.75009163134255019     
   3.7439999999999998       0.75001262201483165     
   3.7529999999999992       0.74946839708241164     
   3.7619999999999996       0.74944388928636829     
   3.7709999999999995       0.74904212498127798     
   3.7799999999999994       0.74843083000577482     
   3.7889999999999993       0.74836560001839436     
   3.7979999999999996       0.74796340710291742     
   3.8069999999999991       0.74753783408679408     
   3.8159999999999994       0.74712932225182949     
   3.8249999999999993       0.74705205673371988     
   3.8339999999999996       0.74632890523264950     
   3.8430000000000000       0.74566648644235523     
   3.8519999999999994       0.74546723380738289     
   3.8609999999999998       0.74514301153415907     
   3.8699999999999997       0.74479744110193569     
   3.8790000000000000       0.74447403105556287     
   3.8879999999999995       0.74410199695882506     
   3.8969999999999998       0.74388976736942214     
   3.9059999999999993       0.74351641384104727     
   3.9149999999999996       0.74327967523057881     
   3.9239999999999995       0.74305163064816016     
   3.9329999999999998       0.74288587321317268     
   3.9419999999999993       0.74291398882262216     
   3.9509999999999996       0.74277453298310370     
   3.9599999999999995       0.74259031521325414     
   3.9689999999999999       0.74256428962415599     
   3.9779999999999993       0.74243788021366464     
   3.9869999999999997       0.74210327320353053     
   3.9959999999999996       0.74204122334948142     
   4.0049999999999999       0.74161314213238272     
   4.0139999999999993       0.74115240127664361     
   4.0229999999999997       0.74065541326198492     
   4.0319999999999991       0.74022838707487992     
   4.0409999999999995       0.73997453616445541     
   4.0499999999999989       0.73957229451970741     
   4.0589999999999993       0.73916846389305713     
   4.0679999999999996       0.73894594579046069     
   4.0770000000000000       0.73862508954345685     
   4.0859999999999994       0.73833981971270501     
   4.0949999999999998       0.73791389736204294     
   4.1039999999999992       0.73747916123095758     
   4.1129999999999995       0.73708294300902288     
   4.1219999999999990       0.73649250709372560     
   4.1309999999999993       0.73632623762189697     
   4.1399999999999988       0.73622046000646724     
   4.1489999999999991       0.73600709458383007     
   4.1579999999999995       0.73556436953020599     
   4.1669999999999998       0.73536861471830584     
   4.1759999999999993       0.73506428705091942     
   4.1849999999999996       0.73466263245607843     
   4.1939999999999991       0.73456373354477111     
   4.2029999999999994       0.73448054881423208     
   4.2119999999999989       0.73432564404239309     
   4.2209999999999992       0.73412835118552811     
   4.2299999999999995       0.73386212104838855     
   4.2389999999999999       0.73344806688417674     
   4.2479999999999993       0.73348108274758816     
   4.2569999999999997       0.73336954426438450     
   4.2660000000000000       0.73313542574161705     
   4.2749999999999995       0.73264999843803469     
   4.2839999999999998       0.73246341110916002     
   4.2929999999999993       0.73213762199136867     
   4.3019999999999996       0.73170809040910112     
   4.3109999999999991       0.73139562775367506     
   4.3199999999999994       0.73108247012728167     
   4.3289999999999997       0.73034785491656062     
   4.3380000000000001       0.73016161716019790     
   4.3469999999999995       0.72965645019023684     
   4.3559999999999999       0.72888997159129576     
   4.3649999999999993       0.72836494786056039     
   4.3739999999999997       0.72845429916502868     
   4.3829999999999991       0.72837978094165223     
   4.3919999999999995       0.72757444218768341     
   4.4009999999999989       0.72734905912029335     
   4.4099999999999993       0.72678867726002605     
   4.4189999999999996       0.72674306676392497     
   4.4279999999999999       0.72669517858709631     
   4.4369999999999994       0.72625732502590279     
   4.4459999999999997       0.72596379412204659     
   4.4549999999999992       0.72555569993259816     
   4.4639999999999995       0.72535848020833626     
   4.4729999999999990       0.72512595503327015     
   4.4819999999999993       0.72492702542586507     
   4.4909999999999988       0.72442942985394532     
   4.4999999999999991       0.72406563174060312     
   4.5089999999999995       0.72380092481958769     
   4.5179999999999998       0.72366189526616598     
   4.5269999999999992       0.72361993191681995     
   4.5359999999999996       0.72329582089421607     
   4.5449999999999990       0.72289237853015209     
   4.5539999999999994       0.72256669766033443     
   4.5629999999999988       0.72219337984829401     
   4.5719999999999992       0.72168103332973366     
   4.5809999999999995       0.72118693507640153     
   4.5899999999999999       0.72084170686585913     
   4.5989999999999993       0.72078074874157272     
   4.6079999999999997       0.72056476051307317     
   4.6170000000000000       0.72069007012569641     
   4.6259999999999994       0.72045110395315748     
   4.6349999999999998       0.71982969599894775     
   4.6439999999999992       0.71972706367130723     
   4.6529999999999996       0.71937495337964918     
   4.6619999999999990       0.71895807792693389     
   4.6709999999999994       0.71882033699539682     
   4.6799999999999997       0.71865730535242922     
   4.6890000000000001       0.71837814026673696     
   4.6979999999999995       0.71823356515960968     
   4.7069999999999999       0.71796157248109660     
   4.7159999999999993       0.71749283059049718     
   4.7249999999999996       0.71715707653898153     
   4.7339999999999991       0.71680953222054433     
   4.7429999999999994       0.71648560773614434     
   4.7519999999999989       0.71590585419045061     
   4.7609999999999992       0.71532930094960623     
   4.7699999999999996       0.71492072070583901     
   4.7789999999999999       0.71446573228878973     
   4.7879999999999994       0.71431584737891085     
   4.7969999999999997       0.71394633380555705     
   4.8059999999999992       0.71369975256586815     
   4.8149999999999995       0.71343672627465371     
   4.8239999999999990       0.71335964347831882     
   4.8329999999999993       0.71300544071046923     
   4.8419999999999987       0.71271943340841759     
   4.8509999999999991       0.71200256180603883     
   4.8599999999999994       0.71167858744351786     
   4.8689999999999998       0.71126491957814397     
   4.8779999999999992       0.71080168006300481     
   4.8869999999999996       0.71069578787382381     
   4.8959999999999990       0.71035457592255802     
   4.9049999999999994       0.70999581061262174     
   4.9139999999999988       0.70959989003963286     
   4.9229999999999992       0.70939350502885101     
   4.9319999999999995       0.70881070269516644     
   4.9409999999999998       0.70835718112475266     
   4.9499999999999993       0.70832345099052840     
   4.9589999999999996       0.70788465505930409     
   4.9679999999999991       0.70749668228021634     
   4.9769999999999994       0.70730071842044029     
   4.9859999999999989       0.70673483156911421     
   4.9949999999999992       0.70647171833081668     
   5.0039999999999996       0.70613802586801866     
   5.0129999999999990       0.70599704598389246     
   5.0219999999999994       0.70585725287010304     
   5.0309999999999997       0.70584540726251510     
   5.0400000000000000       0.70589625148214175     
   5.0489999999999995       0.70563138810941195     
   5.0579999999999998       0.70536635671353409     
   5.0669999999999993       0.70521819870163083     
   5.0759999999999996       0.70458401242756341     
   5.0849999999999991       0.70431837393544172     
   5.0939999999999994       0.70393586022767785     
   5.1029999999999989       0.70379173339002465     
   5.1119999999999992       0.70372904460950936     
   5.1209999999999996       0.70329730856475803     
   5.1299999999999999       0.70299355744765912     
   5.1389999999999993       0.70254394571925483     
   5.1479999999999997       0.70248696608236949     
   5.1569999999999991       0.70188513298714061     
   5.1659999999999995       0.70161047660459719     
   5.1749999999999989       0.70104356272987933     
   5.1839999999999993       0.70067135526517021     
   5.1929999999999987       0.70036568384326503     
   5.2019999999999991       0.69999715522455697     
   5.2109999999999994       0.69941052266350923     
   5.2199999999999998       0.69908518188561264     
   5.2289999999999992       0.69869206893575031     
   5.2379999999999995       0.69813934821177070     
   5.2469999999999990       0.69782758088644159     
   5.2559999999999993       0.69769007311717468     
   5.2649999999999988       0.69773331217670209     
   5.2739999999999991       0.69744347093714953     
   5.2829999999999995       0.69721817218812843     
   5.2919999999999998       0.69681296027164263     
   5.3009999999999993       0.69658777324322851     
   5.3099999999999996       0.69629429509413465     
   5.3189999999999991       0.69615533863959855     
   5.3279999999999994       0.69601241359420585     
   5.3369999999999989       0.69626414476598442     
   5.3459999999999992       0.69590807302678193     
   5.3549999999999986       0.69549237906516859     
   5.3639999999999990       0.69550989326418555     
   5.3729999999999993       0.69527436426420719     
   5.3819999999999997       0.69477130065350112     
   5.3910000000000000       0.69435432765709326     
   5.3999999999999995       0.69385301494756113     
   5.4089999999999998       0.69349286040501645     
   5.4179999999999993       0.69345357121119056     
   5.4269999999999996       0.69294216963435673     
   5.4359999999999991       0.69259964628201665     
   5.4449999999999994       0.69238023992043873     
   5.4539999999999988       0.69195680054525810     
   5.4629999999999992       0.69142804321130003     
   5.4719999999999995       0.69113572356254860     
   5.4809999999999999       0.69099294494568309     
   5.4899999999999993       0.69079765249817360     
   5.4989999999999997       0.69049617248932105     
   5.5079999999999991       0.69056336944614227     
   5.5169999999999995       0.69038273695863750     
   5.5259999999999989       0.69000273665328904     
   5.5349999999999993       0.68971635698373912     
   5.5439999999999987       0.68978388278473646     
   5.5529999999999990       0.68985247512027337     
   5.5619999999999994       0.68942861954436896     
   5.5709999999999997       0.68928507946594886     
   5.5799999999999992       0.68907867945582502     
   5.5889999999999995       0.68888083998676919     
   5.5979999999999990       0.68853223496658367     
   5.6069999999999993       0.68814804888215442     
   5.6159999999999988       0.68807176478787435     
   5.6249999999999991       0.68774971767103643     
   5.6339999999999995       0.68768097191475352     
   5.6429999999999998       0.68744533320063650     
   5.6519999999999992       0.68728401911939641     
   5.6609999999999996       0.68700500749377746     
   5.6699999999999990       0.68668245483893198     
   5.6789999999999994       0.68642870919751209     
   5.6879999999999988       0.68602805257106880     
   5.6969999999999992       0.68588510433997574     
   5.7059999999999986       0.68553819678104810     
   5.7149999999999990       0.68543498155330496     
   5.7239999999999993       0.68531422338900938     
   5.7329999999999997       0.68516676520770659     
   5.7419999999999991       0.68477759387912129     
   5.7509999999999994       0.68475767648537234     
   5.7599999999999998       0.68462376299526873     
   5.7689999999999992       0.68462993809919881     
   5.7779999999999996       0.68458001436463622     
   5.7869999999999990       0.68413180712205490     
   5.7959999999999994       0.68379526201960894     
   5.8049999999999988       0.68356722361235578     
   5.8139999999999992       0.68327515064022792     
   5.8229999999999995       0.68300724963080739     
   5.8319999999999999       0.68301153570051909     
   5.8410000000000002       0.68287243727165214     
   5.8499999999999988       0.68255605941060893     
   5.8589999999999991       0.68198748253725361     
   5.8679999999999994       0.68161654667300009     
   5.8769999999999998       0.68186814685356878     
   5.8859999999999992       0.68134881716779971     
   5.8949999999999987       0.68120370083315906     
   5.9039999999999990       0.68094887007328797     
   5.9129999999999994       0.68081006141239975     
   5.9219999999999988       0.68069322744967620     
   5.9309999999999992       0.68039143020142290     
   5.9399999999999995       0.68037212451875040     
   5.9489999999999998       0.67971247534892154     
   5.9579999999999984       0.67928267121353259     
   5.9669999999999987       0.67916414541030468     
   5.9759999999999991       0.67885125345963904     
   5.9849999999999994       0.67850519421141020     
   5.9939999999999989       0.67824341650105069     
   6.0029999999999992       0.67776962430779397     
   6.0119999999999996       0.67785432358982745     
   6.0209999999999999       0.67764212540517932     
   6.0299999999999985       0.67737411506534440     
   6.0389999999999988       0.67740538540571527     
   6.0479999999999992       0.67693206499542713     
   6.0569999999999995       0.67655302956220775     
   6.0659999999999989       0.67615782258408019     
   6.0749999999999993       0.67627129782875972     
   6.0839999999999996       0.67567115838563130     
   6.0930000000000000       0.67531977577371050     
   6.1019999999999985       0.67484742625020133     
   6.1109999999999989       0.67460414345521935     
   6.1199999999999992       0.67439543947190472     
   6.1289999999999996       0.67403552598597316     
   6.1379999999999990       0.67367830145867924     
   6.1469999999999985       0.67347577280397752     
   6.1559999999999988       0.67303471412707438     
   6.1649999999999991       0.67319236108952363     
   6.1739999999999995       0.67311263568143487     
   6.1829999999999989       0.67271822615069099     
   6.1919999999999993       0.67251488100936074     
   6.2009999999999996       0.67230158378474125     
   6.2100000000000000       0.67228144990644423     
   6.2189999999999985       0.67210342822981994     
   6.2279999999999989       0.67223946375494725     
   6.2369999999999992       0.67210255316295231     
   6.2459999999999996       0.67201288664704117     
   6.2549999999999990       0.67185872653777978     
   6.2639999999999993       0.67150206453799632     
   6.2729999999999997       0.67150169487625366     
   6.2820000000000000       0.67112013706886786     
   6.2909999999999986       0.67116398723755144     
   6.2999999999999989       0.67086105047563904     
   6.3089999999999993       0.67061251845030490     
   6.3179999999999996       0.67040176647722427     
   6.3269999999999991       0.67040373514177665     
   6.3359999999999994       0.67000006297574233     
   6.3449999999999998       0.66962338832873958     
   6.3540000000000001       0.66907612045024101     
   6.3629999999999987       0.66898030912139617     
   6.3719999999999990       0.66898970930144752     
   6.3809999999999993       0.66873681490945847     
   6.3899999999999997       0.66860397825291817     
   6.3989999999999982       0.66857218320494938     
   6.4079999999999986       0.66848725761407257     
   6.4169999999999989       0.66844585583567795     
   6.4259999999999993       0.66809049657345831     
   6.4349999999999987       0.66783620785715914     
   6.4439999999999991       0.66745708037813789     
   6.4529999999999994       0.66704137329257251     
   6.4619999999999997       0.66666385405156769     
   6.4709999999999983       0.66643877566450394     
   6.4799999999999986       0.66654111375740965     
   6.4889999999999990       0.66641157397524742     
   6.4979999999999993       0.66649291137477240     
   6.5069999999999988       0.66637485445109190     
   6.5159999999999991       0.66599508761987214     
   6.5249999999999995       0.66563594705424645     
   6.5339999999999998       0.66547405389231473     
   6.5430000000000001       0.66551317650843078     
   6.5519999999999987       0.66532739714952593     
   6.5609999999999991       0.66507727018437923     
   6.5699999999999994       0.66499836676002722     
   6.5789999999999997       0.66481515407306113     
   6.5879999999999992       0.66450974249079697     
   6.5969999999999995       0.66421863862277131     
   6.6059999999999990       0.66430666739554145     
   6.6149999999999993       0.66403931062604471     
   6.6239999999999988       0.66400186937119043     
   6.6329999999999991       0.66394736897253759     
   6.6419999999999995       0.66387750773565590     
   6.6509999999999998       0.66372155587866599     
   6.6599999999999984       0.66372887470205144     
   6.6689999999999987       0.66371688529786810     
   6.6779999999999990       0.66347330332812815     
   6.6869999999999994       0.66345892752899072     
   6.6959999999999988       0.66307674715733111     
   6.7049999999999992       0.66306941955151710     
   6.7139999999999995       0.66262325776343944     
   6.7229999999999999       0.66260844195911994     
   6.7319999999999984       0.66264248192283104     
   6.7409999999999988       0.66236281731319424     
   6.7499999999999991       0.66230146341743990     
   6.7589999999999995       0.66228508561873922     
   6.7679999999999989       0.66178022623520349     
   6.7769999999999992       0.66152462899930742     
   6.7859999999999996       0.66119397773585920     
   6.7949999999999999       0.66111658426179076     
   6.8039999999999985       0.66080614734344123     
   6.8129999999999988       0.66079306814521199     
   6.8219999999999992       0.66067604507435052     
   6.8309999999999995       0.66050072374839841     
   6.8399999999999990       0.66050501558486574     
   6.8489999999999984       0.66056905795723819     
   6.8579999999999988       0.66048436939293143     
   6.8669999999999991       0.66057362142132658     
   6.8759999999999986       0.66082572134126005     
   6.8849999999999989       0.66055451992679892     
   6.8939999999999992       0.66057952020201949     
   6.9029999999999996       0.66014207805628033     
   6.9119999999999981       0.65994384234928782     
   6.9209999999999985       0.65942216761138639     
   6.9299999999999988       0.65934982514105056     
   6.9389999999999992       0.65929275978699031     
   6.9479999999999995       0.65899502855180658     
   6.9569999999999990       0.65926336311340550     
   6.9659999999999993       0.65928685907021467     
   6.9749999999999996       0.65945100873606888     
   6.9840000000000000       0.65914750795610533     
   6.9929999999999986       0.65937984684472861     
   7.0019999999999989       0.65916275275367131     
   7.0109999999999992       0.65895563015017988     
   7.0199999999999996       0.65882748145039360     
   7.0289999999999990       0.65864157246130439     
   7.0379999999999994       0.65837098805936678     
   7.0469999999999997       0.65821952762603075     
   7.0560000000000000       0.65820860905414336     
   7.0649999999999986       0.65812573954958886     
   7.0739999999999990       0.65803920468217547     
   7.0829999999999993       0.65803648719567454     
   7.0919999999999996       0.65801913401807755     
   7.1009999999999982       0.65807038541183971     
   7.1099999999999985       0.65815054988969723     
   7.1189999999999989       0.65777777327790166     
   7.1279999999999992       0.65782225529026750     
   7.1369999999999987       0.65764285261485933     
   7.1459999999999990       0.65738966094150120     
   7.1549999999999994       0.65746470577491756     
   7.1639999999999997       0.65735546088724905     
   7.1729999999999983       0.65749359114078443     
   7.1819999999999986       0.65708611723399946     
   7.1909999999999989       0.65672561366878224     
   7.1999999999999993       0.65669264473183031     
   7.2089999999999987       0.65666278704331038     
   7.2179999999999991       0.65638901818701656     
   7.2269999999999994       0.65645105578253982     
   7.2359999999999998       0.65636264483712814     
   7.2449999999999983       0.65637269790548070     
   7.2539999999999987       0.65646789309624454     
   7.2629999999999990       0.65645819684566686     
   7.2719999999999994       0.65609091437564881     
   7.2809999999999988       0.65582558168253857     
   7.2899999999999991       0.65563121416503400     
   7.2989999999999995       0.65538246502407238     
   7.3079999999999989       0.65519227532155477     
   7.3169999999999993       0.65516734300684509     
   7.3259999999999987       0.65498789893934417     
   7.3349999999999991       0.65496793701514799     
   7.3439999999999994       0.65491269651809469     
   7.3529999999999998       0.65484721757569031     
   7.3619999999999983       0.65475936595603801     
   7.3709999999999987       0.65457654345028793     
   7.3799999999999990       0.65452755924333184     
   7.3889999999999993       0.65422656044512029     
   7.3979999999999988       0.65402533320601475     
   7.4069999999999991       0.65377796707029312     
   7.4159999999999995       0.65370667519258263     
   7.4249999999999998       0.65321355932592440     
   7.4339999999999984       0.65320714744396113     
   7.4429999999999987       0.65294694337840431     
   7.4519999999999991       0.65247541022517597     
   7.4609999999999994       0.65230939058222381     
   7.4699999999999989       0.65205098605546608     
   7.4789999999999992       0.65188497866736683     
   7.4879999999999995       0.65191541814703735     
   7.4969999999999999       0.65162072508122448     
   7.5059999999999985       0.65130993757417754     
   7.5149999999999988       0.65115520841306052     
   7.5239999999999991       0.65089972605460467     
   7.5329999999999995       0.65073540333118618     
   7.5419999999999989       0.65061156775769757     
   7.5509999999999984       0.65044353145626388     
   7.5599999999999987       0.65010005861493247     
   7.5689999999999991       0.65007620684242728     
   7.5779999999999985       0.64978268824316476     
   7.5869999999999989       0.64964052848703169     
   7.5959999999999992       0.64953475913465419     
   7.6049999999999995       0.64968116348459903     
   7.6139999999999981       0.64946263041293018     
   7.6229999999999984       0.64930014624225163     
   7.6319999999999988       0.64951710021379394     
   7.6409999999999991       0.64938728799021328     
   7.6499999999999986       0.64912874300096091     
   7.6589999999999989       0.64868102076141121     
   7.6679999999999993       0.64872271441692597     
   7.6769999999999996       0.64875667435637707     
   7.6859999999999999       0.64869554784267647     
   7.6949999999999985       0.64853245766462486     
   7.7039999999999988       0.64829090543718726     
   7.7129999999999992       0.64827708400962825     
   7.7219999999999995       0.64831090247429435     
   7.7309999999999990       0.64795392845087874     
   7.7399999999999993       0.64781027714940986     
   7.7489999999999997       0.64775712758327042     
   7.7580000000000000       0.64733487415709867     
   7.7669999999999986       0.64717200589746415     
   7.7759999999999989       0.64710384101300145     
   7.7849999999999993       0.64680564163369225     
   7.7939999999999996       0.64665808209175901     
   7.8029999999999982       0.64639787452277686     
   7.8119999999999985       0.64618800522970454     
   7.8209999999999988       0.64595876033784649     
   7.8299999999999992       0.64578495441311834     
   7.8389999999999986       0.64583249510064589     
   7.8479999999999990       0.64568160199598734     
   7.8569999999999993       0.64534460756787504     
   7.8659999999999997       0.64511366815570270     
   7.8749999999999982       0.64485343527339356     
   7.8839999999999986       0.64443227112069890     
   7.8929999999999989       0.64455963574821107     
   7.9019999999999992       0.64469592417713584     
   7.9109999999999987       0.64479959881295235     
   7.9199999999999990       0.64473672582888009     
   7.9289999999999994       0.64452979627327456     
   7.9379999999999997       0.64422357863112500     
   7.9469999999999983       0.64400058483204614     
   7.9559999999999986       0.64365151893704253     
   7.9649999999999990       0.64359599328534012     
   7.9739999999999993       0.64361349594959616     
   7.9829999999999988       0.64335822508451523     
   7.9919999999999991       0.64306745098425122     
   8.0009999999999994       0.64280828461040040     
   8.0099999999999998       0.64282682507766187     
   8.0189999999999984       0.64268739515850348     
   8.0279999999999987       0.64273790181378221     
   8.0369999999999990       0.64269933099550502     
   8.0459999999999994       0.64244402780825605     
   8.0549999999999979       0.64230025927875312     
   8.0639999999999983       0.64231931844626711     
   8.0729999999999986       0.64209711938420544     
   8.0819999999999990       0.64173999251345959     
   8.0909999999999993       0.64141121991026706     
   8.0999999999999979       0.64111566834106226     
   8.1089999999999982       0.64096413352159176     
   8.1179999999999986       0.64068657804748608     
   8.1269999999999989       0.64058340685497006     
   8.1359999999999992       0.64021413105615121     
   8.1449999999999996       0.63993568224060360     
   8.1539999999999999       0.63997425463765256     
   8.1630000000000003       0.63960567488634601     
   8.1719999999999988       0.63919871624478397     
   8.1809999999999992       0.63900446328165716     
   8.1899999999999995       0.63858449257413152     
   8.1989999999999998       0.63844319171052555     
   8.2079999999999984       0.63838850581230300     
   8.2169999999999987       0.63830894664497673     
   8.2259999999999991       0.63816032922611576     
   8.2349999999999994       0.63802261985654374     
   8.2439999999999980       0.63765424941661297     
   8.2529999999999983       0.63737658343282555     
   8.2619999999999987       0.63694947215079656     
   8.2709999999999990       0.63689630481253445     
   8.2799999999999976       0.63736719191422120     
   8.2889999999999979       0.63737255560080885     
   8.2979999999999983       0.63698987528528195     
   8.3069999999999986       0.63674484152431277     
   8.3159999999999989       0.63648592483355049     
   8.3249999999999993       0.63654222095567536     
   8.3339999999999996       0.63633081906409461     
   8.3430000000000000       0.63625152451476852     
   8.3519999999999985       0.63614370770079043     
   8.3609999999999989       0.63633648976411528     
   8.3699999999999992       0.63629774118341020     
   8.3789999999999996       0.63632092441319732     
   8.3879999999999981       0.63630214050609291     
   8.3969999999999985       0.63625092272493777     
   8.4059999999999988       0.63608888332842828     
   8.4149999999999991       0.63621938589620719     
   8.4239999999999977       0.63599842485449865     
   8.4329999999999981       0.63587985117029178     
   8.4419999999999984       0.63570221457666731     
   8.4509999999999987       0.63563781669094976     
   8.4599999999999991       0.63559714186036065     
   8.4689999999999994       0.63531352516201389     
   8.4779999999999998       0.63534719973799525     
   8.4869999999999983       0.63497030542614552     
   8.4959999999999987       0.63461529335867772     
   8.5049999999999990       0.63434969337581648     
   8.5139999999999993       0.63417213878584822     
   8.5229999999999997       0.63422684328757672     
   8.5320000000000000       0.63415444939985799     
   8.5409999999999986       0.63411031528342721     
   8.5499999999999989       0.63430933799683509     
   8.5589999999999993       0.63418592885467984     
   8.5679999999999996       0.63425522581882898     
   8.5769999999999982       0.63420811089370321     
   8.5859999999999985       0.63382736347404378     
   8.5949999999999989       0.63386081958454732     
   8.6039999999999992       0.63359463437443009     
   8.6129999999999978       0.63332275544227512     
   8.6219999999999981       0.63292302695783975     
   8.6309999999999985       0.63295507316156607     
   8.6399999999999988       0.63300203615138195     
   8.6489999999999991       0.63294081572987160     
   8.6579999999999995       0.63301884283134457     
   8.6669999999999998       0.63291403275857050     
   8.6760000000000002       0.63276712190317796     
   8.6849999999999987       0.63265141872032304     
   8.6939999999999991       0.63224186731144394     
   8.7029999999999994       0.63196437873616185     
   8.7119999999999997       0.63215294149672729     
   8.7209999999999983       0.63213943853264754     
   8.7299999999999986       0.63215578931045613     
   8.7389999999999990       0.63207012979063237     
   8.7479999999999993       0.63182631789554256     
   8.7569999999999979       0.63160799546326230     
   8.7659999999999982       0.63157449347062111     
   8.7749999999999986       0.63154696409590372     
   8.7839999999999989       0.63134294532240465     
   8.7929999999999975       0.63132426468288461     
   8.8019999999999978       0.63124711857235483     
   8.8109999999999982       0.63107639329095233     
   8.8199999999999985       0.63102419286487121     
   8.8289999999999988       0.63122561274771993     
   8.8379999999999992       0.63114943221768316     
   8.8469999999999995       0.63124582008634500     
   8.8559999999999999       0.63091204727299477     
   8.8650000000000002       0.63111475118914218     
   8.8739999999999988       0.63103069312025839     
   8.8829999999999991       0.63099048627728882     
   8.8919999999999995       0.63095988217950494     
   8.9009999999999998       0.63104136695962265     
   8.9099999999999984       0.63091376247051034     
   8.9189999999999987       0.63105386450763834     
   8.9279999999999990       0.63098984886534626     
   8.9369999999999994       0.63121437316311513     
   8.9459999999999980       0.63120458983907546     
   8.9549999999999983       0.63110359953468986     
   8.9639999999999986       0.63101894309275852     
   8.9729999999999990       0.63112292740480325     
   8.9819999999999975       0.63111766329430352     
   8.9909999999999979       0.63091459988324994     
   8.9999999999999982       0.63079347815904085     
   9.0089999999999986       0.63090033606780938     
   9.0179999999999989       0.63078219038318961     
   9.0269999999999992       0.63056480929921066     
   9.0359999999999996       0.63082145568545500     
   9.0449999999999999       0.63080683014414307     
   9.0539999999999985       0.63092915044648845     
   9.0629999999999988       0.63104800478912237     
   9.0719999999999992       0.63077996205724096     
   9.0809999999999995       0.63062099089250323     
   9.0899999999999981       0.63041286201601998     
   9.0989999999999984       0.63057355584815933     
   9.1079999999999988       0.63011814219430895     
   9.1169999999999991       0.63008370699546157     
   9.1259999999999977       0.63013218071146304     
   9.1349999999999980       0.63005932649069030     
   9.1439999999999984       0.62983612963928115     
   9.1529999999999987       0.63022967420502962     
   9.1619999999999990       0.62997812602804315     
   9.1709999999999994       0.63002934160541990     
   9.1799999999999997       0.63007600269678421     
   9.1889999999999983       0.63021075862962173     
   9.1979999999999986       0.63032995287892835     
   9.2069999999999990       0.63027294042344706     
   9.2159999999999993       0.63026404826821958     
   9.2249999999999996       0.63022867145547312     
   9.2340000000000000       0.63009020220415013     
   9.2429999999999986       0.63032802693365653     
   9.2519999999999989       0.63010517483803963     
   9.2609999999999992       0.63026278686444392     
   9.2699999999999996       0.63004663933640148     
   9.2789999999999981       0.63013832385401025     
   9.2879999999999985       0.62995687990781446     
   9.2969999999999988       0.62987659799913276     
   9.3059999999999992       0.62967686721992444     
   9.3149999999999977       0.62934600650685446     
   9.3239999999999981       0.62948788398296718     
   9.3329999999999984       0.62929330032439945     
   9.3419999999999987       0.62916613826305179     
   9.3509999999999991       0.62929925365879880     
   9.3599999999999994       0.62916865811186851     
   9.3689999999999998       0.62912338084876662     
   9.3780000000000001       0.62905902039744421     
   9.3869999999999987       0.62910308316358943     
   9.3959999999999990       0.62900237592875829     
   9.4049999999999994       0.62909143494948749     
   9.4139999999999997       0.62925735787494386     
   9.4229999999999983       0.62924865491679016     
   9.4319999999999986       0.62888907913262737     
   9.4409999999999989       0.62879973637076714     
   9.4499999999999993       0.62888080887829745     
   9.4589999999999979       0.62889157553574671     
   9.4679999999999982       0.62887135472320099     
   9.4769999999999985       0.62880311964378899     
   9.4859999999999989       0.62870499728712759     
   9.4949999999999974       0.62848109375924888     
   9.5039999999999978       0.62845010155218950     
   9.5129999999999981       0.62844345729323803     
   9.5219999999999985       0.62847050495617052     
   9.5309999999999988       0.62822139806858757     
   9.5399999999999991       0.62812162125715976     
   9.5489999999999995       0.62805392860404818     
   9.5579999999999998       0.62785980574995082     
   9.5669999999999984       0.62739946072012887     
   9.5759999999999987       0.62731127153732880     
   9.5849999999999991       0.62706815144104655     
   9.5939999999999994       0.62717116564001008     
   9.6029999999999998       0.62695861906970685     
   9.6119999999999983       0.62696732540807310     
   9.6209999999999987       0.62695332638284762     
   9.6299999999999990       0.62698309734134017     
   9.6389999999999993       0.62657906716629952     
   9.6479999999999979       0.62669734829432766     
   9.6569999999999983       0.62664493374651364     
   9.6659999999999986       0.62679895488454218     
   9.6749999999999989       0.62680415297530578     
   9.6839999999999975       0.62686764338203471     
   9.6929999999999978       0.62677783433647061     
   9.7019999999999982       0.62678827311677077     
   9.7109999999999985       0.62638862526963501     
   9.7199999999999989       0.62640311142384042     
   9.7289999999999992       0.62611166727724987     
   9.7379999999999995       0.62579279367180018     
   9.7469999999999999       0.62575371143813052     
   9.7559999999999985       0.62560398593772548     
   9.7649999999999988       0.62560659544503561     
   9.7739999999999991       0.62566160694873540     
   9.7829999999999995       0.62547979836842127     
   9.7919999999999980       0.62535064309269228     
   9.8009999999999984       0.62520108873672853     
   9.8099999999999987       0.62538190456510745     
   9.8189999999999991       0.62526216807194945     
   9.8279999999999976       0.62503531981659366     
   9.8369999999999980       0.62495989220819337     
   9.8459999999999983       0.62495662740185920     
   9.8549999999999986       0.62487415051958339     
   9.8639999999999990       0.62512077610524142     
   9.8729999999999993       0.62517993812869299     
   9.8819999999999997       0.62485682507404949     
   9.8909999999999982       0.62440906038432009     
   9.8999999999999986       0.62438490138885949     
   9.9089999999999989       0.62429601371376275     
   9.9179999999999993       0.62450700307413054     
   9.9269999999999996       0.62439739341489686     
   9.9359999999999982       0.62435049007558152     
   9.9449999999999985       0.62394440002589813     
   9.9539999999999988       0.62387808167821024     
   9.9629999999999992       0.62397126570171602     
   9.9719999999999978       0.62384860695283428     
   9.9809999999999981       0.62375990374492951     
   9.9899999999999984       0.62377510046122653     
   9.9989999999999988       0.62400239869757057     
   10.007999999999999       0.62384361977477998     
   10.016999999999998       0.62379658476245203     
   10.025999999999998       0.62361935093313958     
   10.034999999999998       0.62365013926662549     
   10.043999999999999       0.62374007016341937     
   10.052999999999999       0.62359805750980701     
   10.061999999999999       0.62343842747038325     
   10.071000000000000       0.62358870580581727     
   10.080000000000000       0.62357120575494107     
   10.088999999999999       0.62383801786559601     
   10.097999999999999       0.62351842253831580     
   10.106999999999999       0.62342387656209453     
   10.116000000000000       0.62358994030848547     
   10.124999999999998       0.62342951308739192     
   10.133999999999999       0.62370739362017169     
   10.142999999999999       0.62379056158031276     
   10.151999999999999       0.62357972898074265     
   10.160999999999998       0.62367371904029245     
   10.169999999999998       0.62329112961702737     
   10.178999999999998       0.62327424179203739     
   10.187999999999999       0.62312645806319678     
   10.196999999999997       0.62304839658297684     
   10.205999999999998       0.62290353601145942     
   10.214999999999998       0.62262353570396289     
   10.223999999999998       0.62274758068507841     
   10.232999999999999       0.62275796797877514     
   10.241999999999999       0.62266405448942097     
   10.250999999999999       0.62284070206836850     
   10.260000000000000       0.62271934601107892     
   10.268999999999998       0.62255188340192780     
   10.277999999999999       0.62247121528910232     
   10.286999999999999       0.62233171097330553     
   10.295999999999999       0.62227917980497482     
   10.304999999999998       0.62221020586963927     
   10.313999999999998       0.62195398093534116     
   10.322999999999999       0.62193851991468485     
   10.331999999999999       0.62199325418422191     
   10.340999999999998       0.62170743532410100     
   10.349999999999998       0.62205605414366827     
   10.358999999999998       0.62200855703573854     
   10.367999999999999       0.62200011872790995     
   10.376999999999999       0.62200516094939151     
   10.385999999999997       0.62174504320168822     
   10.394999999999998       0.62147318138068974     
   10.403999999999998       0.62143637428541731     
   10.412999999999998       0.62153074090658800     
   10.421999999999999       0.62170122952663465     
   10.430999999999999       0.62177604998396907     
   10.440000000000000       0.62148128521496193     
   10.449000000000000       0.62134016675243953     
   10.457999999999998       0.62138789915853254     
   10.466999999999999       0.62108160615865315     
   10.475999999999999       0.62102586229009560     
   10.484999999999999       0.62095958148569497     
   10.493999999999998       0.62091232363639093     
   10.502999999999998       0.62081733942707151     
   10.511999999999999       0.62066285586015413     
   10.520999999999999       0.62063773862010663     
   10.529999999999998       0.62072738441879272     
   10.538999999999998       0.62066334372104814     
   10.547999999999998       0.62066819846408672     
   10.556999999999999       0.62065658743915053     
   10.565999999999999       0.62052129941473078     
   10.574999999999999       0.62053284327508851     
   10.584000000000000       0.62033790238738806     
   10.593000000000000       0.62038914085860797     
   10.601999999999999       0.62063684124173302     
   10.610999999999999       0.62049695961405271     
   10.619999999999999       0.62048722741117335     
   10.629000000000000       0.62044877787411767     
   10.637999999999998       0.62059938524934599     
   10.646999999999998       0.62073929738792022     
   10.655999999999999       0.62056859760559369     
   10.664999999999999       0.62052166836661349     
   10.673999999999998       0.62031494154177724     
   10.682999999999998       0.62047389514618057     
   10.691999999999998       0.62040247616849487     
   10.700999999999999       0.62040626599559479     
   10.709999999999997       0.62026888108930267     
   10.718999999999998       0.62014528004260694     
   10.727999999999998       0.62020260499991398     
   10.736999999999998       0.62019937456873908     
   10.745999999999999       0.62023575542945775     
   10.754999999999999       0.62021260627177721     
   10.763999999999999       0.62011740309102381     
   10.773000000000000       0.62008583159409503     
   10.782000000000000       0.62002590831139759     
   10.790999999999999       0.61993394796328083     
   10.799999999999999       0.61972006835931548     
   10.808999999999999       0.61964852448943641     
   10.818000000000000       0.61961969040395470     
   10.826999999999998       0.61972483647107290     
   10.835999999999999       0.61972403069101589     
   10.844999999999999       0.61960450328306915     
   10.853999999999999       0.61955030706317182     
   10.862999999999998       0.61939871360273657     
   10.871999999999998       0.61949289167214960     
   10.880999999999998       0.61946231018771669     
   10.889999999999999       0.61933079264205948     
   10.898999999999997       0.61939432719807175     
   10.907999999999998       0.61923587326580309     
   10.916999999999998       0.61915539679642762     
   10.925999999999998       0.61910679648421707     
   10.934999999999999       0.61923181747906075     
   10.943999999999999       0.61888085344728494     
   10.952999999999999       0.61905096015367056     
   10.962000000000000       0.61886885455328544     
   10.970999999999998       0.61873536388351846     
   10.979999999999999       0.61865279162712750     
   10.988999999999999       0.61855324670289835     
   10.997999999999999       0.61823844195473188     
   11.006999999999998       0.61838109767493110     
   11.015999999999998       0.61835184464958293     
   11.024999999999999       0.61836125557095134     
   11.033999999999999       0.61845821354234365     
   11.042999999999997       0.61837617754825369     
   11.051999999999998       0.61828870693000904     
   11.060999999999998       0.61827582859211661     
   11.069999999999999       0.61793492204926159     
   11.078999999999999       0.61795075613755257     
   11.087999999999997       0.61785071862423524     
   11.096999999999998       0.61763119740758554     
   11.105999999999998       0.61755845431905732     
   11.114999999999998       0.61766084983657854     
   11.123999999999999       0.61763190086761288     
   11.132999999999999       0.61774500007377520     
   11.141999999999999       0.61786775507388170     
   11.151000000000000       0.61779267140059169     
   11.159999999999998       0.61776209429807427     
   11.168999999999999       0.61809035845197402     
   11.177999999999999       0.61797937116873214     
   11.186999999999999       0.61795341648043434     
   11.195999999999998       0.61789986506748473     
   11.204999999999998       0.61777140194734748     
   11.213999999999999       0.61773008416992681     
   11.222999999999999       0.61786936762240507     
   11.231999999999998       0.61766696265613941     
   11.240999999999998       0.61768636730768278     
   11.249999999999998       0.61765120231176285     
   11.258999999999999       0.61761610575154025     
   11.267999999999999       0.61750866061356846     
   11.276999999999999       0.61772164264685014     
   11.286000000000000       0.61756826735691672     
   11.295000000000000       0.61761425591817443     
   11.303999999999998       0.61766838250175815     
   11.312999999999999       0.61750955541403729     
   11.321999999999999       0.61755164401435902     
   11.331000000000000       0.61753746440991397     
   11.339999999999998       0.61774155578005341     
   11.348999999999998       0.61755057708215733     
   11.357999999999999       0.61769953369512476     
   11.366999999999999       0.61771268454163186     
   11.375999999999998       0.61753278342142770     
   11.384999999999998       0.61742117362960391     
   11.393999999999998       0.61758032594799261     
   11.402999999999999       0.61765497897847821     
   11.411999999999997       0.61748437403783529     
   11.420999999999998       0.61741382253087795     
   11.429999999999998       0.61753653975164335     
   11.438999999999998       0.61751943058992809     
   11.447999999999999       0.61778362461903069     
   11.456999999999999       0.61775382892766295     
   11.465999999999999       0.61752208069414238     
   11.475000000000000       0.61746679373065683     
   11.483999999999998       0.61767802234642388     
   11.492999999999999       0.61752465851596616     
   11.501999999999999       0.61757849535574316     
   11.510999999999999       0.61748342783941634     
   11.520000000000000       0.61740996916134183     
   11.528999999999998       0.61745159514251025     
   11.537999999999998       0.61741873537249303     
   11.546999999999999       0.61723832576099735     
   11.555999999999999       0.61717642190422306     
   11.564999999999998       0.61731740989849870     
   11.573999999999998       0.61751213579885778     
   11.582999999999998       0.61760923979873683     
   11.591999999999999       0.61760838162478482     
   11.600999999999997       0.61748444993588092     
   11.609999999999998       0.61738569302482260     
   11.618999999999998       0.61721223689778459     
   11.627999999999998       0.61740095735837419     
   11.636999999999999       0.61764559286566589     
   11.645999999999999       0.61757553729030501     
   11.654999999999999       0.61763888943695999     
   11.664000000000000       0.61770050986030078     
   11.673000000000000       0.61766040504687469     
   11.682000000000000       0.61780646905730385     
   11.690999999999997       0.61794774444774969     
   11.699999999999998       0.61794305697225804     
   11.708999999999998       0.61794956233220832     
   11.717999999999998       0.61754715950347860     
   11.726999999999999       0.61773410551130592     
   11.735999999999999       0.61773333221568361     
   11.744999999999999       0.61780384755544360     
   11.754000000000000       0.61764879730918676     
   11.762999999999998       0.61730517680024288     
   11.771999999999998       0.61722376816321312     
   11.780999999999999       0.61723949034167491     
   11.789999999999997       0.61731844665776625     
   11.798999999999998       0.61712969227697689     
   11.807999999999998       0.61695940874310118     
   11.816999999999998       0.61702210527953749     
   11.825999999999999       0.61701365608715986     
   11.834999999999997       0.61673988599069218     
   11.843999999999998       0.61644655737926501     
   11.852999999999998       0.61660368917594921     
   11.861999999999998       0.61663490646173980     
   11.870999999999999       0.61666388221613611     
   11.879999999999999       0.61658154002035759     
   11.888999999999999       0.61676076150568271     
   11.898000000000000       0.61672247057234042     
   11.907000000000000       0.61693397468385536     
   11.915999999999997       0.61709467882505731     
   11.924999999999997       0.61700586148440562     
   11.933999999999997       0.61695345945260593     
   11.942999999999998       0.61708563634375835     
   11.951999999999998       0.61718554196075248     
   11.960999999999999       0.61700377551950614     
   11.969999999999999       0.61704236426762116     
   11.978999999999999       0.61679032217812080     
   11.987999999999998       0.61698702294189811     
   11.996999999999998       0.61697933916055026     
   12.005999999999998       0.61683932169858557     
   12.014999999999999       0.61686770015835424     
   12.023999999999999       0.61683913309318072     
   12.032999999999999       0.61682485935309006     
   12.042000000000000       0.61671383812775893     
   12.051000000000000       0.61661069788406875     
   12.059999999999997       0.61661438192880369     
   12.068999999999997       0.61657101793986313     
   12.077999999999998       0.61652726918646139     
   12.086999999999998       0.61670590390929036     
   12.095999999999998       0.61695171102514290     
   12.104999999999999       0.61696623116464688     
   12.113999999999999       0.61702187583326740     
   12.122999999999999       0.61692806640476827     
   12.131999999999998       0.61714626608483547     
   12.140999999999998       0.61700005725924012     
   12.149999999999999       0.61731948786679325     
   12.158999999999999       0.61718043132071265     
   12.167999999999999       0.61742427329250749     
   12.177000000000000       0.61750722904838140     
   12.186000000000000       0.61721440188884591     
   12.195000000000000       0.61736412797045914     
   12.203999999999997       0.61738661289699381     
   12.212999999999997       0.61756739305459452     
   12.221999999999998       0.61768603347293283     
   12.230999999999998       0.61780087358650093     
   12.239999999999998       0.61773642120783789     
   12.248999999999999       0.61764112913840263     
   12.257999999999999       0.61781141533404804     
   12.266999999999999       0.61800793832097056     
   12.275999999999998       0.61804891104719639     
   12.284999999999997       0.61782451669608529     
   12.293999999999997       0.61779428239355660     
   12.302999999999997       0.61772614539724258     
   12.311999999999998       0.61771902071437534     
   12.320999999999998       0.61747753437793862     
   12.329999999999998       0.61746976353476279     
   12.338999999999999       0.61753716953947579     
   12.347999999999999       0.61761228841775750     
   12.356999999999998       0.61749395431638265     
   12.365999999999998       0.61768932246448760     
   12.374999999999998       0.61765422040944240     
   12.383999999999999       0.61778600052173960     
   12.392999999999999       0.61770812105533501     
   12.401999999999999       0.61776061236841617     
   12.411000000000000       0.61772791469903698     
   12.420000000000000       0.61761918069095367     
   12.428999999999997       0.61740951995833260     
   12.437999999999997       0.61752465256283973     
   12.446999999999997       0.61772924444662269     
   12.455999999999998       0.61757305499339954     
   12.464999999999998       0.61751488922295028     
   12.473999999999998       0.61732478415786496     
   12.482999999999999       0.61706571563924262     
   12.491999999999999       0.61698921470085377     
   12.500999999999998       0.61669003063314165     
   12.509999999999998       0.61669444569241738     
   12.518999999999998       0.61652497875975532     
   12.527999999999999       0.61652491197923120     
   12.536999999999999       0.61645455198133670     
   12.545999999999999       0.61656607730863089     
   12.555000000000000       0.61672544596809564     
   12.564000000000000       0.61680783911083514     
   12.572999999999997       0.61673875517940402     
   12.581999999999997       0.61674232399703854     
   12.590999999999998       0.61678252650056498     
   12.599999999999998       0.61662723536581998     
   12.608999999999998       0.61663785461864851     
   12.617999999999999       0.61669845763206788     
   12.626999999999999       0.61693948070184967     
   12.635999999999999       0.61687846449413075     
   12.644999999999998       0.61695323576008343     
   12.653999999999998       0.61681406985676901     
   12.662999999999998       0.61679679232197382     
   12.671999999999999       0.61673289607326021     
   12.680999999999999       0.61687666939249119     
   12.690000000000000       0.61694787658831074     
   12.699000000000000       0.61699367782618297     
   12.708000000000000       0.61711963214822563     
   12.716999999999999       0.61742655227667831     
   12.725999999999997       0.61727492428064534     
   12.734999999999998       0.61720146450694113     
   12.743999999999998       0.61704648949255225     
   12.752999999999998       0.61705537268837585     
   12.761999999999999       0.61698955322404969     
   12.770999999999999       0.61692932174295811     
   12.779999999999999       0.61714287371753862     
   12.789000000000000       0.61729782632589736     
   12.797999999999996       0.61731311828410340     
   12.806999999999997       0.61725230041822010     
   12.815999999999997       0.61708529448871130     
   12.824999999999998       0.61702544642341517     
   12.833999999999998       0.61724408357487093     
   12.842999999999998       0.61713062485288006     
   12.851999999999999       0.61714650233284774     
   12.860999999999999       0.61710354254714528     
   12.869999999999997       0.61695192177749880     
   12.878999999999998       0.61694416472634495     
   12.887999999999998       0.61684145198787277     
   12.896999999999998       0.61687305793038694     
   12.905999999999999       0.61689559864155086     
   12.914999999999999       0.61684555725802004     
   12.923999999999999       0.61681315490766941     
   12.933000000000000       0.61675613762701509     
   12.941999999999997       0.61665133944506068     
   12.950999999999997       0.61659174917936288     
   12.959999999999997       0.61665295661219355     
   12.968999999999998       0.61689799589187844     
   12.977999999999998       0.61703309295164088     
   12.986999999999998       0.61693068970983544     
   12.995999999999999       0.61709174832454683     
   13.004999999999999       0.61703877753931125     
   13.013999999999998       0.61700171849595098     
   13.022999999999998       0.61709948401212322     
   13.031999999999998       0.61714486316277994     
   13.040999999999999       0.61704916348491001     
   13.049999999999999       0.61694023717504365     
   13.058999999999999       0.61709410635735262     
   13.068000000000000       0.61709158691915700     
   13.077000000000000       0.61718608044733037     
   13.086000000000000       0.61720514906622626     
   13.094999999999997       0.61697255899227399     
   13.103999999999997       0.61693081126601612     
   13.112999999999998       0.61683300045819045     
   13.121999999999998       0.61693341076351949     
   13.130999999999998       0.61709121062229044     
   13.139999999999999       0.61694405950625786     
   13.148999999999999       0.61692543354678087     
   13.157999999999999       0.61721513873157685     
   13.166999999999998       0.61707150197555016     
   13.175999999999998       0.61677141454850792     
   13.184999999999999       0.61673764508058493     
   13.193999999999999       0.61676071629275731     
   13.202999999999998       0.61681001895850218     
   13.211999999999998       0.61678492735356605     
   13.220999999999998       0.61677153947107843     
   13.229999999999999       0.61667638927509016     
   13.238999999999997       0.61669443073966312     
   13.247999999999998       0.61672274944112682     
   13.256999999999998       0.61669390542530012     
   13.265999999999998       0.61677717944321686     
   13.274999999999999       0.61685568125032975     
   13.283999999999999       0.61677660761658326     
   13.292999999999999       0.61676467678270841     
   13.302000000000000       0.61685148787028865     
   13.310999999999996       0.61686837978515885     
   13.319999999999997       0.61671559202789661     
   13.328999999999997       0.61653889043991694     
   13.337999999999997       0.61670298347134422     
   13.346999999999998       0.61686269342765465     
   13.355999999999998       0.61685442193876061     
   13.364999999999998       0.61644701712369976     
   13.373999999999999       0.61651306316063448     
   13.382999999999997       0.61639341045128138     
   13.391999999999998       0.61617018573630278     
   13.400999999999998       0.61616803618512361     
   13.409999999999998       0.61623431276364482     
   13.418999999999999       0.61628445466643267     
   13.427999999999999       0.61644498935120962     
   13.436999999999999       0.61653337428000299     
   13.446000000000000       0.61645382575379926     
   13.455000000000000       0.61668809356286658     
   13.463999999999997       0.61651415265496468     
   13.472999999999997       0.61633415579407003     
   13.481999999999998       0.61642760767023796     
   13.490999999999998       0.61631399684911592     
   13.499999999999998       0.61646883938268848     
   13.508999999999999       0.61639942094428457     
   13.517999999999999       0.61631863771558182     
   13.526999999999999       0.61639182494959521     
   13.535999999999998       0.61647557672262276     
   13.544999999999998       0.61663471185553598     
   13.553999999999998       0.61669912461110588     
   13.562999999999999       0.61653755656921994     
   13.571999999999999       0.61631092507261176     
   13.581000000000000       0.61633779830940916     
   13.590000000000000       0.61635682065648811     
   13.599000000000000       0.61672354021057185     
   13.607999999999997       0.61687396896989066     
   13.616999999999997       0.61709699922670791     
   13.625999999999998       0.61721706098254303     
   13.634999999999998       0.61724683574927075     
   13.643999999999998       0.61721465797665309     
   13.652999999999999       0.61736476373802707     
   13.661999999999999       0.61739606594937035     
   13.670999999999999       0.61746397524939434     
   13.679999999999998       0.61766860776454180     
   13.688999999999997       0.61755843053499337     
   13.697999999999997       0.61737081925036708     
   13.706999999999997       0.61733940188526892     
   13.715999999999998       0.61739134358863978     
   13.724999999999998       0.61724727539062507     
   13.733999999999998       0.61706335454634720     
   13.742999999999999       0.61709345984564612     
   13.751999999999997       0.61724555546610771     
   13.760999999999997       0.61735445700850267     
   13.769999999999998       0.61755490284785897     
   13.778999999999998       0.61747497010933450     
   13.787999999999998       0.61748028619944606     
   13.796999999999999       0.61770000120705071     
   13.805999999999999       0.61801287624877177     
   13.815000000000000       0.61814527987085977     
   13.823999999999996       0.61806007540864638     
   13.832999999999997       0.61819545467214632     
   13.841999999999997       0.61829220054751666     
   13.850999999999997       0.61818166379281658     
   13.859999999999998       0.61818876468350870     
   13.868999999999998       0.61816025334668656     
   13.877999999999998       0.61799108634487943     
   13.886999999999999       0.61806698316236963     
   13.895999999999999       0.61795844171022718     
   13.904999999999998       0.61787603189575757     
   13.913999999999998       0.61785474664669926     
   13.922999999999998       0.61769020819032661     
   13.931999999999999       0.61759455870905333     
   13.940999999999999       0.61790962882475908     
   13.949999999999999       0.61807282322244650     
   13.959000000000000       0.61812729847844083     
   13.968000000000000       0.61824547880392111     
   13.976999999999997       0.61830736362300476     
   13.985999999999997       0.61820740045318534     
   13.994999999999997       0.61821060756038149     
   14.003999999999998       0.61827661959962799     
   14.012999999999998       0.61836116122905904     
   14.021999999999998       0.61842653877279452     
   14.030999999999999       0.61833207360576126     
   14.039999999999999       0.61830326346759568     
   14.048999999999998       0.61837216036046139     
   14.057999999999998       0.61841354494896894     
   14.066999999999998       0.61826201750727960     
   14.075999999999999       0.61837836965293835     
   14.084999999999999       0.61839384905043415     
   14.093999999999999       0.61836379084212678     
   14.103000000000000       0.61836850361441342     
   14.112000000000000       0.61830740181057298     
   14.120999999999997       0.61843973958835885     
   14.129999999999997       0.61825841352806110     
   14.138999999999998       0.61807708397744154     
   14.147999999999998       0.61826898938448327     
   14.156999999999998       0.61832435923829199     
   14.165999999999999       0.61820975634298947     
   14.174999999999999       0.61810128701041644     
   14.183999999999999       0.61791600090380761     
   14.192999999999996       0.61797555102218793     
   14.201999999999996       0.61790787133474279     
   14.210999999999997       0.61807873134452740     
   14.219999999999997       0.61818348921901844     
   14.228999999999997       0.61838529035036394     
   14.237999999999998       0.61871186705920012     
   14.246999999999998       0.61846617376793178     
   14.255999999999998       0.61865472930760890     
   14.264999999999999       0.61850794055289526     
   14.273999999999997       0.61837968500551876     
   14.282999999999998       0.61831186396695881     
   14.291999999999998       0.61835796116042574     
   14.300999999999998       0.61814692827752649     
   14.309999999999999       0.61825057000511952     
   14.318999999999999       0.61814950832002702     
   14.327999999999999       0.61832234022548616     
   14.337000000000000       0.61822741844133033     
   14.345999999999997       0.61824897054165107     
   14.354999999999997       0.61823502146790077     
   14.363999999999997       0.61817868800331544     
   14.372999999999998       0.61820964664968814     
   14.381999999999998       0.61818721956297806     
   14.390999999999998       0.61816017358345521     
   14.399999999999999       0.61825869896355945     
   14.408999999999999       0.61802594122617682     
   14.417999999999997       0.61828866405126592     
   14.426999999999998       0.61837688537052515     
   14.435999999999998       0.61831816965921649     
   14.444999999999999       0.61839772604848953     
   14.453999999999999       0.61829018632917454     
   14.462999999999999       0.61838363173613708     
   14.472000000000000       0.61828619538193619     
   14.481000000000000       0.61824218674560327     
   14.489999999999997       0.61836019989193747     
   14.498999999999997       0.61809714561969475     
   14.507999999999997       0.61802278333893368     
   14.516999999999998       0.61818130920725478     
   14.525999999999998       0.61823138137489575     
   14.534999999999998       0.61814165635400220     
   14.543999999999999       0.61831885342141379     
   14.552999999999999       0.61821661227163915     
   14.561999999999998       0.61812852779449223     
   14.570999999999998       0.61812930814483058     
   14.579999999999998       0.61815353462346079     
   14.588999999999999       0.61820834210417208     
   14.597999999999999       0.61840426118762315     
   14.606999999999998       0.61829584504916513     
   14.615999999999998       0.61834257075194532     
   14.624999999999998       0.61834553182783425     
   14.633999999999999       0.61829894921098416     
   14.642999999999997       0.61846656712238857     
   14.651999999999997       0.61843720915081057     
   14.660999999999998       0.61849791898959661     
   14.669999999999998       0.61854025050199257     
   14.678999999999998       0.61853391685080616     
   14.687999999999999       0.61861441106638138     
   14.696999999999999       0.61876962844656569     
   14.706000000000000       0.61877642470410876     
   14.714999999999996       0.61892959979229700     
   14.723999999999997       0.61894690694809285     
   14.732999999999997       0.61886256042413057     
   14.741999999999997       0.61892812339639103     
   14.750999999999998       0.61896109082577644     
   14.759999999999998       0.61905488414983201     
   14.768999999999998       0.61897911529368999     
   14.777999999999999       0.61903022195839719     
   14.786999999999997       0.61906217863695689     
   14.795999999999998       0.61911745467582957     
   14.804999999999998       0.61923105993486027     
   14.813999999999998       0.61936684694669530     
   14.822999999999999       0.61929754517670987     
   14.831999999999999       0.61912841872885571     
   14.840999999999999       0.61919175248115954     
   14.850000000000000       0.61921332143718300     
   14.858999999999996       0.61942910295089326     
   14.867999999999997       0.61958913895875833     
   14.876999999999997       0.61959767786172404     
   14.885999999999997       0.61958104009292791     
   14.894999999999998       0.61964285284537135     
   14.903999999999998       0.61952089927384046     
   14.912999999999998       0.61979532790944414     
   14.921999999999999       0.61995202749694367     
   14.930999999999997       0.61984536337584495     
   14.939999999999998       0.62001270656587437     
   14.948999999999998       0.61995106784468867     
   14.957999999999998       0.61991138223116404     
   14.966999999999999       0.62000007745780361     
   14.975999999999999       0.62011048480684339     
   14.984999999999999       0.61997901366017782     
