   0.0000000000000000       0.99999999999990574     
   6.4999999999999997E-003  0.99040946711028888     
   1.2999999999999999E-002  0.99917454071695777     
   1.9499999999999997E-002  0.99896574817115502     
   2.5999999999999999E-002  0.99861415758424232     
   3.2500000000000001E-002  0.99821397194945227     
   3.8999999999999993E-002  0.99808260011782801     
   4.5499999999999999E-002  0.99776018062047245     
   5.1999999999999998E-002  0.99748558876980720     
   5.8500000000000003E-002  0.99714349270635816     
   6.5000000000000002E-002  0.99680405552071738     
   7.1499999999999994E-002  0.99609970808683068     
   7.7999999999999986E-002  0.99528911363016204     
   8.4500000000000006E-002  0.99481001503209043     
   9.0999999999999998E-002  0.99419416014481377     
   9.7500000000000003E-002  0.99409718113154455     
  0.10400000000000000       0.99322169390498982     
  0.11050000000000000       0.99291863467147623     
  0.11700000000000001       0.99237149855009765     
  0.12350000000000000       0.99184175194452939     
  0.13000000000000000       0.99146532650194541     
  0.13650000000000001       0.99077980011882993     
  0.14299999999999999       0.98950131078078685     
  0.14949999999999999       0.98877463050457504     
  0.15599999999999997       0.98792495441398298     
  0.16250000000000001       0.98685479302205781     
  0.16900000000000001       0.98602834169451270     
  0.17549999999999999       0.98492164404938598     
  0.18200000000000000       0.98382050362591322     
  0.18850000000000000       0.98250084242929503     
  0.19500000000000001       0.98172972670023939     
  0.20150000000000001       0.98089344892161756     
  0.20799999999999999       0.97983433471217807     
  0.21450000000000000       0.97911533974248288     
  0.22100000000000000       0.97870067374762837     
  0.22750000000000001       0.97693139104419235     
  0.23400000000000001       0.97590136591724275     
  0.24049999999999999       0.97555908641079447     
  0.24700000000000000       0.97414188065097285     
  0.25350000000000000       0.97281314031112354     
  0.26000000000000001       0.97230041980155901     
  0.26650000000000001       0.97086109005350318     
  0.27300000000000002       0.96975514509009908     
  0.27949999999999997       0.96840724760010477     
  0.28599999999999998       0.96757910994324403     
  0.29249999999999998       0.96517984277154456     
  0.29899999999999999       0.96422275935306945     
  0.30549999999999999       0.96325857638723467     
  0.31199999999999994       0.96215003126212095     
  0.31850000000000001       0.96116377387402141     
  0.32500000000000001       0.95935025830309828     
  0.33150000000000002       0.95776834316673198     
  0.33800000000000002       0.95611286603337298     
  0.34450000000000003       0.95560195880486798     
  0.35099999999999998       0.95440314932955150     
  0.35749999999999998       0.95350157805491631     
  0.36399999999999999       0.95273205515145698     
  0.37050000000000000       0.95257842683499827     
  0.37700000000000000       0.95167838001628802     
  0.38350000000000001       0.95141416187106076     
  0.39000000000000001       0.95083595978463231     
  0.39650000000000002       0.94941219185282311     
  0.40300000000000002       0.94844354672435804     
  0.40950000000000003       0.94856204759383800     
  0.41599999999999998       0.94715131497075133     
  0.42249999999999999       0.94659149238778850     
  0.42899999999999999       0.94638268490479205     
  0.43550000000000000       0.94556863126873358     
  0.44200000000000000       0.94474952641660737     
  0.44849999999999995       0.94463890539006445     
  0.45500000000000002       0.94487045611393494     
  0.46150000000000002       0.94473371169872133     
  0.46800000000000003       0.94336446972581434     
  0.47450000000000003       0.94330882177038877     
  0.48099999999999998       0.94329210830095978     
  0.48749999999999999       0.94339391874480882     
  0.49399999999999999       0.94401965089641582     
  0.50049999999999994       0.94443717538806415     
  0.50700000000000001       0.94466453965813224     
  0.51349999999999996       0.94494677330449128     
  0.52000000000000002       0.94509713010438801     
  0.52650000000000008       0.94505092608835850     
  0.53300000000000003       0.94570869629438958     
  0.53949999999999998       0.94572940649244575     
  0.54600000000000004       0.94545171022354513     
  0.55249999999999999       0.94594811221094799     
  0.55899999999999994       0.94599650261293200     
  0.56550000000000000       0.94647239504372216     
  0.57199999999999995       0.94676707694457729     
  0.57850000000000001       0.94671273113917598     
  0.58499999999999996       0.94683716748667868     
  0.59149999999999991       0.94679616356719354     
  0.59799999999999998       0.94656015706308294     
  0.60449999999999993       0.94627066457120057     
  0.61099999999999999       0.94589338788124389     
  0.61749999999999994       0.94580070029530561     
  0.62399999999999989       0.94577345536102475     
  0.63050000000000006       0.94582913486907261     
  0.63700000000000001       0.94583445690447165     
  0.64350000000000007       0.94555388078378999     
  0.65000000000000002       0.94558995433124537     
  0.65650000000000008       0.94549422506759584     
  0.66300000000000003       0.94510488431430206     
  0.66949999999999998       0.94498242211888062     
  0.67600000000000005       0.94454988424933017     
  0.68250000000000000       0.94439894663811297     
  0.68900000000000006       0.94380349407764041     
  0.69550000000000001       0.94371588238121185     
  0.70199999999999996       0.94326368860745680     
  0.70850000000000002       0.94283527478187290     
  0.71499999999999997       0.94224307101119875     
  0.72150000000000003       0.94191924226118529     
  0.72799999999999998       0.94148657623770715     
  0.73449999999999993       0.94134471120392860     
  0.74099999999999999       0.94102762542250296     
  0.74749999999999994       0.94025520034730370     
  0.75400000000000000       0.93987910769084804     
  0.76049999999999995       0.93947585006343393     
  0.76700000000000002       0.93907873534516895     
  0.77350000000000008       0.93861076096895979     
  0.78000000000000003       0.93810671865391604     
  0.78650000000000009       0.93754827425147769     
  0.79300000000000004       0.93667660911912332     
  0.79949999999999999       0.93600033414401596     
  0.80600000000000005       0.93534235134915467     
  0.81250000000000000       0.93446137097332782     
  0.81900000000000006       0.93360895982510061     
  0.82550000000000001       0.93312747507857741     
  0.83199999999999996       0.93245256784767272     
  0.83850000000000002       0.93187143622596080     
  0.84499999999999997       0.93104997727746219     
  0.85150000000000003       0.93041519608615320     
  0.85799999999999998       0.92978148183410492     
  0.86449999999999994       0.92913736914812506     
  0.87100000000000000       0.92831545100137414     
  0.87749999999999995       0.92767547173705689     
  0.88400000000000001       0.92695231665386635     
  0.89049999999999996       0.92608746540371312     
  0.89699999999999991       0.92520314967129458     
  0.90350000000000008       0.92421287466348467     
  0.91000000000000003       0.92311853420244872     
  0.91650000000000009       0.92238268395258660     
  0.92300000000000004       0.92130308416971973     
  0.92949999999999999       0.92046009990463817     
  0.93600000000000005       0.91973912691522686     
  0.94250000000000000       0.91883939971877560     
  0.94900000000000007       0.91789266107589484     
  0.95550000000000002       0.91729813440170538     
  0.96199999999999997       0.91696809755902242     
  0.96850000000000003       0.91608976509415752     
  0.97499999999999998       0.91487760664755724     
  0.98150000000000004       0.91402696694234653     
  0.98799999999999999       0.91343891417408751     
  0.99449999999999994       0.91268468667429470     
   1.0009999999999999       0.91187670613507910     
   1.0075000000000001       0.91115491150103600     
   1.0140000000000000       0.91045189821861650     
   1.0205000000000000       0.90975012634674457     
   1.0269999999999999       0.90887389319478740     
   1.0334999999999999       0.90774092546744134     
   1.0400000000000000       0.90661896265258335     
   1.0465000000000000       0.90581239725874274     
   1.0530000000000002       0.90456963241581390     
   1.0595000000000001       0.90377005305861324     
   1.0660000000000001       0.90284821864818221     
   1.0725000000000000       0.90188666231161507     
   1.0790000000000000       0.90083680219879980     
   1.0855000000000001       0.89967087691513747     
   1.0920000000000001       0.89856691700854230     
   1.0985000000000000       0.89771053474854834     
   1.1050000000000000       0.89660402856301091     
   1.1114999999999999       0.89557204411727143     
   1.1179999999999999       0.89479894857635200     
   1.1245000000000001       0.89378196483153127     
   1.1310000000000000       0.89289314512659024     
   1.1375000000000000       0.89214015113233958     
   1.1439999999999999       0.89095721254474769     
   1.1504999999999999       0.88979600270285764     
   1.1570000000000000       0.88849017032262745     
   1.1635000000000000       0.88758674287730055     
   1.1699999999999999       0.88674304576307372     
   1.1764999999999999       0.88512534800242060     
   1.1829999999999998       0.88403278157712373     
   1.1895000000000000       0.88313377289001738     
   1.1960000000000000       0.88247727233016915     
   1.2024999999999999       0.88153094026499634     
   1.2089999999999999       0.88037059305078380     
   1.2154999999999998       0.87949401477600697     
   1.2220000000000000       0.87820929013096505     
   1.2284999999999999       0.87739033893378771     
   1.2349999999999999       0.87625062573848500     
   1.2414999999999998       0.87505224389775760     
   1.2479999999999998       0.87395178695024889     
   1.2545000000000002       0.87317007119641399     
   1.2610000000000001       0.87199919385307001     
   1.2675000000000001       0.87129516188358114     
   1.2740000000000000       0.87055687462574682     
   1.2805000000000002       0.86948833928677915     
   1.2870000000000001       0.86852086186872646     
   1.2935000000000001       0.86769350784617227     
   1.3000000000000000       0.86682590285858518     
   1.3065000000000000       0.86606362834945749     
   1.3130000000000002       0.86487867646212957     
   1.3195000000000001       0.86414503455593850     
   1.3260000000000001       0.86306805606186066     
   1.3325000000000000       0.86255926568025176     
   1.3390000000000000       0.86139294050579296     
   1.3455000000000001       0.86028124948276663     
   1.3520000000000001       0.85918308289852052     
   1.3585000000000000       0.85797208151487947     
   1.3650000000000000       0.85682836139101637     
   1.3714999999999999       0.85584800717009224     
   1.3780000000000001       0.85508416467842430     
   1.3845000000000001       0.85414957942164171     
   1.3910000000000000       0.85373926147782175     
   1.3975000000000000       0.85283156067182553     
   1.4039999999999999       0.85174547362497677     
   1.4105000000000001       0.85021105683082843     
   1.4170000000000000       0.84920915482025805     
   1.4235000000000000       0.84823369851770725     
   1.4299999999999999       0.84726715841154276     
   1.4364999999999999       0.84641268478521436     
   1.4430000000000001       0.84551936447743914     
   1.4495000000000000       0.84470123623945725     
   1.4560000000000000       0.84392357836994936     
   1.4624999999999999       0.84286285488201662     
   1.4689999999999999       0.84204438916588986     
   1.4755000000000000       0.84143505680924258     
   1.4820000000000000       0.84054202527922972     
   1.4884999999999999       0.84000175801820420     
   1.4949999999999999       0.83920830431194204     
   1.5014999999999998       0.83800789420266641     
   1.5080000000000000       0.83740243048228291     
   1.5145000000000000       0.83671944903780671     
   1.5209999999999999       0.83612256193418244     
   1.5275000000000001       0.83554686822277924     
   1.5340000000000000       0.83444225369156300     
   1.5405000000000002       0.83361900827301427     
   1.5470000000000002       0.83267140748684554     
   1.5535000000000001       0.83204904641031685     
   1.5600000000000001       0.83144513424629740     
   1.5665000000000000       0.83048318587717329     
   1.5730000000000002       0.82948076658277248     
   1.5795000000000001       0.82835010055572789     
   1.5860000000000001       0.82758207353667901     
   1.5925000000000000       0.82659689285931892     
   1.5990000000000000       0.82591413007421399     
   1.6055000000000001       0.82553375011828334     
   1.6120000000000001       0.82439516756686282     
   1.6185000000000000       0.82346514923266212     
   1.6250000000000000       0.82251012865859008     
   1.6315000000000000       0.82139813030481568     
   1.6380000000000001       0.82020311803974744     
   1.6445000000000001       0.81919985383861871     
   1.6510000000000000       0.81844890229519884     
   1.6575000000000000       0.81736439005081885     
   1.6639999999999999       0.81653232922742602     
   1.6705000000000001       0.81609206032991499     
   1.6770000000000000       0.81570777181374954     
   1.6835000000000000       0.81467909607470146     
   1.6899999999999999       0.81380818045468628     
   1.6964999999999999       0.81313698139992219     
   1.7030000000000001       0.81217596263373892     
   1.7095000000000000       0.81105471960801323     
   1.7160000000000000       0.81000212311771269     
   1.7224999999999999       0.80889636502368623     
   1.7289999999999999       0.80808792294245668     
   1.7355000000000000       0.80711779178857068     
   1.7420000000000000       0.80626157540044607     
   1.7484999999999999       0.80542913738570066     
   1.7549999999999999       0.80470475573419120     
   1.7614999999999998       0.80412875089187463     
   1.7680000000000000       0.80340597360597432     
   1.7745000000000000       0.80262582343366029     
   1.7809999999999999       0.80148481550509354     
   1.7874999999999999       0.80065519089265125     
   1.7939999999999998       0.80008991643595562     
   1.8005000000000000       0.79923505969471531     
   1.8070000000000002       0.79829257005998822     
   1.8135000000000001       0.79794950620493599     
   1.8200000000000001       0.79728553033598215     
   1.8265000000000000       0.79624617142100484     
   1.8330000000000002       0.79489163924163520     
   1.8395000000000001       0.79380932069391197     
   1.8460000000000001       0.79357668126391734     
   1.8525000000000000       0.79256230039588949     
   1.8590000000000000       0.79200229522322763     
   1.8655000000000002       0.79154982809665098     
   1.8720000000000001       0.79111172947993713     
   1.8785000000000001       0.78967919550409538     
   1.8850000000000000       0.78865184106535979     
   1.8915000000000000       0.78771471260460202     
   1.8980000000000001       0.78649560088918580     
   1.9045000000000001       0.78526465590514338     
   1.9110000000000000       0.78402186356168202     
   1.9175000000000000       0.78330876119747961     
   1.9239999999999999       0.78223382130486019     
   1.9305000000000001       0.78142561243502984     
   1.9370000000000001       0.78060299364286390     
   1.9435000000000000       0.77983627453538018     
   1.9500000000000000       0.77930338464547866     
   1.9564999999999999       0.77846966558968012     
   1.9630000000000001       0.77732584036496544     
   1.9695000000000000       0.77667575656308541     
   1.9760000000000000       0.77586456897120959     
   1.9824999999999999       0.77525522095957056     
   1.9889999999999999       0.77504809914754857     
   1.9955000000000001       0.77387197374654504     
   2.0019999999999998       0.77321190925526107     
   2.0084999999999997       0.77255708995885586     
   2.0150000000000001       0.77161584010312323     
   2.0215000000000001       0.77084832411049342     
   2.0280000000000000       0.77007131124464090     
   2.0345000000000000       0.76964607463009393     
   2.0409999999999999       0.76855544828501487     
   2.0474999999999999       0.76770766100606469     
   2.0539999999999998       0.76683683943137038     
   2.0604999999999998       0.76588319186484821     
   2.0669999999999997       0.76497222145946642     
   2.0734999999999997       0.76420301591830087     
   2.0800000000000001       0.76359720653680041     
   2.0865000000000000       0.76293204708607998     
   2.0930000000000000       0.76222785263678272     
   2.0994999999999999       0.76131121766284837     
   2.1060000000000003       0.76037882347466146     
   2.1124999999999998       0.75938532421460037     
   2.1190000000000002       0.75852308401246449     
   2.1254999999999997       0.75790809306011764     
   2.1320000000000001       0.75730266910652655     
   2.1384999999999996       0.75694573930898312     
   2.1450000000000000       0.75657367586083357     
   2.1515000000000000       0.75619882911854563     
   2.1579999999999999       0.75571022271655952     
   2.1644999999999999       0.75503702873457912     
   2.1710000000000003       0.75433142626454763     
   2.1774999999999998       0.75348008537988165     
   2.1840000000000002       0.75250772164639546     
   2.1904999999999997       0.75219960907300498     
   2.1970000000000001       0.75165520752983284     
   2.2034999999999996       0.75103617239815601     
   2.2100000000000000       0.75067966098130534     
   2.2164999999999999       0.74991552293304542     
   2.2229999999999999       0.74948848773463472     
   2.2295000000000003       0.74894746918106270     
   2.2359999999999998       0.74811911886701821     
   2.2425000000000002       0.74747208753972938     
   2.2490000000000001       0.74739102055912232     
   2.2555000000000001       0.74699110015325854     
   2.2620000000000000       0.74661093529012035     
   2.2685000000000004       0.74624008019068333     
   2.2749999999999999       0.74562241042593624     
   2.2815000000000003       0.74479140336892868     
   2.2879999999999998       0.74395932130148046     
   2.2945000000000002       0.74331246500616588     
   2.3009999999999997       0.74312353785319241     
   2.3075000000000001       0.74290422891738228     
   2.3140000000000001       0.74232564184345651     
   2.3205000000000000       0.74211300158757476     
   2.3270000000000000       0.74196629065019093     
   2.3335000000000004       0.74103088358931757     
   2.3399999999999999       0.74033569754110917     
   2.3465000000000003       0.73996121392987979     
   2.3529999999999998       0.73897741972193132     
   2.3595000000000002       0.73813070018921723     
   2.3659999999999997       0.73784391945151384     
   2.3725000000000001       0.73751118200181043     
   2.3790000000000000       0.73720141390372185     
   2.3855000000000000       0.73650198745657125     
   2.3919999999999999       0.73629866175192393     
   2.3985000000000003       0.73559408733886733     
   2.4049999999999998       0.73498719885983266     
   2.4115000000000002       0.73449474842469487     
   2.4179999999999997       0.73383998075523438     
   2.4245000000000001       0.73294201290373651     
   2.4309999999999996       0.73217653982314534     
   2.4375000000000000       0.73151008472569612     
   2.4440000000000000       0.73068132013606224     
   2.4504999999999999       0.72993407088364981     
   2.4569999999999999       0.72908618269735248     
   2.4635000000000002       0.72847004118915726     
   2.4699999999999998       0.72810762911176907     
   2.4765000000000001       0.72778252549326172     
   2.4829999999999997       0.72735021410980460     
   2.4895000000000000       0.72715016222437456     
   2.4959999999999996       0.72643053012114167     
   2.5024999999999999       0.72593695948971337     
   2.5090000000000003       0.72506347070466448     
   2.5154999999999998       0.72434044321850399     
   2.5220000000000002       0.72375556668495300     
   2.5285000000000002       0.72281962707428560     
   2.5350000000000001       0.72232816589685489     
   2.5415000000000001       0.72161062321554648     
   2.5480000000000000       0.72142470513500889     
   2.5545000000000000       0.72104285894279385     
   2.5610000000000004       0.72033721440752141     
   2.5674999999999999       0.71979255346860083     
   2.5740000000000003       0.71871756715675617     
   2.5804999999999998       0.71803296569249564     
   2.5870000000000002       0.71752626206531755     
   2.5935000000000001       0.71688449349440986     
   2.6000000000000001       0.71602733949041830     
   2.6065000000000000       0.71526948023581527     
   2.6130000000000000       0.71452498878018378     
   2.6194999999999999       0.71441444876413496     
   2.6260000000000003       0.71356634278815101     
   2.6324999999999998       0.71307693078830081     
   2.6390000000000002       0.71281498431295431     
   2.6454999999999997       0.71226461996050605     
   2.6520000000000001       0.71162358464254138     
   2.6585000000000001       0.71106106196981322     
   2.6650000000000000       0.71054726976657878     
   2.6715000000000000       0.71024654990214031     
   2.6779999999999999       0.70936236069892211     
   2.6844999999999999       0.70883165768037670     
   2.6910000000000003       0.70826380953330037     
   2.6974999999999998       0.70770043382411962     
   2.7040000000000002       0.70741004784135952     
   2.7104999999999997       0.70710691631984302     
   2.7170000000000001       0.70635587531871535     
   2.7234999999999996       0.70607972344550829     
   2.7300000000000000       0.70557502594320276     
   2.7364999999999999       0.70524637838611337     
   2.7429999999999999       0.70465197571631810     
   2.7494999999999998       0.70398439973806015     
   2.7560000000000002       0.70336868469645808     
   2.7624999999999997       0.70296586257780369     
   2.7690000000000001       0.70264872734597139     
   2.7755000000000001       0.70230562184875833     
   2.7820000000000000       0.70177979968333637     
   2.7885000000000004       0.70110369456307609     
   2.7949999999999999       0.70032344830631399     
   2.8015000000000003       0.70008923483380492     
   2.8079999999999998       0.69957497456724704     
   2.8145000000000002       0.69925765135655993     
   2.8210000000000002       0.69911881197585968     
   2.8275000000000001       0.69863940620390796     
   2.8340000000000001       0.69842621389827764     
   2.8405000000000000       0.69809941374684148     
   2.8470000000000000       0.69796076616823044     
   2.8535000000000004       0.69710635160496714     
   2.8599999999999999       0.69669503704041558     
   2.8665000000000003       0.69621214501204842     
   2.8729999999999998       0.69610220787679034     
   2.8795000000000002       0.69557157770939870     
   2.8860000000000001       0.69492002199472103     
   2.8925000000000001       0.69455201191886418     
   2.8990000000000000       0.69407058218757511     
   2.9055000000000000       0.69405294556989572     
   2.9119999999999999       0.69337434545593679     
   2.9185000000000003       0.69241726320374641     
   2.9249999999999998       0.69263572635298265     
   2.9315000000000002       0.69215138672411836     
   2.9379999999999997       0.69169072872094084     
   2.9445000000000001       0.69118889173144149     
   2.9510000000000001       0.69075673472843591     
   2.9575000000000000       0.69024233929381440     
   2.9640000000000000       0.68962401056979972     
   2.9704999999999999       0.68906547723365053     
   2.9769999999999999       0.68863992006265051     
   2.9835000000000003       0.68823145512656136     
   2.9899999999999998       0.68779284058938572     
   2.9965000000000002       0.68770449140927592     
   3.0029999999999997       0.68743312347838703     
   3.0095000000000001       0.68715475753186117     
   3.0160000000000000       0.68673965433691697     
   3.0225000000000000       0.68593416472093860     
   3.0289999999999999       0.68569398389493874     
   3.0354999999999999       0.68555346269321316     
   3.0419999999999998       0.68476315523105402     
   3.0485000000000002       0.68430780792987433     
   3.0550000000000002       0.68398607491137875     
   3.0615000000000001       0.68375264780166645     
   3.0680000000000001       0.68343736951922729     
   3.0745000000000000       0.68300252052284105     
   3.0810000000000004       0.68214431295926403     
   3.0874999999999999       0.68215852282178002     
   3.0940000000000003       0.68216159669612997     
   3.1004999999999998       0.68202529285195357     
   3.1070000000000002       0.68190115419439035     
   3.1135000000000002       0.68134450783930833     
   3.1200000000000001       0.68108231166998678     
   3.1265000000000001       0.68096689965012769     
   3.1330000000000000       0.68108335905683970     
   3.1395000000000000       0.68085717544038094     
   3.1460000000000004       0.68057089282423233     
   3.1524999999999999       0.68039383027197697     
   3.1590000000000003       0.67992261208825122     
   3.1654999999999998       0.67932657387478190     
   3.1720000000000002       0.67897219911563567     
   3.1785000000000001       0.67867312503426536     
   3.1850000000000001       0.67819716807477126     
   3.1915000000000000       0.67772587973299436     
   3.1980000000000000       0.67726066500293802     
   3.2044999999999999       0.67691642049122525     
   3.2110000000000003       0.67674817469017112     
   3.2174999999999998       0.67662892960640686     
   3.2240000000000002       0.67602589269360969     
   3.2304999999999997       0.67579116029758191     
   3.2370000000000001       0.67544262281866407     
   3.2435000000000000       0.67522776028976961     
   3.2500000000000000       0.67494000069474369     
   3.2565000000000000       0.67431129337081863     
   3.2629999999999999       0.67388244957565135     
   3.2694999999999999       0.67357512143755549     
   3.2760000000000002       0.67328160816778737     
   3.2824999999999998       0.67306121063718605     
   3.2890000000000001       0.67314065143443202     
   3.2954999999999997       0.67291874172953814     
   3.3020000000000000       0.67258358215925851     
   3.3085000000000000       0.67215546838421580     
   3.3149999999999999       0.67168059705112837     
   3.3214999999999999       0.67110672866015764     
   3.3279999999999998       0.67109231505250866     
   3.3345000000000002       0.67019096168507408     
   3.3410000000000002       0.67025030860640733     
   3.3475000000000001       0.67053727554505682     
   3.3540000000000001       0.67041403179231407     
   3.3605000000000000       0.67032801059474945     
   3.3670000000000000       0.67013352691736039     
   3.3735000000000004       0.67013044611222938     
   3.3799999999999999       0.67021147300309258     
   3.3865000000000003       0.66991113695453264     
   3.3929999999999998       0.66983979755663670     
   3.3995000000000002       0.66961418634566272     
   3.4060000000000001       0.66973747891724589     
   3.4125000000000001       0.66928860116671407     
   3.4190000000000000       0.66904601644311235     
   3.4255000000000000       0.66864088276351674     
   3.4319999999999999       0.66819597194623370     
   3.4385000000000003       0.66785648957489008     
   3.4449999999999998       0.66778952507318745     
   3.4515000000000002       0.66752443802683969     
   3.4579999999999997       0.66708149401010763     
   3.4645000000000001       0.66728479435817234     
   3.4710000000000001       0.66747291437563139     
   3.4775000000000000       0.66737782406467261     
   3.4840000000000000       0.66725579748033859     
   3.4904999999999999       0.66730738877405049     
   3.4969999999999999       0.66704711847747722     
   3.5035000000000003       0.66674773461986558     
   3.5099999999999998       0.66642690011461225     
   3.5165000000000002       0.66644530348104636     
   3.5229999999999997       0.66636516657137113     
   3.5295000000000001       0.66612063984213721     
   3.5360000000000000       0.66565185412720396     
   3.5425000000000000       0.66556790966108226     
   3.5489999999999999       0.66549738111264889     
   3.5554999999999999       0.66523580945004035     
   3.5619999999999998       0.66501002836489476     
   3.5685000000000002       0.66505495041835883     
   3.5749999999999997       0.66488148011515225     
   3.5815000000000001       0.66443239942026022     
   3.5879999999999996       0.66486640414477327     
   3.5945000000000000       0.66458270397835872     
   3.6010000000000000       0.66428239218328888     
   3.6074999999999999       0.66409783029697100     
   3.6140000000000003       0.66392599676034447     
   3.6204999999999998       0.66375050323537133     
   3.6270000000000002       0.66369563174404367     
   3.6335000000000002       0.66370424224983915     
   3.6400000000000001       0.66356054418650390     
   3.6465000000000001       0.66334391611209587     
   3.6530000000000000       0.66298532354936179     
   3.6595000000000000       0.66265442567768795     
   3.6660000000000004       0.66269924874577102     
   3.6724999999999999       0.66204532048424991     
   3.6790000000000003       0.66196629936313567     
   3.6854999999999998       0.66198797906066831     
   3.6920000000000002       0.66171743872418654     
   3.6985000000000001       0.66134683065705313     
   3.7050000000000001       0.66152051226489206     
   3.7115000000000000       0.66120663882050879     
   3.7180000000000000       0.66089839476017065     
   3.7244999999999999       0.66081793934881206     
   3.7310000000000003       0.66066972932389290     
   3.7374999999999998       0.66000500271103546     
   3.7440000000000002       0.65984958221515877     
   3.7504999999999997       0.65906261368343511     
   3.7570000000000001       0.65894900559200409     
   3.7635000000000001       0.65893777001630460     
   3.7700000000000000       0.65856765800067962     
   3.7765000000000000       0.65840420340804195     
   3.7829999999999999       0.65825548424755043     
   3.7894999999999999       0.65778292416365214     
   3.7960000000000003       0.65744248076516976     
   3.8024999999999998       0.65686858199318332     
   3.8090000000000002       0.65636867594004211     
   3.8154999999999997       0.65616117491957893     
   3.8220000000000001       0.65605561133083012     
   3.8285000000000000       0.65596851805841128     
   3.8350000000000000       0.65564371214504735     
   3.8414999999999999       0.65593350895401459     
   3.8479999999999999       0.65598599326534579     
   3.8544999999999998       0.65629890378902112     
   3.8610000000000002       0.65583138144218434     
   3.8674999999999997       0.65559145260961316     
   3.8740000000000001       0.65573860049309174     
   3.8804999999999996       0.65555563362220359     
   3.8870000000000000       0.65549617159789764     
   3.8935000000000004       0.65512210817025718     
   3.8999999999999999       0.65522228408208438     
   3.9065000000000003       0.65510829289947281     
   3.9129999999999998       0.65505821064998482     
   3.9195000000000002       0.65473643875208209     
   3.9260000000000002       0.65438850872002952     
   3.9325000000000001       0.65413897110484198     
   3.9390000000000001       0.65398394398143322     
   3.9455000000000000       0.65406485720701868     
   3.9520000000000000       0.65414119516584168     
   3.9585000000000004       0.65432788089102811     
   3.9649999999999999       0.65382772183641180     
   3.9715000000000003       0.65348100083101268     
   3.9779999999999998       0.65325138103968738     
   3.9845000000000002       0.65339002625397513     
   3.9910000000000001       0.65307556985131987     
   3.9975000000000001       0.65282176546170245     
   4.0039999999999996       0.65256358123690850     
   4.0105000000000004       0.65200534870852789     
   4.0169999999999995       0.65202145411944590     
   4.0235000000000003       0.65188364922821418     
   4.0300000000000002       0.65198002349999096     
   4.0365000000000002       0.65215846964732727     
   4.0430000000000001       0.65208470384827799     
   4.0495000000000001       0.65247965470618829     
   4.0560000000000000       0.65220794704549201     
   4.0625000000000000       0.65224454380154129     
   4.0690000000000000       0.65189625741223212     
   4.0754999999999999       0.65222688419734132     
   4.0819999999999999       0.65207415801094970     
   4.0884999999999998       0.65179743303969506     
   4.0949999999999998       0.65168942031228927     
   4.1014999999999997       0.65154915677276726     
   4.1079999999999997       0.65137439083042092     
   4.1144999999999996       0.65105885545342124     
   4.1209999999999996       0.65102269475460373     
   4.1275000000000004       0.65083104399837532     
   4.1339999999999995       0.65072442190094537     
   4.1405000000000003       0.65070436739265325     
   4.1469999999999994       0.65048743047040092     
   4.1535000000000002       0.65038393911094816     
   4.1600000000000001       0.65040955589350324     
   4.1665000000000001       0.65021744369688050     
   4.1730000000000000       0.65024675166236945     
   4.1795000000000000       0.65026753794227465     
   4.1859999999999999       0.65013256139662035     
   4.1924999999999999       0.65004824008964857     
   4.1989999999999998       0.65006019839670959     
   4.2054999999999998       0.64974735210230328     
   4.2120000000000006       0.64994398581233059     
   4.2185000000000006       0.65036348068421090     
   4.2249999999999996       0.65058064562557294     
   4.2314999999999996       0.65024095412497673     
   4.2380000000000004       0.65019116861379878     
   4.2445000000000004       0.65010331763444318     
   4.2509999999999994       0.65014115687128460     
   4.2575000000000003       0.65004400183819522     
   4.2640000000000002       0.64989107772624966     
   4.2705000000000002       0.64977656422586005     
   4.2769999999999992       0.64977505907318300     
   4.2835000000000001       0.64976072818282526     
   4.2900000000000000       0.65004293248721690     
   4.2965000000000000       0.64971608059624919     
   4.3029999999999999       0.64972639297846901     
   4.3094999999999999       0.64990852536103416     
   4.3159999999999998       0.64989061782332802     
   4.3225000000000007       0.65009019746655872     
   4.3289999999999997       0.64996087392897528     
   4.3354999999999997       0.64968320032175153     
   4.3420000000000005       0.64957892873909062     
   4.3485000000000005       0.64963350415494281     
   4.3549999999999995       0.64953680155724003     
   4.3614999999999995       0.64901414953055347     
   4.3680000000000003       0.64907102609602663     
   4.3745000000000003       0.64910501944217502     
   4.3809999999999993       0.64937152676497767     
   4.3875000000000002       0.64928087845985993     
   4.3940000000000001       0.64913240782673876     
   4.4005000000000001       0.64924648344577385     
   4.4069999999999991       0.64899510653430514     
   4.4135000000000000       0.64854689490087791     
   4.4199999999999999       0.64821400393323347     
   4.4264999999999999       0.64833438829170076     
   4.4329999999999998       0.64802166038222309     
   4.4394999999999998       0.64808344081751956     
   4.4459999999999997       0.64781672968160042     
   4.4525000000000006       0.64773404799496426     
   4.4590000000000005       0.64778252912832901     
   4.4654999999999996       0.64762137812694121     
   4.4719999999999995       0.64757885435170015     
   4.4785000000000004       0.64775413586756680     
   4.4850000000000003       0.64765245218047096     
   4.4914999999999994       0.64763276356294741     
   4.4980000000000002       0.64730373736970892     
   4.5045000000000002       0.64682266330450344     
   4.5110000000000001       0.64659507735829713     
   4.5175000000000001       0.64614775156297133     
   4.5240000000000000       0.64622347251149237     
   4.5305000000000000       0.64587613117432130     
   4.5370000000000008       0.64569247741073943     
   4.5434999999999999       0.64552852216110379     
   4.5499999999999998       0.64557083332106580     
   4.5564999999999998       0.64562423801410140     
   4.5630000000000006       0.64530964486609510     
   4.5694999999999997       0.64522340020175006     
   4.5759999999999996       0.64533731906582414     
   4.5825000000000005       0.64465419545232283     
   4.5890000000000004       0.64465946878724834     
   4.5954999999999995       0.64454345354513987     
   4.6019999999999994       0.64454785043298546     
   4.6085000000000003       0.64451823049824364     
   4.6150000000000002       0.64421667476079170     
   4.6214999999999993       0.64414421527057097     
   4.6280000000000001       0.64410992058802763     
   4.6345000000000001       0.64420495199930738     
   4.6410000000000000       0.64455557462786051     
   4.6475000000000000       0.64471950832423286     
   4.6539999999999999       0.64447038563021231     
   4.6604999999999999       0.64447940260250436     
   4.6670000000000007       0.64443963447491226     
   4.6734999999999998       0.64448549915689068     
   4.6799999999999997       0.64441910300693650     
   4.6864999999999997       0.64447766348427415     
   4.6930000000000005       0.64458858843204259     
   4.6994999999999996       0.64465013917820557     
   4.7059999999999995       0.64465850412288772     
   4.7125000000000004       0.64437373344082249     
   4.7190000000000003       0.64443839498690980     
   4.7255000000000003       0.64441380276010751     
   4.7319999999999993       0.64459693438188959     
   4.7385000000000002       0.64436001267142706     
   4.7450000000000001       0.64425402280267807     
   4.7515000000000001       0.64415149783711967     
   4.7580000000000000       0.64404483051361516     
   4.7645000000000000       0.64416026365297907     
   4.7709999999999999       0.64395955539875305     
   4.7775000000000007       0.64447110368329863     
   4.7839999999999998       0.64473360301758753     
   4.7904999999999998       0.64481118377397462     
   4.7970000000000006       0.64509125301556325     
   4.8035000000000005       0.64474983344615566     
   4.8099999999999996       0.64439468052501692     
   4.8164999999999996       0.64453603191444775     
   4.8230000000000004       0.64499750605456430     
   4.8295000000000003       0.64508737716391862     
   4.8359999999999994       0.64508500183643913     
   4.8425000000000002       0.64493744509272777     
   4.8490000000000002       0.64504786652325807     
   4.8555000000000001       0.64494168779069627     
   4.8619999999999992       0.64468969131517018     
   4.8685000000000000       0.64492772091546957     
   4.8750000000000000       0.64490293053976000     
   4.8815000000000000       0.64454183848488333     
   4.8879999999999999       0.64464257397239810     
   4.8944999999999999       0.64491539504496354     
   4.9009999999999998       0.64526228744187220     
   4.9075000000000006       0.64529578460777337     
   4.9139999999999997       0.64538532676381122     
   4.9204999999999997       0.64533950395184736     
   4.9270000000000005       0.64541017356339236     
   4.9335000000000004       0.64540312790725207     
   4.9399999999999995       0.64533085911380383     
   4.9464999999999995       0.64549057489848138     
   4.9530000000000003       0.64554479110958574     
   4.9595000000000002       0.64566863916040618     
   4.9659999999999993       0.64544931049573062     
   4.9725000000000001       0.64539526993226326     
   4.9790000000000001       0.64537316417303681     
   4.9855000000000000       0.64547175032304704     
   4.9919999999999991       0.64566411228185472     
   4.9984999999999999       0.64551349671225300     
   5.0049999999999999       0.64510307294456781     
   5.0114999999999998       0.64507323591948529     
   5.0180000000000007       0.64523620142817251     
   5.0244999999999997       0.64553218484824204     
   5.0309999999999997       0.64572207133523163     
   5.0375000000000005       0.64580501004630908     
   5.0440000000000005       0.64577723011548582     
   5.0504999999999995       0.64543004380975832     
   5.0570000000000004       0.64509996105203737     
   5.0635000000000003       0.64494492593196195     
   5.0700000000000003       0.64484831938506004     
   5.0764999999999993       0.64485967485374629     
   5.0830000000000002       0.64485405363723902     
   5.0895000000000001       0.64467096193470619     
   5.0960000000000001       0.64456241875978393     
   5.1025000000000000       0.64472016533394638     
   5.1090000000000000       0.64469395818970487     
   5.1154999999999999       0.64451433121439339     
   5.1220000000000008       0.64438242228385467     
   5.1284999999999998       0.64447563252795192     
   5.1349999999999998       0.64474449111443266     
   5.1414999999999997       0.64478824364609422     
   5.1480000000000006       0.64494140714888681     
   5.1544999999999996       0.64534224411582752     
   5.1609999999999996       0.64496034738133545     
   5.1675000000000004       0.64499446279079253     
   5.1740000000000004       0.64483094161811982     
   5.1804999999999994       0.64507840350009993     
   5.1870000000000003       0.64482867087355078     
   5.1935000000000002       0.64459087879299815     
   5.2000000000000002       0.64484843706566630     
   5.2064999999999992       0.64490378509859791     
   5.2130000000000001       0.64470716512680193     
   5.2195000000000000       0.64480499522514756     
   5.2260000000000000       0.64453350565632539     
   5.2324999999999999       0.64458564735664547     
   5.2389999999999999       0.64448693841978322     
   5.2454999999999998       0.64448675446278247     
   5.2520000000000007       0.64446042098370349     
   5.2584999999999997       0.64465546578729815     
   5.2649999999999997       0.64478830912761553     
   5.2714999999999996       0.64509114772054688     
   5.2780000000000005       0.64472979477717751     
   5.2845000000000004       0.64485494279871058     
   5.2909999999999995       0.64455444156784558     
   5.2975000000000003       0.64452510447213052     
   5.3040000000000003       0.64432657727122933     
   5.3105000000000002       0.64409238326619855     
   5.3170000000000002       0.64397183012525328     
   5.3235000000000001       0.64391306055640807     
   5.3300000000000001       0.64381913854025730     
   5.3365000000000000       0.64394299084525564     
   5.3430000000000000       0.64390251614407701     
   5.3494999999999999       0.64381460552249059     
   5.3559999999999999       0.64399692787901841     
   5.3625000000000007       0.64393066415253264     
   5.3689999999999998       0.64389359058146312     
   5.3754999999999997       0.64374337204448950     
   5.3820000000000006       0.64348481529486889     
   5.3885000000000005       0.64352461431167518     
   5.3949999999999996       0.64371467550613770     
   5.4014999999999995       0.64410264066171519     
   5.4080000000000004       0.64424653696162404     
   5.4145000000000003       0.64463400117220759     
   5.4209999999999994       0.64453511390429752     
   5.4275000000000002       0.64472358749853831     
   5.4340000000000002       0.64484275949102543     
   5.4405000000000001       0.64502730035656519     
   5.4469999999999992       0.64507227346965157     
   5.4535000000000000       0.64534111484261270     
   5.4600000000000000       0.64512812774306560     
   5.4664999999999999       0.64491099230505367     
   5.4729999999999999       0.64470126416795759     
   5.4794999999999998       0.64451140739786850     
   5.4859999999999998       0.64471495934127154     
   5.4925000000000006       0.64450936365755562     
   5.4989999999999997       0.64447472494954638     
   5.5054999999999996       0.64482458685937905     
   5.5120000000000005       0.64474475594898883     
   5.5185000000000004       0.64488977452530361     
   5.5249999999999995       0.64505414743620670     
   5.5314999999999994       0.64489424137527052     
   5.5380000000000003       0.64518146180579616     
   5.5445000000000002       0.64493733872891534     
   5.5510000000000002       0.64503328482489886     
   5.5575000000000001       0.64517690712923481     
   5.5640000000000001       0.64527239287533500     
   5.5705000000000000       0.64528817681446748     
   5.5770000000000008       0.64552438171255122     
   5.5834999999999999       0.64545482185136771     
   5.5899999999999999       0.64533809908126050     
   5.5964999999999998       0.64553907733080218     
   5.6030000000000006       0.64538472114011503     
   5.6094999999999997       0.64510865264068995     
   5.6159999999999997       0.64528477813927276     
   5.6225000000000005       0.64527832639473903     
   5.6290000000000004       0.64499175180590618     
   5.6354999999999995       0.64473892465301086     
   5.6420000000000003       0.64476891200661068     
   5.6485000000000003       0.64451451647087055     
   5.6550000000000002       0.64442062372757714     
   5.6614999999999993       0.64417986658929860     
   5.6680000000000001       0.64456806403339950     
   5.6745000000000001       0.64467421166862837     
   5.6810000000000000       0.64462020986152613     
   5.6875000000000000       0.64469266365485822     
   5.6940000000000000       0.64475868256608182     
   5.7004999999999999       0.64498771815547740     
   5.7070000000000007       0.64470512012203329     
   5.7134999999999998       0.64488276418488100     
   5.7199999999999998       0.64499382922271242     
   5.7264999999999997       0.64489384404689565     
   5.7330000000000005       0.64490887061644453     
   5.7394999999999996       0.64458951707806178     
   5.7459999999999996       0.64481809381421018     
   5.7525000000000004       0.64507263117524072     
   5.7590000000000003       0.64514700329840891     
   5.7654999999999994       0.64510503900806515     
   5.7720000000000002       0.64519733458585349     
   5.7785000000000002       0.64513163354496683     
   5.7850000000000001       0.64540564951457779     
   5.7914999999999992       0.64525177184444171     
   5.7980000000000000       0.64508729206180992     
   5.8045000000000000       0.64486840064179884     
   5.8109999999999999       0.64495547843024492     
   5.8174999999999999       0.64465357645746046     
   5.8239999999999998       0.64502632003270488     
   5.8304999999999998       0.64510327578186955     
   5.8370000000000006       0.64542960321703835     
   5.8435000000000006       0.64550290572597213     
   5.8499999999999996       0.64507181661774182     
   5.8564999999999996       0.64497398477880064     
   5.8630000000000004       0.64503935220563147     
   5.8695000000000004       0.64523098756306574     
   5.8759999999999994       0.64498628738782371     
   5.8825000000000003       0.64511309162843322     
   5.8890000000000002       0.64519057322878259     
   5.8955000000000002       0.64545808363560619     
   5.9020000000000001       0.64527662455000578     
   5.9085000000000001       0.64538406065277409     
   5.9150000000000000       0.64541195622187064     
   5.9215000000000000       0.64563134844346737     
   5.9279999999999999       0.64542374757053611     
   5.9344999999999999       0.64521012981558079     
   5.9409999999999998       0.64550092078222687     
   5.9475000000000007       0.64598020063327433     
   5.9539999999999997       0.64603559763955820     
   5.9604999999999997       0.64579219196352211     
   5.9670000000000005       0.64576640744327607     
   5.9735000000000005       0.64633143958400252     
   5.9799999999999995       0.64650411105050754     
   5.9864999999999995       0.64668536643110208     
   5.9930000000000003       0.64683326919056350     
   5.9995000000000003       0.64691256778527750     
   6.0059999999999993       0.64678292692285344     
   6.0125000000000002       0.64665256841387320     
   6.0190000000000001       0.64669582462680797     
   6.0255000000000001       0.64667261387191155     
   6.0320000000000000       0.64672147443334527     
   6.0385000000000000       0.64697068842187955     
   6.0449999999999999       0.64708654322802328     
   6.0514999999999999       0.64681598461151857     
   6.0579999999999998       0.64679579472699533     
   6.0644999999999998       0.64688164202602128     
   6.0709999999999997       0.64688248475553056     
   6.0775000000000006       0.64712438202959643     
   6.0839999999999996       0.64732253611957491     
   6.0904999999999996       0.64725285033299074     
   6.0970000000000004       0.64759295662032068     
   6.1035000000000004       0.64762677517441547     
   6.1100000000000003       0.64799609164563565     
   6.1164999999999994       0.64795558567011213     
   6.1230000000000002       0.64791500174580707     
   6.1295000000000002       0.64806911290811220     
   6.1360000000000001       0.64779406979541432     
   6.1425000000000001       0.64767553306338377     
   6.1490000000000000       0.64747482581284532     
   6.1555000000000000       0.64753210938046268     
   6.1620000000000008       0.64752740276471399     
   6.1684999999999999       0.64820706724618371     
   6.1749999999999998       0.64808276425963418     
   6.1814999999999998       0.64813716775354946     
   6.1880000000000006       0.64791784185855894     
   6.1944999999999997       0.64784125688130412     
   6.2009999999999996       0.64793707564684278     
   6.2075000000000005       0.64796408622551716     
   6.2140000000000004       0.64797609764650665     
   6.2204999999999995       0.64810748141901586     
   6.2270000000000003       0.64792554580315320     
   6.2335000000000003       0.64751861854243098     
   6.2400000000000002       0.64716564441024338     
   6.2464999999999993       0.64706212362677418     
   6.2530000000000001       0.64726824080559875     
   6.2595000000000001       0.64741399767711494     
   6.2660000000000000       0.64727892132657638     
   6.2725000000000000       0.64737060861676732     
   6.2789999999999999       0.64748104648888927     
   6.2854999999999999       0.64740027490531560     
   6.2920000000000007       0.64745441361425893     
   6.2984999999999998       0.64735215203437235     
   6.3049999999999997       0.64762230927153930     
   6.3114999999999997       0.64717455533021395     
   6.3180000000000005       0.64736422431724583     
   6.3244999999999996       0.64755192576119835     
   6.3309999999999995       0.64776355979060729     
   6.3375000000000004       0.64792604220407768     
   6.3440000000000003       0.64772343680484157     
   6.3504999999999994       0.64773650514895975     
   6.3570000000000002       0.64771367919170308     
   6.3635000000000002       0.64777002184401844     
   6.3700000000000001       0.64780575098378490     
   6.3764999999999992       0.64798426171907320     
   6.3830000000000000       0.64791178657219761     
   6.3895000000000000       0.64786502865113249     
   6.3959999999999999       0.64812420066717236     
   6.4025000000000007       0.64801596085716373     
   6.4089999999999998       0.64814858048834778     
   6.4154999999999998       0.64848013154272621     
   6.4220000000000006       0.64829187185386183     
   6.4285000000000005       0.64839012575058552     
   6.4349999999999996       0.64837033281345469     
   6.4414999999999996       0.64818341005726754     
   6.4480000000000004       0.64825701101637490     
   6.4545000000000003       0.64786325116847576     
   6.4609999999999994       0.64765266609589078     
   6.4675000000000002       0.64776557442835581     
   6.4740000000000002       0.64773408442823222     
   6.4805000000000001       0.64766559847885463     
   6.4870000000000001       0.64765270694390087     
   6.4935000000000000       0.64758379647399456     
   6.5000000000000000       0.64730578803474337     
   6.5065000000000000       0.64790837928379541     
   6.5129999999999999       0.64802330855940748     
   6.5194999999999999       0.64763897830567529     
   6.5259999999999998       0.64772020859233437     
   6.5325000000000006       0.64798004931256337     
   6.5389999999999997       0.64770271077608077     
   6.5454999999999997       0.64783019319172974     
   6.5520000000000005       0.64795001313617184     
   6.5585000000000004       0.64804850484747534     
   6.5649999999999995       0.64789159714984668     
   6.5714999999999995       0.64786140482683041     
   6.5780000000000003       0.64800692636482593     
   6.5845000000000002       0.64758239184790956     
   6.5909999999999993       0.64740055391947937     
   6.5975000000000001       0.64750011708145283     
   6.6040000000000001       0.64802061441129688     
   6.6105000000000000       0.64823326243283019     
   6.6170000000000000       0.64824809590482835     
   6.6234999999999999       0.64814928470058508     
   6.6299999999999999       0.64800534861482217     
   6.6364999999999998       0.64810292662333280     
   6.6429999999999998       0.64801290705305126     
   6.6494999999999997       0.64819257470083436     
   6.6559999999999997       0.64843936719496154     
   6.6625000000000005       0.64852913765576881     
   6.6690000000000005       0.64873801375254403     
   6.6754999999999995       0.64881320761510908     
   6.6820000000000004       0.64896234005093179     
   6.6885000000000003       0.64881056654305758     
   6.6950000000000003       0.64877160873385442     
   6.7014999999999993       0.64884495574866730     
   6.7080000000000002       0.64908703706207715     
   6.7145000000000001       0.64918265947052212     
   6.7210000000000001       0.64918240638192060     
   6.7275000000000000       0.64900869774571468     
   6.7340000000000000       0.64905563506670938     
   6.7404999999999999       0.64913218406564199     
   6.7470000000000008       0.64915583693395984     
   6.7534999999999998       0.64910512540621756     
   6.7599999999999998       0.64909252325049660     
   6.7664999999999997       0.64908634882233174     
   6.7730000000000006       0.64898070983150768     
   6.7794999999999996       0.64912863561684686     
   6.7859999999999996       0.64926851338252367     
   6.7925000000000004       0.64940935065598704     
   6.7990000000000004       0.64960895343128155     
   6.8054999999999994       0.64941912633336307     
   6.8120000000000003       0.64944488715434845     
   6.8185000000000002       0.64949555558098915     
   6.8250000000000002       0.64958285559755469     
   6.8314999999999992       0.64956070132858423     
   6.8380000000000001       0.64953641599126333     
   6.8445000000000000       0.64969319186948737     
   6.8510000000000000       0.64975724587184047     
   6.8574999999999999       0.64943753293025974     
   6.8639999999999999       0.64913139861428615     
   6.8704999999999998       0.64897144752824876     
   6.8770000000000007       0.64890773102336141     
   6.8834999999999997       0.64922200162819632     
   6.8899999999999997       0.64943620622092668     
   6.8964999999999996       0.64958611787823861     
   6.9030000000000005       0.64971499115800158     
   6.9094999999999995       0.65005559289127091     
   6.9159999999999995       0.65022577867017617     
   6.9225000000000003       0.65056273866266645     
   6.9290000000000003       0.65061096040908961     
   6.9355000000000002       0.65064343612097830     
   6.9420000000000002       0.65094547459190122     
   6.9485000000000001       0.65119131064226243     
   6.9550000000000001       0.65129328493927030     
   6.9615000000000000       0.65124787777427728     
   6.9680000000000000       0.65066349463430662     
   6.9744999999999999       0.65066200932657547     
   6.9809999999999999       0.65055322448726538     
   6.9875000000000007       0.65060754717646707     
   6.9939999999999998       0.65088750346346902     
   7.0004999999999997       0.65120363423665528     
   7.0070000000000006       0.65114690286729515     
   7.0135000000000005       0.65099446420430351     
   7.0199999999999996       0.65101695941945570     
   7.0264999999999995       0.65082917027480203     
   7.0330000000000004       0.65068356516411718     
   7.0395000000000003       0.65040728651575230     
   7.0459999999999994       0.65053590790809235     
   7.0525000000000002       0.65037660535844855     
   7.0590000000000002       0.65047781128384130     
   7.0655000000000001       0.65050026907846603     
   7.0720000000000001       0.65063810807033584     
   7.0785000000000000       0.65071346170140598     
   7.0850000000000000       0.65074694231780150     
   7.0914999999999999       0.65108935697431114     
   7.0979999999999999       0.65125983783498620     
   7.1044999999999998       0.65125697864868470     
   7.1109999999999998       0.65164009944720491     
   7.1175000000000006       0.65172994882341950     
   7.1239999999999997       0.65189637634527542     
   7.1304999999999996       0.65150978080415589     
   7.1370000000000005       0.65136694449016119     
   7.1435000000000004       0.65145232524786356     
   7.1499999999999995       0.65161918607119540     
   7.1564999999999994       0.65172440695134470     
   7.1630000000000003       0.65134186037500852     
   7.1695000000000002       0.65151519174965367     
   7.1759999999999993       0.65162988914470077     
   7.1825000000000001       0.65194453489170767     
   7.1890000000000001       0.65197354859008327     
   7.1955000000000000       0.65192843969436687     
   7.2020000000000000       0.65205316018675041     
   7.2084999999999999       0.65188528421017489     
   7.2149999999999999       0.65221741199966610     
   7.2214999999999998       0.65216586710625735     
   7.2280000000000006       0.65208302697007969     
   7.2344999999999997       0.65210523677421739     
   7.2409999999999997       0.65245393407394647     
   7.2475000000000005       0.65252275264141890     
   7.2540000000000004       0.65231914146804237     
   7.2604999999999995       0.65227157190472762     
   7.2670000000000003       0.65239150052546213     
   7.2735000000000003       0.65251535523182513     
   7.2800000000000002       0.65298188843894633     
   7.2864999999999993       0.65318330888135656     
   7.2930000000000001       0.65291984276597981     
   7.2995000000000001       0.65296515338379546     
   7.3060000000000000       0.65281852250318495     
   7.3125000000000000       0.65279960835693129     
   7.3190000000000000       0.65306654635270567     
   7.3254999999999999       0.65303142331740760     
   7.3320000000000007       0.65296247255256468     
   7.3384999999999998       0.65314171360638718     
   7.3449999999999998       0.65320725465511076     
   7.3514999999999997       0.65316273611063491     
   7.3580000000000005       0.65298996704284029     
   7.3644999999999996       0.65289395070931877     
   7.3709999999999996       0.65305055476973861     
   7.3775000000000004       0.65303231577657317     
   7.3840000000000003       0.65274411053831782     
   7.3904999999999994       0.65285360740419029     
   7.3970000000000002       0.65299528887908120     
   7.4035000000000002       0.65323597907536790     
   7.4100000000000001       0.65330819794384221     
   7.4164999999999992       0.65322665612709030     
   7.4230000000000000       0.65349600882386527     
   7.4295000000000000       0.65366857293260439     
   7.4359999999999999       0.65387118393444310     
   7.4424999999999999       0.65405366050383484     
   7.4489999999999998       0.65413630353751662     
   7.4554999999999998       0.65443475665702777     
   7.4620000000000006       0.65440300687726649     
   7.4684999999999997       0.65469336192589855     
   7.4749999999999996       0.65447522404635150     
   7.4814999999999996       0.65431215691627798     
   7.4880000000000004       0.65398502975304762     
   7.4945000000000004       0.65374513917155774     
   7.5009999999999994       0.65363452372108399     
   7.5075000000000003       0.65345926619839600     
   7.5140000000000002       0.65358765458522528     
   7.5205000000000002       0.65354723752635280     
   7.5270000000000001       0.65333178971670280     
   7.5335000000000001       0.65337281016396320     
   7.5400000000000000       0.65370857231783186     
   7.5465000000000000       0.65394285979343103     
   7.5529999999999999       0.65382440236334527     
   7.5594999999999999       0.65428027227074825     
   7.5659999999999998       0.65403786722052459     
   7.5725000000000007       0.65412063840970935     
   7.5789999999999997       0.65413718450066660     
   7.5854999999999997       0.65400432796011077     
   7.5920000000000005       0.65406190495941052     
   7.5985000000000005       0.65404956474484388     
   7.6049999999999995       0.65442156259669748     
   7.6114999999999995       0.65429071223065405     
   7.6180000000000003       0.65403916715473787     
   7.6245000000000003       0.65401934802580286     
   7.6309999999999993       0.65422984661698014     
   7.6375000000000002       0.65436959642804327     
   7.6440000000000001       0.65450105225157140     
   7.6505000000000001       0.65441361508672113     
   7.6570000000000000       0.65431543616518595     
   7.6635000000000000       0.65406688825741521     
   7.6699999999999999       0.65399209613690756     
   7.6764999999999999       0.65363961528956249     
   7.6829999999999998       0.65393056506676617     
   7.6894999999999998       0.65377330661780397     
   7.6959999999999997       0.65362964537687274     
   7.7025000000000006       0.65397493472011059     
   7.7089999999999996       0.65390852543429157     
   7.7154999999999996       0.65397098552149990     
   7.7220000000000004       0.65414304701227455     
   7.7285000000000004       0.65418589994145937     
   7.7349999999999994       0.65451583834078841     
   7.7414999999999994       0.65465447278077227     
   7.7480000000000002       0.65501836635050026     
   7.7545000000000002       0.65493915447022888     
   7.7609999999999992       0.65456770298593514     
   7.7675000000000001       0.65453835595517929     
   7.7740000000000000       0.65452955995847217     
   7.7805000000000000       0.65489952209621549     
   7.7870000000000008       0.65492824787653570     
   7.7934999999999999       0.65501990506893393     
   7.7999999999999998       0.65508255887958089     
   7.8064999999999998       0.65507419553633306     
   7.8130000000000006       0.65515937752456921     
   7.8194999999999997       0.65543742093445845     
   7.8259999999999996       0.65534320490770026     
   7.8325000000000005       0.65551419423433066     
   7.8390000000000004       0.65526025804144750     
   7.8454999999999995       0.65525563668331488     
   7.8520000000000003       0.65540842750726402     
   7.8585000000000003       0.65566396194269960     
   7.8650000000000002       0.65581285014515101     
   7.8714999999999993       0.65587218403847825     
   7.8780000000000001       0.65611825219856001     
   7.8845000000000001       0.65598416344559130     
   7.8910000000000000       0.65600309252241440     
   7.8975000000000000       0.65600377020453959     
   7.9039999999999999       0.65563997538075136     
   7.9104999999999999       0.65549387314074414     
   7.9170000000000007       0.65498528135121059     
   7.9234999999999998       0.65511616439045817     
   7.9299999999999997       0.65493369032209714     
   7.9364999999999997       0.65469417810017871     
   7.9430000000000005       0.65473377557869650     
   7.9494999999999996       0.65466365367335222     
   7.9559999999999995       0.65490384224659293     
   7.9625000000000004       0.65466762387967825     
   7.9690000000000003       0.65470128340782896     
   7.9754999999999994       0.65481942647319080     
   7.9820000000000002       0.65447065586109954     
   7.9885000000000002       0.65443035614052081     
