   0.0000000000000000       0.99999999999990574     
   8.9999999999999993E-003  0.98376226247609910     
   1.7999999999999999E-002  0.99954985572796196     
   2.6999999999999993E-002  0.99937433161411804     
   3.5999999999999997E-002  0.99903368635786938     
   4.4999999999999998E-002  0.99894714338559698     
   5.3999999999999986E-002  0.99882904859398913     
   6.2999999999999987E-002  0.99877128150364292     
   7.1999999999999995E-002  0.99855096763392015     
   8.0999999999999989E-002  0.99840205041956831     
   8.9999999999999997E-002  0.99808457160017139     
   9.8999999999999991E-002  0.99773646230603219     
  0.10799999999999997       0.99751786987113855     
  0.11699999999999999       0.99703331071069812     
  0.12599999999999997       0.99661907235053904     
  0.13499999999999998       0.99641639591505049     
  0.14399999999999999       0.99634565053417345     
  0.15299999999999997       0.99597061350368610     
  0.16199999999999998       0.99562526648542859     
  0.17099999999999999       0.99524478110146963     
  0.17999999999999999       0.99448465345624204     
  0.18899999999999997       0.99379600325011574     
  0.19799999999999998       0.99368443764618986     
  0.20699999999999996       0.99313716507954730     
  0.21599999999999994       0.99299612116570612     
  0.22499999999999998       0.99279557880684366     
  0.23399999999999999       0.99257447690713774     
  0.24299999999999997       0.99193118655121881     
  0.25199999999999995       0.99119769260664237     
  0.26099999999999995       0.99080959199562324     
  0.26999999999999996       0.99034834281202222     
  0.27899999999999997       0.98990555783412337     
  0.28799999999999998       0.98982500404934270     
  0.29699999999999993       0.98926386807485167     
  0.30599999999999994       0.98914968039364926     
  0.31500000000000000       0.98870979873825593     
  0.32399999999999995       0.98800833659351861     
  0.33299999999999996       0.98767438738768532     
  0.34199999999999997       0.98714764576921910     
  0.35099999999999992       0.98635798110924011     
  0.35999999999999999       0.98602163638192930     
  0.36899999999999994       0.98544916375890190     
  0.37799999999999995       0.98529467689087102     
  0.38699999999999996       0.98452011009573259     
  0.39599999999999996       0.98347172854703091     
  0.40499999999999992       0.98301538106024544     
  0.41399999999999992       0.98217782294337930     
  0.42299999999999993       0.98138743066927425     
  0.43199999999999988       0.98097354588877150     
  0.44100000000000000       0.98018271752787733     
  0.44999999999999996       0.97967339165337630     
  0.45899999999999996       0.97888485983934459     
  0.46799999999999997       0.97800148335946702     
  0.47699999999999992       0.97713930738987831     
  0.48599999999999993       0.97601581209352495     
  0.49499999999999994       0.97459871631153117     
  0.50399999999999989       0.97396327712454600     
  0.51299999999999990       0.97339369832424516     
  0.52199999999999991       0.97272663437878826     
  0.53099999999999992       0.97253744332684589     
  0.53999999999999992       0.97212798663662081     
  0.54899999999999993       0.97109412381448468     
  0.55799999999999994       0.97005311121364335     
  0.56699999999999995       0.97050697479409842     
  0.57599999999999996       0.97014677782184944     
  0.58499999999999996       0.96923365428661590     
  0.59399999999999986       0.96926533217902833     
  0.60299999999999987       0.96825030399281053     
  0.61199999999999988       0.96652321373211969     
  0.62099999999999989       0.96619683091175024     
  0.63000000000000000       0.96623063688973954     
  0.63899999999999990       0.96567637389965066     
  0.64799999999999991       0.96525823550453449     
  0.65699999999999992       0.96407851281166346     
  0.66599999999999993       0.96298465149117729     
  0.67499999999999993       0.96206852326628101     
  0.68399999999999994       0.96202507485447442     
  0.69299999999999984       0.96193140754954698     
  0.70199999999999985       0.96139941448667954     
  0.71099999999999985       0.96039215682148193     
  0.71999999999999997       0.96095086180783063     
  0.72899999999999998       0.96020215048928448     
  0.73799999999999988       0.95865886803631295     
  0.74699999999999989       0.95776992928298388     
  0.75599999999999989       0.95731006536855323     
  0.76499999999999990       0.95536434748041754     
  0.77399999999999991       0.95464708325543413     
  0.78299999999999992       0.95388184476138604     
  0.79199999999999993       0.95372822217288367     
  0.80099999999999982       0.95255527794563744     
  0.80999999999999983       0.95153016704096338     
  0.81899999999999984       0.95102636757279935     
  0.82799999999999985       0.95136730785147106     
  0.83699999999999986       0.95059839013199066     
  0.84599999999999986       0.94898286233056084     
  0.85499999999999987       0.94903708537962272     
  0.86399999999999977       0.94826186056259987     
  0.87300000000000000       0.94747127433136491     
  0.88200000000000001       0.94648237892322029     
  0.89099999999999990       0.94613198882293870     
  0.89999999999999991       0.94431296024552125     
  0.90899999999999992       0.94357639350610545     
  0.91799999999999993       0.94238665764096707     
  0.92699999999999994       0.94213403905663673     
  0.93599999999999994       0.94022999323399359     
  0.94499999999999984       0.93805395011774673     
  0.95399999999999985       0.93715620782055886     
  0.96299999999999986       0.93603130377954968     
  0.97199999999999986       0.93432924776179815     
  0.98099999999999987       0.93275300285867513     
  0.98999999999999988       0.93186092618864980     
  0.99899999999999989       0.93091936605130710     
   1.0079999999999998       0.93054120794664974     
   1.0169999999999999       0.92971152010799507     
   1.0259999999999998       0.92819848622338896     
   1.0349999999999997       0.92756693938233525     
   1.0439999999999998       0.92635864040183724     
   1.0529999999999997       0.92556026051243412     
   1.0619999999999998       0.92361970449027297     
   1.0710000000000000       0.92212149928571574     
   1.0799999999999998       0.92098971794211193     
   1.0890000000000000       0.91880308377233866     
   1.0979999999999999       0.91791897846986381     
   1.1070000000000000       0.91641323752783599     
   1.1159999999999999       0.91611593852273454     
   1.1249999999999998       0.91517757863392113     
   1.1339999999999999       0.91441083918098165     
   1.1429999999999998       0.91409841944403281     
   1.1519999999999999       0.91335731166395850     
   1.1609999999999998       0.91210518657026474     
   1.1699999999999999       0.91097299932091513     
   1.1789999999999998       0.91081005880771571     
   1.1879999999999997       0.91000622241446560     
   1.1969999999999998       0.90922245564330761     
   1.2059999999999997       0.90869862909774024     
   1.2149999999999999       0.90901732138351454     
   1.2239999999999998       0.90780913768107008     
   1.2329999999999999       0.90638633438180216     
   1.2419999999999998       0.90471841940877151     
   1.2509999999999999       0.90442645424156720     
   1.2600000000000000       0.90397376542343522     
   1.2689999999999999       0.90279772407605707     
   1.2779999999999998       0.90158031774351277     
   1.2869999999999999       0.90016712581491132     
   1.2959999999999998       0.90035998574883847     
   1.3049999999999999       0.90022241476589870     
   1.3139999999999998       0.89869516551061268     
   1.3230000000000000       0.89766283429510851     
   1.3319999999999999       0.89584865189359275     
   1.3409999999999997       0.89483376833826278     
   1.3499999999999999       0.89363050963979618     
   1.3589999999999998       0.89293556765679138     
   1.3679999999999999       0.89236062235557356     
   1.3769999999999998       0.89161937422206039     
   1.3859999999999997       0.88942974677525177     
   1.3949999999999998       0.88963930225747145     
   1.4039999999999997       0.88703343927810296     
   1.4129999999999998       0.88666452474420310     
   1.4219999999999997       0.88451852135845288     
   1.4309999999999998       0.88366101266841457     
   1.4399999999999999       0.88296872244366531     
   1.4489999999999998       0.88225386103733971     
   1.4580000000000000       0.88046947020484123     
   1.4669999999999999       0.87857645617674185     
   1.4759999999999998       0.87832526459844018     
   1.4849999999999999       0.87783144681427061     
   1.4939999999999998       0.87719254289526927     
   1.5029999999999999       0.87625567410963989     
   1.5119999999999998       0.87626211248861263     
   1.5209999999999999       0.87630774782480170     
   1.5299999999999998       0.87522427822629301     
   1.5389999999999997       0.87261527087480617     
   1.5479999999999998       0.87392454326291313     
   1.5569999999999997       0.87259522470274198     
   1.5659999999999998       0.87058163875710970     
   1.5749999999999997       0.86925382099747195     
   1.5839999999999999       0.86606302890894826     
   1.5929999999999997       0.86532703213792239     
   1.6019999999999996       0.86406281272446206     
   1.6109999999999998       0.86168817154833144     
   1.6199999999999997       0.86225498671054834     
   1.6289999999999998       0.86055980661122577     
   1.6379999999999997       0.85989150762808009     
   1.6469999999999998       0.85920840266029941     
   1.6559999999999997       0.85940370593729887     
   1.6649999999999996       0.85874862406417363     
   1.6739999999999997       0.85755118915370132     
   1.6829999999999996       0.85624907744582524     
   1.6919999999999997       0.85456309228110372     
   1.7009999999999996       0.85221098630262426     
   1.7099999999999997       0.84884838297821263     
   1.7189999999999996       0.84790092616070545     
   1.7279999999999995       0.84798193989505877     
   1.7369999999999999       0.84673475857964531     
   1.7460000000000000       0.84695135817626266     
   1.7549999999999999       0.84660604289875885     
   1.7640000000000000       0.84462171183276369     
   1.7729999999999999       0.84207387122359167     
   1.7819999999999998       0.84192769126797340     
   1.7909999999999999       0.84017694780778451     
   1.7999999999999998       0.83844291337649168     
   1.8089999999999999       0.83815094529633560     
   1.8179999999999998       0.83685617797696443     
   1.8269999999999997       0.83552091307850496     
   1.8359999999999999       0.83434602143658898     
   1.8449999999999998       0.83300866172060262     
   1.8539999999999999       0.83295496076940190     
   1.8629999999999998       0.83234412236065181     
   1.8719999999999999       0.83134719171263316     
   1.8809999999999998       0.82994956767696737     
   1.8899999999999997       0.82956323510355590     
   1.8989999999999998       0.82891450097686303     
   1.9079999999999997       0.82663223027151855     
   1.9169999999999998       0.82647213814929321     
   1.9259999999999997       0.82555780337270013     
   1.9349999999999998       0.82418311218785278     
   1.9439999999999997       0.82344310557173184     
   1.9529999999999996       0.82283801829175396     
   1.9619999999999997       0.82105081640326505     
   1.9709999999999996       0.81866315952790392     
   1.9799999999999998       0.81666721355017990     
   1.9889999999999997       0.81736018557604073     
   1.9979999999999998       0.81603025520668937     
   2.0069999999999997       0.81601782383691790     
   2.0159999999999996       0.81348936849868514     
   2.0249999999999995       0.81383786434606220     
   2.0339999999999998       0.81330983588358374     
   2.0429999999999997       0.81030321571175534     
   2.0519999999999996       0.80912683035406308     
   2.0609999999999995       0.80786745811149907     
   2.0699999999999994       0.80604493952401546     
   2.0789999999999997       0.80639457966098427     
   2.0879999999999996       0.80622394198635861     
   2.0969999999999995       0.80719079020934803     
   2.1059999999999994       0.80454040175286212     
   2.1149999999999998       0.80379317134383232     
   2.1239999999999997       0.80108525747528747     
   2.1330000000000000       0.79966577698244246     
   2.1419999999999999       0.79768600329191208     
   2.1509999999999998       0.79583404480784126     
   2.1599999999999997       0.79554315655683272     
   2.1690000000000000       0.79496918650410875     
   2.1779999999999999       0.79391860708882833     
   2.1869999999999998       0.79370199365549032     
   2.1959999999999997       0.79169165413423603     
   2.2049999999999996       0.79181150890394725     
   2.2140000000000000       0.79052947198642753     
   2.2229999999999999       0.79080172249108316     
   2.2319999999999998       0.78991554789742480     
   2.2409999999999997       0.78954046543418122     
   2.2499999999999996       0.78698432949808828     
   2.2589999999999999       0.78451231060346327     
   2.2679999999999998       0.78306406205175483     
   2.2769999999999997       0.78277828705340458     
   2.2859999999999996       0.78148601113729288     
   2.2949999999999999       0.78022276296765047     
   2.3039999999999998       0.78059809627549148     
   2.3129999999999997       0.77932035156177837     
   2.3219999999999996       0.77799117389389805     
   2.3309999999999995       0.77719623614919220     
   2.3399999999999999       0.77519004773005329     
   2.3489999999999998       0.77563546592057619     
   2.3579999999999997       0.77565420031566135     
   2.3669999999999995       0.77679518511612744     
   2.3759999999999994       0.77347957174280979     
   2.3849999999999998       0.77226221367432712     
   2.3939999999999997       0.77311749344863767     
   2.4029999999999996       0.77341838153812348     
   2.4119999999999995       0.77247880483366138     
   2.4209999999999994       0.77076608992147100     
   2.4299999999999997       0.76908166076724582     
   2.4389999999999996       0.76759924604754304     
   2.4479999999999995       0.76892140209032833     
   2.4569999999999994       0.76790695919341467     
   2.4659999999999997       0.76568852533068066     
   2.4749999999999996       0.76433709225477231     
   2.4839999999999995       0.76382934867253149     
   2.4929999999999994       0.76341410458737480     
   2.5019999999999998       0.76410306355542823     
   2.5109999999999997       0.76384407866036430     
   2.5200000000000000       0.76300025904210145     
   2.5289999999999999       0.76264302231526582     
   2.5379999999999998       0.76229861880280370     
   2.5469999999999997       0.75948026171651328     
   2.5559999999999996       0.75983772798418703     
   2.5649999999999999       0.75875206627154290     
   2.5739999999999998       0.75705593518088965     
   2.5829999999999997       0.75644303928326329     
   2.5919999999999996       0.75411716715655386     
   2.6009999999999995       0.75445569142599767     
   2.6099999999999999       0.75538544331602242     
   2.6189999999999998       0.75375253892585570     
   2.6279999999999997       0.75308109065388995     
   2.6369999999999996       0.75020841767186952     
   2.6459999999999999       0.74971205720772216     
   2.6549999999999998       0.75105881366949900     
   2.6639999999999997       0.75233361731941184     
   2.6729999999999996       0.74921891108057714     
   2.6819999999999995       0.74621286576117551     
   2.6909999999999998       0.74415775489123548     
   2.6999999999999997       0.74187348757822158     
   2.7089999999999996       0.74307433153318858     
   2.7179999999999995       0.74425942476201512     
   2.7269999999999994       0.74116462790546955     
   2.7359999999999998       0.74122712335224128     
   2.7449999999999997       0.74247331777558212     
   2.7539999999999996       0.73870802755290443     
   2.7629999999999995       0.73837766658341530     
   2.7719999999999994       0.73840677103799524     
   2.7809999999999997       0.73731684612643833     
   2.7899999999999996       0.73541576897069161     
   2.7989999999999995       0.73332374195850614     
   2.8079999999999994       0.73110192817707131     
   2.8169999999999997       0.73061937416372114     
   2.8259999999999996       0.73091436500861517     
   2.8349999999999995       0.72804207037386570     
   2.8439999999999994       0.72932842004333198     
   2.8529999999999993       0.72870113123752367     
   2.8619999999999997       0.72831388662346241     
   2.8709999999999996       0.72699417123840870     
   2.8799999999999999       0.72744875208942616     
   2.8889999999999998       0.72607307978587987     
   2.8979999999999997       0.72717236326122903     
   2.9069999999999996       0.72458964702107298     
   2.9159999999999999       0.72167378714817287     
   2.9249999999999994       0.72012300351551251     
   2.9339999999999997       0.71731089431154227     
   2.9429999999999996       0.71502693312599297     
   2.9519999999999995       0.71681516479233109     
   2.9609999999999994       0.71687858834010920     
   2.9699999999999998       0.71419048673855412     
   2.9789999999999992       0.71355304649550422     
   2.9879999999999995       0.71191825795753350     
   2.9969999999999994       0.70976279812126131     
   3.0059999999999998       0.70671795611182353     
   3.0149999999999992       0.70538729343499418     
   3.0239999999999996       0.70693110947816862     
   3.0329999999999995       0.70711924709707419     
   3.0419999999999998       0.70431619369179121     
   3.0509999999999993       0.70343524278123382     
   3.0599999999999996       0.70068000717830170     
   3.0689999999999995       0.69914235032939387     
   3.0779999999999994       0.69797855332027725     
   3.0869999999999997       0.69781337623915562     
   3.0959999999999996       0.69656584592679494     
   3.1050000000000000       0.69526774900436361     
   3.1139999999999994       0.69595893105207218     
   3.1229999999999998       0.69535367330990927     
   3.1319999999999997       0.69502013859879797     
   3.1410000000000000       0.69587702808298513     
   3.1499999999999995       0.69429531717714388     
   3.1589999999999998       0.69118981739229757     
   3.1679999999999997       0.69285042172745781     
   3.1770000000000000       0.69119131695284419     
   3.1859999999999995       0.69165667570810052     
   3.1949999999999998       0.68868017354537558     
   3.2039999999999993       0.68672211334312416     
   3.2129999999999996       0.68466449839777677     
   3.2219999999999995       0.68719077198693734     
   3.2309999999999999       0.68680545484376521     
   3.2399999999999993       0.68670868875193913     
   3.2489999999999997       0.68525740784718092     
   3.2579999999999996       0.68494411133683297     
   3.2669999999999999       0.68238867795876890     
   3.2759999999999994       0.68134657631864959     
   3.2849999999999997       0.67978339833110535     
   3.2939999999999996       0.67815779558809086     
   3.3029999999999995       0.67769357806011654     
   3.3119999999999994       0.67745522578100881     
   3.3209999999999997       0.67575690741933969     
   3.3299999999999992       0.67420321375109638     
   3.3389999999999995       0.67520169655578055     
   3.3479999999999994       0.67347820540164560     
   3.3569999999999998       0.67233952232345950     
   3.3659999999999992       0.67143124272860810     
   3.3749999999999996       0.66942803012470542     
   3.3839999999999995       0.66571800071460785     
   3.3929999999999998       0.66365352509121722     
   3.4019999999999992       0.66409332691169631     
   3.4109999999999996       0.66614115288402931     
   3.4199999999999995       0.66307316202770561     
   3.4289999999999994       0.66236098517091979     
   3.4379999999999993       0.66421961707668187     
   3.4469999999999996       0.66571125289033828     
   3.4559999999999991       0.66554734856525577     
   3.4649999999999994       0.66415745718512786     
   3.4739999999999998       0.66160808878776056     
   3.4829999999999997       0.66024632509712067     
   3.4920000000000000       0.65682173192637994     
   3.5009999999999994       0.65594290905388364     
   3.5099999999999998       0.65522541344400520     
   3.5189999999999997       0.65515288858750675     
   3.5280000000000000       0.65594568427700783     
   3.5369999999999995       0.65470799535297952     
   3.5459999999999998       0.65458628713547262     
   3.5549999999999993       0.65323964321258410     
   3.5639999999999996       0.65283601874345243     
   3.5729999999999995       0.65095852847106372     
   3.5819999999999999       0.65161730987029409     
   3.5909999999999993       0.65261950537897018     
   3.5999999999999996       0.65333648793667043     
   3.6089999999999995       0.65288066970872771     
   3.6179999999999999       0.65445565636247327     
   3.6269999999999993       0.65318620051348586     
   3.6359999999999997       0.65259279137210158     
   3.6449999999999996       0.65163359836918322     
   3.6539999999999995       0.64936002160404749     
   3.6629999999999994       0.64870919154700313     
   3.6719999999999997       0.64643766074909248     
   3.6809999999999992       0.64560092138374447     
   3.6899999999999995       0.64485405199064116     
   3.6989999999999994       0.64163050480798389     
   3.7079999999999997       0.64186263049750159     
   3.7169999999999992       0.64013895787521979     
   3.7259999999999995       0.64241409225773383     
   3.7349999999999994       0.63978668795851601     
   3.7439999999999998       0.63885154413572975     
   3.7529999999999992       0.63681139046327373     
   3.7619999999999996       0.63701256122184013     
   3.7709999999999995       0.63617974208602390     
   3.7799999999999994       0.63546773185955763     
   3.7889999999999993       0.63329443299384403     
   3.7979999999999996       0.63235472120375658     
   3.8069999999999991       0.63322714756010801     
   3.8159999999999994       0.63322168740238804     
   3.8249999999999993       0.63352234399634777     
   3.8339999999999996       0.63315212492515516     
   3.8430000000000000       0.63289389998999401     
   3.8519999999999994       0.63175569115543118     
   3.8609999999999998       0.63000656593915272     
   3.8699999999999997       0.63033181766784629     
   3.8790000000000000       0.62959777784861015     
   3.8879999999999995       0.62782904359099612     
   3.8969999999999998       0.62749618169808241     
   3.9059999999999993       0.62914029828550044     
   3.9149999999999996       0.62801630473481451     
   3.9239999999999995       0.62817953486740641     
   3.9329999999999998       0.62761470723327684     
   3.9419999999999993       0.62542214418377651     
   3.9509999999999996       0.62437807815803104     
   3.9599999999999995       0.62479989528155189     
   3.9689999999999999       0.62318923137518900     
   3.9779999999999993       0.62404371006667114     
   3.9869999999999997       0.62588445904411505     
   3.9959999999999996       0.62435937697689259     
   4.0049999999999999       0.62222193992778985     
   4.0139999999999993       0.62171423919598656     
   4.0229999999999997       0.62250099403606940     
   4.0319999999999991       0.62326434041069978     
   4.0409999999999995       0.62289303973569743     
   4.0499999999999989       0.61968039401692687     
   4.0589999999999993       0.61977277183963408     
   4.0679999999999996       0.61905487651542646     
   4.0770000000000000       0.62095805537112081     
   4.0859999999999994       0.61994155910107640     
   4.0949999999999998       0.62005372394768565     
   4.1039999999999992       0.61813242375904576     
   4.1129999999999995       0.61834848295605094     
   4.1219999999999990       0.61794183958263971     
   4.1309999999999993       0.62002758725301477     
   4.1399999999999988       0.61852788100086464     
   4.1489999999999991       0.61869755717795161     
   4.1579999999999995       0.61841858075650313     
   4.1669999999999998       0.61798684965095341     
   4.1759999999999993       0.61902897779435373     
   4.1849999999999996       0.61912528207053896     
   4.1939999999999991       0.61906588121130812     
   4.2029999999999994       0.61799749003429361     
   4.2119999999999989       0.61970721533876083     
   4.2209999999999992       0.62015429900537156     
   4.2299999999999995       0.61902863782611806     
   4.2389999999999999       0.61858383191668964     
   4.2479999999999993       0.61862231111483768     
   4.2569999999999997       0.61752361948541457     
   4.2660000000000000       0.61779721313919922     
   4.2749999999999995       0.61729627577040702     
   4.2839999999999998       0.61477467274916342     
   4.2929999999999993       0.61396053958983865     
   4.3019999999999996       0.61364439596052289     
   4.3109999999999991       0.61517208701954562     
   4.3199999999999994       0.61501837561382056     
   4.3289999999999997       0.61463007041754081     
   4.3380000000000001       0.61354145915670211     
   4.3469999999999995       0.61199191703422029     
   4.3559999999999999       0.61292290102897695     
   4.3649999999999993       0.61402399874309210     
   4.3739999999999997       0.61480408017069510     
   4.3829999999999991       0.61467084763209701     
   4.3919999999999995       0.61212094439822717     
   4.4009999999999989       0.61272673671841904     
   4.4099999999999993       0.61149222855279495     
   4.4189999999999996       0.60967118682928334     
   4.4279999999999999       0.60986712612241001     
   4.4369999999999994       0.60995199432586711     
   4.4459999999999997       0.61124184485856470     
   4.4549999999999992       0.60948752490413416     
   4.4639999999999995       0.61109102037792606     
   4.4729999999999990       0.61003163951464945     
   4.4819999999999993       0.60903048700058360     
   4.4909999999999988       0.60956565186460110     
   4.4999999999999991       0.60951140008224047     
   4.5089999999999995       0.60990890129733266     
   4.5179999999999998       0.60803448172405705     
   4.5269999999999992       0.60662422934131710     
   4.5359999999999996       0.60456069890124819     
   4.5449999999999990       0.60293169614556663     
   4.5539999999999994       0.60246900135912551     
   4.5629999999999988       0.59941531564505512     
   4.5719999999999992       0.59725301649500528     
   4.5809999999999995       0.59590229947353102     
   4.5899999999999999       0.59452178307623527     
   4.5989999999999993       0.59226823219968461     
   4.6079999999999997       0.59237278726152132     
   4.6170000000000000       0.59115549469062167     
   4.6259999999999994       0.58902552327129831     
   4.6349999999999998       0.58951209836244756     
   4.6439999999999992       0.59121977065844700     
   4.6529999999999996       0.58931280806197850     
   4.6619999999999990       0.59189034010922281     
   4.6709999999999994       0.59297198468980383     
   4.6799999999999997       0.59129331339522573     
   4.6890000000000001       0.59081033952836770     
   4.6979999999999995       0.59022494455067231     
   4.7069999999999999       0.58930674643276271     
   4.7159999999999993       0.58712950525758223     
   4.7249999999999996       0.58537654953265961     
   4.7339999999999991       0.58465670387957525     
   4.7429999999999994       0.58554647413762484     
   4.7519999999999989       0.58457378814113270     
   4.7609999999999992       0.58309597203105545     
   4.7699999999999996       0.58088717429687242     
   4.7789999999999999       0.57969860908610915     
   4.7879999999999994       0.57964040421202456     
   4.7969999999999997       0.57827557435904553     
   4.8059999999999992       0.57641924918774490     
   4.8149999999999995       0.57471980995192573     
   4.8239999999999990       0.57398755350442343     
   4.8329999999999993       0.57118667519943855     
   4.8419999999999987       0.56891036247361992     
   4.8509999999999991       0.56895968468183145     
   4.8599999999999994       0.56919090079552681     
   4.8689999999999998       0.56928840577780560     
   4.8779999999999992       0.56971104957563057     
   4.8869999999999996       0.56953116378156843     
   4.8959999999999990       0.57024645533081808     
   4.9049999999999994       0.56724276989264333     
   4.9139999999999988       0.56925831721915954     
   4.9229999999999992       0.56695331102363788     
   4.9319999999999995       0.56668447471569716     
   4.9409999999999998       0.56558285163336119     
   4.9499999999999993       0.56725539444292084     
   4.9589999999999996       0.56583964138353016     
   4.9679999999999991       0.56506214259451248     
   4.9769999999999994       0.56154731202843011     
   4.9859999999999989       0.56147609736103732     
   4.9949999999999992       0.55990359578087501     
   5.0039999999999996       0.56077231085893697     
   5.0129999999999990       0.56194286866668652     
   5.0219999999999994       0.55990466893794877     
   5.0309999999999997       0.55990930971821651     
   5.0400000000000000       0.56002226479790274     
   5.0489999999999995       0.55731883462840415     
   5.0579999999999998       0.55606281754522724     
   5.0669999999999993       0.55389659148852322     
   5.0759999999999996       0.55294552235948446     
   5.0849999999999991       0.55321958658031511     
   5.0939999999999994       0.55130347045183592     
   5.1029999999999989       0.55220963987778338     
   5.1119999999999992       0.55127944623932967     
   5.1209999999999996       0.55190865469323913     
   5.1299999999999999       0.54813412367191061     
   5.1389999999999993       0.55047925887691740     
   5.1479999999999997       0.55110504847080188     
   5.1569999999999991       0.54843896602048048     
   5.1659999999999995       0.54885260130079205     
   5.1749999999999989       0.55118695933448514     
   5.1839999999999993       0.55245984151184080     
   5.1929999999999987       0.55129726938720847     
   5.2019999999999991       0.55159577486529066     
   5.2109999999999994       0.55077935121528110     
   5.2199999999999998       0.55277279471563068     
   5.2289999999999992       0.55081466048556094     
   5.2379999999999995       0.54994828756215486     
   5.2469999999999990       0.55123673170194432     
   5.2559999999999993       0.55049110581694394     
   5.2649999999999988       0.55201702945220921     
   5.2739999999999991       0.55133813888393590     
   5.2829999999999995       0.55020290900015567     
   5.2919999999999998       0.54967022472409544     
   5.3009999999999993       0.55097611357204934     
   5.3099999999999996       0.55047424068856055     
   5.3189999999999991       0.55082937247779795     
   5.3279999999999994       0.55053796468111882     
   5.3369999999999989       0.54915804213183739     
   5.3459999999999992       0.54996293993025380     
   5.3549999999999986       0.54789134575788911     
   5.3639999999999990       0.54594471780764331     
   5.3729999999999993       0.54558123041684181     
   5.3819999999999997       0.54509610162823452     
   5.3910000000000000       0.54466961726160035     
   5.3999999999999995       0.54518450103175675     
   5.4089999999999998       0.54428476254425995     
   5.4179999999999993       0.54489132119019335     
   5.4269999999999996       0.54426013695523578     
   5.4359999999999991       0.54393885851205226     
   5.4449999999999994       0.54080949568342618     
   5.4539999999999988       0.53922763092349102     
   5.4629999999999992       0.53898122431794826     
   5.4719999999999995       0.53417594148451852     
   5.4809999999999999       0.53296602582324271     
   5.4899999999999993       0.53444076991733569     
   5.4989999999999997       0.53485005701894872     
   5.5079999999999991       0.53434461071726413     
   5.5169999999999995       0.53537980024125742     
   5.5259999999999989       0.53374684796966554     
   5.5349999999999993       0.53330583148107058     
   5.5439999999999987       0.53298341899091461     
   5.5529999999999990       0.53435168657829102     
   5.5619999999999994       0.53362972958992783     
   5.5709999999999997       0.53364744461247615     
   5.5799999999999992       0.53197301749841153     
   5.5889999999999995       0.53118135410959355     
   5.5979999999999990       0.52948405536758580     
   5.6069999999999993       0.52986362976250256     
   5.6159999999999988       0.52894144061096737     
   5.6249999999999991       0.52840069517382704     
   5.6339999999999995       0.52947207263559559     
   5.6429999999999998       0.53004596834089857     
   5.6519999999999992       0.53116750605924345     
   5.6609999999999996       0.53009300811446147     
   5.6699999999999990       0.53035349759334094     
   5.6789999999999994       0.52810770430819365     
   5.6879999999999988       0.52859896858369393     
   5.6969999999999992       0.52952171100686107     
   5.7059999999999986       0.52903530141623623     
   5.7149999999999990       0.53021527504107735     
   5.7239999999999993       0.52923601309102253     
   5.7329999999999997       0.52995674285677796     
   5.7419999999999991       0.52972855550947506     
   5.7509999999999994       0.52884913515745124     
   5.7599999999999998       0.52858445209318794     
   5.7689999999999992       0.52694179708916788     
   5.7779999999999996       0.52528694981762925     
   5.7869999999999990       0.52706221720927238     
   5.7959999999999994       0.52740805375129207     
   5.8049999999999988       0.52673852308212099     
   5.8139999999999992       0.52699818802351628     
   5.8229999999999995       0.52530447528633573     
   5.8319999999999999       0.52637409931004997     
   5.8410000000000002       0.52327373000592070     
   5.8499999999999988       0.52292032599541161     
   5.8589999999999991       0.52176656164116086     
   5.8679999999999994       0.52080134886317508     
   5.8769999999999998       0.52246387262399940     
   5.8859999999999992       0.52070483544337809     
   5.8949999999999987       0.52162566740948468     
   5.9039999999999990       0.52201233874537489     
   5.9129999999999994       0.52163999585129717     
   5.9219999999999988       0.52294015149279693     
   5.9309999999999992       0.52429729609926889     
   5.9399999999999995       0.52443964740677107     
   5.9489999999999998       0.52362477584253475     
   5.9579999999999984       0.52248169432677771     
   5.9669999999999987       0.52041108043914674     
   5.9759999999999991       0.52067440337425774     
   5.9849999999999994       0.51934507309339706     
   5.9939999999999989       0.51712391537995128     
   6.0029999999999992       0.51616197720862345     
   6.0119999999999996       0.51667637628252505     
   6.0209999999999999       0.51606878797208589     
   6.0299999999999985       0.51300016234161983     
   6.0389999999999988       0.51203499646258144     
   6.0479999999999992       0.51006850843219598     
   6.0569999999999995       0.50926893382585314     
   6.0659999999999989       0.51201473508499695     
   6.0749999999999993       0.51195949749771485     
   6.0839999999999996       0.51099488497990397     
   6.0930000000000000       0.51166088400130394     
   6.1019999999999985       0.51273028179355218     
   6.1109999999999989       0.51280125411557864     
   6.1199999999999992       0.51056600573046662     
   6.1289999999999996       0.51366214215229622     
   6.1379999999999990       0.51365806526587743     
   6.1469999999999985       0.51364254952557331     
   6.1559999999999988       0.51208274192545655     
   6.1649999999999991       0.51338591722907911     
   6.1739999999999995       0.51229028486221317     
   6.1829999999999989       0.51181872596389977     
   6.1919999999999993       0.51166048884577942     
   6.2009999999999996       0.51163784497020570     
   6.2100000000000000       0.51078561270339251     
   6.2189999999999985       0.51149714859900042     
   6.2279999999999989       0.50979252543898557     
   6.2369999999999992       0.51000541468486849     
   6.2459999999999996       0.50975724695533497     
   6.2549999999999990       0.50878406143659771     
   6.2639999999999993       0.51011951248866161     
   6.2729999999999997       0.51174336556924949     
   6.2820000000000000       0.51031852869131467     
   6.2909999999999986       0.51115475827952317     
   6.2999999999999989       0.51031939695213346     
   6.3089999999999993       0.51132363952812954     
   6.3179999999999996       0.51108792626046839     
   6.3269999999999991       0.51145365891156647     
   6.3359999999999994       0.51166125578992305     
   6.3449999999999998       0.51106467785822263     
   6.3540000000000001       0.51192791458677012     
   6.3629999999999987       0.51212079546684763     
   6.3719999999999990       0.51127303019809356     
   6.3809999999999993       0.51017457519671749     
   6.3899999999999997       0.50942537770702301     
   6.3989999999999982       0.51104329222104528     
   6.4079999999999986       0.51097172098650967     
   6.4169999999999989       0.51082560948082434     
   6.4259999999999993       0.51114006579765314     
   6.4349999999999987       0.51119102689046170     
   6.4439999999999991       0.50854506972404978     
   6.4529999999999994       0.50875415606645491     
   6.4619999999999997       0.50577780893713697     
   6.4709999999999983       0.50801677664547729     
   6.4799999999999986       0.50696337441518091     
   6.4889999999999990       0.50777841491497278     
   6.4979999999999993       0.50688205190013635     
   6.5069999999999988       0.50821223429125251     
   6.5159999999999991       0.50903450412932560     
   6.5249999999999995       0.50713385450392645     
   6.5339999999999998       0.50535444669302576     
   6.5430000000000001       0.50464807649596721     
   6.5519999999999987       0.50340865699612503     
   6.5609999999999991       0.50364282826625606     
   6.5699999999999994       0.50407133469344922     
   6.5789999999999997       0.50199514018284086     
   6.5879999999999992       0.50068351791699151     
   6.5969999999999995       0.49895034694773882     
   6.6059999999999990       0.50008479329857525     
   6.6149999999999993       0.49988154665741186     
   6.6239999999999988       0.49808110800632255     
   6.6329999999999991       0.49507955941875953     
   6.6419999999999995       0.49471511892152970     
   6.6509999999999998       0.49497754344154971     
   6.6599999999999984       0.49589732160701883     
   6.6689999999999987       0.49609203051973105     
   6.6779999999999990       0.49547871736377935     
   6.6869999999999994       0.49650994853177716     
   6.6959999999999988       0.49535560024475728     
   6.7049999999999992       0.49453590850180690     
   6.7139999999999995       0.49477317469772680     
   6.7229999999999999       0.49477107733429893     
   6.7319999999999984       0.49358903862417342     
   6.7409999999999988       0.49382361593099044     
   6.7499999999999991       0.49267190109823578     
   6.7589999999999995       0.49282535553269247     
   6.7679999999999989       0.49348818321023180     
   6.7769999999999992       0.49393375779348997     
   6.7859999999999996       0.49367824133189253     
   6.7949999999999999       0.49238849981120991     
   6.8039999999999985       0.49268861618044285     
   6.8129999999999988       0.49412360025408780     
   6.8219999999999992       0.49497826963884750     
   6.8309999999999995       0.49603248511056630     
   6.8399999999999990       0.49576413191631596     
   6.8489999999999984       0.49641297395779255     
   6.8579999999999988       0.49826164808035739     
   6.8669999999999991       0.49730299409616502     
   6.8759999999999986       0.49585912839263907     
   6.8849999999999989       0.49697615470588241     
   6.8939999999999992       0.49685192486515517     
   6.9029999999999996       0.49635850291207728     
   6.9119999999999981       0.49513369784209027     
   6.9209999999999985       0.49635102373102252     
   6.9299999999999988       0.49850977610923558     
   6.9389999999999992       0.49758648753098045     
   6.9479999999999995       0.49760298544728560     
   6.9569999999999990       0.49711813582662995     
   6.9659999999999993       0.49605459915168665     
   6.9749999999999996       0.49663609578910800     
   6.9840000000000000       0.49734951608755656     
   6.9929999999999986       0.49588284028597202     
   7.0019999999999989       0.49526784259617607     
   7.0109999999999992       0.49647877999043571     
   7.0199999999999996       0.49815507458563779     
   7.0289999999999990       0.49766172276890341     
   7.0379999999999994       0.49711455247708103     
   7.0469999999999997       0.49705640969752007     
   7.0560000000000000       0.49571035102606165     
   7.0649999999999986       0.49441058661507836     
   7.0739999999999990       0.49360275051088487     
   7.0829999999999993       0.49194370443608898     
   7.0919999999999996       0.49314044778375926     
   7.1009999999999982       0.49153696296877097     
   7.1099999999999985       0.49299728768085560     
   7.1189999999999989       0.49272285165834717     
   7.1279999999999992       0.49364840412403022     
   7.1369999999999987       0.49408325775764467     
   7.1459999999999990       0.49520834366635313     
   7.1549999999999994       0.49596937500828614     
   7.1639999999999997       0.49358381456140732     
   7.1729999999999983       0.49218090619846294     
   7.1819999999999986       0.49191537906184701     
   7.1909999999999989       0.49356287878483979     
   7.1999999999999993       0.49387667841723176     
   7.2089999999999987       0.49435648437285701     
   7.2179999999999991       0.49325107173401384     
   7.2269999999999994       0.49079854440966447     
   7.2359999999999998       0.48955083028955293     
   7.2449999999999983       0.49005385357572961     
   7.2539999999999987       0.48916304900865654     
   7.2629999999999990       0.49069463823660231     
   7.2719999999999994       0.48868696416845309     
   7.2809999999999988       0.48826991496333005     
   7.2899999999999991       0.48900121489421877     
   7.2989999999999995       0.49079659604763531     
   7.3079999999999989       0.49119715930005348     
   7.3169999999999993       0.49207210324776185     
   7.3259999999999987       0.49427553027095533     
   7.3349999999999991       0.49633057542628151     
   7.3439999999999994       0.49487775262749517     
   7.3529999999999998       0.49235321278099475     
   7.3619999999999983       0.49294810752978330     
   7.3709999999999987       0.49183293875999395     
   7.3799999999999990       0.49080138214302294     
   7.3889999999999993       0.49023492555402925     
   7.3979999999999988       0.49020148077916320     
   7.4069999999999991       0.49127384778922401     
   7.4159999999999995       0.49298239040688441     
   7.4249999999999998       0.49407288522017695     
   7.4339999999999984       0.49294479603773717     
   7.4429999999999987       0.49287784167509247     
   7.4519999999999991       0.49291968102541850     
   7.4609999999999994       0.49203622413482268     
   7.4699999999999989       0.49076554122683785     
   7.4789999999999992       0.49191155983370566     
   7.4879999999999995       0.49290758472693530     
   7.4969999999999999       0.49211001962370710     
   7.5059999999999985       0.49329786406183146     
   7.5149999999999988       0.49188363594280909     
   7.5239999999999991       0.49121529735167785     
   7.5329999999999995       0.49159574054744321     
   7.5419999999999989       0.49182205233996124     
   7.5509999999999984       0.49122828232387911     
   7.5599999999999987       0.49285940045536791     
   7.5689999999999991       0.49241578332213276     
   7.5779999999999985       0.49140375198358038     
   7.5869999999999989       0.49182993869525043     
   7.5959999999999992       0.49092361506423060     
   7.6049999999999995       0.49170222156857452     
   7.6139999999999981       0.48986732714103098     
   7.6229999999999984       0.49165440379236480     
   7.6319999999999988       0.49025172145156382     
   7.6409999999999991       0.48972593066150094     
   7.6499999999999986       0.48840131998010139     
   7.6589999999999989       0.48770391489498838     
   7.6679999999999993       0.48517114469375383     
   7.6769999999999996       0.48520365834322049     
   7.6859999999999999       0.48484881089740040     
   7.6949999999999985       0.48594651432081121     
   7.7039999999999988       0.48501991861850796     
   7.7129999999999992       0.48619943010120770     
   7.7219999999999995       0.48586625951480711     
   7.7309999999999990       0.48492635683094526     
   7.7399999999999993       0.48455767350427104     
   7.7489999999999997       0.48488522570753279     
   7.7580000000000000       0.48475312894698364     
   7.7669999999999986       0.48541241827671194     
   7.7759999999999989       0.48482450482177919     
   7.7849999999999993       0.48593987811318984     
   7.7939999999999996       0.48505244863301683     
   7.8029999999999982       0.48358648293745082     
   7.8119999999999985       0.48320988540086274     
   7.8209999999999988       0.48229676946799416     
   7.8299999999999992       0.48376778883906846     
   7.8389999999999986       0.48310362847982868     
   7.8479999999999990       0.48271507054305052     
   7.8569999999999993       0.48280013720352444     
   7.8659999999999997       0.48396259271097813     
   7.8749999999999982       0.48408672131317665     
   7.8839999999999986       0.48386200372602223     
   7.8929999999999989       0.48604639111099252     
   7.9019999999999992       0.48384868091176603     
   7.9109999999999987       0.48249694550281125     
   7.9199999999999990       0.48385500085200966     
   7.9289999999999994       0.48271625185050543     
   7.9379999999999997       0.48179282036727122     
   7.9469999999999983       0.48339093363547064     
   7.9559999999999986       0.48376035709659548     
   7.9649999999999990       0.48322132646696186     
   7.9739999999999993       0.48143597734441268     
   7.9829999999999988       0.48142040043057749     
   7.9919999999999991       0.48151471984332961     
   8.0009999999999994       0.48052279286910754     
   8.0099999999999998       0.48168071179087529     
   8.0189999999999984       0.48273525913308107     
   8.0279999999999987       0.48174165683561382     
   8.0369999999999990       0.48022781996329778     
   8.0459999999999994       0.47752264234541419     
   8.0549999999999979       0.47704741824627100     
   8.0639999999999983       0.47815977553835337     
   8.0729999999999986       0.47704657482463464     
   8.0819999999999990       0.47706933625731157     
   8.0909999999999993       0.47653475561178510     
   8.0999999999999979       0.47526447946930350     
   8.1089999999999982       0.47581998096535061     
   8.1179999999999986       0.47320677063546113     
   8.1269999999999989       0.47020803051448612     
   8.1359999999999992       0.47047845734408666     
   8.1449999999999996       0.47044112665607585     
   8.1539999999999999       0.46774244525768721     
   8.1630000000000003       0.46833164389943255     
   8.1719999999999988       0.46884377303893915     
   8.1809999999999992       0.47081050311176548     
   8.1899999999999995       0.47024151789048968     
   8.1989999999999998       0.47020037704190598     
   8.2079999999999984       0.46991574307268680     
   8.2169999999999987       0.47225665210091983     
   8.2259999999999991       0.47270862207278375     
   8.2349999999999994       0.47158256605127358     
   8.2439999999999980       0.46983742657550331     
   8.2529999999999983       0.46928579109884444     
   8.2619999999999987       0.46828391482078630     
   8.2709999999999990       0.46815403311269238     
   8.2799999999999976       0.46800984615680108     
   8.2889999999999979       0.46713873247181781     
   8.2979999999999983       0.46749681436972201     
   8.3069999999999986       0.46838075584617472     
   8.3159999999999989       0.46647843531571670     
   8.3249999999999993       0.46434731603321711     
   8.3339999999999996       0.46501332143800284     
   8.3430000000000000       0.46639125238289836     
   8.3519999999999985       0.46626459303857970     
   8.3609999999999989       0.46717453010998039     
   8.3699999999999992       0.46712385341351748     
   8.3789999999999996       0.46714393625790712     
   8.3879999999999981       0.46730486708876140     
   8.3969999999999985       0.46742065630479201     
   8.4059999999999988       0.46781398536337659     
   8.4149999999999991       0.46742403079164707     
   8.4239999999999977       0.46777752543193085     
   8.4329999999999981       0.46695363264855833     
   8.4419999999999984       0.46705403735338463     
   8.4509999999999987       0.46586400541159712     
   8.4599999999999991       0.46620142534505049     
   8.4689999999999994       0.46501749098964179     
   8.4779999999999998       0.46477575156133955     
   8.4869999999999983       0.46375590657269333     
   8.4959999999999987       0.46278660365035640     
   8.5049999999999990       0.46148659876854931     
   8.5139999999999993       0.46087197041946032     
   8.5229999999999997       0.46148494075642355     
   8.5320000000000000       0.46110810016321224     
   8.5409999999999986       0.45963369376161795     
   8.5499999999999989       0.45985774348208780     
   8.5589999999999993       0.46187320722455272     
   8.5679999999999996       0.46253886167377806     
   8.5769999999999982       0.46181888201304461     
   8.5859999999999985       0.46281276298973767     
   8.5949999999999989       0.46209894129793644     
   8.6039999999999992       0.46269349829710571     
   8.6129999999999978       0.46435448683534636     
   8.6219999999999981       0.46383482606150711     
   8.6309999999999985       0.46366971362064080     
   8.6399999999999988       0.46312626813308494     
   8.6489999999999991       0.46267867614174502     
   8.6579999999999995       0.46184248945169126     
   8.6669999999999998       0.46168600411048949     
   8.6760000000000002       0.46087535293225418     
   8.6849999999999987       0.46141924954416619     
   8.6939999999999991       0.46172512600300630     
   8.7029999999999994       0.46256802142220327     
   8.7119999999999997       0.46112353092928804     
   8.7209999999999983       0.46028944660749344     
   8.7299999999999986       0.46098612202557809     
   8.7389999999999990       0.45920876869866017     
   8.7479999999999993       0.45717546983042356     
   8.7569999999999979       0.45749537453288397     
   8.7659999999999982       0.45740287233477245     
   8.7749999999999986       0.45877813321214073     
   8.7839999999999989       0.45946153403490808     
   8.7929999999999975       0.45895862750371452     
   8.8019999999999978       0.45912177626305162     
   8.8109999999999982       0.45974753127754125     
   8.8199999999999985       0.45989629941629900     
   8.8289999999999988       0.45947532942280428     
   8.8379999999999992       0.45997374264846586     
   8.8469999999999995       0.45854380664523942     
   8.8559999999999999       0.45794278104578506     
   8.8650000000000002       0.45741667561074789     
   8.8739999999999988       0.45617851004790089     
   8.8829999999999991       0.45577258583303221     
   8.8919999999999995       0.45622898275419360     
   8.9009999999999998       0.45573964426780972     
   8.9099999999999984       0.45662425489899827     
   8.9189999999999987       0.45805091640029338     
   8.9279999999999990       0.45878891248633824     
   8.9369999999999994       0.45817672789681041     
   8.9459999999999980       0.45789626366523345     
   8.9549999999999983       0.45718444629892219     
   8.9639999999999986       0.45779664284168670     
   8.9729999999999990       0.45854318399270999     
   8.9819999999999975       0.45757197469293243     
   8.9909999999999979       0.45666282142892339     
   8.9999999999999982       0.45685732541940516     
   9.0089999999999986       0.45707940040584594     
   9.0179999999999989       0.45585784832306370     
   9.0269999999999992       0.45783865902139087     
   9.0359999999999996       0.45694011371662113     
   9.0449999999999999       0.45824378931904769     
   9.0539999999999985       0.45859944283888016     
   9.0629999999999988       0.45750790433359723     
   9.0719999999999992       0.45789104117363005     
   9.0809999999999995       0.45758539639905838     
   9.0899999999999981       0.45724690380095401     
   9.0989999999999984       0.45661466381001298     
   9.1079999999999988       0.45725556260380912     
   9.1169999999999991       0.45751485294697453     
   9.1259999999999977       0.45536320192381191     
   9.1349999999999980       0.45479419957685507     
   9.1439999999999984       0.45471775148041377     
   9.1529999999999987       0.45550278082569462     
   9.1619999999999990       0.45592476220260486     
   9.1709999999999994       0.45398091593118883     
   9.1799999999999997       0.45385052712325741     
   9.1889999999999983       0.45310085792196086     
   9.1979999999999986       0.45207043906735861     
   9.2069999999999990       0.45128019195117325     
   9.2159999999999993       0.45064540237099115     
   9.2249999999999996       0.45169128946897241     
   9.2340000000000000       0.45147310396997586     
   9.2429999999999986       0.45051926433031003     
   9.2519999999999989       0.45071273432315756     
   9.2609999999999992       0.45053848377569528     
   9.2699999999999996       0.44944987806501091     
   9.2789999999999981       0.44759263940464972     
   9.2879999999999985       0.45033662240926614     
   9.2969999999999988       0.45065066394791348     
   9.3059999999999992       0.45319867748104053     
   9.3149999999999977       0.45348737588144467     
   9.3239999999999981       0.45424916486341754     
   9.3329999999999984       0.45399800447556132     
   9.3419999999999987       0.45373067356956348     
   9.3509999999999991       0.45424558790926317     
   9.3599999999999994       0.45437979815473895     
   9.3689999999999998       0.45375683460866501     
   9.3780000000000001       0.45650098155199764     
   9.3869999999999987       0.45753356787474125     
   9.3959999999999990       0.45719838892927411     
   9.4049999999999994       0.45764234878124482     
   9.4139999999999997       0.45659901452033924     
   9.4229999999999983       0.45632616300865136     
   9.4319999999999986       0.45697126148246436     
   9.4409999999999989       0.45782682617716425     
   9.4499999999999993       0.45632579607346940     
   9.4589999999999979       0.45748239918789740     
   9.4679999999999982       0.45770635655898900     
   9.4769999999999985       0.45870233834750296     
   9.4859999999999989       0.45898578316879479     
   9.4949999999999974       0.45747498858836749     
   9.5039999999999978       0.45603791675100436     
   9.5129999999999981       0.45475881345727698     
   9.5219999999999985       0.45696647690321041     
   9.5309999999999988       0.45629875361248484     
   9.5399999999999991       0.45590363852145238     
   9.5489999999999995       0.45610100912804885     
   9.5579999999999998       0.45540190920802753     
   9.5669999999999984       0.45596828835058445     
   9.5759999999999987       0.45681378957593904     
   9.5849999999999991       0.45459390023046742     
   9.5939999999999994       0.45410452143083241     
   9.6029999999999998       0.45389751703725417     
   9.6119999999999983       0.45603215823575383     
   9.6209999999999987       0.45521882968738209     
   9.6299999999999990       0.45603504170268988     
   9.6389999999999993       0.45659372368709428     
   9.6479999999999979       0.45459750190519338     
   9.6569999999999983       0.45597397351250823     
   9.6659999999999986       0.45718748761456257     
   9.6749999999999989       0.45686209770259062     
   9.6839999999999975       0.45525497964078088     
   9.6929999999999978       0.45363834148279641     
   9.7019999999999982       0.45399831358533027     
   9.7109999999999985       0.45375914304688741     
   9.7199999999999989       0.45476434510479635     
   9.7289999999999992       0.45541556724784338     
   9.7379999999999995       0.45260090848766066     
   9.7469999999999999       0.45455968007038450     
   9.7559999999999985       0.45350154672935733     
   9.7649999999999988       0.45368614306317867     
   9.7739999999999991       0.45344203624119356     
   9.7829999999999995       0.45411304153754123     
   9.7919999999999980       0.45462875782272266     
   9.8009999999999984       0.45458664890855582     
   9.8099999999999987       0.45580021974801566     
   9.8189999999999991       0.45792693827537423     
   9.8279999999999976       0.45923951256134737     
   9.8369999999999980       0.45943266086884454     
   9.8459999999999983       0.45960780725566641     
   9.8549999999999986       0.45901854429540162     
   9.8639999999999990       0.46180559824042394     
   9.8729999999999993       0.46214412301214985     
   9.8819999999999997       0.46219650071415114     
   9.8909999999999982       0.45995694798145698     
   9.8999999999999986       0.46008031293809398     
   9.9089999999999989       0.45899920551320122     
   9.9179999999999993       0.45923804699239451     
   9.9269999999999996       0.45659099919805052     
   9.9359999999999982       0.45649566057192448     
   9.9449999999999985       0.45601903162368068     
   9.9539999999999988       0.45631293238394999     
   9.9629999999999992       0.45602723156635450     
   9.9719999999999978       0.45810793356810586     
   9.9809999999999981       0.45870636094691219     
   9.9899999999999984       0.45952888967381345     
   9.9989999999999988       0.46116500050784431     
   10.007999999999999       0.46177095748491020     
   10.016999999999998       0.46129415957206538     
   10.025999999999998       0.46090087847800421     
   10.034999999999998       0.45873467370605808     
   10.043999999999999       0.45933028966918676     
   10.052999999999999       0.45885499674985852     
   10.061999999999999       0.46003574873779057     
   10.071000000000000       0.45955208640907297     
   10.080000000000000       0.45963981605241577     
   10.088999999999999       0.45951267040311067     
   10.097999999999999       0.46023738967173777     
   10.106999999999999       0.46131334826118492     
   10.116000000000000       0.46108626413053894     
   10.124999999999998       0.46082199744766905     
   10.133999999999999       0.45977252930432139     
   10.142999999999999       0.45824445679928771     
   10.151999999999999       0.45958802919604080     
   10.160999999999998       0.45909904010493929     
   10.169999999999998       0.45913234063544056     
   10.178999999999998       0.45903335173091220     
   10.187999999999999       0.45992576697707949     
   10.196999999999997       0.46112358338802772     
   10.205999999999998       0.46173932012360064     
   10.214999999999998       0.46153111681729081     
   10.223999999999998       0.46149073442061428     
   10.232999999999999       0.46106768949779703     
   10.241999999999999       0.46170795508262852     
   10.250999999999999       0.46274169532036025     
   10.260000000000000       0.46329693352172319     
   10.268999999999998       0.46417031830630057     
   10.277999999999999       0.46495600568925205     
   10.286999999999999       0.46626895675202856     
   10.295999999999999       0.46704420692035697     
   10.304999999999998       0.46677758523802804     
   10.313999999999998       0.46781331622119299     
   10.322999999999999       0.46687520190138471     
   10.331999999999999       0.46731791462056327     
   10.340999999999998       0.46770958602421697     
   10.349999999999998       0.46848356724818557     
   10.358999999999998       0.46963853688801999     
   10.367999999999999       0.46882707660931616     
   10.376999999999999       0.46934723493703129     
   10.385999999999997       0.46848747119427320     
   10.394999999999998       0.46877881232135049     
   10.403999999999998       0.47025656610597394     
   10.412999999999998       0.46877844269834090     
   10.421999999999999       0.46919933206409936     
   10.430999999999999       0.46930511232192196     
   10.440000000000000       0.46873918196815545     
   10.449000000000000       0.46760035476829404     
   10.457999999999998       0.46771990116179074     
   10.466999999999999       0.46642691263989905     
   10.475999999999999       0.46570501041695167     
   10.484999999999999       0.46477511880669231     
   10.493999999999998       0.46371765521256642     
   10.502999999999998       0.46371170210096557     
   10.511999999999999       0.46307265800876740     
   10.520999999999999       0.46261973049034882     
   10.529999999999998       0.46151962894114656     
   10.538999999999998       0.46134541056090517     
   10.547999999999998       0.46114642903174591     
   10.556999999999999       0.46139394401407441     
   10.565999999999999       0.46195917866165170     
   10.574999999999999       0.46191251913762554     
   10.584000000000000       0.46250381957939446     
   10.593000000000000       0.46243453252171396     
   10.601999999999999       0.46322328648076716     
   10.610999999999999       0.46373527232365358     
   10.619999999999999       0.46317510758508285     
   10.629000000000000       0.46277748813372765     
   10.637999999999998       0.46248838441502677     
   10.646999999999998       0.46130593051932489     
   10.655999999999999       0.45992760138305133     
   10.664999999999999       0.45904865359028540     
   10.673999999999998       0.45953827409320536     
   10.682999999999998       0.45926780201927070     
   10.691999999999998       0.45931669798441066     
   10.700999999999999       0.45881717386404852     
   10.709999999999997       0.45951986403644990     
   10.718999999999998       0.45979116872268949     
   10.727999999999998       0.46054048940092940     
   10.736999999999998       0.46166574445400033     
   10.745999999999999       0.46200706481994624     
   10.754999999999999       0.46226032447414944     
   10.763999999999999       0.46357665023604738     
   10.773000000000000       0.46379045586855100     
   10.782000000000000       0.46611147771072342     
   10.790999999999999       0.46618752146866804     
   10.799999999999999       0.46644335568713763     
   10.808999999999999       0.46557610500453778     
   10.818000000000000       0.46550453412676468     
   10.826999999999998       0.46688927748400799     
   10.835999999999999       0.46689743996441802     
   10.844999999999999       0.46792121967466543     
   10.853999999999999       0.46879047542556496     
   10.862999999999998       0.46773404132710267     
   10.871999999999998       0.46707830531068723     
   10.880999999999998       0.46926600304680255     
   10.889999999999999       0.46896015601182139     
   10.898999999999997       0.46708608732860385     
   10.907999999999998       0.46732391084045921     
   10.916999999999998       0.46776270524355901     
   10.925999999999998       0.46892894155184606     
   10.934999999999999       0.46933564569088476     
   10.943999999999999       0.46931971041075415     
   10.952999999999999       0.46817404224824810     
   10.962000000000000       0.46697790507289461     
   10.970999999999998       0.46597238763997673     
   10.979999999999999       0.46588185883978528     
   10.988999999999999       0.46523461738195010     
   10.997999999999999       0.46398344989797174     
   11.006999999999998       0.46384487453805745     
   11.015999999999998       0.46499832700281901     
   11.024999999999999       0.46409022262081839     
   11.033999999999999       0.46327725422471305     
   11.042999999999997       0.46280413097899609     
   11.051999999999998       0.46387306132687361     
   11.060999999999998       0.46478498512820160     
   11.069999999999999       0.46576868096091179     
   11.078999999999999       0.46695584719201250     
   11.087999999999997       0.46581485283070695     
   11.096999999999998       0.46689752363353382     
   11.105999999999998       0.46859190980854781     
   11.114999999999998       0.46768758109840819     
   11.123999999999999       0.46809904330158675     
   11.132999999999999       0.46786721910050721     
   11.141999999999999       0.46811300315731602     
   11.151000000000000       0.46727785453934573     
   11.159999999999998       0.46636826865440928     
   11.168999999999999       0.46669979331222494     
   11.177999999999999       0.46663248709035043     
   11.186999999999999       0.46552798800927192     
   11.195999999999998       0.46626395114290170     
   11.204999999999998       0.46788042192774126     
   11.213999999999999       0.46656350929111795     
   11.222999999999999       0.46648301427617000     
   11.231999999999998       0.46768427837221904     
   11.240999999999998       0.46777624027203751     
   11.249999999999998       0.46732705882088771     
   11.258999999999999       0.46691641046074944     
   11.267999999999999       0.46757868815837839     
   11.276999999999999       0.46873856004360914     
   11.286000000000000       0.46939940514431694     
   11.295000000000000       0.46961453402324244     
   11.303999999999998       0.46862896252386610     
   11.312999999999999       0.46764021677458845     
   11.321999999999999       0.46789113177437913     
   11.331000000000000       0.46857274098992174     
   11.339999999999998       0.46978010241953694     
   11.348999999999998       0.46955704172238288     
   11.357999999999999       0.46856908661911789     
   11.366999999999999       0.46958719255881737     
   11.375999999999998       0.47088855949195818     
   11.384999999999998       0.47164384275006449     
   11.393999999999998       0.47134043455960672     
   11.402999999999999       0.47057515403202893     
   11.411999999999997       0.47070796808487797     
   11.420999999999998       0.47031707171154657     
   11.429999999999998       0.47072055800738166     
   11.438999999999998       0.47259227998398051     
   11.447999999999999       0.47262126296872031     
   11.456999999999999       0.47311386689241602     
   11.465999999999999       0.47302451484857289     
   11.475000000000000       0.47266022847845957     
   11.483999999999998       0.47319370942658290     
   11.492999999999999       0.47267773976266608     
   11.501999999999999       0.47301874489391943     
   11.510999999999999       0.47239078951653035     
   11.520000000000000       0.47159512265212866     
   11.528999999999998       0.47084498406841246     
   11.537999999999998       0.46891076269284487     
   11.546999999999999       0.46659836692358148     
   11.555999999999999       0.46622096905660015     
   11.564999999999998       0.46519484341499784     
   11.573999999999998       0.46529482029269442     
   11.582999999999998       0.46503372665794229     
   11.591999999999999       0.46605856425538972     
   11.600999999999997       0.46489499956716035     
   11.609999999999998       0.46453481069850699     
   11.618999999999998       0.46545280389204269     
   11.627999999999998       0.46614109766488865     
   11.636999999999999       0.46669436386023583     
   11.645999999999999       0.46503058834599398     
   11.654999999999999       0.46564065539306293     
   11.664000000000000       0.46499656371823106     
   11.673000000000000       0.46527879590552507     
   11.682000000000000       0.46338750455340538     
   11.690999999999997       0.46548361568471003     
   11.699999999999998       0.46571987850727159     
   11.708999999999998       0.46513946977483744     
   11.717999999999998       0.46590598296495972     
   11.726999999999999       0.46551325122265685     
   11.735999999999999       0.46513853481656070     
   11.744999999999999       0.46261767100580842     
   11.754000000000000       0.46355217440582974     
   11.762999999999998       0.46512147692408118     
   11.771999999999998       0.46434203591335349     
   11.780999999999999       0.46317625264348200     
   11.789999999999997       0.46393843139678637     
   11.798999999999998       0.46477406754590633     
   11.807999999999998       0.46401072214785383     
   11.816999999999998       0.46328302567688490     
   11.825999999999999       0.46384023989574319     
   11.834999999999997       0.46447157337843831     
   11.843999999999998       0.46376979705184784     
   11.852999999999998       0.46562804707338828     
   11.861999999999998       0.46574623575441887     
   11.870999999999999       0.46476845339334844     
   11.879999999999999       0.46421723342478749     
   11.888999999999999       0.46409092064935542     
   11.898000000000000       0.46365498869181271     
   11.907000000000000       0.46368493487514689     
   11.915999999999997       0.46376284143476904     
   11.924999999999997       0.46241067119530732     
   11.933999999999997       0.46276770840882075     
   11.942999999999998       0.46230036090915638     
   11.951999999999998       0.46070497682840639     
   11.960999999999999       0.46137768188884209     
   11.969999999999999       0.46042897923843912     
   11.978999999999999       0.46130552938851327     
   11.987999999999998       0.46128121877971701     
   11.996999999999998       0.46185987864013572     
   12.005999999999998       0.46104698114337167     
   12.014999999999999       0.46211276080147229     
   12.023999999999999       0.46365344746194453     
   12.032999999999999       0.46129379619967348     
   12.042000000000000       0.45996778049679871     
   12.051000000000000       0.45974814709052009     
   12.059999999999997       0.46009803481857925     
   12.068999999999997       0.45957787280202267     
   12.077999999999998       0.46015763365409706     
   12.086999999999998       0.46119267865988062     
   12.095999999999998       0.46149858051522663     
   12.104999999999999       0.46305538097207732     
   12.113999999999999       0.46235189990107617     
   12.122999999999999       0.46297652121305638     
   12.131999999999998       0.46352879631651406     
   12.140999999999998       0.46490808158312846     
   12.149999999999999       0.46505036857295146     
   12.158999999999999       0.46415050375023309     
   12.167999999999999       0.46315520214706835     
   12.177000000000000       0.46428290190459598     
   12.186000000000000       0.46283551946273171     
   12.195000000000000       0.46265117103049314     
   12.203999999999997       0.46277851269398146     
   12.212999999999997       0.46333798645406549     
   12.221999999999998       0.46267852416859634     
   12.230999999999998       0.46331517095103103     
   12.239999999999998       0.46266400567676957     
   12.248999999999999       0.46383849535117339     
   12.257999999999999       0.46413912874004198     
   12.266999999999999       0.46308085183170072     
   12.275999999999998       0.46271220470290614     
   12.284999999999997       0.46304319921132914     
   12.293999999999997       0.46256687250269823     
   12.302999999999997       0.46285975963883524     
   12.311999999999998       0.46302405908817196     
   12.320999999999998       0.46515900576864294     
   12.329999999999998       0.46581670272359671     
   12.338999999999999       0.46428279222191893     
   12.347999999999999       0.46409309506641311     
   12.356999999999998       0.46370156204927043     
   12.365999999999998       0.46243764629257694     
   12.374999999999998       0.46215465520151705     
   12.383999999999999       0.46136676299539414     
   12.392999999999999       0.46291205140444264     
   12.401999999999999       0.46419661112532251     
   12.411000000000000       0.46436230554754188     
   12.420000000000000       0.46471829453244384     
   12.428999999999997       0.46504868872333532     
   12.437999999999997       0.46370816002581511     
   12.446999999999997       0.46271956580384976     
   12.455999999999998       0.46408892668429835     
   12.464999999999998       0.46270559148997298     
   12.473999999999998       0.46244849785471492     
   12.482999999999999       0.46106783146029268     
   12.491999999999999       0.46116447240486147     
   12.500999999999998       0.46212439496311808     
   12.509999999999998       0.46185438860043920     
   12.518999999999998       0.46157500415450886     
   12.527999999999999       0.46168828690539404     
   12.536999999999999       0.46002675888172717     
   12.545999999999999       0.45925652892538238     
   12.555000000000000       0.46081835709829466     
   12.564000000000000       0.46094764657203985     
   12.572999999999997       0.46034775852263676     
   12.581999999999997       0.46223034760181059     
   12.590999999999998       0.46128553712399695     
   12.599999999999998       0.46123377169372060     
   12.608999999999998       0.46163081707090203     
   12.617999999999999       0.46087601443905757     
   12.626999999999999       0.46089719664735468     
   12.635999999999999       0.46080862796544964     
   12.644999999999998       0.46110706395279522     
   12.653999999999998       0.46165313506425348     
   12.662999999999998       0.46236249268088647     
   12.671999999999999       0.46073188887684297     
   12.680999999999999       0.46105531655519261     
   12.690000000000000       0.46021434789180932     
   12.699000000000000       0.46086782281239158     
   12.708000000000000       0.46073389180743102     
   12.716999999999999       0.46114414552665528     
   12.725999999999997       0.46115346619375291     
   12.734999999999998       0.46147254583739661     
   12.743999999999998       0.46019585657523987     
   12.752999999999998       0.46035110598742296     
   12.761999999999999       0.46067357602404374     
   12.770999999999999       0.45953380135050648     
   12.779999999999999       0.45971878612019623     
   12.789000000000000       0.45906837936514494     
   12.797999999999996       0.46074259029417963     
   12.806999999999997       0.46128412659308488     
   12.815999999999997       0.45928652932744990     
   12.824999999999998       0.46007047125573319     
   12.833999999999998       0.46213730037205408     
   12.842999999999998       0.46212103896316187     
   12.851999999999999       0.46273980407569498     
   12.860999999999999       0.46231947896680098     
   12.869999999999997       0.46190404315551359     
   12.878999999999998       0.46055874130030200     
   12.887999999999998       0.46159410391026895     
   12.896999999999998       0.46260821479327702     
   12.905999999999999       0.46289971626333970     
   12.914999999999999       0.46054529849199954     
   12.923999999999999       0.46084128381870587     
   12.933000000000000       0.46058298186929891     
   12.941999999999997       0.45977251305784372     
   12.950999999999997       0.45904064038183245     
   12.959999999999997       0.46002914462472649     
   12.968999999999998       0.45919444660494801     
   12.977999999999998       0.46061158487363979     
   12.986999999999998       0.46299514904167871     
   12.995999999999999       0.46322089040942593     
   13.004999999999999       0.46338945545197574     
   13.013999999999998       0.46416122538563281     
   13.022999999999998       0.46352719214629301     
   13.031999999999998       0.46307731243001232     
   13.040999999999999       0.46308243876808558     
   13.049999999999999       0.46363157067646033     
   13.058999999999999       0.46255481794396291     
   13.068000000000000       0.46280655172518131     
   13.077000000000000       0.46248111541735842     
   13.086000000000000       0.46336205211310338     
   13.094999999999997       0.46297995372745498     
   13.103999999999997       0.46316525481604126     
   13.112999999999998       0.46318365956275831     
   13.121999999999998       0.46444458484499357     
   13.130999999999998       0.46664399903652420     
   13.139999999999999       0.46762736324635523     
   13.148999999999999       0.46732541852293047     
   13.157999999999999       0.46839096804101454     
   13.166999999999998       0.46742480512013634     
   13.175999999999998       0.46722080247586401     
   13.184999999999999       0.46734545821223450     
   13.193999999999999       0.46769025167637640     
   13.202999999999998       0.46641986224618343     
   13.211999999999998       0.46558599109859594     
   13.220999999999998       0.46477563233167929     
   13.229999999999999       0.46514663697325953     
   13.238999999999997       0.46552448393884799     
   13.247999999999998       0.46592719445866038     
   13.256999999999998       0.46696451763784075     
   13.265999999999998       0.46699041035083966     
   13.274999999999999       0.46606573330308032     
   13.283999999999999       0.46625894477347346     
   13.292999999999999       0.46412146566613194     
   13.302000000000000       0.46645857329909107     
   13.310999999999996       0.46631578954488623     
   13.319999999999997       0.46754359490451791     
   13.328999999999997       0.46846216870928115     
   13.337999999999997       0.46736223388028902     
   13.346999999999998       0.46788762882841772     
   13.355999999999998       0.46758393168362045     
   13.364999999999998       0.46910470554385436     
   13.373999999999999       0.46913082525031230     
   13.382999999999997       0.46898062868110979     
   13.391999999999998       0.46792836507696012     
   13.400999999999998       0.46888131400197297     
   13.409999999999998       0.46891753481632076     
   13.418999999999999       0.46802245334875242     
   13.427999999999999       0.46800851936776156     
   13.436999999999999       0.46934774785848710     
   13.446000000000000       0.46902346825805469     
   13.455000000000000       0.47007335106701703     
   13.463999999999997       0.47029807837377818     
   13.472999999999997       0.47112265192920794     
   13.481999999999998       0.47052675831231427     
   13.490999999999998       0.47079839447464189     
   13.499999999999998       0.47224527359612806     
   13.508999999999999       0.46981461668162533     
   13.517999999999999       0.47027652020234573     
   13.526999999999999       0.46942093132621426     
   13.535999999999998       0.46944867246204247     
   13.544999999999998       0.47092872028001981     
   13.553999999999998       0.46992740314444725     
   13.562999999999999       0.46998681400749054     
   13.571999999999999       0.47024269003323427     
   13.581000000000000       0.47122291032181507     
   13.590000000000000       0.47283365312704051     
   13.599000000000000       0.47258830846402150     
   13.607999999999997       0.47219287516643949     
   13.616999999999997       0.47160170788710198     
   13.625999999999998       0.47143315002316016     
   13.634999999999998       0.47100367805891891     
   13.643999999999998       0.47002704411937141     
   13.652999999999999       0.46895673014852862     
   13.661999999999999       0.46961627446401177     
   13.670999999999999       0.47031670120310642     
   13.679999999999998       0.47163856999971576     
   13.688999999999997       0.47061273118056418     
   13.697999999999997       0.47102331699979966     
   13.706999999999997       0.47093479723179416     
   13.715999999999998       0.47187428829071204     
   13.724999999999998       0.47178363842715554     
   13.733999999999998       0.47312520757038534     
   13.742999999999999       0.47365072407085801     
   13.751999999999997       0.47559426194113974     
   13.760999999999997       0.47701014327735780     
   13.769999999999998       0.47665439609993415     
   13.778999999999998       0.47831722962116441     
   13.787999999999998       0.47760338194180318     
   13.796999999999999       0.47686619120730117     
   13.805999999999999       0.47735375634905253     
   13.815000000000000       0.47746271769845033     
   13.823999999999996       0.47761456711647915     
   13.832999999999997       0.47760336436641737     
   13.841999999999997       0.47697797613499865     
   13.850999999999997       0.47726704410795479     
   13.859999999999998       0.47678669706622334     
   13.868999999999998       0.47651790923876164     
   13.877999999999998       0.47787628197923532     
   13.886999999999999       0.47690045524437824     
   13.895999999999999       0.47878405201233187     
   13.904999999999998       0.47814135894597098     
   13.913999999999998       0.47760752465463696     
   13.922999999999998       0.47706702222448971     
   13.931999999999999       0.47761674169035884     
   13.940999999999999       0.47771479406288980     
   13.949999999999999       0.47810899787280514     
   13.959000000000000       0.47776620358825339     
   13.968000000000000       0.47902194314613444     
   13.976999999999997       0.47910362885983021     
   13.985999999999997       0.47966759740177412     
   13.994999999999997       0.47963132932241265     
   14.003999999999998       0.48030508646159986     
   14.012999999999998       0.48040384441481193     
   14.021999999999998       0.47960019422872319     
   14.030999999999999       0.48024717075473244     
   14.039999999999999       0.48126245486939162     
   14.048999999999998       0.48086881045339380     
   14.057999999999998       0.48036465574817938     
   14.066999999999998       0.48102696672016160     
   14.075999999999999       0.48111451992481602     
   14.084999999999999       0.48024596789398954     
   14.093999999999999       0.47942742007688632     
   14.103000000000000       0.47922121773017157     
   14.112000000000000       0.47785632447192844     
   14.120999999999997       0.47824657103684670     
   14.129999999999997       0.47828898487204624     
   14.138999999999998       0.47860498464668005     
   14.147999999999998       0.47831532507057023     
   14.156999999999998       0.47856611001765170     
   14.165999999999999       0.47651364495098408     
   14.174999999999999       0.47904369472970237     
   14.183999999999999       0.47916515724400333     
   14.192999999999996       0.47967345320225507     
   14.201999999999996       0.48063366266296287     
   14.210999999999997       0.47980668933277748     
   14.219999999999997       0.48104882344195554     
   14.228999999999997       0.48064544652506569     
   14.237999999999998       0.48142074380715633     
   14.246999999999998       0.48190574313072659     
   14.255999999999998       0.48165854057127705     
   14.264999999999999       0.47986662520485596     
   14.273999999999997       0.47961490135572177     
   14.282999999999998       0.47895178238496289     
   14.291999999999998       0.47809730867822836     
   14.300999999999998       0.47681515945016878     
   14.309999999999999       0.47632675477670805     
   14.318999999999999       0.47620906461851881     
   14.327999999999999       0.47669367034951754     
   14.337000000000000       0.47812621675331496     
   14.345999999999997       0.47861060982868348     
   14.354999999999997       0.47804474850162959     
   14.363999999999997       0.47788377544892752     
   14.372999999999998       0.47963304055568651     
   14.381999999999998       0.47988179229215172     
   14.390999999999998       0.47950843714138647     
   14.399999999999999       0.47908742163160173     
   14.408999999999999       0.47949445593465456     
   14.417999999999997       0.47965962140753871     
   14.426999999999998       0.47776393733664912     
   14.435999999999998       0.47912058016109821     
   14.444999999999999       0.47956014988895251     
   14.453999999999999       0.47872025092522591     
   14.462999999999999       0.47824753504192191     
   14.472000000000000       0.47791225885830463     
   14.481000000000000       0.47665173391923948     
   14.489999999999997       0.47613967234682780     
   14.498999999999997       0.47468887774435570     
   14.507999999999997       0.47482848022408625     
   14.516999999999998       0.47477931255742439     
   14.525999999999998       0.47555526646473723     
   14.534999999999998       0.47550123888356233     
   14.543999999999999       0.47608825704135704     
   14.552999999999999       0.47771280274440547     
   14.561999999999998       0.47733507540428993     
   14.570999999999998       0.47689211888478378     
   14.579999999999998       0.47754163021806917     
   14.588999999999999       0.47778694994401827     
   14.597999999999999       0.47801065191597031     
   14.606999999999998       0.47932622200296393     
   14.615999999999998       0.47920132231529378     
   14.624999999999998       0.47936755366232520     
   14.633999999999999       0.48138007149666001     
   14.642999999999997       0.48192062150055121     
   14.651999999999997       0.48162123001718227     
   14.660999999999998       0.48228339228031908     
   14.669999999999998       0.48173287115427582     
   14.678999999999998       0.48212383666562592     
   14.687999999999999       0.48055748310768148     
   14.696999999999999       0.48080151738752497     
   14.706000000000000       0.48061414412682046     
   14.714999999999996       0.48092878411480833     
   14.723999999999997       0.48206280877542546     
   14.732999999999997       0.48345677552375593     
   14.741999999999997       0.48332470422418405     
   14.750999999999998       0.48295606570832766     
   14.759999999999998       0.48472999877590073     
   14.768999999999998       0.48587230227016487     
   14.777999999999999       0.48472428455828043     
   14.786999999999997       0.48323587807452234     
   14.795999999999998       0.48298476267365720     
   14.804999999999998       0.48377453688152960     
   14.813999999999998       0.48403775468190946     
   14.822999999999999       0.48515376563549983     
   14.831999999999999       0.48617208142363599     
   14.840999999999999       0.48632507697537403     
   14.850000000000000       0.48664196894105516     
   14.858999999999996       0.48606424829140199     
   14.867999999999997       0.48623339934013948     
   14.876999999999997       0.48571609231705498     
   14.885999999999997       0.48695884847572668     
   14.894999999999998       0.48718558360196484     
   14.903999999999998       0.48734669422908350     
   14.912999999999998       0.48799774983787009     
   14.921999999999999       0.48762140901902162     
   14.930999999999997       0.48800542671709263     
   14.939999999999998       0.48738722826957498     
   14.948999999999998       0.48700333194213125     
   14.957999999999998       0.48668602198897482     
   14.966999999999999       0.48692749138515840     
   14.975999999999999       0.48716283476729344     
   14.984999999999999       0.48784105902291414     
