   0.0000000000000000        1.0000000000001228     
   8.9999999999999993E-003  0.98367168308937425     
   1.7999999999999999E-002  0.98777243694850614     
   2.6999999999999993E-002  0.99985554564094992     
   3.5999999999999997E-002  0.99995228316115847     
   4.4999999999999998E-002  0.99993613113683943     
   5.3999999999999986E-002  0.99992234839353389     
   6.2999999999999987E-002  0.99990406781150909     
   7.1999999999999995E-002  0.99988465672249394     
   8.0999999999999989E-002  0.99986859992401378     
   8.9999999999999997E-002  0.99984160648877651     
   9.8999999999999991E-002  0.99980545180232827     
  0.10799999999999997       0.99977342316983575     
  0.11699999999999999       0.99972665787460346     
  0.12599999999999997       0.99967857640305058     
  0.13499999999999998       0.99962613663836941     
  0.14399999999999999       0.99957539705541099     
  0.15299999999999997       0.99951152634355689     
  0.16199999999999998       0.99944973338179344     
  0.17099999999999999       0.99937866295416333     
  0.17999999999999999       0.99929392792481431     
  0.18899999999999997       0.99922455805379340     
  0.19799999999999998       0.99912673883466208     
  0.20699999999999996       0.99905509181781693     
  0.21599999999999994       0.99897594153982383     
  0.22499999999999998       0.99888616218301873     
  0.23399999999999999       0.99880210154331373     
  0.24299999999999997       0.99871453531699694     
  0.25199999999999995       0.99860763705646138     
  0.26099999999999995       0.99849818881686336     
  0.26999999999999996       0.99840938678153635     
  0.27899999999999997       0.99828723720118806     
  0.28799999999999998       0.99817741520237657     
  0.29699999999999993       0.99804982620332716     
  0.30599999999999994       0.99794350074981863     
  0.31500000000000000       0.99782315448548364     
  0.32399999999999995       0.99768944149952377     
  0.33299999999999996       0.99755020259779392     
  0.34199999999999997       0.99742293722906739     
  0.35099999999999992       0.99726909497242033     
  0.35999999999999999       0.99711149331121518     
  0.36899999999999994       0.99698224198826302     
  0.37799999999999995       0.99691330272225698     
  0.38699999999999996       0.99673674196056106     
  0.39599999999999996       0.99657396548381494     
  0.40499999999999992       0.99639261704782400     
  0.41399999999999992       0.99626335545535649     
  0.42299999999999993       0.99609890648717825     
  0.43199999999999988       0.99596043235356668     
  0.44100000000000000       0.99583839625373149     
  0.44999999999999996       0.99563365788506997     
  0.45899999999999996       0.99547737150632931     
  0.46799999999999997       0.99532920658513935     
  0.47699999999999992       0.99518760245662530     
  0.48599999999999993       0.99503441971860729     
  0.49499999999999994       0.99482135593283760     
  0.50399999999999989       0.99467537768675396     
  0.51299999999999990       0.99454051758281503     
  0.52199999999999991       0.99434261938681634     
  0.53099999999999992       0.99409737160197531     
  0.53999999999999992       0.99392659457095234     
  0.54899999999999993       0.99374185843879148     
  0.55799999999999994       0.99358677847789045     
  0.56699999999999995       0.99337649274742590     
  0.57599999999999996       0.99320644022509919     
  0.58499999999999996       0.99304587037242820     
  0.59399999999999986       0.99284484563796660     
  0.60299999999999987       0.99265496347619109     
  0.61199999999999988       0.99239492493286319     
  0.62099999999999989       0.99218167996924189     
  0.63000000000000000       0.99200967878293445     
  0.63899999999999990       0.99178943651167151     
  0.64799999999999991       0.99153651099061879     
  0.65699999999999992       0.99130439150820993     
  0.66599999999999993       0.99114871986520081     
  0.67499999999999993       0.99090323139705494     
  0.68399999999999994       0.99070424863342355     
  0.69299999999999984       0.99055599789544257     
  0.70199999999999985       0.99037364568901121     
  0.71099999999999985       0.99019331534539268     
  0.71999999999999997       0.99003616379017312     
  0.72899999999999998       0.98986018822926503     
  0.73799999999999988       0.98967179037991415     
  0.74699999999999989       0.98945134298463078     
  0.75599999999999989       0.98922042509107699     
  0.76499999999999990       0.98897879800332067     
  0.77399999999999991       0.98878092163149556     
  0.78299999999999992       0.98855736088971757     
  0.79199999999999993       0.98832331474964519     
  0.80099999999999982       0.98806009734548206     
  0.80999999999999983       0.98793630033575563     
  0.81899999999999984       0.98772951379959240     
  0.82799999999999985       0.98745800704813247     
  0.83699999999999986       0.98728603663735615     
  0.84599999999999986       0.98704906192987951     
  0.85499999999999987       0.98689640866247264     
  0.86399999999999977       0.98670431505178013     
  0.87300000000000000       0.98643627600706518     
  0.88200000000000001       0.98623330197096448     
  0.89099999999999990       0.98587091555183559     
  0.89999999999999991       0.98563699095753954     
  0.90899999999999992       0.98539919118501440     
  0.91799999999999993       0.98508496792531108     
  0.92699999999999994       0.98486039533293879     
  0.93599999999999994       0.98461514427064090     
  0.94499999999999984       0.98446276327766358     
  0.95399999999999985       0.98421004373483156     
  0.96299999999999986       0.98402282468816415     
  0.97199999999999986       0.98372281170100362     
  0.98099999999999987       0.98348028374546315     
  0.98999999999999988       0.98327877210057057     
  0.99899999999999989       0.98301736444133980     
   1.0079999999999998       0.98285641127573631     
   1.0169999999999999       0.98266433436186884     
   1.0259999999999998       0.98241523868939662     
   1.0349999999999997       0.98212042684894840     
   1.0439999999999998       0.98188808522848547     
   1.0529999999999997       0.98164703827287059     
   1.0619999999999998       0.98140486221511736     
   1.0710000000000000       0.98122809298046443     
   1.0799999999999998       0.98095601069741201     
   1.0890000000000000       0.98061166143719558     
   1.0979999999999999       0.98035646849827551     
   1.1070000000000000       0.98004670397135796     
   1.1159999999999999       0.97968758899303698     
   1.1249999999999998       0.97948167172676959     
   1.1339999999999999       0.97920319970432201     
   1.1429999999999998       0.97905893945181044     
   1.1519999999999999       0.97891598696931414     
   1.1609999999999998       0.97856147915522096     
   1.1699999999999999       0.97827526610652427     
   1.1789999999999998       0.97805742495961090     
   1.1879999999999997       0.97781418803840936     
   1.1969999999999998       0.97755531043825039     
   1.2059999999999997       0.97729208081978980     
   1.2149999999999999       0.97718265328356213     
   1.2239999999999998       0.97688859555950391     
   1.2329999999999999       0.97665637314414999     
   1.2419999999999998       0.97635643017978058     
   1.2509999999999999       0.97617710381782630     
   1.2600000000000000       0.97592797384887986     
   1.2689999999999999       0.97566837678768870     
   1.2779999999999998       0.97552108398099890     
   1.2869999999999999       0.97533170719564466     
   1.2959999999999998       0.97507691163916821     
   1.3049999999999999       0.97488644744094355     
   1.3139999999999998       0.97460199877781106     
   1.3230000000000000       0.97431620369000782     
   1.3319999999999999       0.97403097756307078     
   1.3409999999999997       0.97369913404193997     
   1.3499999999999999       0.97341423380934478     
   1.3589999999999998       0.97315076277829027     
   1.3679999999999999       0.97288392778259414     
   1.3769999999999998       0.97266468988117638     
   1.3859999999999997       0.97259335920167767     
   1.3949999999999998       0.97232213759214370     
   1.4039999999999997       0.97197620534960050     
   1.4129999999999998       0.97174345287048280     
   1.4219999999999997       0.97153489483274724     
   1.4309999999999998       0.97138786255900478     
   1.4399999999999999       0.97113598261899714     
   1.4489999999999998       0.97090426925996343     
   1.4580000000000000       0.97067668816935981     
   1.4669999999999999       0.97029456106555789     
   1.4759999999999998       0.96999334552261551     
   1.4849999999999999       0.96976437344352096     
   1.4939999999999998       0.96954007090730210     
   1.5029999999999999       0.96938654607856745     
   1.5119999999999998       0.96911273465134562     
   1.5209999999999999       0.96897620175186117     
   1.5299999999999998       0.96870707745881357     
   1.5389999999999997       0.96837383443795699     
   1.5479999999999998       0.96819088680380339     
   1.5569999999999997       0.96806254636426059     
   1.5659999999999998       0.96782751603609296     
   1.5749999999999997       0.96756230004509935     
   1.5839999999999999       0.96743618362609873     
   1.5929999999999997       0.96723193963915921     
   1.6019999999999996       0.96712724745594059     
   1.6109999999999998       0.96687374951401150     
   1.6199999999999997       0.96661386058305199     
   1.6289999999999998       0.96644692762611950     
   1.6379999999999997       0.96616940596188405     
   1.6469999999999998       0.96600235796303557     
   1.6559999999999997       0.96571634523082661     
   1.6649999999999996       0.96559060868338309     
   1.6739999999999997       0.96532948750944503     
   1.6829999999999996       0.96513650405829343     
   1.6919999999999997       0.96502466354867511     
   1.7009999999999996       0.96464160839948387     
   1.7099999999999997       0.96443182045683762     
   1.7189999999999996       0.96404473394009160     
   1.7279999999999995       0.96367079328461269     
   1.7369999999999999       0.96333168580066031     
   1.7460000000000000       0.96333444948454749     
   1.7549999999999999       0.96310545180735607     
   1.7640000000000000       0.96295037612195644     
   1.7729999999999999       0.96272553234330394     
   1.7819999999999998       0.96245645342779929     
   1.7909999999999999       0.96219264521752434     
   1.7999999999999998       0.96186389957177476     
   1.8089999999999999       0.96162207220137319     
   1.8179999999999998       0.96139245139730600     
   1.8269999999999997       0.96126400040247584     
   1.8359999999999999       0.96095629662952209     
   1.8449999999999998       0.96076040151757203     
   1.8539999999999999       0.96051502677470846     
   1.8629999999999998       0.96034711771362757     
   1.8719999999999999       0.96014000344291317     
   1.8809999999999998       0.95987490044076751     
   1.8899999999999997       0.95957462203409660     
   1.8989999999999998       0.95937688263803733     
   1.9079999999999997       0.95915440926094153     
   1.9169999999999998       0.95893416056023029     
   1.9259999999999997       0.95857894684023770     
   1.9349999999999998       0.95833709199384154     
   1.9439999999999997       0.95806872479619742     
   1.9529999999999996       0.95783249983606134     
   1.9619999999999997       0.95748575754619847     
   1.9709999999999996       0.95713491000574280     
   1.9799999999999998       0.95693350805419009     
   1.9889999999999997       0.95676949019225899     
   1.9979999999999998       0.95659353587235774     
   2.0069999999999997       0.95646742336830926     
   2.0159999999999996       0.95627159291751496     
   2.0249999999999995       0.95611703475304743     
   2.0339999999999998       0.95600441856837048     
   2.0429999999999997       0.95578969053939511     
   2.0519999999999996       0.95537145255373146     
   2.0609999999999995       0.95511791284753278     
   2.0699999999999994       0.95504207711514932     
   2.0789999999999997       0.95487419520868999     
   2.0879999999999996       0.95470406760577486     
   2.0969999999999995       0.95447678897941424     
   2.1059999999999994       0.95412441426635064     
   2.1149999999999998       0.95378753377698822     
   2.1239999999999997       0.95358873908806874     
   2.1330000000000000       0.95329356787882358     
   2.1419999999999999       0.95295479961031859     
   2.1509999999999998       0.95267502463576448     
   2.1599999999999997       0.95259983369383239     
   2.1690000000000000       0.95250124731046171     
   2.1779999999999999       0.95234169651613254     
   2.1869999999999998       0.95210843730374795     
   2.1959999999999997       0.95186654095297085     
   2.2049999999999996       0.95155322190127589     
   2.2140000000000000       0.95147400381866554     
   2.2229999999999999       0.95126086766664442     
   2.2319999999999998       0.95123575560397999     
   2.2409999999999997       0.95110214815626837     
   2.2499999999999996       0.95087400804285516     
   2.2589999999999999       0.95059185543812763     
   2.2679999999999998       0.95029186358434981     
   2.2769999999999997       0.95001869151267238     
   2.2859999999999996       0.94992248464733375     
   2.2949999999999999       0.94970558189423648     
   2.3039999999999998       0.94944788383583112     
   2.3129999999999997       0.94919379742772114     
   2.3219999999999996       0.94905215084119920     
   2.3309999999999995       0.94878733320450825     
   2.3399999999999999       0.94867440927828872     
   2.3489999999999998       0.94849664279598356     
   2.3579999999999997       0.94823366775544016     
   2.3669999999999995       0.94809223994501091     
   2.3759999999999994       0.94787422541113509     
   2.3849999999999998       0.94753562993392371     
   2.3939999999999997       0.94731417440510257     
   2.4029999999999996       0.94711494121812778     
   2.4119999999999995       0.94691393728250228     
   2.4209999999999994       0.94669342791460254     
   2.4299999999999997       0.94634910681903295     
   2.4389999999999996       0.94613677820839681     
   2.4479999999999995       0.94588068295871741     
   2.4569999999999994       0.94562445647167559     
   2.4659999999999997       0.94531130612028691     
   2.4749999999999996       0.94510904547220520     
   2.4839999999999995       0.94497818485362994     
   2.4929999999999994       0.94482702200202417     
   2.5019999999999998       0.94468543139469419     
   2.5109999999999997       0.94445435134288624     
   2.5200000000000000       0.94416850804683650     
   2.5289999999999999       0.94383471396047025     
   2.5379999999999998       0.94361553660125952     
   2.5469999999999997       0.94340529779571825     
   2.5559999999999996       0.94324000605164682     
   2.5649999999999999       0.94294901958150712     
   2.5739999999999998       0.94285528233752469     
   2.5829999999999997       0.94275192298464150     
   2.5919999999999996       0.94269475365157174     
   2.6009999999999995       0.94229538479440722     
   2.6099999999999999       0.94204185358540937     
   2.6189999999999998       0.94181777094564068     
   2.6279999999999997       0.94154845476180582     
   2.6369999999999996       0.94132654248045744     
   2.6459999999999999       0.94103320063791374     
   2.6549999999999998       0.94073805068419458     
   2.6639999999999997       0.94051522925265263     
   2.6729999999999996       0.94034600753674813     
   2.6819999999999995       0.94019630615268857     
   2.6909999999999998       0.94000386643961575     
   2.6999999999999997       0.93981333019408586     
   2.7089999999999996       0.93956507741348760     
   2.7179999999999995       0.93931736320028703     
   2.7269999999999994       0.93912332231697571     
   2.7359999999999998       0.93899922522161472     
   2.7449999999999997       0.93883165763963250     
   2.7539999999999996       0.93864820788748815     
   2.7629999999999995       0.93860137465641047     
   2.7719999999999994       0.93840580363227832     
   2.7809999999999997       0.93807524795594532     
   2.7899999999999996       0.93788962371868023     
   2.7989999999999995       0.93771235551383691     
   2.8079999999999994       0.93747892109964592     
   2.8169999999999997       0.93732869851033829     
   2.8259999999999996       0.93710874395348764     
   2.8349999999999995       0.93691940791954309     
   2.8439999999999994       0.93678288304736257     
   2.8529999999999993       0.93647018771271173     
   2.8619999999999997       0.93630026049988990     
   2.8709999999999996       0.93606608079244380     
   2.8799999999999999       0.93592015838351217     
   2.8889999999999998       0.93570859380756699     
   2.8979999999999997       0.93562431374434973     
   2.9069999999999996       0.93547395587356896     
   2.9159999999999999       0.93515342859136841     
   2.9249999999999994       0.93504375037258791     
   2.9339999999999997       0.93480100398827748     
   2.9429999999999996       0.93458436152007751     
   2.9519999999999995       0.93456210004741447     
   2.9609999999999994       0.93435805822182239     
   2.9699999999999998       0.93420474130280629     
   2.9789999999999992       0.93415094106974850     
   2.9879999999999995       0.93403358342424625     
   2.9969999999999994       0.93388618705749793     
   3.0059999999999998       0.93371106780942359     
   3.0149999999999992       0.93352768220583060     
   3.0239999999999996       0.93339319317281799     
   3.0329999999999995       0.93318757097301230     
   3.0419999999999998       0.93310167813100220     
   3.0509999999999993       0.93300115454953747     
   3.0599999999999996       0.93284187128831220     
   3.0689999999999995       0.93261023911774987     
   3.0779999999999994       0.93243548097940820     
   3.0869999999999997       0.93219976588104159     
   3.0959999999999996       0.93200548536347128     
   3.1050000000000000       0.93176606792401895     
   3.1139999999999994       0.93152857877967077     
   3.1229999999999998       0.93133310460415042     
   3.1319999999999997       0.93120376657506654     
   3.1410000000000000       0.93108778790352931     
   3.1499999999999995       0.93095275955174339     
   3.1589999999999998       0.93075650572640622     
   3.1679999999999997       0.93044716995933296     
   3.1770000000000000       0.93023189933310035     
   3.1859999999999995       0.92991048605485271     
   3.1949999999999998       0.92973879167968609     
   3.2039999999999993       0.92970307540147035     
   3.2129999999999996       0.92954938377422947     
   3.2219999999999995       0.92941822506428240     
   3.2309999999999999       0.92921713573905296     
   3.2399999999999993       0.92906562882044252     
   3.2489999999999997       0.92876356258395165     
   3.2579999999999996       0.92867720053632807     
   3.2669999999999999       0.92853142928406607     
   3.2759999999999994       0.92828170465204107     
   3.2849999999999997       0.92799931346252229     
   3.2939999999999996       0.92784050453182676     
   3.3029999999999995       0.92769944021333273     
   3.3119999999999994       0.92773112941171409     
   3.3209999999999997       0.92757309983963565     
   3.3299999999999992       0.92731479943670536     
   3.3389999999999995       0.92709854897529298     
   3.3479999999999994       0.92689357818929330     
   3.3569999999999998       0.92681373805904421     
   3.3659999999999992       0.92660034349229548     
   3.3749999999999996       0.92652524320472029     
   3.3839999999999995       0.92624888619165124     
   3.3929999999999998       0.92583701207951152     
   3.4019999999999992       0.92572192071700743     
   3.4109999999999996       0.92536403470891704     
   3.4199999999999995       0.92531924792839093     
   3.4289999999999994       0.92510916272230492     
   3.4379999999999993       0.92497019962600258     
   3.4469999999999996       0.92495599620501434     
   3.4559999999999991       0.92467606011196590     
   3.4649999999999994       0.92454864255291602     
   3.4739999999999998       0.92434603643267932     
   3.4829999999999997       0.92419188409640740     
   3.4920000000000000       0.92415387665876569     
   3.5009999999999994       0.92407066030882157     
   3.5099999999999998       0.92392740405321505     
   3.5189999999999997       0.92369677560985908     
   3.5280000000000000       0.92347204830211549     
   3.5369999999999995       0.92332406323602145     
   3.5459999999999998       0.92309593097139009     
   3.5549999999999993       0.92303817963799706     
   3.5639999999999996       0.92275606302545188     
   3.5729999999999995       0.92254112031351476     
   3.5819999999999999       0.92239803585891078     
   3.5909999999999993       0.92234149266469745     
   3.5999999999999996       0.92220920897430281     
   3.6089999999999995       0.92208071575998063     
   3.6179999999999999       0.92185452493289888     
   3.6269999999999993       0.92171096524150875     
   3.6359999999999997       0.92162529041262586     
   3.6449999999999996       0.92142330240713477     
   3.6539999999999995       0.92118957299784587     
   3.6629999999999994       0.92087046823213026     
   3.6719999999999997       0.92059685375312039     
   3.6809999999999992       0.92046083618187780     
   3.6899999999999995       0.92042051559464955     
   3.6989999999999994       0.92020866979698490     
   3.7079999999999997       0.92022876688001032     
   3.7169999999999992       0.92008619633957212     
   3.7259999999999995       0.91998770963904430     
   3.7349999999999994       0.91981807252650993     
   3.7439999999999998       0.91963305990090338     
   3.7529999999999992       0.91957759514298554     
   3.7619999999999996       0.91947085724182831     
   3.7709999999999995       0.91924331657494374     
   3.7799999999999994       0.91904553616240003     
   3.7889999999999993       0.91882813144053621     
   3.7979999999999996       0.91862929392796810     
   3.8069999999999991       0.91849448431313863     
   3.8159999999999994       0.91826490347519552     
   3.8249999999999993       0.91813090017450671     
   3.8339999999999996       0.91780653527273615     
   3.8430000000000000       0.91768358033371922     
   3.8519999999999994       0.91755614996105406     
   3.8609999999999998       0.91744263049667818     
   3.8699999999999997       0.91725368971265209     
   3.8790000000000000       0.91725532949009903     
   3.8879999999999995       0.91718827703989425     
   3.8969999999999998       0.91706630388048416     
   3.9059999999999993       0.91691471251268297     
   3.9149999999999996       0.91679113775046217     
   3.9239999999999995       0.91652450145834519     
   3.9329999999999998       0.91635028088329840     
   3.9419999999999993       0.91613648635671685     
   3.9509999999999996       0.91585755259581891     
   3.9599999999999995       0.91575907420593516     
   3.9689999999999999       0.91557404184116031     
   3.9779999999999993       0.91553915397399332     
   3.9869999999999997       0.91526041430732696     
   3.9959999999999996       0.91504955319671988     
   4.0049999999999999       0.91493748153369570     
   4.0139999999999993       0.91479153466581842     
   4.0229999999999997       0.91460007927233411     
   4.0319999999999991       0.91444914392656873     
   4.0409999999999995       0.91437084279471359     
   4.0499999999999989       0.91409659220460537     
   4.0589999999999993       0.91394414042051930     
   4.0679999999999996       0.91391178166804987     
   4.0770000000000000       0.91386796817339133     
   4.0859999999999994       0.91363561727916764     
   4.0949999999999998       0.91340168142342981     
   4.1039999999999992       0.91327372784894967     
   4.1129999999999995       0.91297651044923811     
   4.1219999999999990       0.91282789671395537     
   4.1309999999999993       0.91269718498420571     
   4.1399999999999988       0.91263504796526362     
   4.1489999999999991       0.91254122602116372     
   4.1579999999999995       0.91253931772783925     
   4.1669999999999998       0.91245777206683432     
   4.1759999999999993       0.91232932699334224     
   4.1849999999999996       0.91219698237303537     
   4.1939999999999991       0.91199027448070269     
   4.2029999999999994       0.91200282259530741     
   4.2119999999999989       0.91189802058854841     
   4.2209999999999992       0.91178795120121459     
   4.2299999999999995       0.91167039967319596     
   4.2389999999999999       0.91153766818493154     
   4.2479999999999993       0.91144286776131545     
   4.2569999999999997       0.91131547120147371     
   4.2660000000000000       0.91125960895127245     
   4.2749999999999995       0.91100041048976299     
   4.2839999999999998       0.91081003176615327     
   4.2929999999999993       0.91061166760316170     
   4.3019999999999996       0.91053085203706763     
   4.3109999999999991       0.91039619837221952     
   4.3199999999999994       0.91025587598194124     
   4.3289999999999997       0.91003772123967452     
   4.3380000000000001       0.90984032177169827     
   4.3469999999999995       0.90970831871935354     
   4.3559999999999999       0.90958708179522307     
   4.3649999999999993       0.90967932586687006     
   4.3739999999999997       0.90952667619655314     
   4.3829999999999991       0.90931813869404587     
   4.3919999999999995       0.90920326287051656     
   4.4009999999999989       0.90904730900295450     
   4.4099999999999993       0.90905680532354471     
   4.4189999999999996       0.90886161463908433     
   4.4279999999999999       0.90870093960235576     
   4.4369999999999994       0.90869879219788940     
   4.4459999999999997       0.90852886407834010     
   4.4549999999999992       0.90841551554901734     
   4.4639999999999995       0.90832201360566445     
   4.4729999999999990       0.90821939097869719     
   4.4819999999999993       0.90815485631129889     
   4.4909999999999988       0.90800144654500625     
   4.4999999999999991       0.90782009277600473     
   4.5089999999999995       0.90767384678239682     
   4.5179999999999998       0.90752930173712121     
   4.5269999999999992       0.90750090947533724     
   4.5359999999999996       0.90757275356045708     
   4.5449999999999990       0.90743698901737602     
   4.5539999999999994       0.90728715621248379     
   4.5629999999999988       0.90718681784461208     
   4.5719999999999992       0.90693986135326965     
   4.5809999999999995       0.90682447950743450     
   4.5899999999999999       0.90660474378854772     
   4.5989999999999993       0.90641213976223112     
   4.6079999999999997       0.90616632039041756     
   4.6170000000000000       0.90608685898436081     
   4.6259999999999994       0.90598316642922005     
   4.6349999999999998       0.90581354965898708     
   4.6439999999999992       0.90581995925118608     
   4.6529999999999996       0.90574163852179412     
   4.6619999999999990       0.90578141457093486     
   4.6709999999999994       0.90565786676742321     
   4.6799999999999997       0.90549019967640609     
   4.6890000000000001       0.90555738948971520     
   4.6979999999999995       0.90537973081199630     
   4.7069999999999999       0.90531889896959028     
   4.7159999999999993       0.90512271681810230     
   4.7249999999999996       0.90501567474665323     
   4.7339999999999991       0.90503743475913090     
   4.7429999999999994       0.90491653189429766     
   4.7519999999999989       0.90490054533345021     
   4.7609999999999992       0.90474400804946120     
   4.7699999999999996       0.90455709841298271     
   4.7789999999999999       0.90454796148443439     
   4.7879999999999994       0.90442370780176207     
   4.7969999999999997       0.90422078400257422     
   4.8059999999999992       0.90406766139669370     
   4.8149999999999995       0.90405882280043859     
   4.8239999999999990       0.90399742625613100     
   4.8329999999999993       0.90399497229772829     
   4.8419999999999987       0.90380421246515119     
   4.8509999999999991       0.90383434317410483     
   4.8599999999999994       0.90372147869093755     
   4.8689999999999998       0.90369155885543595     
   4.8779999999999992       0.90356200027922495     
   4.8869999999999996       0.90341798679526597     
   4.8959999999999990       0.90327850535866105     
   4.9049999999999994       0.90323904953386025     
   4.9139999999999988       0.90324005116853190     
   4.9229999999999992       0.90320892623047710     
   4.9319999999999995       0.90307538844240476     
   4.9409999999999998       0.90293044128397071     
   4.9499999999999993       0.90280433332793908     
   4.9589999999999996       0.90278467156642284     
   4.9679999999999991       0.90264901408686837     
   4.9769999999999994       0.90244554147847045     
   4.9859999999999989       0.90239450825167122     
   4.9949999999999992       0.90223639594686778     
   5.0039999999999996       0.90220191097936409     
   5.0129999999999990       0.90204187000958724     
   5.0219999999999994       0.90187600827376024     
   5.0309999999999997       0.90166734971743134     
   5.0400000000000000       0.90143542134898547     
   5.0489999999999995       0.90146258400715273     
   5.0579999999999998       0.90138239692364275     
   5.0669999999999993       0.90134761949911157     
   5.0759999999999996       0.90124411884362288     
   5.0849999999999991       0.90128059907382430     
   5.0939999999999994       0.90117589377638863     
   5.1029999999999989       0.90093223267784805     
   5.1119999999999992       0.90085207764199959     
   5.1209999999999996       0.90079180510340762     
   5.1299999999999999       0.90063795040227546     
   5.1389999999999993       0.90055522157543944     
   5.1479999999999997       0.90040720057463586     
   5.1569999999999991       0.90030580822281270     
   5.1659999999999995       0.90033673008124993     
   5.1749999999999989       0.90009465369758956     
   5.1839999999999993       0.89999199240476935     
   5.1929999999999987       0.90003666767980417     
   5.2019999999999991       0.89988184032051755     
   5.2109999999999994       0.89991980599739707     
   5.2199999999999998       0.89977347219888593     
   5.2289999999999992       0.89972237726520887     
   5.2379999999999995       0.89976664798421468     
   5.2469999999999990       0.89967272391685316     
   5.2559999999999993       0.89959205783774743     
   5.2649999999999988       0.89958643358965618     
   5.2739999999999991       0.89940053214856974     
   5.2829999999999995       0.89936264813681366     
   5.2919999999999998       0.89930502605744633     
   5.3009999999999993       0.89920345355202080     
   5.3099999999999996       0.89913064827016764     
   5.3189999999999991       0.89907543964227232     
   5.3279999999999994       0.89887860539880016     
   5.3369999999999989       0.89888115303847016     
   5.3459999999999992       0.89879754306414250     
   5.3549999999999986       0.89867913694532864     
   5.3639999999999990       0.89860871393917063     
   5.3729999999999993       0.89859031739745610     
   5.3819999999999997       0.89852030030448682     
   5.3910000000000000       0.89835945355580638     
   5.3999999999999995       0.89828426140055262     
   5.4089999999999998       0.89835682566942920     
   5.4179999999999993       0.89822354200051324     
   5.4269999999999996       0.89811644260005108     
   5.4359999999999991       0.89801610266835108     
   5.4449999999999994       0.89792982026774826     
   5.4539999999999988       0.89783123566110912     
   5.4629999999999992       0.89764922903677913     
   5.4719999999999995       0.89761673683480192     
   5.4809999999999999       0.89748681720054879     
   5.4899999999999993       0.89731957307151977     
   5.4989999999999997       0.89715416013603522     
   5.5079999999999991       0.89713487046990403     
   5.5169999999999995       0.89705941598308891     
   5.5259999999999989       0.89698961717299930     
   5.5349999999999993       0.89695287659214029     
   5.5439999999999987       0.89692553122651453     
   5.5529999999999990       0.89692211558776747     
   5.5619999999999994       0.89688829776857071     
   5.5709999999999997       0.89693867278819006     
   5.5799999999999992       0.89681377366644111     
   5.5889999999999995       0.89680282415163359     
   5.5979999999999990       0.89671705877256791     
   5.6069999999999993       0.89657252420665268     
   5.6159999999999988       0.89629223254336376     
   5.6249999999999991       0.89609274137612127     
   5.6339999999999995       0.89614204846036383     
   5.6429999999999998       0.89605822483423414     
   5.6519999999999992       0.89615481003535824     
   5.6609999999999996       0.89607360464577257     
   5.6699999999999990       0.89606671419981920     
   5.6789999999999994       0.89600988216043298     
   5.6879999999999988       0.89577895685749409     
   5.6969999999999992       0.89569841420994634     
   5.7059999999999986       0.89559956615827485     
   5.7149999999999990       0.89561221729251883     
   5.7239999999999993       0.89559859404804043     
   5.7329999999999997       0.89548370650274922     
   5.7419999999999991       0.89537674055960137     
   5.7509999999999994       0.89528019707283368     
   5.7599999999999998       0.89518397261036031     
   5.7689999999999992       0.89506307343235336     
   5.7779999999999996       0.89496158710337959     
   5.7869999999999990       0.89495822778183154     
   5.7959999999999994       0.89485931743877756     
   5.8049999999999988       0.89483324905032946     
   5.8139999999999992       0.89470682810916968     
   5.8229999999999995       0.89468210696138062     
   5.8319999999999999       0.89463892164930026     
   5.8410000000000002       0.89453461461910022     
   5.8499999999999988       0.89454182570039187     
   5.8589999999999991       0.89449569029344567     
   5.8679999999999994       0.89428354720816949     
   5.8769999999999998       0.89429258523163746     
   5.8859999999999992       0.89407470686832158     
   5.8949999999999987       0.89403182546769511     
   5.9039999999999990       0.89391594501706872     
   5.9129999999999994       0.89378409785491109     
   5.9219999999999988       0.89373853813948378     
   5.9309999999999992       0.89367709669606843     
   5.9399999999999995       0.89346453945298421     
   5.9489999999999998       0.89347734554040881     
   5.9579999999999984       0.89337112478648195     
   5.9669999999999987       0.89325171847679419     
   5.9759999999999991       0.89312088529980482     
   5.9849999999999994       0.89297355744219842     
   5.9939999999999989       0.89280705335603150     
   6.0029999999999992       0.89279438488956819     
   6.0119999999999996       0.89266743604025356     
   6.0209999999999999       0.89276559614361006     
   6.0299999999999985       0.89268421523370833     
   6.0389999999999988       0.89266962953532103     
   6.0479999999999992       0.89256697914970351     
   6.0569999999999995       0.89226209120157851     
   6.0659999999999989       0.89237563512776952     
   6.0749999999999993       0.89228751299736220     
   6.0839999999999996       0.89222292670986481     
   6.0930000000000000       0.89220397890368786     
   6.1019999999999985       0.89222979499796884     
   6.1109999999999989       0.89211886961509779     
   6.1199999999999992       0.89214953450437440     
   6.1289999999999996       0.89202127323420433     
   6.1379999999999990       0.89192029409556628     
   6.1469999999999985       0.89180426137975088     
   6.1559999999999988       0.89167175221280459     
   6.1649999999999991       0.89158420261336546     
   6.1739999999999995       0.89142940018870265     
   6.1829999999999989       0.89135351817571107     
   6.1919999999999993       0.89133167387824663     
   6.2009999999999996       0.89136513604657763     
   6.2100000000000000       0.89134181657354905     
   6.2189999999999985       0.89119539774242862     
   6.2279999999999989       0.89101850001593341     
   6.2369999999999992       0.89091898657617219     
   6.2459999999999996       0.89084154735037080     
   6.2549999999999990       0.89077967375330946     
   6.2639999999999993       0.89052382937672858     
   6.2729999999999997       0.89059965083059134     
   6.2820000000000000       0.89049800959838210     
   6.2909999999999986       0.89051634652800671     
   6.2999999999999989       0.89045750774533727     
   6.3089999999999993       0.89036816224361770     
   6.3179999999999996       0.89026107171684477     
   6.3269999999999991       0.89030000616793858     
   6.3359999999999994       0.89014495325401066     
   6.3449999999999998       0.89004947983707938     
   6.3540000000000001       0.88993139976876867     
   6.3629999999999987       0.88974802953267229     
   6.3719999999999990       0.88964413944459375     
   6.3809999999999993       0.88960976671433567     
   6.3899999999999997       0.88939727028508542     
   6.3989999999999982       0.88933280163185169     
   6.4079999999999986       0.88919782639840361     
   6.4169999999999989       0.88903693605714940     
   6.4259999999999993       0.88888168830821679     
   6.4349999999999987       0.88885190087972799     
   6.4439999999999991       0.88892896776802721     
   6.4529999999999994       0.88887981033459840     
   6.4619999999999997       0.88869875723853264     
   6.4709999999999983       0.88864527822743666     
   6.4799999999999986       0.88851821247972840     
   6.4889999999999990       0.88863841476023564     
   6.4979999999999993       0.88850421864668960     
   6.5069999999999988       0.88846560241784167     
   6.5159999999999991       0.88843200757042973     
   6.5249999999999995       0.88831912336881991     
   6.5339999999999998       0.88835972078692294     
   6.5430000000000001       0.88822996094336237     
   6.5519999999999987       0.88811102335330505     
   6.5609999999999991       0.88807334794302184     
   6.5699999999999994       0.88805624841801023     
   6.5789999999999997       0.88799254767834124     
   6.5879999999999992       0.88792144301249099     
   6.5969999999999995       0.88777428862565766     
   6.6059999999999990       0.88779128296902177     
   6.6149999999999993       0.88760892588316598     
   6.6239999999999988       0.88763520328406798     
   6.6329999999999991       0.88767956245410473     
   6.6419999999999995       0.88760079505398537     
   6.6509999999999998       0.88745921113287773     
   6.6599999999999984       0.88739017927742125     
   6.6689999999999987       0.88730240421043394     
   6.6779999999999990       0.88710418643108413     
   6.6869999999999994       0.88701836496436826     
   6.6959999999999988       0.88697823393408048     
   6.7049999999999992       0.88695332894106838     
   6.7139999999999995       0.88680966878373213     
   6.7229999999999999       0.88660238447849904     
   6.7319999999999984       0.88643199241928239     
   6.7409999999999988       0.88639096725217847     
   6.7499999999999991       0.88632480324317797     
   6.7589999999999995       0.88636172878729125     
   6.7679999999999989       0.88626461815584134     
   6.7769999999999992       0.88619723464381928     
   6.7859999999999996       0.88619333221365193     
   6.7949999999999999       0.88616925726983486     
   6.8039999999999985       0.88599312653337814     
   6.8129999999999988       0.88594588335429580     
   6.8219999999999992       0.88585933078103773     
   6.8309999999999995       0.88578736651022127     
   6.8399999999999990       0.88572624522860910     
   6.8489999999999984       0.88581975995917106     
   6.8579999999999988       0.88581003269824821     
   6.8669999999999991       0.88575258005355284     
   6.8759999999999986       0.88576443355021184     
   6.8849999999999989       0.88566427606492337     
   6.8939999999999992       0.88570980149316847     
   6.9029999999999996       0.88566639461382535     
   6.9119999999999981       0.88565832841837744     
   6.9209999999999985       0.88552998048434273     
   6.9299999999999988       0.88534384887015971     
   6.9389999999999992       0.88527582508376390     
   6.9479999999999995       0.88522532389046982     
   6.9569999999999990       0.88514178846188651     
   6.9659999999999993       0.88510354073814534     
   6.9749999999999996       0.88504722882145437     
   6.9840000000000000       0.88502723387184146     
   6.9929999999999986       0.88494123573865524     
   7.0019999999999989       0.88491019256981363     
   7.0109999999999992       0.88492496017819755     
   7.0199999999999996       0.88476769331995109     
   7.0289999999999990       0.88478541140009115     
   7.0379999999999994       0.88483695221930525     
   7.0469999999999997       0.88475691025257874     
   7.0560000000000000       0.88482102907002924     
   7.0649999999999986       0.88464005473581131     
   7.0739999999999990       0.88457238800726501     
   7.0829999999999993       0.88455679061475112     
   7.0919999999999996       0.88447084444513224     
   7.1009999999999982       0.88437594962520272     
   7.1099999999999985       0.88434985759929741     
   7.1189999999999989       0.88415356519240473     
   7.1279999999999992       0.88407175881511579     
   7.1369999999999987       0.88399674647936333     
   7.1459999999999990       0.88410901991859370     
   7.1549999999999994       0.88413306851249995     
   7.1639999999999997       0.88407716689837623     
   7.1729999999999983       0.88415127104813407     
   7.1819999999999986       0.88411952705901431     
   7.1909999999999989       0.88413058680239298     
   7.1999999999999993       0.88407084250854961     
   7.2089999999999987       0.88395767030461969     
   7.2179999999999991       0.88394693716862371     
   7.2269999999999994       0.88404947351124774     
   7.2359999999999998       0.88399593992612813     
   7.2449999999999983       0.88393849457416529     
   7.2539999999999987       0.88374473755087002     
   7.2629999999999990       0.88373221690895809     
   7.2719999999999994       0.88367746550715920     
   7.2809999999999988       0.88364495720137393     
   7.2899999999999991       0.88356968617889275     
   7.2989999999999995       0.88359225394755847     
   7.3079999999999989       0.88357669072050615     
   7.3169999999999993       0.88346457313038851     
   7.3259999999999987       0.88344764702290013     
   7.3349999999999991       0.88329910121721833     
   7.3439999999999994       0.88324035560638936     
   7.3529999999999998       0.88324294267098435     
   7.3619999999999983       0.88322184413484950     
   7.3709999999999987       0.88317702404034104     
   7.3799999999999990       0.88306946046766688     
   7.3889999999999993       0.88303152036666555     
   7.3979999999999988       0.88300171909916714     
   7.4069999999999991       0.88301639604997018     
   7.4159999999999995       0.88295209681987896     
   7.4249999999999998       0.88286836260771540     
   7.4339999999999984       0.88286065305152128     
   7.4429999999999987       0.88276090068358593     
   7.4519999999999991       0.88273727651407241     
   7.4609999999999994       0.88277710252749841     
   7.4699999999999989       0.88274030322267694     
   7.4789999999999992       0.88271443577019548     
   7.4879999999999995       0.88273482715957219     
   7.4969999999999999       0.88275289275192992     
   7.5059999999999985       0.88283396927155633     
   7.5149999999999988       0.88271224157753247     
   7.5239999999999991       0.88252977554079626     
   7.5329999999999995       0.88262294389965290     
   7.5419999999999989       0.88252573277498358     
   7.5509999999999984       0.88248163516050837     
   7.5599999999999987       0.88248574472280550     
   7.5689999999999991       0.88246801846394674     
   7.5779999999999985       0.88245124487386084     
   7.5869999999999989       0.88251395401617516     
   7.5959999999999992       0.88253449854062549     
   7.6049999999999995       0.88252706339307241     
   7.6139999999999981       0.88246868715065085     
   7.6229999999999984       0.88242701258898770     
   7.6319999999999988       0.88243785293524934     
   7.6409999999999991       0.88248325321210763     
   7.6499999999999986       0.88242171134586467     
   7.6589999999999989       0.88245951785939181     
   7.6679999999999993       0.88251646655922911     
   7.6769999999999996       0.88248227755389019     
   7.6859999999999999       0.88248199075502975     
   7.6949999999999985       0.88241827955886831     
   7.7039999999999988       0.88237296537503684     
   7.7129999999999992       0.88241391140560543     
   7.7219999999999995       0.88235544845642877     
   7.7309999999999990       0.88228562364118213     
   7.7399999999999993       0.88214454293233968     
   7.7489999999999997       0.88207218591508940     
   7.7580000000000000       0.88201383917273957     
   7.7669999999999986       0.88207783043053678     
   7.7759999999999989       0.88194666370544783     
   7.7849999999999993       0.88187248064869450     
   7.7939999999999996       0.88182951867333936     
   7.8029999999999982       0.88174824502659077     
   7.8119999999999985       0.88162049004504361     
   7.8209999999999988       0.88163699698225995     
   7.8299999999999992       0.88154665066832605     
   7.8389999999999986       0.88151770705158028     
   7.8479999999999990       0.88154060585348182     
   7.8569999999999993       0.88157916876990672     
   7.8659999999999997       0.88147529504717637     
   7.8749999999999982       0.88139788625443194     
   7.8839999999999986       0.88145973522616461     
   7.8929999999999989       0.88133494687714631     
   7.9019999999999992       0.88136726842737334     
   7.9109999999999987       0.88133781612377227     
   7.9199999999999990       0.88132092721489219     
   7.9289999999999994       0.88150752890307693     
   7.9379999999999997       0.88139120411985905     
   7.9469999999999983       0.88135564773170028     
   7.9559999999999986       0.88127031733383299     
   7.9649999999999990       0.88128573360068019     
   7.9739999999999993       0.88110492286506892     
   7.9829999999999988       0.88117335551785325     
   7.9919999999999991       0.88100986383437208     
   8.0009999999999994       0.88099145133389378     
   8.0099999999999998       0.88100861082480697     
   8.0189999999999984       0.88094418617105075     
   8.0279999999999987       0.88088759759975421     
   8.0369999999999990       0.88083155643140354     
   8.0459999999999994       0.88085987610838179     
   8.0549999999999979       0.88082423326779480     
   8.0639999999999983       0.88068869238769909     
   8.0729999999999986       0.88063105768262140     
   8.0819999999999990       0.88067403534981259     
   8.0909999999999993       0.88065063164800461     
   8.0999999999999979       0.88054320606413972     
   8.1089999999999982       0.88057566962300848     
   8.1179999999999986       0.88061014823912209     
   8.1269999999999989       0.88051224000008144     
   8.1359999999999992       0.88049864555000112     
   8.1449999999999996       0.88047441294543227     
   8.1539999999999999       0.88040903354917810     
   8.1630000000000003       0.88044175170717909     
   8.1719999999999988       0.88053792343181814     
   8.1809999999999992       0.88058157479375654     
   8.1899999999999995       0.88059800158321166     
   8.1989999999999998       0.88041161751794528     
   8.2079999999999984       0.88027761326814802     
   8.2169999999999987       0.88027164242406075     
   8.2259999999999991       0.88018499932359850     
   8.2349999999999994       0.88018955357435880     
   8.2439999999999980       0.88016775980185080     
   8.2529999999999983       0.88022704292647647     
   8.2619999999999987       0.88019734707568442     
   8.2709999999999990       0.88023485979732552     
   8.2799999999999976       0.88027858047238405     
   8.2889999999999979       0.88021276801117510     
   8.2979999999999983       0.88026552506330247     
   8.3069999999999986       0.88016460713881062     
   8.3159999999999989       0.88013132691215634     
   8.3249999999999993       0.88008091446183356     
   8.3339999999999996       0.87993876212241406     
   8.3430000000000000       0.87978287124294052     
   8.3519999999999985       0.87976737720286635     
   8.3609999999999989       0.87981609612475198     
   8.3699999999999992       0.87970219106683578     
   8.3789999999999996       0.87972682267992430     
   8.3879999999999981       0.87966855172248581     
   8.3969999999999985       0.87973585541795740     
   8.4059999999999988       0.87957806139905670     
   8.4149999999999991       0.87945602970440173     
   8.4239999999999977       0.87951629373853324     
   8.4329999999999981       0.87954018340465379     
   8.4419999999999984       0.87945103872622976     
   8.4509999999999987       0.87943152182375584     
   8.4599999999999991       0.87936884897784162     
   8.4689999999999994       0.87929372172155040     
   8.4779999999999998       0.87922639326211238     
   8.4869999999999983       0.87930356251748509     
   8.4959999999999987       0.87930022570074340     
   8.5049999999999990       0.87934136062162283     
   8.5139999999999993       0.87927898549806782     
   8.5229999999999997       0.87923920121373311     
   8.5320000000000000       0.87912650961340866     
   8.5409999999999986       0.87899326142315248     
   8.5499999999999989       0.87901340627577840     
   8.5589999999999993       0.87900737313042909     
   8.5679999999999996       0.87899712446098643     
   8.5769999999999982       0.87901415428620111     
   8.5859999999999985       0.87904029829732144     
   8.5949999999999989       0.87897031867636932     
   8.6039999999999992       0.87906218941970893     
   8.6129999999999978       0.87924227298878199     
   8.6219999999999981       0.87918866226441872     
   8.6309999999999985       0.87905825555698225     
   8.6399999999999988       0.87900137075566664     
   8.6489999999999991       0.87893546184862359     
   8.6579999999999995       0.87889710744091831     
   8.6669999999999998       0.87886765318905713     
   8.6760000000000002       0.87869626998961503     
   8.6849999999999987       0.87880012349799286     
   8.6939999999999991       0.87884443884595620     
   8.7029999999999994       0.87884158608468388     
   8.7119999999999997       0.87886615156752024     
   8.7209999999999983       0.87880054931856033     
   8.7299999999999986       0.87872559314355569     
   8.7389999999999990       0.87867915918347017     
   8.7479999999999993       0.87858722111646403     
   8.7569999999999979       0.87849317400387450     
   8.7659999999999982       0.87853487851015355     
   8.7749999999999986       0.87845790811924740     
   8.7839999999999989       0.87834986081269728     
   8.7929999999999975       0.87833632179463028     
   8.8019999999999978       0.87829008155095112     
   8.8109999999999982       0.87827793592191916     
   8.8199999999999985       0.87825170205364977     
   8.8289999999999988       0.87819936695511636     
   8.8379999999999992       0.87807484697107474     
   8.8469999999999995       0.87810796665388124     
   8.8559999999999999       0.87813284409625458     
   8.8650000000000002       0.87813887788576916     
   8.8739999999999988       0.87822450018731435     
   8.8829999999999991       0.87812752759456703     
   8.8919999999999995       0.87795433544382484     
   8.9009999999999998       0.87789841040417305     
   8.9099999999999984       0.87787048579003668     
   8.9189999999999987       0.87782844291204376     
   8.9279999999999990       0.87792195334157375     
   8.9369999999999994       0.87788842965708436     
   8.9459999999999980       0.87788077314148494     
   8.9549999999999983       0.87788415060316993     
   8.9639999999999986       0.87790391587605177     
   8.9729999999999990       0.87790497472376294     
   8.9819999999999975       0.87795344453430690     
   8.9909999999999979       0.87807615066130706     
   8.9999999999999982       0.87804168489098156     
   9.0089999999999986       0.87798234350487014     
   9.0179999999999989       0.87809935522252935     
   9.0269999999999992       0.87804392717376945     
   9.0359999999999996       0.87812045838515251     
   9.0449999999999999       0.87818981476069535     
   9.0539999999999985       0.87821340305852924     
   9.0629999999999988       0.87815102616265983     
   9.0719999999999992       0.87812784997594850     
   9.0809999999999995       0.87811289978936080     
   9.0899999999999981       0.87815248994124107     
   9.0989999999999984       0.87823824985062970     
   9.1079999999999988       0.87825822590570279     
   9.1169999999999991       0.87819401492403160     
   9.1259999999999977       0.87812498616812762     
   9.1349999999999980       0.87808573130868173     
   9.1439999999999984       0.87808634395984586     
   9.1529999999999987       0.87809177338358935     
   9.1619999999999990       0.87811981722999821     
   9.1709999999999994       0.87815151900964827     
   9.1799999999999997       0.87815015850588607     
   9.1889999999999983       0.87815472673352135     
   9.1979999999999986       0.87809811958141315     
   9.2069999999999990       0.87810277365672185     
   9.2159999999999993       0.87812496701752540     
   9.2249999999999996       0.87810075290646317     
   9.2340000000000000       0.87814504139659166     
   9.2429999999999986       0.87817255886807433     
   9.2519999999999989       0.87813767711392920     
   9.2609999999999992       0.87816200543681644     
   9.2699999999999996       0.87821142311709033     
   9.2789999999999981       0.87839184061945819     
   9.2879999999999985       0.87835452331296571     
   9.2969999999999988       0.87833241353033209     
   9.3059999999999992       0.87828200482681373     
   9.3149999999999977       0.87818406240757474     
   9.3239999999999981       0.87819024088224895     
   9.3329999999999984       0.87817128549842827     
   9.3419999999999987       0.87822569257914185     
   9.3509999999999991       0.87807316569190574     
   9.3599999999999994       0.87793632374283037     
   9.3689999999999998       0.87775970082534627     
   9.3780000000000001       0.87769585862178789     
   9.3869999999999987       0.87768564077328359     
   9.3959999999999990       0.87772144380330142     
   9.4049999999999994       0.87757415785850135     
   9.4139999999999997       0.87763649729517323     
   9.4229999999999983       0.87755436409026633     
   9.4319999999999986       0.87751109676558725     
   9.4409999999999989       0.87757372093428654     
   9.4499999999999993       0.87746995745134260     
   9.4589999999999979       0.87738902841098954     
   9.4679999999999982       0.87734608250415513     
   9.4769999999999985       0.87737897111565255     
   9.4859999999999989       0.87723620479749764     
   9.4949999999999974       0.87733741171645274     
   9.5039999999999978       0.87731197772068203     
   9.5129999999999981       0.87731087329247792     
   9.5219999999999985       0.87722493315173455     
   9.5309999999999988       0.87734713782574603     
   9.5399999999999991       0.87733457119657188     
   9.5489999999999995       0.87728846922926373     
   9.5579999999999998       0.87726383267185115     
   9.5669999999999984       0.87719258061033889     
   9.5759999999999987       0.87709884832872553     
   9.5849999999999991       0.87690891512168867     
   9.5939999999999994       0.87685961331865991     
   9.6029999999999998       0.87694007772077021     
   9.6119999999999983       0.87690962787753801     
   9.6209999999999987       0.87689479619841060     
   9.6299999999999990       0.87683321740509179     
   9.6389999999999993       0.87684538097436315     
   9.6479999999999979       0.87684508201363365     
   9.6569999999999983       0.87673971200634981     
   9.6659999999999986       0.87674024797919703     
   9.6749999999999989       0.87654644981553842     
   9.6839999999999975       0.87650210714747390     
   9.6929999999999978       0.87654637816577685     
   9.7019999999999982       0.87664570429849809     
   9.7109999999999985       0.87657761736501238     
   9.7199999999999989       0.87650991258479105     
   9.7289999999999992       0.87658152806819067     
   9.7379999999999995       0.87645443490454045     
   9.7469999999999999       0.87652760223098725     
   9.7559999999999985       0.87645777598816788     
   9.7649999999999988       0.87645813138853623     
   9.7739999999999991       0.87648489690414477     
   9.7829999999999995       0.87642196167228359     
   9.7919999999999980       0.87633135939143703     
   9.8009999999999984       0.87621984793147434     
   9.8099999999999987       0.87617973495853319     
   9.8189999999999991       0.87617070810266851     
   9.8279999999999976       0.87629042725318618     
   9.8369999999999980       0.87632034092322386     
   9.8459999999999983       0.87624163976820157     
   9.8549999999999986       0.87630320443227860     
   9.8639999999999990       0.87646058116131098     
   9.8729999999999993       0.87627674910392439     
   9.8819999999999997       0.87620253288207350     
   9.8909999999999982       0.87618572018131557     
   9.8999999999999986       0.87626117481323218     
   9.9089999999999989       0.87617377290714438     
   9.9179999999999993       0.87626059283030555     
   9.9269999999999996       0.87636965672410572     
   9.9359999999999982       0.87631924130071348     
   9.9449999999999985       0.87626712170504617     
   9.9539999999999988       0.87623620151807402     
   9.9629999999999992       0.87619276228512311     
   9.9719999999999978       0.87620091507170594     
   9.9809999999999981       0.87610250795637923     
   9.9899999999999984       0.87609601288453154     
   9.9989999999999988       0.87629106893161079     
   10.007999999999999       0.87618698860375666     
   10.016999999999998       0.87619707635169264     
   10.025999999999998       0.87619974075689677     
   10.034999999999998       0.87622196449708145     
   10.043999999999999       0.87617633931600702     
   10.052999999999999       0.87616096687928724     
   10.061999999999999       0.87617561413060019     
   10.071000000000000       0.87621406185296313     
   10.080000000000000       0.87619769595738084     
   10.088999999999999       0.87618887003089052     
   10.097999999999999       0.87620406028136244     
   10.106999999999999       0.87624906249826306     
   10.116000000000000       0.87626332568409682     
   10.124999999999998       0.87623715896368304     
   10.133999999999999       0.87616318557675366     
   10.142999999999999       0.87610263280065737     
   10.151999999999999       0.87589373676985083     
   10.160999999999998       0.87592894584777670     
   10.169999999999998       0.87590922333471466     
   10.178999999999998       0.87607550912725485     
   10.187999999999999       0.87609413120899615     
   10.196999999999997       0.87620191747550680     
   10.205999999999998       0.87618307171185827     
   10.214999999999998       0.87615499397714158     
   10.223999999999998       0.87611168345986434     
   10.232999999999999       0.87611952547125260     
   10.241999999999999       0.87626332631984527     
   10.250999999999999       0.87621158095543816     
   10.260000000000000       0.87623762495020419     
   10.268999999999998       0.87630677953831770     
   10.277999999999999       0.87623756079763182     
   10.286999999999999       0.87624333857974412     
   10.295999999999999       0.87622623166062863     
   10.304999999999998       0.87621037377778510     
   10.313999999999998       0.87621414434907541     
   10.322999999999999       0.87626105271617616     
   10.331999999999999       0.87617690654313440     
   10.340999999999998       0.87615141274671393     
   10.349999999999998       0.87618806924844794     
   10.358999999999998       0.87615425202765074     
   10.367999999999999       0.87625317321992746     
   10.376999999999999       0.87617876115786086     
   10.385999999999997       0.87610866109140473     
   10.394999999999998       0.87613489505846120     
   10.403999999999998       0.87609364983262805     
   10.412999999999998       0.87625200980411455     
   10.421999999999999       0.87631999970736330     
   10.430999999999999       0.87625240594231457     
   10.440000000000000       0.87630765132241484     
   10.449000000000000       0.87621713173605920     
   10.457999999999998       0.87620933155835534     
   10.466999999999999       0.87632159578120017     
   10.475999999999999       0.87634853014499592     
   10.484999999999999       0.87631100712406629     
   10.493999999999998       0.87626737663605692     
   10.502999999999998       0.87625683293066559     
   10.511999999999999       0.87614467127173412     
   10.520999999999999       0.87598651553569884     
   10.529999999999998       0.87605626025420114     
   10.538999999999998       0.87602730681306162     
   10.547999999999998       0.87603833425189037     
   10.556999999999999       0.87600782602087834     
   10.565999999999999       0.87606170893159518     
   10.574999999999999       0.87591866020406473     
   10.584000000000000       0.87593849438804527     
   10.593000000000000       0.87598086588666779     
   10.601999999999999       0.87594261951842189     
   10.610999999999999       0.87597180067519498     
   10.619999999999999       0.87588186387246769     
   10.629000000000000       0.87588775382549966     
   10.637999999999998       0.87583893748079367     
   10.646999999999998       0.87580339820387354     
   10.655999999999999       0.87569258404327166     
   10.664999999999999       0.87550388967555037     
   10.673999999999998       0.87554438018416392     
   10.682999999999998       0.87553654096254396     
   10.691999999999998       0.87561021966586350     
   10.700999999999999       0.87546565403153387     
   10.709999999999997       0.87555280914298916     
   10.718999999999998       0.87552501422021689     
   10.727999999999998       0.87561170454887860     
   10.736999999999998       0.87550052032457992     
   10.745999999999999       0.87544970976165659     
   10.754999999999999       0.87548342014760760     
   10.763999999999999       0.87547824796839668     
   10.773000000000000       0.87563240680229404     
   10.782000000000000       0.87559328817791771     
   10.790999999999999       0.87558723249676318     
   10.799999999999999       0.87557758898093474     
   10.808999999999999       0.87560202363112150     
   10.818000000000000       0.87553261288900974     
   10.826999999999998       0.87535398497518624     
   10.835999999999999       0.87540449222992112     
   10.844999999999999       0.87549370072089983     
   10.853999999999999       0.87546611191552737     
   10.862999999999998       0.87561561944456567     
   10.871999999999998       0.87562093149454967     
   10.880999999999998       0.87552188388383823     
   10.889999999999999       0.87557624925449240     
   10.898999999999997       0.87555082283004892     
   10.907999999999998       0.87555439571229221     
   10.916999999999998       0.87560501330527651     
   10.925999999999998       0.87558696293810323     
   10.934999999999999       0.87554963844479372     
   10.943999999999999       0.87561575326088903     
   10.952999999999999       0.87557872645189194     
   10.962000000000000       0.87562274257856598     
   10.970999999999998       0.87568331703533209     
   10.979999999999999       0.87569912297969876     
   10.988999999999999       0.87570845087844285     
   10.997999999999999       0.87584477461317634     
   11.006999999999998       0.87600872593229473     
   11.015999999999998       0.87590864292963244     
   11.024999999999999       0.87594469643236628     
   11.033999999999999       0.87599599428107155     
   11.042999999999997       0.87603221739381698     
   11.051999999999998       0.87588788131105144     
   11.060999999999998       0.87591884898234196     
   11.069999999999999       0.87602612865607332     
   11.078999999999999       0.87595939601104233     
   11.087999999999997       0.87591432971459859     
   11.096999999999998       0.87588055312910706     
   11.105999999999998       0.87574053826829967     
   11.114999999999998       0.87566904242272459     
   11.123999999999999       0.87572267328961062     
   11.132999999999999       0.87578243143687995     
   11.141999999999999       0.87570755261112232     
   11.151000000000000       0.87569543987277498     
   11.159999999999998       0.87557366084179833     
   11.168999999999999       0.87556869778945201     
   11.177999999999999       0.87570084886896793     
   11.186999999999999       0.87566757947017537     
   11.195999999999998       0.87559337567713524     
   11.204999999999998       0.87557961318519995     
   11.213999999999999       0.87559358973594459     
   11.222999999999999       0.87562092814666503     
   11.231999999999998       0.87566401281431716     
   11.240999999999998       0.87567542840573043     
   11.249999999999998       0.87559443605659704     
   11.258999999999999       0.87558730903787518     
   11.267999999999999       0.87557822972233434     
   11.276999999999999       0.87552774867075256     
   11.286000000000000       0.87550865479710149     
   11.295000000000000       0.87542896073839360     
   11.303999999999998       0.87548872957130208     
   11.312999999999999       0.87556359222570679     
   11.321999999999999       0.87554365587862548     
   11.331000000000000       0.87559913944151324     
   11.339999999999998       0.87561312580653428     
   11.348999999999998       0.87554901184991296     
   11.357999999999999       0.87561962428017781     
   11.366999999999999       0.87556809418562109     
   11.375999999999998       0.87557404271101302     
   11.384999999999998       0.87559876325157115     
   11.393999999999998       0.87554448264460616     
   11.402999999999999       0.87545739199844064     
   11.411999999999997       0.87537875220208894     
   11.420999999999998       0.87532093888151163     
   11.429999999999998       0.87536111491472135     
   11.438999999999998       0.87522209610540469     
   11.447999999999999       0.87527401288546935     
   11.456999999999999       0.87526225384814205     
   11.465999999999999       0.87520231503814105     
   11.475000000000000       0.87521141116015577     
   11.483999999999998       0.87519611274311415     
   11.492999999999999       0.87521484158413254     
   11.501999999999999       0.87531254573567252     
   11.510999999999999       0.87528652336289781     
   11.520000000000000       0.87533141741931864     
   11.528999999999998       0.87538735345414875     
   11.537999999999998       0.87538517301189445     
   11.546999999999999       0.87538503617822516     
   11.555999999999999       0.87525749493562288     
   11.564999999999998       0.87516530225422640     
   11.573999999999998       0.87521475502471591     
   11.582999999999998       0.87524682590908465     
   11.591999999999999       0.87536826139574575     
   11.600999999999997       0.87527792543757676     
   11.609999999999998       0.87523081448386897     
   11.618999999999998       0.87507312776456547     
   11.627999999999998       0.87505412150563833     
   11.636999999999999       0.87493708216023625     
   11.645999999999999       0.87493231834398211     
   11.654999999999999       0.87500845355112578     
   11.664000000000000       0.87496681053610648     
   11.673000000000000       0.87492337836007561     
   11.682000000000000       0.87503399719203234     
   11.690999999999997       0.87501323510504314     
   11.699999999999998       0.87508499235622472     
   11.708999999999998       0.87511300634001832     
   11.717999999999998       0.87510970889388473     
   11.726999999999999       0.87511534263474133     
   11.735999999999999       0.87509544226929836     
   11.744999999999999       0.87500631110986138     
   11.754000000000000       0.87506963713955022     
   11.762999999999998       0.87510278106972084     
   11.771999999999998       0.87513962279411361     
   11.780999999999999       0.87513089086828677     
   11.789999999999997       0.87507730047093080     
   11.798999999999998       0.87495756989961537     
   11.807999999999998       0.87497847356629088     
   11.816999999999998       0.87500391960080848     
   11.825999999999999       0.87499311570408100     
   11.834999999999997       0.87495040751334652     
   11.843999999999998       0.87491846051122057     
   11.852999999999998       0.87497691956413359     
   11.861999999999998       0.87499537433085628     
   11.870999999999999       0.87500488753732264     
   11.879999999999999       0.87497350505783700     
   11.888999999999999       0.87501702300811368     
   11.898000000000000       0.87504697490463212     
   11.907000000000000       0.87507732379780800     
   11.915999999999997       0.87511507211181438     
   11.924999999999997       0.87502051789716229     
   11.933999999999997       0.87499368193473526     
   11.942999999999998       0.87488082160577785     
   11.951999999999998       0.87488835269592258     
   11.960999999999999       0.87485578836904510     
   11.969999999999999       0.87477792073571825     
   11.978999999999999       0.87479269217688371     
   11.987999999999998       0.87485250493724631     
   11.996999999999998       0.87490988277354154     
   12.005999999999998       0.87502304127995334     
   12.014999999999999       0.87507352449551790     
   12.023999999999999       0.87514146729066111     
   12.032999999999999       0.87510778845067605     
   12.042000000000000       0.87518164043476598     
   12.051000000000000       0.87516504914323490     
   12.059999999999997       0.87515098538952885     
   12.068999999999997       0.87515690069677232     
   12.077999999999998       0.87512533784773250     
   12.086999999999998       0.87515090183183908     
   12.095999999999998       0.87502645608761209     
   12.104999999999999       0.87509690679980345     
   12.113999999999999       0.87510965423989173     
   12.122999999999999       0.87508977765659690     
   12.131999999999998       0.87512786763214312     
   12.140999999999998       0.87497912395336697     
   12.149999999999999       0.87497220001010179     
   12.158999999999999       0.87505220167195830     
   12.167999999999999       0.87507370841686360     
   12.177000000000000       0.87493684743671363     
   12.186000000000000       0.87490114676348429     
   12.195000000000000       0.87477633355059536     
   12.203999999999997       0.87481961487273807     
   12.212999999999997       0.87473891702465600     
   12.221999999999998       0.87467528316111831     
   12.230999999999998       0.87459620412099848     
   12.239999999999998       0.87464107825390691     
   12.248999999999999       0.87469098239813814     
   12.257999999999999       0.87478579489362496     
   12.266999999999999       0.87471446621515192     
   12.275999999999998       0.87462118225181007     
   12.284999999999997       0.87452735926281666     
   12.293999999999997       0.87457879425940965     
   12.302999999999997       0.87463323759587885     
   12.311999999999998       0.87464859321416044     
   12.320999999999998       0.87467453500929282     
   12.329999999999998       0.87466503338923529     
   12.338999999999999       0.87462971685961222     
   12.347999999999999       0.87458952447827465     
   12.356999999999998       0.87457121918105329     
   12.365999999999998       0.87454669886698799     
   12.374999999999998       0.87444833237385799     
   12.383999999999999       0.87444121028941324     
   12.392999999999999       0.87445524669294761     
   12.401999999999999       0.87445365639447148     
   12.411000000000000       0.87451986048119656     
   12.420000000000000       0.87461536807086759     
   12.428999999999997       0.87464873789222275     
   12.437999999999997       0.87468414066209998     
   12.446999999999997       0.87469270359096940     
   12.455999999999998       0.87462524508503137     
   12.464999999999998       0.87473866753599772     
   12.473999999999998       0.87466064797169418     
   12.482999999999999       0.87465277604644742     
   12.491999999999999       0.87465463763243356     
   12.500999999999998       0.87468335878906911     
   12.509999999999998       0.87463500979133169     
   12.518999999999998       0.87453654007753490     
   12.527999999999999       0.87449467105872147     
   12.536999999999999       0.87439524015949566     
   12.545999999999999       0.87432459818777930     
   12.555000000000000       0.87425405715650051     
   12.564000000000000       0.87428389362028791     
   12.572999999999997       0.87427734567529847     
   12.581999999999997       0.87427333083713954     
   12.590999999999998       0.87417293536635088     
   12.599999999999998       0.87408782848118205     
   12.608999999999998       0.87404497810826409     
   12.617999999999999       0.87394360946152161     
   12.626999999999999       0.87391941368255277     
   12.635999999999999       0.87389040735884782     
   12.644999999999998       0.87376465866580677     
   12.653999999999998       0.87386472944306326     
   12.662999999999998       0.87388192289035171     
   12.671999999999999       0.87389260874208441     
   12.680999999999999       0.87397620828082612     
   12.690000000000000       0.87404624274927256     
   12.699000000000000       0.87402261826621575     
   12.708000000000000       0.87397827864885880     
   12.716999999999999       0.87403707054531865     
   12.725999999999997       0.87401069696023392     
   12.734999999999998       0.87391169380703271     
   12.743999999999998       0.87395235180808251     
   12.752999999999998       0.87387689131957225     
   12.761999999999999       0.87378913714331130     
   12.770999999999999       0.87380519724529238     
   12.779999999999999       0.87379463089005993     
   12.789000000000000       0.87376208597259142     
   12.797999999999996       0.87366801849487341     
   12.806999999999997       0.87367700690523886     
   12.815999999999997       0.87365442359063106     
   12.824999999999998       0.87369646187470362     
   12.833999999999998       0.87372757470870233     
   12.842999999999998       0.87366948206474127     
   12.851999999999999       0.87364338816607801     
   12.860999999999999       0.87358553827340313     
   12.869999999999997       0.87358103683227162     
   12.878999999999998       0.87366040076445661     
   12.887999999999998       0.87365809422272578     
   12.896999999999998       0.87359640825705431     
   12.905999999999999       0.87356347113382249     
   12.914999999999999       0.87356627784550211     
   12.923999999999999       0.87368880593634934     
   12.933000000000000       0.87367930020262996     
   12.941999999999997       0.87365809524000215     
   12.950999999999997       0.87369756223597916     
   12.959999999999997       0.87372955385244788     
   12.968999999999998       0.87377184282990061     
   12.977999999999998       0.87378653959465602     
   12.986999999999998       0.87380487658757933     
   12.995999999999999       0.87377662919551247     
   13.004999999999999       0.87373467227078749     
   13.013999999999998       0.87362142708764323     
   13.022999999999998       0.87359013039432221     
   13.031999999999998       0.87364780619922122     
   13.040999999999999       0.87365119773027977     
   13.049999999999999       0.87361541040232660     
   13.058999999999999       0.87360028608949114     
   13.068000000000000       0.87360834486172967     
   13.077000000000000       0.87347916919986546     
   13.086000000000000       0.87345152438045415     
   13.094999999999997       0.87342558120876757     
   13.103999999999997       0.87342205637173120     
   13.112999999999998       0.87335675600108953     
   13.121999999999998       0.87332278429565346     
   13.130999999999998       0.87327346819069829     
   13.139999999999999       0.87327201568342505     
   13.148999999999999       0.87323057694354378     
   13.157999999999999       0.87326981886951893     
   13.166999999999998       0.87317104239103160     
   13.175999999999998       0.87305557447461546     
   13.184999999999999       0.87307702265085085     
   13.193999999999999       0.87308377154569228     
   13.202999999999998       0.87311199291710517     
   13.211999999999998       0.87319984735303802     
   13.220999999999998       0.87318141560179063     
   13.229999999999999       0.87317557561603965     
   13.238999999999997       0.87318380216997726     
   13.247999999999998       0.87307203429976699     
   13.256999999999998       0.87296512281318650     
   13.265999999999998       0.87299799519754073     
   13.274999999999999       0.87292175842896880     
   13.283999999999999       0.87303754096985531     
   13.292999999999999       0.87304799847165071     
   13.302000000000000       0.87313062008605347     
   13.310999999999996       0.87307523816569543     
   13.319999999999997       0.87313627805892446     
   13.328999999999997       0.87326586189105193     
   13.337999999999997       0.87329864274217694     
   13.346999999999998       0.87324356378435619     
   13.355999999999998       0.87316841266554324     
   13.364999999999998       0.87312559427256975     
   13.373999999999999       0.87328679838876355     
   13.382999999999997       0.87342165357013279     
   13.391999999999998       0.87342730732971630     
   13.400999999999998       0.87337797859140087     
   13.409999999999998       0.87344292781777022     
   13.418999999999999       0.87345142907152651     
   13.427999999999999       0.87345333522171020     
   13.436999999999999       0.87348080494113001     
   13.446000000000000       0.87343214373638867     
   13.455000000000000       0.87346180493490855     
   13.463999999999997       0.87335722451914610     
   13.472999999999997       0.87336844840866112     
   13.481999999999998       0.87344222179272890     
   13.490999999999998       0.87348505330925152     
   13.499999999999998       0.87351865989889099     
   13.508999999999999       0.87352875087600268     
   13.517999999999999       0.87343498585423052     
   13.526999999999999       0.87339527804994388     
   13.535999999999998       0.87340965526128034     
   13.544999999999998       0.87338184654643802     
   13.553999999999998       0.87340442061604118     
   13.562999999999999       0.87345424673213468     
   13.571999999999999       0.87341064833823268     
   13.581000000000000       0.87336948285513227     
   13.590000000000000       0.87340726445959971     
   13.599000000000000       0.87338197407698581     
   13.607999999999997       0.87342535738238236     
   13.616999999999997       0.87344950867939686     
   13.625999999999998       0.87341780909461708     
   13.634999999999998       0.87328282996229400     
   13.643999999999998       0.87328176749977626     
   13.652999999999999       0.87326746818023360     
   13.661999999999999       0.87318465332055906     
   13.670999999999999       0.87325073856773161     
   13.679999999999998       0.87334574786761432     
   13.688999999999997       0.87340867234028663     
   13.697999999999997       0.87336213352019154     
   13.706999999999997       0.87340227117201608     
   13.715999999999998       0.87336298689348613     
   13.724999999999998       0.87341807817415251     
   13.733999999999998       0.87352818941257693     
   13.742999999999999       0.87347323518378994     
   13.751999999999997       0.87358010374607475     
   13.760999999999997       0.87358750749303704     
   13.769999999999998       0.87358086073500585     
   13.778999999999998       0.87356577849288997     
   13.787999999999998       0.87359440737604610     
   13.796999999999999       0.87357403013306234     
   13.805999999999999       0.87350698694483142     
   13.815000000000000       0.87340228235608763     
   13.823999999999996       0.87347024424574538     
   13.832999999999997       0.87345670818739030     
   13.841999999999997       0.87344324548247487     
   13.850999999999997       0.87346687219808561     
   13.859999999999998       0.87356575813563930     
   13.868999999999998       0.87352677295523784     
   13.877999999999998       0.87354606954681335     
   13.886999999999999       0.87351706198768697     
   13.895999999999999       0.87355553752069703     
   13.904999999999998       0.87349357180168496     
   13.913999999999998       0.87356707964063984     
   13.922999999999998       0.87354827023517712     
   13.931999999999999       0.87354605082270864     
   13.940999999999999       0.87347451079283289     
   13.949999999999999       0.87356690776406110     
   13.959000000000000       0.87347464660518359     
   13.968000000000000       0.87348200902642381     
   13.976999999999997       0.87351257706039998     
   13.985999999999997       0.87343955731721512     
   13.994999999999997       0.87341187667887721     
   14.003999999999998       0.87328966684626841     
   14.012999999999998       0.87319911062548305     
   14.021999999999998       0.87325207778403846     
   14.030999999999999       0.87328642481332652     
   14.039999999999999       0.87335696613085567     
   14.048999999999998       0.87330820674604182     
   14.057999999999998       0.87344122149414849     
   14.066999999999998       0.87337073190515524     
   14.075999999999999       0.87346634314342830     
   14.084999999999999       0.87345493637659033     
   14.093999999999999       0.87346427826401329     
   14.103000000000000       0.87347005268102507     
   14.112000000000000       0.87351087837402908     
   14.120999999999997       0.87352197794418862     
   14.129999999999997       0.87342068109915616     
   14.138999999999998       0.87345718735927591     
   14.147999999999998       0.87332172363159088     
   14.156999999999998       0.87325619508272045     
   14.165999999999999       0.87335473665650976     
   14.174999999999999       0.87333096702932544     
   14.183999999999999       0.87333466165530316     
   14.192999999999996       0.87327543246937012     
   14.201999999999996       0.87324117069835383     
   14.210999999999997       0.87325500931840727     
   14.219999999999997       0.87330079710366448     
   14.228999999999997       0.87316380854633957     
   14.237999999999998       0.87316214858875196     
   14.246999999999998       0.87313827628363450     
   14.255999999999998       0.87315624973845340     
   14.264999999999999       0.87312322452967372     
   14.273999999999997       0.87312892118876584     
   14.282999999999998       0.87319121116489784     
   14.291999999999998       0.87310715372025216     
   14.300999999999998       0.87316946627843983     
   14.309999999999999       0.87325400032055500     
   14.318999999999999       0.87326370863738023     
   14.327999999999999       0.87324039668168574     
   14.337000000000000       0.87320228191864335     
   14.345999999999997       0.87318271475255482     
   14.354999999999997       0.87321029827423235     
   14.363999999999997       0.87326316315170693     
   14.372999999999998       0.87325487498224696     
   14.381999999999998       0.87330160047676542     
   14.390999999999998       0.87334414967328600     
   14.399999999999999       0.87327432710116404     
   14.408999999999999       0.87325296607931246     
   14.417999999999997       0.87326036517305161     
   14.426999999999998       0.87327532899480176     
   14.435999999999998       0.87324178430775212     
   14.444999999999999       0.87319978725643410     
   14.453999999999999       0.87325998679348305     
   14.462999999999999       0.87325768295032880     
   14.472000000000000       0.87334174660762343     
   14.481000000000000       0.87338417230288179     
   14.489999999999997       0.87335031084111148     
   14.498999999999997       0.87340535248808560     
   14.507999999999997       0.87335231419246229     
   14.516999999999998       0.87330361608618545     
   14.525999999999998       0.87325862510224694     
   14.534999999999998       0.87323636061510590     
   14.543999999999999       0.87321027203225665     
   14.552999999999999       0.87314324906073737     
   14.561999999999998       0.87312075374166032     
   14.570999999999998       0.87317386908118233     
   14.579999999999998       0.87313006554548211     
   14.588999999999999       0.87311165082812014     
   14.597999999999999       0.87311733158458427     
   14.606999999999998       0.87315638563873743     
   14.615999999999998       0.87315101101350390     
   14.624999999999998       0.87320172021200892     
   14.633999999999999       0.87314704362696238     
   14.642999999999997       0.87313359931249412     
   14.651999999999997       0.87304708209065618     
   14.660999999999998       0.87302899940149925     
   14.669999999999998       0.87296759002965174     
   14.678999999999998       0.87297558607255710     
   14.687999999999999       0.87290409077163422     
   14.696999999999999       0.87290204676529703     
   14.706000000000000       0.87292788604093918     
   14.714999999999996       0.87290730603768729     
   14.723999999999997       0.87284175985371026     
   14.732999999999997       0.87288469201169527     
   14.741999999999997       0.87294360236243029     
   14.750999999999998       0.87295960125603622     
   14.759999999999998       0.87290995480351052     
   14.768999999999998       0.87297581405652025     
   14.777999999999999       0.87287611918395192     
   14.786999999999997       0.87280487342623858     
   14.795999999999998       0.87292349213490039     
   14.804999999999998       0.87285859362513318     
   14.813999999999998       0.87284768862542883     
   14.822999999999999       0.87280149310829913     
   14.831999999999999       0.87268538264018214     
   14.840999999999999       0.87265720124500545     
   14.850000000000000       0.87256594320974190     
   14.858999999999996       0.87247485762857491     
   14.867999999999997       0.87252513784235874     
   14.876999999999997       0.87254250748193185     
   14.885999999999997       0.87258907847110256     
   14.894999999999998       0.87265756480220047     
   14.903999999999998       0.87274096813682756     
   14.912999999999998       0.87269582819746361     
   14.921999999999999       0.87274847169816394     
   14.930999999999997       0.87288789258497157     
   14.939999999999998       0.87278989597676782     
   14.948999999999998       0.87280300582538362     
   14.957999999999998       0.87271132899497361     
   14.966999999999999       0.87275728357459614     
   14.975999999999999       0.87276219416259393     
   14.984999999999999       0.87267940182868176     
